id,price,SalePrice
188533,43878.016,18356.528854567856
188534,43878.016,56448.27104742691
188535,43878.016,49860.81097329664
188536,43878.016,31771.271435141407
188537,43878.016,26540.425983370384
188538,43878.016,20472.895386076878
188539,43878.016,8658.8849939047
188540,43878.016,40492.0118950466
188541,43878.016,57682.96271473233
188542,43878.016,31865.585524317998
188543,43878.016,20359.79212239255
188544,43878.016,8482.14208195139
188545,43878.016,52315.07946585841
188546,43878.016,60648.76484665899
188547,43878.016,12512.661125965373
188548,43878.016,59896.010856644236
188549,43878.016,20786.475978588856
188550,43878.016,9783.951757165336
188551,43878.016,60152.45312444169
188552,43878.016,43964.73399818459
188553,43878.016,64175.04265274332
188554,43878.016,19589.34099532574
188555,43878.016,28346.759698971728
188556,43878.016,18900.126041085005
188557,43878.016,15790.2454667081
188558,43878.016,48377.3048729324
188559,43878.016,24038.143742746186
188560,43878.016,13144.511695289795
188561,43878.016,67313.65941477056
188562,43878.016,23108.079692133088
188563,43878.016,73736.09349689682
188564,43878.016,36980.10487027929
188565,43878.016,38646.96774142912
188566,43878.016,31656.8697684005
188567,43878.016,15305.447319531862
188568,43878.016,42503.63117292662
188569,43878.016,20673.469278167126
188570,43878.016,15587.412180094134
188571,43878.016,28648.348034168434
188572,43878.016,75005.80097395214
188573,43878.016,24594.94091052129
188574,43878.016,33224.0622286005
188575,43878.016,38618.46373251342
188576,43878.016,32050.28890068228
188577,43878.016,10854.525241820536
188578,43878.016,29310.646419588917
188579,43878.016,38335.109223240215
188580,43878.016,31797.42751226021
188581,43878.016,71819.4991520604
188582,43878.016,25612.281943588438
188583,43878.016,54868.56419797399
188584,43878.016,36189.98533157985
188585,43878.016,35336.520957121
188586,43878.016,33535.34083583603
188587,43878.016,49324.72582149556
188588,43878.016,26729.0388683664
188589,43878.016,9347.612833969903
188590,43878.016,27346.804227855875
188591,43878.016,26521.37584046032
188592,43878.016,33696.26703084356
188593,43878.016,25856.462809248926
188594,43878.016,66034.39467061355
188595,43878.016,22868.741743737795
188596,43878.016,37521.08489113863
188597,43878.016,28856.480221293892
188598,43878.016,22263.92032624087
188599,43878.016,13584.55658766435
188600,43878.016,52032.16412711085
188601,43878.016,48116.67845752802
188602,43878.016,28198.05963984419
188603,43878.016,83961.8867995442
188604,43878.016,12577.984446960916
188605,43878.016,33391.6748931423
188606,43878.016,28659.424620098354
188607,43878.016,62757.64550203639
188608,43878.016,14324.24034931285
188609,43878.016,46450.89996172234
188610,43878.016,45522.12696146015
188611,43878.016,19852.67267758468
188612,43878.016,57210.151939210686
188613,43878.016,23095.54172071255
188614,43878.016,13255.512255406327
188615,43878.016,34360.187676709116
188616,43878.016,110405.0719663113
188617,43878.016,34793.906403889705
188618,43878.016,25057.72186048323
188619,43878.016,74365.2971526142
188620,43878.016,13760.29151153233
188621,43878.016,24825.83370291103
188622,43878.016,58952.588174256234
188623,43878.016,51828.057160719356
188624,43878.016,35537.988478722276
188625,43878.016,27938.662875327977
188626,43878.016,14374.221524082115
188627,43878.016,64316.323954701875
188628,43878.016,64885.20104777866
188629,43878.016,21428.34522195144
188630,43878.016,29604.660814731913
188631,43878.016,53522.70646117343
188632,43878.016,46111.77202566698
188633,43878.016,45532.292670514355
188634,43878.016,9279.735202036574
188635,43878.016,29384.24721158962
188636,43878.016,44481.98438243164
188637,43878.016,10355.94269906332
188638,43878.016,24020.191550938292
188639,43878.016,25258.949449832853
188640,43878.016,11956.45098081997
188641,43878.016,24317.168404443295
188642,43878.016,13825.278417912345
188643,43878.016,75329.7664520346
188644,43878.016,59165.024470223776
188645,43878.016,45345.49843028156
188646,43878.016,11137.594163509752
188647,43878.016,16059.238522519616
188648,43878.016,26682.635824343746
188649,43878.016,33546.04563638992
188650,43878.016,76694.13506100864
188651,43878.016,45157.371746813646
188652,43878.016,56018.60517089673
188653,43878.016,56391.39907866475
188654,43878.016,5907.8459200488705
188655,43878.016,19925.961561648233
188656,43878.016,26005.57801362596
188657,43878.016,32385.707106265527
188658,43878.016,9830.128016615006
188659,43878.016,54175.32209078616
188660,43878.016,12034.159027712505
188661,43878.016,57791.10211965505
188662,43878.016,7846.383756338886
188663,43878.016,18589.42291772146
188664,43878.016,62771.28789273555
188665,43878.016,71880.93582594648
188666,43878.016,22962.06890124087
188667,43878.016,10946.833973018827
188668,43878.016,14527.564529430923
188669,43878.016,22669.24864036784
188670,43878.016,54977.45391733967
188671,43878.016,21203.25864995835
188672,43878.016,21960.534883779594
188673,43878.016,45843.90556740803
188674,43878.016,13300.474473696315
188675,43878.016,14381.686004122099
188676,43878.016,42322.05657247033
188677,43878.016,10349.244400953417
188678,43878.016,27290.999061091305
188679,43878.016,34680.03872883655
188680,43878.016,54349.590314196575
188681,43878.016,13304.546550738607
188682,43878.016,13899.517085200601
188683,43878.016,6593.557034486045
188684,43878.016,61265.381786129044
188685,43878.016,50576.931411638754
188686,43878.016,67673.54473250965
188687,43878.016,16342.799591331575
188688,43878.016,35225.1027570541
188689,43878.016,12010.401960687639
188690,43878.016,32769.03169296372
188691,43878.016,36880.57995415411
188692,43878.016,28490.528762456746
188693,43878.016,11376.208367704352
188694,43878.016,15379.36443289586
188695,43878.016,15965.215462133481
188696,43878.016,52638.28233119015
188697,43878.016,26005.49986536568
188698,43878.016,15108.56163798402
188699,43878.016,50865.43595417062
188700,43878.016,102979.70211271103
188701,43878.016,25955.80352765744
188702,43878.016,10578.04150429721
188703,43878.016,64835.8360001066
188704,43878.016,51641.54286130494
188705,43878.016,20278.06085474117
188706,43878.016,41187.63162175435
188707,43878.016,12395.577548837155
188708,43878.016,18076.79180538561
188709,43878.016,14396.259725536504
188710,43878.016,19847.73261226029
188711,43878.016,26651.89064397449
188712,43878.016,46102.44987470186
188713,43878.016,29046.893444080815
188714,43878.016,22962.176181043003
188715,43878.016,37164.93766888131
188716,43878.016,33041.78161820694
188717,43878.016,11791.38904491673
188718,43878.016,18850.75977691485
188719,43878.016,29339.172011655482
188720,43878.016,17745.853327831577
188721,43878.016,60065.73218641188
188722,43878.016,48710.64165578246
188723,43878.016,21910.116259757506
188724,43878.016,29536.195865836402
188725,43878.016,12362.379188938221
188726,43878.016,41985.05345891605
188727,43878.016,14357.675920951098
188728,43878.016,43950.46249540026
188729,43878.016,20087.92229767583
188730,43878.016,45717.90177773317
188731,43878.016,51730.32928177303
188732,43878.016,33165.50698322949
188733,43878.016,16783.403765583458
188734,43878.016,12454.74010046012
188735,43878.016,6686.68024933589
188736,43878.016,8739.482967600705
188737,43878.016,79175.10960894825
188738,43878.016,51908.482742434586
188739,43878.016,42828.86929375292
188740,43878.016,101588.090259247
188741,43878.016,43159.05450960802
188742,43878.016,19952.63227868133
188743,43878.016,22475.821405881856
188744,43878.016,71085.93569254596
188745,43878.016,34469.462175702545
188746,43878.016,41620.59450445502
188747,43878.016,29404.754790126306
188748,43878.016,15579.36081836958
188749,43878.016,35511.036422663055
188750,43878.016,8301.173181195149
188751,43878.016,52161.15787712388
188752,43878.016,74526.08583227532
188753,43878.016,11049.320337747093
188754,43878.016,48371.426119326585
188755,43878.016,55983.41422506232
188756,43878.016,33520.88671689626
188757,43878.016,20397.74565898772
188758,43878.016,12280.396902059514
188759,43878.016,16844.884921201665
188760,43878.016,10966.970316842746
188761,43878.016,35591.39445696379
188762,43878.016,48181.987023290516
188763,43878.016,32637.321460818705
188764,43878.016,15717.206553926491
188765,43878.016,44666.77828093432
188766,43878.016,26922.97896318447
188767,43878.016,12476.166332123883
188768,43878.016,25456.305975734645
188769,43878.016,59025.53313940918
188770,43878.016,34822.345639963416
188771,43878.016,13550.238847099961
188772,43878.016,7460.467624138562
188773,43878.016,39195.12184610832
188774,43878.016,43472.19387865491
188775,43878.016,46791.72736806124
188776,43878.016,11683.700396083357
188777,43878.016,23222.149951504693
188778,43878.016,23858.279313270654
188779,43878.016,60086.85605330707
188780,43878.016,45679.401562053
188781,43878.016,62100.164182131986
188782,43878.016,17817.397418902914
188783,43878.016,15892.49554426661
188784,43878.016,42327.65296036372
188785,43878.016,22937.787260574838
188786,43878.016,34606.794152492286
188787,43878.016,9455.260637428484
188788,43878.016,14529.083669807746
188789,43878.016,42515.45927116324
188790,43878.016,7838.476167497936
188791,43878.016,6691.290794361038
188792,43878.016,51207.19157101551
188793,43878.016,19874.690576467925
188794,43878.016,15823.387243046316
188795,43878.016,46621.574556242565
188796,43878.016,19605.122343796895
188797,43878.016,55752.41464564503
188798,43878.016,19119.17677689481
188799,43878.016,16827.86560174145
188800,43878.016,49250.29719916981
188801,43878.016,41486.26424376956
188802,43878.016,31053.012415239646
188803,43878.016,73293.38629769522
188804,43878.016,11277.394607037453
188805,43878.016,15430.483425096589
188806,43878.016,71218.34729315499
188807,43878.016,40962.48713483619
188808,43878.016,58009.31405364811
188809,43878.016,33431.43031881363
188810,43878.016,22100.236089386934
188811,43878.016,59219.53747634447
188812,43878.016,20132.62255552
188813,43878.016,11990.465163048017
188814,43878.016,29603.39048656553
188815,43878.016,19457.277315182553
188816,43878.016,35028.2307563012
188817,43878.016,30051.268865304144
188818,43878.016,34420.7903600701
188819,43878.016,35857.01937725443
188820,43878.016,31143.151429381393
188821,43878.016,35764.88599022774
188822,43878.016,20867.184868722376
188823,43878.016,37045.813262375326
188824,43878.016,9288.513019306047
188825,43878.016,19402.11500430755
188826,43878.016,8531.946610230903
188827,43878.016,30784.623280960157
188828,43878.016,26279.720768748033
188829,43878.016,18103.999503291336
188830,43878.016,53201.24654877279
188831,43878.016,55374.31489281043
188832,43878.016,11302.883624712984
188833,43878.016,26292.139254815746
188834,43878.016,27440.412373642048
188835,43878.016,20775.97632180467
188836,43878.016,34018.56261470559
188837,43878.016,47972.57871221986
188838,43878.016,17998.533926833923
188839,43878.016,10609.973456831029
188840,43878.016,16496.00742659368
188841,43878.016,58542.906385587165
188842,43878.016,12668.757571120475
188843,43878.016,60347.96159127071
188844,43878.016,36310.8516277587
188845,43878.016,19894.641700123128
188846,43878.016,30094.56420314873
188847,43878.016,52479.62233075187
188848,43878.016,12942.878065294062
188849,43878.016,28061.57337641744
188850,43878.016,60114.22570866801
188851,43878.016,105570.27008449634
188852,43878.016,54395.58319746469
188853,43878.016,15182.884915584285
188854,43878.016,21545.179853475856
188855,43878.016,61341.51087432243
188856,43878.016,87354.86946304327
188857,43878.016,49928.31899365614
188858,43878.016,43742.931735615064
188859,43878.016,41460.563031308964
188860,43878.016,4948.6851443297455
188861,43878.016,32423.027591545724
188862,43878.016,71562.47125613631
188863,43878.016,17521.594767888524
188864,43878.016,25560.195874492136
188865,43878.016,26826.135588663918
188866,43878.016,40733.3244506552
188867,43878.016,13821.537821603884
188868,43878.016,62965.49382691378
188869,43878.016,20228.817041943217
188870,43878.016,9890.248575608452
188871,43878.016,13342.578331478991
188872,43878.016,38663.72624144942
188873,43878.016,45032.273312386904
188874,43878.016,44185.47919628131
188875,43878.016,14484.072310407098
188876,43878.016,24954.838743665863
188877,43878.016,38248.81920344956
188878,43878.016,53410.30774406868
188879,43878.016,41783.925539006756
188880,43878.016,40398.17308677705
188881,43878.016,12108.174096927047
188882,43878.016,26204.61580243477
188883,43878.016,29826.99005693695
188884,43878.016,77315.03326181702
188885,43878.016,30219.762422516415
188886,43878.016,38324.037032127155
188887,43878.016,70856.50073967839
188888,43878.016,67531.47363734446
188889,43878.016,28359.737227288464
188890,43878.016,17482.634832012795
188891,43878.016,28814.810124420666
188892,43878.016,15703.715808110292
188893,43878.016,53220.03356472192
188894,43878.016,11869.336704352027
188895,43878.016,22925.2686349673
188896,43878.016,30002.0090003135
188897,43878.016,17899.783686715215
188898,43878.016,9411.514216467149
188899,43878.016,56991.39139463868
188900,43878.016,6007.301446879858
188901,43878.016,10812.051176268978
188902,43878.016,75504.31418236035
188903,43878.016,57116.36773774022
188904,43878.016,23611.2229111587
188905,43878.016,21038.857285199436
188906,43878.016,43190.238514599274
188907,43878.016,92102.31340888746
188908,43878.016,16543.524058746894
188909,43878.016,40351.121898722246
188910,43878.016,15472.357255466664
188911,43878.016,42912.2361422211
188912,43878.016,23074.842903477827
188913,43878.016,61345.518761026644
188914,43878.016,54150.382644859455
188915,43878.016,45987.934174582166
188916,43878.016,9787.200716750092
188917,43878.016,53168.306107237586
188918,43878.016,11978.250727868452
188919,43878.016,20088.457340025445
188920,43878.016,18489.152046107316
188921,43878.016,47138.773077870836
188922,43878.016,48748.6873883394
188923,43878.016,55760.72861749849
188924,43878.016,38187.96354069468
188925,43878.016,50440.057049179064
188926,43878.016,48615.071162510416
188927,43878.016,6296.249500462521
188928,43878.016,65604.3473603014
188929,43878.016,18373.990802807086
188930,43878.016,14785.59153624989
188931,43878.016,40663.260301498834
188932,43878.016,28984.318641420392
188933,43878.016,63001.80677496883
188934,43878.016,43530.407922896564
188935,43878.016,32854.11928207813
188936,43878.016,38657.02358457708
188937,43878.016,30815.332941767305
188938,43878.016,23101.17948678964
188939,43878.016,52377.39939764441
188940,43878.016,11491.004453783902
188941,43878.016,64201.783555533
188942,43878.016,60778.12330751141
188943,43878.016,48849.39115699971
188944,43878.016,37131.94180411959
188945,43878.016,20584.724450779275
188946,43878.016,28815.555697133448
188947,43878.016,36919.26571972737
188948,43878.016,63258.5248207641
188949,43878.016,74561.25730351606
188950,43878.016,23480.124307134032
188951,43878.016,34201.70345127102
188952,43878.016,5189.8414955793805
188953,43878.016,8475.381300854699
188954,43878.016,22274.02835551528
188955,43878.016,49021.225036473035
188956,43878.016,22126.936305608793
188957,43878.016,28107.70557763433
188958,43878.016,22625.52750946392
188959,43878.016,10703.056524298476
188960,43878.016,41654.83410513964
188961,43878.016,53550.17904551668
188962,43878.016,14562.580287501714
188963,43878.016,39995.0583818986
188964,43878.016,44817.14068269165
188965,43878.016,5241.376669660676
188966,43878.016,46476.1928976891
188967,43878.016,44931.10611672432
188968,43878.016,21324.539086052468
188969,43878.016,21582.5381052709
188970,43878.016,34860.82414267461
188971,43878.016,32331.841399519573
188972,43878.016,51422.94678400148
188973,43878.016,72898.95350580513
188974,43878.016,35439.81470976664
188975,43878.016,24250.086342384642
188976,43878.016,11916.145461887683
188977,43878.016,19619.73992897649
188978,43878.016,11568.12240370464
188979,43878.016,53732.253997063424
188980,43878.016,21565.259824448127
188981,43878.016,18889.091501417766
188982,43878.016,31571.84416742394
188983,43878.016,60330.292004934076
188984,43878.016,23400.45442352397
188985,43878.016,15955.773689823092
188986,43878.016,23252.982598580245
188987,43878.016,45400.194375372135
188988,43878.016,17947.498912530642
188989,43878.016,44533.190554152745
188990,43878.016,33346.76196537458
188991,43878.016,41080.52473321042
188992,43878.016,25957.398942324453
188993,43878.016,29905.964845127415
188994,43878.016,34002.05041194799
188995,43878.016,26392.940079444485
188996,43878.016,16436.34749473378
188997,43878.016,65567.23307606309
188998,43878.016,40351.48779700517
188999,43878.016,9484.703290906074
189000,43878.016,13985.079384601551
189001,43878.016,22222.63311671955
189002,43878.016,44903.31572187894
189003,43878.016,26847.11876367075
189004,43878.016,51016.51421137126
189005,43878.016,41385.616302845476
189006,43878.016,47924.48496032195
189007,43878.016,32404.33828121293
189008,43878.016,27933.22972233077
189009,43878.016,11351.583369037913
189010,43878.016,36979.516479537626
189011,43878.016,39193.08380888092
189012,43878.016,41127.01281804149
189013,43878.016,27700.52471671236
189014,43878.016,29931.121974281574
189015,43878.016,20482.09535228788
189016,43878.016,54466.10018270011
189017,43878.016,10168.20602478604
189018,43878.016,17514.871605829514
189019,43878.016,11864.388040364012
189020,43878.016,19451.917919010248
189021,43878.016,40535.05848647813
189022,43878.016,46971.0923860719
189023,43878.016,54115.87367033426
189024,43878.016,27109.698579791704
189025,43878.016,55525.4133667242
189026,43878.016,16206.30900940429
189027,43878.016,13213.602412979471
189028,43878.016,35021.62818786683
189029,43878.016,14023.060701158973
189030,43878.016,12356.74024472624
189031,43878.016,32478.749842347162
189032,43878.016,52101.52060616473
189033,43878.016,10125.506410278278
189034,43878.016,66849.58807661239
189035,43878.016,59084.62779315632
189036,43878.016,65739.80250767864
189037,43878.016,11863.665635942736
189038,43878.016,53959.00911267662
189039,43878.016,28512.95172215188
189040,43878.016,13404.739576459247
189041,43878.016,15361.54408613448
189042,43878.016,23466.602226949562
189043,43878.016,47570.87220203369
189044,43878.016,32426.801132791832
189045,43878.016,44598.78254035103
189046,43878.016,9514.959988764736
189047,43878.016,14403.933285290606
189048,43878.016,13971.41626982191
189049,43878.016,61893.54640154818
189050,43878.016,33763.970618752894
189051,43878.016,9637.653414953584
189052,43878.016,32658.54992693053
189053,43878.016,25486.12197857522
189054,43878.016,30764.23369114672
189055,43878.016,35217.22069122608
189056,43878.016,10536.277228830093
189057,43878.016,19401.84800999082
189058,43878.016,11360.285343109283
189059,43878.016,101198.03736252041
189060,43878.016,14290.613676158086
189061,43878.016,22212.335138628136
189062,43878.016,26000.350885545482
189063,43878.016,26777.904127160735
189064,43878.016,9864.875078170748
189065,43878.016,32854.211941177324
189066,43878.016,18247.629010863242
189067,43878.016,49787.139212999915
189068,43878.016,19851.233179391278
189069,43878.016,32805.87077960344
189070,43878.016,42299.22869759346
189071,43878.016,30638.873286545746
189072,43878.016,89093.15000448111
189073,43878.016,51393.19660324695
189074,43878.016,27446.777670983607
189075,43878.016,33460.472518393646
189076,43878.016,25985.61960232928
189077,43878.016,37780.96619028553
189078,43878.016,47743.4551758949
189079,43878.016,33696.361723925875
189080,43878.016,70306.64097244908
189081,43878.016,32262.770627917915
189082,43878.016,23999.392772684583
189083,43878.016,23345.982586219197
189084,43878.016,24260.414857117055
189085,43878.016,57602.11202875229
189086,43878.016,9053.591071843019
189087,43878.016,55232.77446276511
189088,43878.016,19413.788070429247
189089,43878.016,58258.176107032414
189090,43878.016,18788.598378024668
189091,43878.016,48595.653434721455
189092,43878.016,3454.881332436988
189093,43878.016,53340.062345831466
189094,43878.016,45690.724101576925
189095,43878.016,23152.815431514846
189096,43878.016,11988.444836654797
189097,43878.016,74111.23463054726
189098,43878.016,16408.605714240737
189099,43878.016,6250.837233480698
189100,43878.016,12105.854309303846
189101,43878.016,38362.22915850696
189102,43878.016,55508.60510275197
189103,43878.016,48151.942653424456
189104,43878.016,7657.123878435281
189105,43878.016,40849.3892073583
189106,43878.016,49056.76384973385
189107,43878.016,28865.910209187452
189108,43878.016,27004.40081997837
189109,43878.016,48690.12169632037
189110,43878.016,10427.024722672018
189111,43878.016,11596.580131642515
189112,43878.016,15818.416385638928
189113,43878.016,53045.526345507424
189114,43878.016,13844.652412157398
189115,43878.016,17955.602602065785
189116,43878.016,20970.134829580187
189117,43878.016,19930.339989576503
189118,43878.016,29154.219435324187
189119,43878.016,28199.80734949856
189120,43878.016,57373.412740876345
189121,43878.016,50402.336912640996
189122,43878.016,7702.337461989054
189123,43878.016,17383.50521590204
189124,43878.016,34548.557917361846
189125,43878.016,59912.98220735989
189126,43878.016,15762.942805238548
189127,43878.016,29544.700528821246
189128,43878.016,20208.24430803265
189129,43878.016,13453.68102189218
189130,43878.016,69288.91510023066
189131,43878.016,43711.445999842545
189132,43878.016,17846.97290373382
189133,43878.016,65864.27694488819
189134,43878.016,33969.54447965892
189135,43878.016,47486.50481290927
189136,43878.016,62725.6005374757
189137,43878.016,20902.744056518743
189138,43878.016,9388.19660031804
189139,43878.016,9002.193728092032
189140,43878.016,9734.491493068277
189141,43878.016,7303.664044746992
189142,43878.016,13360.129362482656
189143,43878.016,8082.139439510678
189144,43878.016,15699.27753849296
189145,43878.016,76901.43990859824
189146,43878.016,32086.528190628436
189147,43878.016,28085.2967032029
189148,43878.016,30306.000877854847
189149,43878.016,33761.26151949516
189150,43878.016,38148.9742547968
189151,43878.016,21200.47033842143
189152,43878.016,43502.281846000384
189153,43878.016,34331.485733851696
189154,43878.016,10153.883237084692
189155,43878.016,10810.726351880097
189156,43878.016,63393.55227063872
189157,43878.016,8942.919100730776
189158,43878.016,11703.198688417913
189159,43878.016,27662.812757347114
189160,43878.016,32753.47703432127
189161,43878.016,8844.342804036365
189162,43878.016,13933.298923563696
189163,43878.016,45725.07048571234
189164,43878.016,16148.685264518876
189165,43878.016,21303.593138593595
189166,43878.016,59836.06199933721
189167,43878.016,22431.973643972895
189168,43878.016,19799.22505727903
189169,43878.016,30357.754020262746
189170,43878.016,59907.472780855496
189171,43878.016,8474.471983967935
189172,43878.016,45381.81788760295
189173,43878.016,14434.892997789386
189174,43878.016,37294.511874800555
189175,43878.016,6980.355406714153
189176,43878.016,41392.681002676756
189177,43878.016,62143.78266390825
189178,43878.016,39764.996764364565
189179,43878.016,10515.150185277558
189180,43878.016,66895.60697526268
189181,43878.016,8847.97510489218
189182,43878.016,21923.42526505422
189183,43878.016,31429.759959496867
189184,43878.016,50732.99699042733
189185,43878.016,9971.984647378207
189186,43878.016,24124.327760710494
189187,43878.016,68965.43380865955
189188,43878.016,48043.38543404257
189189,43878.016,11408.680665680697
189190,43878.016,40218.564989031256
189191,43878.016,11127.717823832529
189192,43878.016,55111.43388783193
189193,43878.016,39953.252177947295
189194,43878.016,30379.753580312405
189195,43878.016,14937.332257726453
189196,43878.016,9155.343710524738
189197,43878.016,17752.937245052995
189198,43878.016,22484.942792716676
189199,43878.016,12500.77281563135
189200,43878.016,26180.55640858643
189201,43878.016,32358.07937071481
189202,43878.016,18268.56995314649
189203,43878.016,25762.843094496136
189204,43878.016,22047.63893249798
189205,43878.016,30072.675372739664
189206,43878.016,40438.31181526608
189207,43878.016,98621.93947487105
189208,43878.016,23704.225646803705
189209,43878.016,35831.87164248634
189210,43878.016,58140.157214427665
189211,43878.016,10646.62001050151
189212,43878.016,14008.356939956244
189213,43878.016,44088.03707240459
189214,43878.016,59563.61741232468
189215,43878.016,23844.65183207344
189216,43878.016,49053.09427596214
189217,43878.016,39533.69255015985
189218,43878.016,57526.855169927905
189219,43878.016,16232.42461563981
189220,43878.016,42095.419831988016
189221,43878.016,32462.93408714967
189222,43878.016,39096.780710605766
189223,43878.016,47629.608724108126
189224,43878.016,17804.234183777524
189225,43878.016,28761.43303299403
189226,43878.016,46156.11857764516
189227,43878.016,32878.5579722713
189228,43878.016,18526.675475766133
189229,43878.016,49067.066806436786
189230,43878.016,21779.001561830857
189231,43878.016,58209.21457633786
189232,43878.016,39151.32274998327
189233,43878.016,33350.12476778234
189234,43878.016,45920.12020322872
189235,43878.016,54738.64521821373
189236,43878.016,40725.213229163564
189237,43878.016,31725.228281411488
189238,43878.016,39999.832662406734
189239,43878.016,11872.164069278064
189240,43878.016,34746.90956525616
189241,43878.016,11648.304398940356
189242,43878.016,10831.560364544157
189243,43878.016,50471.36200584991
189244,43878.016,22482.202075956007
189245,43878.016,31780.310505432008
189246,43878.016,13039.075004591352
189247,43878.016,27736.747361487174
189248,43878.016,35321.46789597333
189249,43878.016,18635.153659135773
189250,43878.016,17951.44461559152
189251,43878.016,27938.485334267363
189252,43878.016,22825.181752106604
189253,43878.016,77233.77738390194
189254,43878.016,20190.225080421507
189255,43878.016,29371.515645334424
189256,43878.016,33634.34185393761
189257,43878.016,22695.352212235324
189258,43878.016,10898.189726864692
189259,43878.016,24185.88014735692
189260,43878.016,22080.03341001988
189261,43878.016,64103.75359082186
189262,43878.016,25481.712155133864
189263,43878.016,52392.61965203741
189264,43878.016,55018.07666659778
189265,43878.016,49310.373143316
189266,43878.016,46265.745257342176
189267,43878.016,51544.21815506686
189268,43878.016,59125.66375344914
189269,43878.016,15650.540415642701
189270,43878.016,45072.74056614485
189271,43878.016,61900.69269303504
189272,43878.016,41969.4030490736
189273,43878.016,51277.13481958544
189274,43878.016,64669.29348797052
189275,43878.016,59595.697692203525
189276,43878.016,39449.04966085735
189277,43878.016,25661.560361372132
189278,43878.016,21416.328995813208
189279,43878.016,55220.62089389087
189280,43878.016,44438.04148411362
189281,43878.016,24334.79824666707
189282,43878.016,42738.527873710016
189283,43878.016,64996.660965478724
189284,43878.016,37999.28967548905
189285,43878.016,27351.57856997516
189286,43878.016,17834.860702107355
189287,43878.016,46351.065830199695
189288,43878.016,55413.208096611364
189289,43878.016,13376.72221110189
189290,43878.016,38294.00260500692
189291,43878.016,48110.97167654746
189292,43878.016,11657.046077088778
189293,43878.016,31347.001321136508
189294,43878.016,26029.704111784897
189295,43878.016,14409.365963717351
189296,43878.016,15518.180597882045
189297,43878.016,35198.043624039856
189298,43878.016,54356.583288522546
189299,43878.016,35403.55617126339
189300,43878.016,76654.67166308165
189301,43878.016,13163.989547628682
189302,43878.016,29677.639984736954
189303,43878.016,15953.715636753264
189304,43878.016,51422.58933817675
189305,43878.016,37642.737832565734
189306,43878.016,25656.556247645898
189307,43878.016,71980.17873788245
189308,43878.016,47839.12305415989
189309,43878.016,33325.910973466416
189310,43878.016,36293.218985144165
189311,43878.016,57415.35426254903
189312,43878.016,45569.91351600283
189313,43878.016,73678.15332299701
189314,43878.016,45554.82876612025
189315,43878.016,48368.902088321185
189316,43878.016,64384.74329329846
189317,43878.016,39740.050802673686
189318,43878.016,10193.504166540226
189319,43878.016,15286.762632716627
189320,43878.016,28274.558026544593
189321,43878.016,72795.38377077668
189322,43878.016,19439.912452888744
189323,43878.016,6864.442564625826
189324,43878.016,44208.692550847074
189325,43878.016,22226.20549594982
189326,43878.016,8988.158108567133
189327,43878.016,18072.295800861393
189328,43878.016,82830.95517319904
189329,43878.016,23364.12219877947
189330,43878.016,51608.46248040828
189331,43878.016,37238.06650826442
189332,43878.016,65217.30851935557
189333,43878.016,19958.400456462798
189334,43878.016,11552.470848710389
189335,43878.016,23866.532432836095
189336,43878.016,3398.4737255360296
189337,43878.016,11644.445199824346
189338,43878.016,42471.09559825873
189339,43878.016,46009.78283998667
189340,43878.016,23807.508771547473
189341,43878.016,94983.33477216114
189342,43878.016,37656.14287954197
189343,43878.016,84530.69623719761
189344,43878.016,27977.65091187608
189345,43878.016,12492.788897718563
189346,43878.016,13359.518612383386
189347,43878.016,69199.95669407216
189348,43878.016,50154.2553253266
189349,43878.016,30304.224677616203
189350,43878.016,29605.40418771502
189351,43878.016,48925.24378722578
189352,43878.016,55046.1600980249
189353,43878.016,7624.119966415545
189354,43878.016,65829.1948785352
189355,43878.016,27015.134565897082
189356,43878.016,21466.875573437872
189357,43878.016,18279.794322960737
189358,43878.016,76951.0740313458
189359,43878.016,25181.618729661488
189360,43878.016,64158.751329194405
189361,43878.016,11426.836866626842
189362,43878.016,21559.178977417258
189363,43878.016,48569.13257421927
189364,43878.016,22203.992279126687
189365,43878.016,66364.22871409345
189366,43878.016,11730.424654009501
189367,43878.016,24731.414820860304
189368,43878.016,64152.61029003865
189369,43878.016,46071.530735106964
189370,43878.016,13523.179674914616
189371,43878.016,46391.009305175794
189372,43878.016,11963.18321518826
189373,43878.016,43294.089773685824
189374,43878.016,26892.9723461501
189375,43878.016,35199.313572014784
189376,43878.016,7487.841851741125
189377,43878.016,16024.146433197633
189378,43878.016,35988.91317253163
189379,43878.016,38991.20377023566
189380,43878.016,19213.65026588299
189381,43878.016,31301.235880619806
189382,43878.016,44187.70583194903
189383,43878.016,44827.23766627628
189384,43878.016,14169.115408994536
189385,43878.016,48522.979202556606
189386,43878.016,29277.883599499954
189387,43878.016,7531.643632668241
189388,43878.016,56270.24989173489
189389,43878.016,49990.59621433976
189390,43878.016,58553.171822005665
189391,43878.016,35727.53308247069
189392,43878.016,10168.747115512722
189393,43878.016,19869.579691749714
189394,43878.016,10612.914358451526
189395,43878.016,12260.84610049364
189396,43878.016,23271.134315861942
189397,43878.016,52231.05233102897
189398,43878.016,16213.383144107496
189399,43878.016,22857.585621513204
189400,43878.016,31636.72207459754
189401,43878.016,30846.902432569244
189402,43878.016,64502.462583065426
189403,43878.016,25558.329491066805
189404,43878.016,39486.958104965095
189405,43878.016,82845.4851572655
189406,43878.016,25221.591897974296
189407,43878.016,39833.350234682424
189408,43878.016,59113.14288152833
189409,43878.016,26133.804957240125
189410,43878.016,42949.74234536032
189411,43878.016,57177.963435866244
189412,43878.016,36101.760213459784
189413,43878.016,48351.65935616126
189414,43878.016,61213.69124976404
189415,43878.016,38464.73242967585
189416,43878.016,28590.28719545141
189417,43878.016,14903.932577318274
189418,43878.016,47769.87267565714
189419,43878.016,20595.474260138566
189420,43878.016,28341.17423824815
189421,43878.016,62493.74508813042
189422,43878.016,51151.69295724976
189423,43878.016,67296.57841959219
189424,43878.016,51305.82981442735
189425,43878.016,46121.19493927936
189426,43878.016,13023.189670350106
189427,43878.016,39191.26729728416
189428,43878.016,14783.01474141865
189429,43878.016,8402.279312674245
189430,43878.016,17002.658976526054
189431,43878.016,31305.240063181023
189432,43878.016,23705.621770935955
189433,43878.016,63242.55631388536
189434,43878.016,35319.865858655685
189435,43878.016,16281.57548677564
189436,43878.016,21471.3669615377
189437,43878.016,12844.003376635623
189438,43878.016,22757.11645614617
189439,43878.016,11960.02756212384
189440,43878.016,28296.975641600056
189441,43878.016,55274.94116175201
189442,43878.016,43924.92456341743
189443,43878.016,62853.47158860606
189444,43878.016,16701.518717643503
189445,43878.016,49604.63170546575
189446,43878.016,80662.88671156426
189447,43878.016,11993.768035761464
189448,43878.016,66332.27755762794
189449,43878.016,6739.463311832699
189450,43878.016,38575.93895825913
189451,43878.016,27279.91012873157
189452,43878.016,17866.935364194112
189453,43878.016,28501.1764670657
189454,43878.016,26458.52649862673
189455,43878.016,27807.523085789115
189456,43878.016,63485.99314012681
189457,43878.016,10179.266071334487
189458,43878.016,59641.23106329438
189459,43878.016,18415.389556429094
189460,43878.016,33405.02956082566
189461,43878.016,46864.91999210963
189462,43878.016,42587.189415722016
189463,43878.016,24615.773540465736
189464,43878.016,26434.600826201837
189465,43878.016,52485.96115708849
189466,43878.016,14689.710591221516
189467,43878.016,37921.53109061235
189468,43878.016,19546.373099207452
189469,43878.016,17025.29171943004
189470,43878.016,63286.564648410604
189471,43878.016,57207.79402203954
189472,43878.016,23801.826628973624
189473,43878.016,7709.390245972788
189474,43878.016,37842.996454830696
189475,43878.016,25551.186482656325
189476,43878.016,37204.09262304114
189477,43878.016,31587.457282464875
189478,43878.016,48230.16163870993
189479,43878.016,39874.1736442025
189480,43878.016,11681.807187706383
189481,43878.016,59518.517722931414
189482,43878.016,20300.0073382303
189483,43878.016,63181.24210267756
189484,43878.016,31985.136359232834
189485,43878.016,12339.417695186603
189486,43878.016,40312.25846719366
189487,43878.016,11601.584497550277
189488,43878.016,14142.374255266972
189489,43878.016,65850.94506201385
189490,43878.016,46351.37261389989
189491,43878.016,59203.356713059875
189492,43878.016,35800.874010904256
189493,43878.016,21200.08014283173
189494,43878.016,118512.17866580434
189495,43878.016,12438.924418696577
189496,43878.016,43776.40182639249
189497,43878.016,55120.07677994151
189498,43878.016,20780.98144235257
189499,43878.016,56307.54808972632
189500,43878.016,21134.939918676595
189501,43878.016,11965.982372335026
189502,43878.016,16794.044057914663
189503,43878.016,22699.38855874954
189504,43878.016,22379.08310406237
189505,43878.016,40093.326377403384
189506,43878.016,26975.841033640234
189507,43878.016,32275.81569392934
189508,43878.016,48234.69811590692
189509,43878.016,53970.49915804612
189510,43878.016,20655.429493051248
189511,43878.016,16677.127558693508
189512,43878.016,42392.63245739736
189513,43878.016,61660.05689590479
189514,43878.016,12123.511189277184
189515,43878.016,31724.37901032679
189516,43878.016,11042.713501335098
189517,43878.016,9731.525170285511
189518,43878.016,30634.64010805378
189519,43878.016,16683.759863577325
189520,43878.016,40177.73483417951
189521,43878.016,48692.227109631196
189522,43878.016,42089.54515395151
189523,43878.016,57514.18838063295
189524,43878.016,9863.295364346692
189525,43878.016,65721.54846777057
189526,43878.016,13898.362462711893
189527,43878.016,43308.14772662067
189528,43878.016,44898.87548600581
189529,43878.016,48512.39404798263
189530,43878.016,42822.88206622946
189531,43878.016,9989.188590184693
189532,43878.016,6867.103780528768
189533,43878.016,51850.45905207491
189534,43878.016,76469.93919836763
189535,43878.016,66864.68159412722
189536,43878.016,44754.523202983255
189537,43878.016,49164.10197239561
189538,43878.016,29444.02199541779
189539,43878.016,35579.54029659276
189540,43878.016,20003.342961746926
189541,43878.016,9068.04462700019
189542,43878.016,44513.36767438099
189543,43878.016,18949.11127246269
189544,43878.016,52960.230808055996
189545,43878.016,6517.1326031310455
189546,43878.016,34407.86432058706
189547,43878.016,60452.59837448977
189548,43878.016,55121.9948937219
189549,43878.016,27348.896081683146
189550,43878.016,41396.190664911046
189551,43878.016,18028.50694199294
189552,43878.016,56279.58984647221
189553,43878.016,67821.28009455261
189554,43878.016,37249.16089045882
189555,43878.016,66452.19122660405
189556,43878.016,25921.52401386732
189557,43878.016,14104.58173480458
189558,43878.016,66882.61612718162
189559,43878.016,66691.47211219971
189560,43878.016,82685.30782464852
189561,43878.016,20396.203080575808
189562,43878.016,30200.19233674057
189563,43878.016,31216.185200097363
189564,43878.016,13271.304884005978
189565,43878.016,48653.51556244279
189566,43878.016,47600.225715096145
189567,43878.016,68025.27209345438
189568,43878.016,6997.6095785453645
189569,43878.016,46472.8609943151
189570,43878.016,11335.172471062891
189571,43878.016,23017.077993946506
189572,43878.016,17434.646974786498
189573,43878.016,56181.69969215756
189574,43878.016,20395.8294921007
189575,43878.016,59676.80462102585
189576,43878.016,54487.46860203141
189577,43878.016,49210.76197162761
189578,43878.016,45446.99867204106
189579,43878.016,61026.14858642026
189580,43878.016,38086.408571189655
189581,43878.016,13160.384047661566
189582,43878.016,71672.50285746835
189583,43878.016,48182.09531189212
189584,43878.016,66826.18069929341
189585,43878.016,59536.71563382196
189586,43878.016,42488.8360318226
189587,43878.016,8895.07243290701
189588,43878.016,49192.08622724608
189589,43878.016,41583.70871325596
189590,43878.016,59972.0608278521
189591,43878.016,39587.0773300706
189592,43878.016,45392.73543097368
189593,43878.016,61849.01677565206
189594,43878.016,36674.860951664414
189595,43878.016,16939.32769852048
189596,43878.016,49342.42626812201
189597,43878.016,24577.197505807042
189598,43878.016,7309.7048443525755
189599,43878.016,56699.47435277874
189600,43878.016,45170.43798892045
189601,43878.016,72562.18885578618
189602,43878.016,47891.8287404665
189603,43878.016,49066.399034900685
189604,43878.016,27078.053878534258
189605,43878.016,52081.39532747468
189606,43878.016,56793.28767254605
189607,43878.016,51895.624049154845
189608,43878.016,26802.14220731913
189609,43878.016,69158.451003495
189610,43878.016,55519.36781584695
189611,43878.016,58249.15082687719
189612,43878.016,51544.61313991096
189613,43878.016,25470.712637898323
189614,43878.016,10705.552345845648
189615,43878.016,50300.93969305306
189616,43878.016,60352.698238577774
189617,43878.016,59887.50941021886
189618,43878.016,10718.493578701524
189619,43878.016,49112.42992846044
189620,43878.016,12426.964671969352
189621,43878.016,21700.72518747804
189622,43878.016,53507.844436961386
189623,43878.016,20056.196760680374
189624,43878.016,34088.78061541223
189625,43878.016,29154.57924093554
189626,43878.016,38852.19794775485
189627,43878.016,28593.916273830047
189628,43878.016,53492.21308243047
189629,43878.016,24370.613618311552
189630,43878.016,12629.378012745241
189631,43878.016,29815.712664850016
189632,43878.016,36666.1966619936
189633,43878.016,50672.32747423568
189634,43878.016,29759.07194807034
189635,43878.016,32328.976012134273
189636,43878.016,6113.393882100081
189637,43878.016,11521.599040010437
189638,43878.016,14013.255229059863
189639,43878.016,47876.423476820964
189640,43878.016,62402.1034533202
189641,43878.016,14416.335005502075
189642,43878.016,50457.29491175547
189643,43878.016,16109.374415237593
189644,43878.016,10211.523987849434
189645,43878.016,53069.35418003162
189646,43878.016,30187.864275490072
189647,43878.016,54211.778852112955
189648,43878.016,20558.80926586955
189649,43878.016,19035.725711902433
189650,43878.016,51426.21164573053
189651,43878.016,55795.306525050706
189652,43878.016,13665.245731833944
189653,43878.016,39136.69637386971
189654,43878.016,38320.07753615901
189655,43878.016,51257.866381019674
189656,43878.016,35960.047306743414
189657,43878.016,15701.887942635962
189658,43878.016,47171.75345516796
189659,43878.016,30986.723078914903
189660,43878.016,13368.386741534407
189661,43878.016,48376.8016066759
189662,43878.016,21419.009107467213
189663,43878.016,47108.766055230066
189664,43878.016,47354.1005128282
189665,43878.016,39156.57429609571
189666,43878.016,24779.28324415233
189667,43878.016,27090.51968050706
189668,43878.016,37460.87954319613
189669,43878.016,24091.838137501654
189670,43878.016,26458.96372972123
189671,43878.016,20026.062770495206
189672,43878.016,67717.0368760363
189673,43878.016,37130.982178495295
189674,43878.016,17751.450900152577
189675,43878.016,23085.014782831946
189676,43878.016,12871.679427848247
189677,43878.016,60104.370428340786
189678,43878.016,23653.843166047747
189679,43878.016,47018.20066673306
189680,43878.016,64823.98944604287
189681,43878.016,32022.077779929794
189682,43878.016,21575.54203388578
189683,43878.016,23013.72379176219
189684,43878.016,17893.389345540123
189685,43878.016,54835.22867674054
189686,43878.016,9938.837188240419
189687,43878.016,7348.896664264413
189688,43878.016,6947.139379575968
189689,43878.016,21311.361211617386
189690,43878.016,32984.72655108989
189691,43878.016,30183.831517016028
189692,43878.016,10808.223853422549
189693,43878.016,56901.94115771774
189694,43878.016,20637.819667380794
189695,43878.016,59718.59559177019
189696,43878.016,61493.155001408566
189697,43878.016,20706.352322606224
189698,43878.016,16712.36842420865
189699,43878.016,7883.666426915047
189700,43878.016,11561.856694614278
189701,43878.016,16892.30638740408
189702,43878.016,54192.332803582496
189703,43878.016,5023.072760942311
189704,43878.016,65657.55500635017
189705,43878.016,52223.06104160338
189706,43878.016,30178.122446782316
189707,43878.016,27354.694962736943
189708,43878.016,22783.99292384906
189709,43878.016,11545.526781376047
189710,43878.016,9142.448658801595
189711,43878.016,17615.340092719794
189712,43878.016,18073.061403134343
189713,43878.016,10498.105229043074
189714,43878.016,27865.490373483615
189715,43878.016,7082.818311073271
189716,43878.016,49300.56373124404
189717,43878.016,37089.13512818011
189718,43878.016,9903.695621228697
189719,43878.016,8256.177244204686
189720,43878.016,46468.99012529695
189721,43878.016,14568.327213937546
189722,43878.016,22384.66234748387
189723,43878.016,22169.79940884099
189724,43878.016,8558.31392471823
189725,43878.016,27960.832023383788
189726,43878.016,69980.56258615623
189727,43878.016,14862.640343133316
189728,43878.016,57528.59178525192
189729,43878.016,22707.773302476642
189730,43878.016,49097.49541612765
189731,43878.016,32912.27376772922
189732,43878.016,60636.707751890855
189733,43878.016,46565.15030144942
189734,43878.016,11795.295009231711
189735,43878.016,19067.70144756503
189736,43878.016,11903.468944615115
189737,43878.016,18992.221232617238
189738,43878.016,65956.41702085146
189739,43878.016,55715.978611016355
189740,43878.016,36726.94151542339
189741,43878.016,117595.72297912363
189742,43878.016,29931.680885466638
189743,43878.016,14747.153092152266
189744,43878.016,49634.42552422603
189745,43878.016,27728.707720894432
189746,43878.016,19010.175183756957
189747,43878.016,30432.622872208
189748,43878.016,40692.94623066792
189749,43878.016,20826.40875771024
189750,43878.016,5645.651974756092
189751,43878.016,36267.28436201001
189752,43878.016,17429.158151375872
189753,43878.016,53247.64185186603
189754,43878.016,40939.65389832702
189755,43878.016,59437.935356143185
189756,43878.016,10837.575359032317
189757,43878.016,60426.378428810465
189758,43878.016,9281.094750095232
189759,43878.016,44619.15621730004
189760,43878.016,60979.055661663086
189761,43878.016,11112.201249381718
189762,43878.016,71146.0907860253
189763,43878.016,17332.087600712126
189764,43878.016,57182.969408298035
189765,43878.016,33487.50599743335
189766,43878.016,52066.27709443077
189767,43878.016,10632.578236725793
189768,43878.016,10526.43731149347
189769,43878.016,8080.996864278413
189770,43878.016,42414.20060130189
189771,43878.016,12326.22339698765
189772,43878.016,13972.875361508382
189773,43878.016,48146.276147224766
189774,43878.016,42507.439688469494
189775,43878.016,21961.693138233433
189776,43878.016,65120.39553649294
189777,43878.016,11163.483553154829
189778,43878.016,15774.466148096577
189779,43878.016,38108.42680773623
189780,43878.016,6188.563312859596
189781,43878.016,9173.4789747892
189782,43878.016,55148.014586382415
189783,43878.016,59538.81537672295
189784,43878.016,55293.55227718922
189785,43878.016,51794.18532775518
189786,43878.016,63745.34374957631
189787,43878.016,66535.45164479852
189788,43878.016,46046.873378543794
189789,43878.016,18452.75704632272
189790,43878.016,22661.039448904696
189791,43878.016,24050.539481684584
189792,43878.016,8906.80464931419
189793,43878.016,50281.283613663174
189794,43878.016,69349.4192199122
189795,43878.016,64930.22479420496
189796,43878.016,58314.8411073309
189797,43878.016,33043.086890236205
189798,43878.016,22666.972912760324
189799,43878.016,37115.43169175195
189800,43878.016,43153.93226668612
189801,43878.016,46099.74064730226
189802,43878.016,36104.67842008041
189803,43878.016,12901.814528044777
189804,43878.016,9032.551495736456
189805,43878.016,36898.3707741454
189806,43878.016,35346.35460953304
189807,43878.016,12196.845660368903
189808,43878.016,15252.258299130885
189809,43878.016,46900.113382582495
189810,43878.016,9258.081782431866
189811,43878.016,47166.333142936746
189812,43878.016,48600.549843508656
189813,43878.016,57536.59405607488
189814,43878.016,37971.54996733233
189815,43878.016,12860.38459893268
189816,43878.016,17605.280589361344
189817,43878.016,65141.91505273586
189818,43878.016,34547.425924537296
189819,43878.016,37670.628494735756
189820,43878.016,31077.046960041287
189821,43878.016,44387.55406120564
189822,43878.016,29807.780066100557
189823,43878.016,18963.501518686495
189824,43878.016,110433.3143387132
189825,43878.016,51587.58011968617
189826,43878.016,20144.584387477138
189827,43878.016,36925.367626150066
189828,43878.016,29705.640622527826
189829,43878.016,20124.882075123493
189830,43878.016,9730.124768554631
189831,43878.016,39503.20521865776
189832,43878.016,39587.88677400819
189833,43878.016,38707.45249756056
189834,43878.016,10539.310826570334
189835,43878.016,12603.632312091693
189836,43878.016,51683.959378835774
189837,43878.016,44890.905412827764
189838,43878.016,23376.15366385799
189839,43878.016,32370.072508260397
189840,43878.016,66386.85711046672
189841,43878.016,35492.157352788
189842,43878.016,17689.051027360096
189843,43878.016,12792.08409224019
189844,43878.016,12275.189104180949
189845,43878.016,44110.76176538035
189846,43878.016,22476.451706486136
189847,43878.016,45654.266603000375
189848,43878.016,41144.800900413524
189849,43878.016,11927.274181702518
189850,43878.016,28273.584938719167
189851,43878.016,68574.51855461039
189852,43878.016,15222.057029765681
189853,43878.016,36915.052780835205
189854,43878.016,35411.04808812364
189855,43878.016,6138.707101475613
189856,43878.016,20193.582705557354
189857,43878.016,12397.935564917667
189858,43878.016,29357.58056197999
189859,43878.016,41981.989229544975
189860,43878.016,10949.010358605618
189861,43878.016,20958.748220554797
189862,43878.016,22375.534165030793
189863,43878.016,24892.070601106687
189864,43878.016,69938.06249937623
189865,43878.016,41281.8768661466
189866,43878.016,16373.147330617163
189867,43878.016,42788.562172810394
189868,43878.016,40750.794518361385
189869,43878.016,44162.76249016196
189870,43878.016,46750.294678971855
189871,43878.016,51567.677113983846
189872,43878.016,15318.170577710785
189873,43878.016,42693.304649410864
189874,43878.016,32806.46423399376
189875,43878.016,33968.364781193355
189876,43878.016,41265.542646101705
189877,43878.016,41404.513258336745
189878,43878.016,82149.90381832344
189879,43878.016,66619.25651290022
189880,43878.016,14584.605476973245
189881,43878.016,59353.424868925606
189882,43878.016,42775.09498083706
189883,43878.016,26374.038055451452
189884,43878.016,28218.76249144211
189885,43878.016,23830.52045336271
189886,43878.016,40509.829616992785
189887,43878.016,29331.670686472855
189888,43878.016,79348.19220061552
189889,43878.016,23172.90610190818
189890,43878.016,19661.999482768155
189891,43878.016,23346.776388601495
189892,43878.016,30512.69207643142
189893,43878.016,20266.966273386817
189894,43878.016,28512.197075454704
189895,43878.016,37597.408711989454
189896,43878.016,19688.236783561737
189897,43878.016,26402.9526427735
189898,43878.016,53498.171476571944
189899,43878.016,15894.184436557574
189900,43878.016,23143.19493828062
189901,43878.016,55626.605152668926
189902,43878.016,17195.287954958796
189903,43878.016,42390.00815555662
189904,43878.016,76664.86869732387
189905,43878.016,22289.21119437743
189906,43878.016,39350.82788390393
189907,43878.016,56427.60270169359
189908,43878.016,15594.840498234687
189909,43878.016,51848.90628881703
189910,43878.016,20123.114722598744
189911,43878.016,54030.744182912895
189912,43878.016,78826.59294489321
189913,43878.016,16669.49679852855
189914,43878.016,41541.36528324268
189915,43878.016,47958.36139294739
189916,43878.016,51111.602691064494
189917,43878.016,39711.964639386766
189918,43878.016,15652.589921778801
189919,43878.016,46477.070742586824
189920,43878.016,57462.616299717796
189921,43878.016,55476.81759142779
189922,43878.016,21114.799821634402
189923,43878.016,48015.59690138799
189924,43878.016,18536.51391668652
189925,43878.016,44155.35959636912
189926,43878.016,60122.28950841347
189927,43878.016,18721.518147300747
189928,43878.016,61307.181886487524
189929,43878.016,51143.57819778445
189930,43878.016,13666.457184736235
189931,43878.016,37587.63531945549
189932,43878.016,27460.533472230214
189933,43878.016,18531.584639216395
189934,43878.016,19951.543855141306
189935,43878.016,4287.6678265402425
189936,43878.016,27805.731845441685
189937,43878.016,7387.985431370876
189938,43878.016,6024.926840570376
189939,43878.016,9652.756836574155
189940,43878.016,30343.617710643506
189941,43878.016,48016.276264573215
189942,43878.016,45347.613022160716
189943,43878.016,50988.205348124975
189944,43878.016,64267.77571969579
189945,43878.016,14962.89122778518
189946,43878.016,22753.480256952917
189947,43878.016,6978.321194771405
189948,43878.016,57797.60670227458
189949,43878.016,12699.2182816456
189950,43878.016,15165.640715006459
189951,43878.016,43336.78565389099
189952,43878.016,71730.5498917831
189953,43878.016,43997.85765210476
189954,43878.016,8668.969169717284
189955,43878.016,13168.501669152338
189956,43878.016,4929.48286870001
189957,43878.016,34472.57243033936
189958,43878.016,32285.56842567622
189959,43878.016,70366.58681652305
189960,43878.016,37018.693317073616
189961,43878.016,68350.12030284373
189962,43878.016,38958.48176293626
189963,43878.016,28507.65666542329
189964,43878.016,56061.640775707
189965,43878.016,12193.079191196992
189966,43878.016,11835.885811441975
189967,43878.016,35683.30202662097
189968,43878.016,53883.407821860754
189969,43878.016,22528.06289251372
189970,43878.016,8532.911228450186
189971,43878.016,50691.50794013562
189972,43878.016,47053.62614503046
189973,43878.016,59770.11304247765
189974,43878.016,39999.55910707732
189975,43878.016,59766.448740579246
189976,43878.016,12847.214973793032
189977,43878.016,42568.87579167829
189978,43878.016,7328.333131545121
189979,43878.016,34906.11594599739
189980,43878.016,68291.91064764703
189981,43878.016,33361.57655704547
189982,43878.016,51882.61911755646
189983,43878.016,19504.54773466193
189984,43878.016,47303.62824754074
189985,43878.016,40547.217921160875
189986,43878.016,47033.83334226594
189987,43878.016,23785.056664751428
189988,43878.016,8248.349215689059
189989,43878.016,83561.98457739736
189990,43878.016,70973.77369285136
189991,43878.016,59666.950794280514
189992,43878.016,16819.07072371896
189993,43878.016,48116.643695547464
189994,43878.016,33228.2095181368
189995,43878.016,28362.638060963884
189996,43878.016,49238.94118945297
189997,43878.016,16905.972332145
189998,43878.016,43453.397020944525
189999,43878.016,5530.844270734177
190000,43878.016,50336.844719168206
190001,43878.016,44081.18357389711
190002,43878.016,21146.648578565142
190003,43878.016,28587.66101299436
190004,43878.016,23114.66132527306
190005,43878.016,46790.372166139954
190006,43878.016,68430.41157482787
190007,43878.016,37770.8748161891
190008,43878.016,50482.74904555861
190009,43878.016,37086.521368201364
190010,43878.016,20553.189370279484
190011,43878.016,55996.51192811048
190012,43878.016,43490.55454693582
190013,43878.016,57289.4834954896
190014,43878.016,22320.846706367927
190015,43878.016,30314.322230576752
190016,43878.016,5308.810435527556
190017,43878.016,22377.748249623717
190018,43878.016,27037.05500666317
190019,43878.016,53552.87454431875
190020,43878.016,30451.183585315383
190021,43878.016,42737.15638922028
190022,43878.016,38694.01633238544
190023,43878.016,32595.20311257096
190024,43878.016,102966.798485606
190025,43878.016,32586.96159359521
190026,43878.016,32571.389351995746
190027,43878.016,12855.547967152159
190028,43878.016,20593.306207927897
190029,43878.016,44381.88255320202
190030,43878.016,31271.86118042088
190031,43878.016,47935.7220067608
190032,43878.016,46089.363875897514
190033,43878.016,22732.02188039412
190034,43878.016,6156.036530368967
190035,43878.016,35339.451446370535
190036,43878.016,15281.210905734628
190037,43878.016,39627.94557289333
190038,43878.016,50610.156789551285
190039,43878.016,20819.217560198114
190040,43878.016,15101.130647777603
190041,43878.016,43182.919045253984
190042,43878.016,65454.99938824383
190043,43878.016,57923.44005578005
190044,43878.016,12506.6572603656
190045,43878.016,23640.08254947143
190046,43878.016,15950.93003260041
190047,43878.016,38713.274191534954
190048,43878.016,11939.735023968156
190049,43878.016,55262.329078274255
190050,43878.016,64569.920048947766
190051,43878.016,21296.12829198719
190052,43878.016,19923.203218752056
190053,43878.016,39201.742474825565
190054,43878.016,18575.949489217535
190055,43878.016,10986.922511453351
190056,43878.016,7628.538696402821
190057,43878.016,21201.520314948735
190058,43878.016,56427.22895098949
190059,43878.016,15493.982993744745
190060,43878.016,39294.09472187891
190061,43878.016,47010.39370478445
190062,43878.016,63972.60033354813
190063,43878.016,44808.25124987588
190064,43878.016,59258.67582028526
190065,43878.016,30459.66826593929
190066,43878.016,75086.0170870053
190067,43878.016,41732.986564415245
190068,43878.016,55558.022239314436
190069,43878.016,44591.65608153236
190070,43878.016,60632.548666974886
190071,43878.016,13967.25260942799
190072,43878.016,37614.562486695206
190073,43878.016,9220.762773172406
190074,43878.016,22255.116047289237
190075,43878.016,40990.099514165304
190076,43878.016,18942.3789289536
190077,43878.016,50981.12918004558
190078,43878.016,8466.56601507444
190079,43878.016,19813.815971353422
190080,43878.016,48025.39405060778
190081,43878.016,46839.729348638655
190082,43878.016,46523.91257912785
190083,43878.016,49062.112571072066
190084,43878.016,11055.238107340681
190085,43878.016,51717.21019385491
190086,43878.016,32045.525361817094
190087,43878.016,51336.99411727077
190088,43878.016,21170.81761595808
190089,43878.016,20625.005004659528
190090,43878.016,17427.30209125849
190091,43878.016,12549.912340701887
190092,43878.016,13735.92854655109
190093,43878.016,52474.81587526181
190094,43878.016,43950.76927432962
190095,43878.016,7118.136717493874
190096,43878.016,22501.184965188226
190097,43878.016,34349.13418765182
190098,43878.016,46666.02234487905
190099,43878.016,16631.310977970028
190100,43878.016,28148.12797616863
190101,43878.016,39627.02949564548
190102,43878.016,13258.16487506759
190103,43878.016,35590.19788803088
190104,43878.016,25480.800714602537
190105,43878.016,32625.814768905195
190106,43878.016,27247.150306981508
190107,43878.016,9424.37943006612
190108,43878.016,67556.04417033933
190109,43878.016,75326.8996784823
190110,43878.016,76316.78942655717
190111,43878.016,16343.580390846746
190112,43878.016,32498.259594741652
190113,43878.016,63355.64943124624
190114,43878.016,53045.02907185266
190115,43878.016,15009.143563799307
190116,43878.016,30041.1785336462
190117,43878.016,59453.79777575792
190118,43878.016,23983.772358441023
190119,43878.016,38299.82859277
190120,43878.016,15626.744677497325
190121,43878.016,10711.833822686775
190122,43878.016,53283.16165935411
190123,43878.016,40954.24710874098
190124,43878.016,31726.35596739387
190125,43878.016,60841.94303608475
190126,43878.016,32299.668724311352
190127,43878.016,24804.482578985622
190128,43878.016,82681.81518398138
190129,43878.016,9876.986723532427
190130,43878.016,62403.39365810126
190131,43878.016,45484.12937866956
190132,43878.016,9004.140715246775
190133,43878.016,45152.626912168
190134,43878.016,60011.205929621734
190135,43878.016,19729.43611023315
190136,43878.016,15220.455660722973
190137,43878.016,45115.698952735554
190138,43878.016,44460.26205327017
190139,43878.016,15921.970193675457
190140,43878.016,40796.803058122125
190141,43878.016,20761.906270227002
190142,43878.016,15670.969740572811
190143,43878.016,27529.444364552375
190144,43878.016,37192.41210419212
190145,43878.016,66223.23490926939
190146,43878.016,76763.2451209501
190147,43878.016,66094.73498591773
190148,43878.016,10004.61381460773
190149,43878.016,27946.5157693949
190150,43878.016,41320.893680338886
190151,43878.016,51770.768153226105
190152,43878.016,28138.248713724453
190153,43878.016,8697.72849233182
190154,43878.016,28574.872038028803
190155,43878.016,32595.093252429055
190156,43878.016,29292.72452559868
190157,43878.016,47345.393248595836
190158,43878.016,37637.59787331631
190159,43878.016,17431.165774598096
190160,43878.016,37391.03537583574
190161,43878.016,29922.153399593983
190162,43878.016,22369.297284327637
190163,43878.016,14527.907472207178
190164,43878.016,16950.03536683357
190165,43878.016,21400.12373349851
190166,43878.016,48806.14099948099
190167,43878.016,11153.759917009223
190168,43878.016,52244.90066668486
190169,43878.016,51603.85900929103
190170,43878.016,47930.22964242385
190171,43878.016,40667.69271831911
190172,43878.016,36752.67542944433
190173,43878.016,18941.578929095445
190174,43878.016,23612.710618218043
190175,43878.016,70560.46421454645
190176,43878.016,51019.40856689102
190177,43878.016,13185.758674823834
190178,43878.016,51212.33786439923
190179,43878.016,78137.12873043514
190180,43878.016,16218.766691014187
190181,43878.016,58909.64900995039
190182,43878.016,5430.320607583841
190183,43878.016,20554.289042896697
190184,43878.016,31298.88693387472
190185,43878.016,33045.30579881379
190186,43878.016,11679.799818786189
190187,43878.016,46808.15103845872
190188,43878.016,49245.93691556107
190189,43878.016,39789.719604106904
190190,43878.016,36715.59289730663
190191,43878.016,22858.22857998365
190192,43878.016,49732.061483635924
190193,43878.016,45690.11853677766
190194,43878.016,72325.92325682727
190195,43878.016,57580.729529390606
190196,43878.016,14723.35596262343
190197,43878.016,63631.13108074651
190198,43878.016,80853.98096792698
190199,43878.016,73554.0913264113
190200,43878.016,62825.682746820035
190201,43878.016,11700.836196435263
190202,43878.016,41970.27577855462
190203,43878.016,43969.51359400364
190204,43878.016,18281.62634865371
190205,43878.016,14883.374424642312
190206,43878.016,27978.257659933464
190207,43878.016,61881.61945098428
190208,43878.016,17903.408121292523
190209,43878.016,27397.244557831156
190210,43878.016,51240.5899494681
190211,43878.016,53383.67928783969
190212,43878.016,70050.9154167017
190213,43878.016,24834.69817515412
190214,43878.016,26825.01460083401
190215,43878.016,67856.74380468669
190216,43878.016,49682.265922444305
190217,43878.016,35017.979882569205
190218,43878.016,52392.1900904313
190219,43878.016,37470.30370820485
190220,43878.016,33495.12274914449
190221,43878.016,29938.446330094448
190222,43878.016,48375.98856986676
190223,43878.016,21824.43684781749
190224,43878.016,34854.031494449075
190225,43878.016,34336.277518618095
190226,43878.016,22441.791860457884
190227,43878.016,10463.350685260017
190228,43878.016,10099.342756298474
190229,43878.016,26378.394635252334
190230,43878.016,19541.407539582076
190231,43878.016,8234.372643296569
190232,43878.016,30070.425701780474
190233,43878.016,25839.57174043042
190234,43878.016,59184.674477333785
190235,43878.016,12499.098771342846
190236,43878.016,60468.77589271475
190237,43878.016,68211.69441932262
190238,43878.016,73972.78576499494
190239,43878.016,94757.71528811031
190240,43878.016,42088.73705275044
190241,43878.016,34145.25525615079
190242,43878.016,47370.854431666776
190243,43878.016,33532.2935368998
190244,43878.016,60731.23004677662
190245,43878.016,39518.454779308224
190246,43878.016,55548.46559745178
190247,43878.016,48221.67218772365
190248,43878.016,39422.31274730249
190249,43878.016,41802.24196614293
190250,43878.016,21470.65635016121
190251,43878.016,9184.231189367203
190252,43878.016,23840.193563052413
190253,43878.016,36931.77380637766
190254,43878.016,42454.40562238775
190255,43878.016,8467.802634319025
190256,43878.016,25129.089666018994
190257,43878.016,13667.112061437121
190258,43878.016,29350.695563190682
190259,43878.016,17734.24366881915
190260,43878.016,21602.561308078144
190261,43878.016,35278.79804041745
190262,43878.016,8286.298238014664
190263,43878.016,16445.926664802842
190264,43878.016,21883.543660290034
190265,43878.016,77273.04525227706
190266,43878.016,35602.123916698634
190267,43878.016,24659.31859232665
190268,43878.016,14769.23306077412
190269,43878.016,56001.562979081435
190270,43878.016,57950.77813919069
190271,43878.016,41895.31709784474
190272,43878.016,28394.301992947192
190273,43878.016,9386.679566875735
190274,43878.016,46254.53942258961
190275,43878.016,43943.759626044906
190276,43878.016,13877.597570279959
190277,43878.016,49883.743105698675
190278,43878.016,39015.6918789604
190279,43878.016,47697.2902168395
190280,43878.016,60556.82949480144
190281,43878.016,47144.0548519123
190282,43878.016,23796.392838995584
190283,43878.016,14862.86399310148
190284,43878.016,69220.61087577094
190285,43878.016,9036.10186131139
190286,43878.016,48058.25667781224
190287,43878.016,28650.097940230207
190288,43878.016,29759.363157917545
190289,43878.016,9561.854004308574
190290,43878.016,71513.15022373247
190291,43878.016,12197.489580343039
190292,43878.016,7795.288829714424
190293,43878.016,40504.15901729856
190294,43878.016,17905.110551869555
190295,43878.016,33355.13865189421
190296,43878.016,52025.09526003405
190297,43878.016,63908.512718909304
190298,43878.016,12036.977108792256
190299,43878.016,28077.97563401744
190300,43878.016,31839.90347326651
190301,43878.016,35355.436565614546
190302,43878.016,59829.42645118526
190303,43878.016,37781.68916353667
190304,43878.016,16846.85509486963
190305,43878.016,20309.85023847921
190306,43878.016,22467.723838071426
190307,43878.016,44409.49176739094
190308,43878.016,51689.33372379823
190309,43878.016,76281.81737076849
190310,43878.016,45100.8809285237
190311,43878.016,13207.272156709656
190312,43878.016,28855.470860562946
190313,43878.016,67502.63077207656
190314,43878.016,23191.26222328899
190315,43878.016,29739.60504971619
190316,43878.016,33569.306884846636
190317,43878.016,45658.55768304289
190318,43878.016,59273.299683931225
190319,43878.016,17175.955866595887
190320,43878.016,25533.87729489534
190321,43878.016,49436.43978435305
190322,43878.016,8023.785893635385
190323,43878.016,40052.788262067515
190324,43878.016,10476.535900618912
190325,43878.016,16269.056562867901
190326,43878.016,15763.00559646041
190327,43878.016,27857.692929930414
190328,43878.016,58309.74850097253
190329,43878.016,58693.572026062495
190330,43878.016,55579.63068504509
190331,43878.016,61869.00308548796
190332,43878.016,28593.798195914624
190333,43878.016,17671.853829318876
190334,43878.016,49890.61949388848
190335,43878.016,13137.288967685005
190336,43878.016,20577.18035183272
190337,43878.016,20055.46257290332
190338,43878.016,66868.00957609658
190339,43878.016,39768.00406805844
190340,43878.016,17278.558765439757
190341,43878.016,34809.563612860155
190342,43878.016,30280.79113601198
190343,43878.016,68410.94768316232
190344,43878.016,34425.60424442354
190345,43878.016,39349.47489325862
190346,43878.016,33969.052316051646
190347,43878.016,22984.01479241132
190348,43878.016,46343.41686595484
190349,43878.016,34229.46313440669
190350,43878.016,55005.66063690397
190351,43878.016,54914.88860767903
190352,43878.016,60316.10546438068
190353,43878.016,32528.701418886896
190354,43878.016,6922.068258861682
190355,43878.016,48428.527936874976
190356,43878.016,18392.75712866797
190357,43878.016,58447.65200305238
190358,43878.016,12868.440805455297
190359,43878.016,63620.54398728453
190360,43878.016,80062.2355717171
190361,43878.016,27010.662887582894
190362,43878.016,16992.96304560862
190363,43878.016,58251.88044110658
190364,43878.016,36266.04283791854
190365,43878.016,32707.163285712606
190366,43878.016,36680.30620603853
190367,43878.016,35593.12925961899
190368,43878.016,61045.64297084047
190369,43878.016,50955.93059793962
190370,43878.016,45297.277694480996
190371,43878.016,57417.507593557086
190372,43878.016,70060.84782779646
190373,43878.016,53755.49016934879
190374,43878.016,40634.54415913979
190375,43878.016,24592.275905088736
190376,43878.016,6225.271060531455
190377,43878.016,11460.587333657932
190378,43878.016,51199.885036311935
190379,43878.016,6391.341066000389
190380,43878.016,11485.7766164295
190381,43878.016,7318.648303130301
190382,43878.016,18704.29687875875
190383,43878.016,37741.223748730416
190384,43878.016,20328.497786256554
190385,43878.016,31746.521264029816
190386,43878.016,44992.19482506953
190387,43878.016,40425.883637922125
190388,43878.016,111390.80846012366
190389,43878.016,12780.7174533561
190390,43878.016,43002.443190017075
190391,43878.016,57527.99322885703
190392,43878.016,34707.17154411535
190393,43878.016,33594.287591197586
190394,43878.016,58381.52411145499
190395,43878.016,36780.34365121632
190396,43878.016,44179.70931305966
190397,43878.016,67940.11598996233
190398,43878.016,23140.477410181877
190399,43878.016,16128.763165287954
190400,43878.016,10753.325320786638
190401,43878.016,35503.05284526839
190402,43878.016,24480.894798142166
190403,43878.016,11272.730947744687
190404,43878.016,53241.88160451623
190405,43878.016,24299.630753854453
190406,43878.016,61598.99000886653
190407,43878.016,29840.60476535368
190408,43878.016,41460.36943778883
190409,43878.016,41123.72253622404
190410,43878.016,23322.024900457953
190411,43878.016,51251.70927189127
190412,43878.016,13962.824283269216
190413,43878.016,16340.02204123565
190414,43878.016,10629.94774892265
190415,43878.016,95658.69926220182
190416,43878.016,52725.85330525296
190417,43878.016,29100.447842768226
190418,43878.016,25593.623514222352
190419,43878.016,30066.30924953445
190420,43878.016,36845.8986500846
190421,43878.016,8863.130612543579
190422,43878.016,7643.317477340539
190423,43878.016,53367.981734364905
190424,43878.016,21463.387290010567
190425,43878.016,57013.51340884233
190426,43878.016,85098.73980050509
190427,43878.016,23625.5105092484
190428,43878.016,43962.07758919796
190429,43878.016,64489.76994915881
190430,43878.016,7328.935510774026
190431,43878.016,32828.89910967179
190432,43878.016,49918.49644008599
190433,43878.016,13863.955273305923
190434,43878.016,35712.31624475698
190435,43878.016,7501.113640978066
190436,43878.016,50766.15899071751
190437,43878.016,35572.48235522729
190438,43878.016,7918.988162153666
190439,43878.016,57002.530754936866
190440,43878.016,36844.978520523655
190441,43878.016,19511.78637257473
190442,43878.016,33189.895998850196
190443,43878.016,10607.09118843141
190444,43878.016,8286.69941327597
190445,43878.016,24820.449145088583
190446,43878.016,48434.823116713356
190447,43878.016,39175.12647798919
190448,43878.016,47991.02120797651
190449,43878.016,13641.152138902771
190450,43878.016,42892.20265937847
190451,43878.016,50844.37340748636
190452,43878.016,31660.949923209384
190453,43878.016,19140.76260376239
190454,43878.016,11295.039083734664
190455,43878.016,18964.45167340598
190456,43878.016,9352.062899510796
190457,43878.016,39992.903041918595
190458,43878.016,15511.377079932225
190459,43878.016,34326.62328925043
190460,43878.016,22519.642393082682
190461,43878.016,26557.486991347643
190462,43878.016,30261.243902987557
190463,43878.016,65954.48364328498
190464,43878.016,24547.84601942512
190465,43878.016,14509.84964981069
190466,43878.016,16638.08398460579
190467,43878.016,25113.146359661117
190468,43878.016,23903.60902949949
190469,43878.016,59742.70087303591
190470,43878.016,24122.430775771332
190471,43878.016,25038.97621579191
190472,43878.016,18986.035652290968
190473,43878.016,11966.391588494796
190474,43878.016,31117.137851403582
190475,43878.016,29564.311278732934
190476,43878.016,45988.36794808894
190477,43878.016,10555.955204839556
190478,43878.016,7589.319222590488
190479,43878.016,51333.90395565165
190480,43878.016,60093.27543456738
190481,43878.016,41379.72245573598
190482,43878.016,44355.531092338075
190483,43878.016,27240.419406234745
190484,43878.016,8806.776678118189
190485,43878.016,46116.49746657137
190486,43878.016,52318.764177158664
190487,43878.016,57843.40117712069
190488,43878.016,37748.228867134414
190489,43878.016,14214.298590102593
190490,43878.016,28182.560280229718
190491,43878.016,62171.52482778417
190492,43878.016,25770.997851799773
190493,43878.016,19722.11471553784
190494,43878.016,9560.8626029152
190495,43878.016,72082.6695229196
190496,43878.016,17831.049254762365
190497,43878.016,45694.27668597902
190498,43878.016,31372.262518026735
190499,43878.016,30936.55348009458
190500,43878.016,23913.442231772435
190501,43878.016,37862.92546857154
190502,43878.016,78323.82688289216
190503,43878.016,59656.44433448437
190504,43878.016,18911.764392836852
190505,43878.016,59843.753584583166
190506,43878.016,52912.13305304444
190507,43878.016,31754.207775781728
190508,43878.016,47682.050025183264
190509,43878.016,52202.69296014931
190510,43878.016,26866.74110601819
190511,43878.016,5302.958390483009
190512,43878.016,47078.36196536598
190513,43878.016,18259.865690159277
190514,43878.016,19599.060482153036
190515,43878.016,37580.77748010463
190516,43878.016,13247.77722097854
190517,43878.016,38375.97537772042
190518,43878.016,52937.102482331786
190519,43878.016,19778.348779898115
190520,43878.016,34742.512708800925
190521,43878.016,32760.902432124625
190522,43878.016,23687.220237945057
190523,43878.016,54220.114971677925
190524,43878.016,33519.334949760196
190525,43878.016,60593.86913055023
190526,43878.016,54220.93127981298
190527,43878.016,9522.381628637715
190528,43878.016,13081.595286639424
190529,43878.016,15582.451857100761
190530,43878.016,11635.83749385506
190531,43878.016,55775.20106217101
190532,43878.016,58772.93956422051
190533,43878.016,18950.375520366768
190534,43878.016,47044.208380642754
190535,43878.016,31068.880324895337
190536,43878.016,13479.54498979589
190537,43878.016,43844.716187886894
190538,43878.016,24801.874383593884
190539,43878.016,36310.450112665894
190540,43878.016,45946.68468771832
190541,43878.016,76423.5704576056
190542,43878.016,70781.0662919062
190543,43878.016,31209.589554218546
190544,43878.016,48691.29391642503
190545,43878.016,18828.542973954824
190546,43878.016,7491.530921162835
190547,43878.016,58055.57380213776
190548,43878.016,46482.33454576163
190549,43878.016,36151.51765488693
190550,43878.016,10515.345425405972
190551,43878.016,12041.640930535066
190552,43878.016,23500.494288038368
190553,43878.016,44849.31146792946
190554,43878.016,66570.84500782039
190555,43878.016,14014.037281851153
190556,43878.016,34049.23252146257
190557,43878.016,24893.26161926501
190558,43878.016,31504.777709323287
190559,43878.016,26824.300066940017
190560,43878.016,56417.01821769203
190561,43878.016,12154.312603063294
190562,43878.016,37042.669934256766
190563,43878.016,38791.382344002755
190564,43878.016,33986.47829713985
190565,43878.016,45857.228122107736
190566,43878.016,36501.136020910366
190567,43878.016,15903.405764442692
190568,43878.016,12273.841862882657
190569,43878.016,34188.709776680655
190570,43878.016,12191.724047699014
190571,43878.016,26264.858715759296
190572,43878.016,56125.20752887231
190573,43878.016,36980.32071622188
190574,43878.016,37553.67252566256
190575,43878.016,27620.185442025802
190576,43878.016,39939.78752774866
190577,43878.016,7249.8362045057675
190578,43878.016,33806.43938671452
190579,43878.016,19124.416421936618
190580,43878.016,12207.886382431381
190581,43878.016,45551.97575777899
190582,43878.016,25079.669197779927
190583,43878.016,69324.56302372676
190584,43878.016,56248.82725048262
190585,43878.016,15043.985192721937
190586,43878.016,46277.460574852106
190587,43878.016,26803.99820740148
190588,43878.016,58187.30057413682
190589,43878.016,32137.1939406013
190590,43878.016,56519.817311253755
190591,43878.016,27592.43812332543
190592,43878.016,8532.019408875269
190593,43878.016,5255.786294044205
190594,43878.016,19557.49587380085
190595,43878.016,20741.399078267885
190596,43878.016,27710.440911568214
190597,43878.016,39408.014124918314
190598,43878.016,23188.98645079952
190599,43878.016,50018.64601723773
190600,43878.016,15356.02487392445
190601,43878.016,20380.436187123334
190602,43878.016,40748.89641503218
190603,43878.016,39266.14058494404
190604,43878.016,33224.711984872796
190605,43878.016,51301.57411264686
190606,43878.016,9879.178781830302
190607,43878.016,19624.51192701233
190608,43878.016,11926.220854060868
190609,43878.016,48157.33843532125
190610,43878.016,61604.515334561016
190611,43878.016,36839.41764135918
190612,43878.016,49452.05884930759
190613,43878.016,7194.2552336910785
190614,43878.016,48477.75139279042
190615,43878.016,12420.152254549457
190616,43878.016,20974.73792981154
190617,43878.016,69709.32290116519
190618,43878.016,85631.15625640664
190619,43878.016,26460.444475656946
190620,43878.016,14694.211097840103
190621,43878.016,16086.689056049006
190622,43878.016,11157.020263393944
190623,43878.016,12590.666927283952
190624,43878.016,11005.324040779495
190625,43878.016,23558.56648204754
190626,43878.016,49273.81634238864
190627,43878.016,21076.151772271347
190628,43878.016,42225.777859767724
190629,43878.016,13817.897666326944
190630,43878.016,17508.298642476802
190631,43878.016,9457.71711525551
190632,43878.016,99464.39459889822
190633,43878.016,12948.406106699338
190634,43878.016,12852.177707669849
190635,43878.016,44898.07917028731
190636,43878.016,43337.68430777659
190637,43878.016,18256.260076523962
190638,43878.016,27239.563371009255
190639,43878.016,43961.295999320646
190640,43878.016,22992.03378966563
190641,43878.016,53875.453038985135
190642,43878.016,15586.186842766914
190643,43878.016,23993.67969255337
190644,43878.016,84270.48264140345
190645,43878.016,29834.153172152648
190646,43878.016,35466.0357945503
190647,43878.016,50774.81274814599
190648,43878.016,14120.710162324613
190649,43878.016,46347.7330308442
190650,43878.016,12575.338815084611
190651,43878.016,19005.150679669146
190652,43878.016,19933.281331330796
190653,43878.016,48285.572104273575
190654,43878.016,47884.61337529144
190655,43878.016,41735.87602610353
190656,43878.016,56309.87797421873
190657,43878.016,47596.70930439623
190658,43878.016,19604.82775892292
190659,43878.016,29684.809626540922
190660,43878.016,15787.11566301381
190661,43878.016,28957.04253651316
190662,43878.016,27969.27354713354
190663,43878.016,14997.143069855201
190664,43878.016,25145.61942959994
190665,43878.016,11022.99395887875
190666,43878.016,51081.26121748213
190667,43878.016,29314.502215120065
190668,43878.016,43045.71520167243
190669,43878.016,69572.07699144127
190670,43878.016,50452.79330332414
190671,43878.016,67709.44485785169
190672,43878.016,73486.39948718865
190673,43878.016,12990.125154900803
190674,43878.016,58921.979105329076
190675,43878.016,34773.97204662891
190676,43878.016,33204.8949135961
190677,43878.016,57523.04018129533
190678,43878.016,48885.7751373852
190679,43878.016,30674.56078759861
190680,43878.016,56509.94244888484
190681,43878.016,71679.38666694224
190682,43878.016,63936.68869879998
190683,43878.016,34246.172914687864
190684,43878.016,7989.9652104678335
190685,43878.016,58321.92552907711
190686,43878.016,17629.333384872545
190687,43878.016,18599.400093321558
190688,43878.016,33985.51981034253
190689,43878.016,17985.39670097027
190690,43878.016,7875.192191139681
190691,43878.016,18754.465402918893
190692,43878.016,46129.73231744246
190693,43878.016,11809.447299234878
190694,43878.016,13373.628664936788
190695,43878.016,48253.05822681336
190696,43878.016,43017.07282888759
190697,43878.016,68211.45245091419
190698,43878.016,23760.33264242803
190699,43878.016,67972.08601404095
190700,43878.016,24643.694929435624
190701,43878.016,2896.785165733038
190702,43878.016,37553.55622815741
190703,43878.016,36327.31843372695
190704,43878.016,28809.89349019453
190705,43878.016,41956.16712723436
190706,43878.016,35836.99560843953
190707,43878.016,18655.739403965137
190708,43878.016,55849.83700057349
190709,43878.016,55903.89543849898
190710,43878.016,21068.55907218066
190711,43878.016,54551.07462338796
190712,43878.016,15727.228529178656
190713,43878.016,16727.925926897202
190714,43878.016,7999.792311653051
190715,43878.016,18158.73795430343
190716,43878.016,15083.4199992404
190717,43878.016,31156.20055222511
190718,43878.016,10858.286621870355
190719,43878.016,9745.10114876301
190720,43878.016,11358.757873549463
190721,43878.016,12340.397209420466
190722,43878.016,18044.211783557435
190723,43878.016,50537.326572883474
190724,43878.016,37875.7001220275
190725,43878.016,39286.84836339757
190726,43878.016,23611.4448013151
190727,43878.016,46713.455565152464
190728,43878.016,51431.98137170696
190729,43878.016,58322.734905018806
190730,43878.016,19144.786643985484
190731,43878.016,23083.4911685624
190732,43878.016,30517.974637428964
190733,43878.016,34472.81491025203
190734,43878.016,39061.92080680447
190735,43878.016,27938.485603703335
190736,43878.016,52677.23802485712
190737,43878.016,33313.01116459547
190738,43878.016,49295.29437959497
190739,43878.016,49777.56485683716
190740,43878.016,46192.52905309208
190741,43878.016,40310.2368022679
190742,43878.016,16508.13030517643
190743,43878.016,54829.18323936047
190744,43878.016,20883.86716461655
190745,43878.016,11887.800121724062
190746,43878.016,20239.20121605412
190747,43878.016,44317.79050883174
190748,43878.016,27537.330770580953
190749,43878.016,41953.988839499034
190750,43878.016,17304.23235563886
190751,43878.016,39031.21256899158
190752,43878.016,40144.08193219502
190753,43878.016,70256.02666365138
190754,43878.016,34582.94557638071
190755,43878.016,39806.662296029725
190756,43878.016,34144.7350325775
190757,43878.016,20410.64568009591
190758,43878.016,16610.065627563185
190759,43878.016,25504.06429914166
190760,43878.016,14617.042596358286
190761,43878.016,9304.564210722636
190762,43878.016,41998.13915771693
190763,43878.016,54960.196416250794
190764,43878.016,20365.071173199787
190765,43878.016,11335.967746891138
190766,43878.016,37767.86420816614
190767,43878.016,54477.96239507842
190768,43878.016,43605.45923477542
190769,43878.016,22532.479915355383
190770,43878.016,34448.23814415426
190771,43878.016,47332.73642701067
190772,43878.016,28681.668053286627
190773,43878.016,13406.196009175022
190774,43878.016,37526.94410505052
190775,43878.016,23345.833978064107
190776,43878.016,15015.747460932684
190777,43878.016,28058.360170692595
190778,43878.016,28344.788342017844
190779,43878.016,52627.876612241285
190780,43878.016,59979.616283109535
190781,43878.016,37138.3945805129
190782,43878.016,42802.767473205065
190783,43878.016,31060.505038890577
190784,43878.016,31724.6199232619
190785,43878.016,10244.611018289444
190786,43878.016,20242.384050190143
190787,43878.016,73331.41591016232
190788,43878.016,11958.93053867742
190789,43878.016,45559.61801768919
190790,43878.016,28022.296904792987
190791,43878.016,54352.58365407013
190792,43878.016,26188.286071614802
190793,43878.016,72212.9627302737
190794,43878.016,48357.61335630932
190795,43878.016,32036.225716149533
190796,43878.016,55414.83859728904
190797,43878.016,50715.57319947203
190798,43878.016,48756.35101406386
190799,43878.016,27020.834968530122
190800,43878.016,15525.146370188373
190801,43878.016,56604.27794284256
190802,43878.016,27234.51780794543
190803,43878.016,55721.265443255215
190804,43878.016,46702.90306242667
190805,43878.016,35166.94949612908
190806,43878.016,15149.579881989077
190807,43878.016,20009.90004138383
190808,43878.016,32673.724298342626
190809,43878.016,28886.886039522644
190810,43878.016,22963.693469462556
190811,43878.016,20595.65118834972
190812,43878.016,14683.154310337155
190813,43878.016,24568.944984096106
190814,43878.016,57938.6408692491
190815,43878.016,33905.52331837794
190816,43878.016,15846.069386392175
190817,43878.016,11946.8084271062
190818,43878.016,49454.980019253475
190819,43878.016,23176.381664044708
190820,43878.016,9673.107047655314
190821,43878.016,65451.54487650065
190822,43878.016,59335.26277643645
190823,43878.016,8883.71636047475
190824,43878.016,34685.01165621134
190825,43878.016,66013.55333067091
190826,43878.016,8949.514111764576
190827,43878.016,43485.83111938473
190828,43878.016,11915.402127536663
190829,43878.016,34980.053529768426
190830,43878.016,62433.13977798802
190831,43878.016,12757.072117135285
190832,43878.016,13478.950678948537
190833,43878.016,9614.180876949127
190834,43878.016,6474.258366783222
190835,43878.016,49435.4592035922
190836,43878.016,11277.106986946936
190837,43878.016,62729.45060609843
190838,43878.016,24392.993662734345
190839,43878.016,45352.80593760434
190840,43878.016,41133.88551768283
190841,43878.016,32241.768668095912
190842,43878.016,9471.609693712498
190843,43878.016,47030.906862105214
190844,43878.016,54062.925679489716
190845,43878.016,55903.82335831008
190846,43878.016,63080.44699422165
190847,43878.016,20487.44713967225
190848,43878.016,20533.46023926982
190849,43878.016,41295.227489516
190850,43878.016,54223.11955601209
190851,43878.016,8076.16688267722
190852,43878.016,34180.393773572454
190853,43878.016,24206.52078412763
190854,43878.016,14243.586618001575
190855,43878.016,112688.32609594055
190856,43878.016,44185.64572572521
190857,43878.016,9518.875223796203
190858,43878.016,44447.994491263824
190859,43878.016,85074.56932128686
190860,43878.016,14781.67543872303
190861,43878.016,49335.158398417894
190862,43878.016,25634.613262695857
190863,43878.016,9167.300921398213
190864,43878.016,36216.46577414872
190865,43878.016,42189.77985342646
190866,43878.016,19883.405119269628
190867,43878.016,70087.3709042749
190868,43878.016,16700.601854775265
190869,43878.016,22791.12170466247
190870,43878.016,46040.47698477057
190871,43878.016,22017.909433549128
190872,43878.016,102122.92072601366
190873,43878.016,68950.1926737042
190874,43878.016,32122.558478613413
190875,43878.016,51265.594907668565
190876,43878.016,24980.07479449439
190877,43878.016,51735.70389117444
190878,43878.016,44599.536662618535
190879,43878.016,45659.37255284762
190880,43878.016,13879.999367368831
190881,43878.016,44952.519371919276
190882,43878.016,5328.345580093901
190883,43878.016,8148.150042555884
190884,43878.016,16171.321564631222
190885,43878.016,56442.45267822957
190886,43878.016,64364.06844612937
190887,43878.016,42660.78802684114
190888,43878.016,51709.642385457264
190889,43878.016,38965.67696727373
190890,43878.016,9357.25230839246
190891,43878.016,24688.70650154329
190892,43878.016,18297.553131674696
190893,43878.016,18684.643420594824
190894,43878.016,22867.74396462277
190895,43878.016,21460.04875945287
190896,43878.016,60476.08431422214
190897,43878.016,17164.672367845207
190898,43878.016,20643.409600730556
190899,43878.016,8460.691850759871
190900,43878.016,40303.63951097876
190901,43878.016,67690.99341364516
190902,43878.016,39655.07619235239
190903,43878.016,55784.53530462619
190904,43878.016,42107.74497616355
190905,43878.016,9853.621319254267
190906,43878.016,64577.18618874352
190907,43878.016,37846.359588768886
190908,43878.016,63564.78639464802
190909,43878.016,25426.208857701276
190910,43878.016,61447.57422508009
190911,43878.016,7758.6795248581375
190912,43878.016,7690.242378030875
190913,43878.016,38289.540811563114
190914,43878.016,9311.044179984052
190915,43878.016,56108.520799398444
190916,43878.016,42291.085985966405
190917,43878.016,10055.267480808363
190918,43878.016,11205.812419816493
190919,43878.016,56116.412814982454
190920,43878.016,50515.61024636592
190921,43878.016,73314.11209722771
190922,43878.016,43294.4239697006
190923,43878.016,10436.135939853519
190924,43878.016,18085.632382923282
190925,43878.016,61288.63357138094
190926,43878.016,61478.38039242515
190927,43878.016,28210.698015929673
190928,43878.016,62480.15094740878
190929,43878.016,32489.142540459092
190930,43878.016,28465.342679558464
190931,43878.016,57723.98364656884
190932,43878.016,35816.567931976584
190933,43878.016,30642.966024138568
190934,43878.016,33937.78522658413
190935,43878.016,57226.47769989647
190936,43878.016,24058.55479779592
190937,43878.016,7614.589876246523
190938,43878.016,34203.49771873974
190939,43878.016,51699.785763753665
190940,43878.016,11841.962026008521
190941,43878.016,29734.767099214772
190942,43878.016,39311.76941168546
190943,43878.016,25088.184644489804
190944,43878.016,63124.54174346963
190945,43878.016,45268.17497903662
190946,43878.016,56803.74912201446
190947,43878.016,33217.19214504986
190948,43878.016,47742.60771663658
190949,43878.016,26827.33048256569
190950,43878.016,38250.201047760274
190951,43878.016,34461.706290520284
190952,43878.016,42009.54473515534
190953,43878.016,18829.594954872922
190954,43878.016,13586.242410313822
190955,43878.016,50600.862338459156
190956,43878.016,29667.692659781565
190957,43878.016,45943.19603573
190958,43878.016,28462.52085324066
190959,43878.016,19536.515039984155
190960,43878.016,64067.04230769114
190961,43878.016,47645.33014345041
190962,43878.016,20936.795433410338
190963,43878.016,45383.88297909659
190964,43878.016,68065.77669731855
190965,43878.016,18889.64359451037
190966,43878.016,29694.594693756928
190967,43878.016,12736.173156206787
190968,43878.016,46251.560290437454
190969,43878.016,38204.64692230728
190970,43878.016,33844.73693679591
190971,43878.016,10153.554403905315
190972,43878.016,14256.602213660426
190973,43878.016,73111.94057909999
190974,43878.016,25659.786248453158
190975,43878.016,24959.130742923517
190976,43878.016,16361.866987486865
190977,43878.016,38597.223788821844
190978,43878.016,54981.572830495345
190979,43878.016,19349.8247984544
190980,43878.016,16140.44887679599
190981,43878.016,5979.1294594360525
190982,43878.016,29591.499639579637
190983,43878.016,13812.548287748448
190984,43878.016,41459.95471543639
190985,43878.016,46378.59623229439
190986,43878.016,14667.500476083138
190987,43878.016,23835.28602179663
190988,43878.016,48849.61877079011
190989,43878.016,12720.289114098914
190990,43878.016,59097.427926412915
190991,43878.016,33427.669059169624
190992,43878.016,72648.03348155487
190993,43878.016,45870.151630886045
190994,43878.016,27947.909133611498
190995,43878.016,105862.59031228506
190996,43878.016,16121.604747960806
190997,43878.016,34540.41661133251
190998,43878.016,49943.17398775209
190999,43878.016,50835.45837669622
191000,43878.016,31861.558775239344
191001,43878.016,52548.15176889117
191002,43878.016,46555.804152008364
191003,43878.016,20219.917101292285
191004,43878.016,52964.119210299585
191005,43878.016,28207.09625942591
191006,43878.016,50798.48732721442
191007,43878.016,57135.21219118687
191008,43878.016,23963.056553566992
191009,43878.016,51100.239382170854
191010,43878.016,20311.76598151092
191011,43878.016,48151.887985622765
191012,43878.016,31289.587841933953
191013,43878.016,26864.911045841855
191014,43878.016,14510.416834943895
191015,43878.016,57197.92404222463
191016,43878.016,3966.2463883947544
191017,43878.016,13810.884712328505
191018,43878.016,43054.116717971185
191019,43878.016,15584.541492024811
191020,43878.016,29661.04194665559
191021,43878.016,28986.319757184163
191022,43878.016,20659.405470458547
191023,43878.016,64047.33510578499
191024,43878.016,38100.37099254657
191025,43878.016,9523.960997826136
191026,43878.016,46266.134450108235
191027,43878.016,58088.828835651824
191028,43878.016,26670.865461488127
191029,43878.016,78897.0770488504
191030,43878.016,36556.085489278674
191031,43878.016,12201.503706005231
191032,43878.016,15698.325012344883
191033,43878.016,13980.793940087806
191034,43878.016,18965.50219626033
191035,43878.016,13314.57461906607
191036,43878.016,37928.19658687563
191037,43878.016,20634.31131420698
191038,43878.016,30875.079414520907
191039,43878.016,39271.62347177482
191040,43878.016,73218.47819191075
191041,43878.016,57296.84889552599
191042,43878.016,28187.237491275228
191043,43878.016,25970.201511062976
191044,43878.016,18277.64689750684
191045,43878.016,17272.225208894706
191046,43878.016,26803.063055143022
191047,43878.016,10771.16316699649
191048,43878.016,22245.123757946327
191049,43878.016,14312.29004920938
191050,43878.016,75963.89478350077
191051,43878.016,53283.39433730865
191052,43878.016,53081.15829078942
191053,43878.016,44874.21171123122
191054,43878.016,23729.293493769786
191055,43878.016,44590.39625941982
191056,43878.016,100586.63305137535
191057,43878.016,21817.147684743813
191058,43878.016,38350.1598941272
191059,43878.016,67787.4191022396
191060,43878.016,31292.433191251963
191061,43878.016,33831.92719235031
191062,43878.016,51007.79375722314
191063,43878.016,35269.70165185098
191064,43878.016,70913.73799636563
191065,43878.016,15360.60336056611
191066,43878.016,30090.77569130329
191067,43878.016,9442.422078333175
191068,43878.016,14582.413829898052
191069,43878.016,15578.192072819456
191070,43878.016,70186.17369967187
191071,43878.016,9078.691041156073
191072,43878.016,18097.34146936132
191073,43878.016,54872.48672556956
191074,43878.016,26409.406803089547
191075,43878.016,19521.197629657192
191076,43878.016,10639.61831177224
191077,43878.016,56270.231654304116
191078,43878.016,35951.571546264706
191079,43878.016,37441.45052987829
191080,43878.016,51078.932793457505
191081,43878.016,30417.782091535923
191082,43878.016,15693.411928658532
191083,43878.016,9368.907538098798
191084,43878.016,53961.73514164041
191085,43878.016,50739.08139819537
191086,43878.016,50259.60161242627
191087,43878.016,13879.70052355897
191088,43878.016,4800.461105436516
191089,43878.016,25154.570356160664
191090,43878.016,20668.892599919745
191091,43878.016,17890.61511811535
191092,43878.016,35543.998592313816
191093,43878.016,58403.295407738646
191094,43878.016,9492.218632422047
191095,43878.016,22071.543518526112
191096,43878.016,13269.248139954278
191097,43878.016,30523.205315440744
191098,43878.016,56770.290702418206
191099,43878.016,19802.432832375376
191100,43878.016,25822.47160999989
191101,43878.016,12291.119017071029
191102,43878.016,71766.24600831409
191103,43878.016,20964.005143393686
191104,43878.016,18045.739408112666
191105,43878.016,7617.7216865579385
191106,43878.016,67699.29151024585
191107,43878.016,16179.6571377208
191108,43878.016,12034.954289123078
191109,43878.016,74021.7620816984
191110,43878.016,21071.260917178737
191111,43878.016,36034.61970691449
191112,43878.016,37601.78281340491
191113,43878.016,19033.182919891624
191114,43878.016,24333.860532251285
191115,43878.016,17613.430429928096
191116,43878.016,62408.66933656348
191117,43878.016,44501.11099421237
191118,43878.016,24703.692066028023
191119,43878.016,71957.97489229536
191120,43878.016,6532.97291336792
191121,43878.016,52092.02926758353
191122,43878.016,50575.98620823597
191123,43878.016,16102.19880081769
191124,43878.016,65643.7615911713
191125,43878.016,12526.424190863658
191126,43878.016,18498.21246096396
191127,43878.016,27948.88404813704
191128,43878.016,15751.121500029467
191129,43878.016,32345.19191958225
191130,43878.016,57333.849599207235
191131,43878.016,47865.50202096306
191132,43878.016,44734.48299679915
191133,43878.016,45304.60820376298
191134,43878.016,17279.519496632958
191135,43878.016,45372.448406967545
191136,43878.016,52341.18577413963
191137,43878.016,30163.973678047496
191138,43878.016,121192.61095483742
191139,43878.016,31217.840601429638
191140,43878.016,69262.9807998303
191141,43878.016,51366.106932213646
191142,43878.016,18556.96804315329
191143,43878.016,36641.32856599046
191144,43878.016,41748.159497307366
191145,43878.016,45988.630515777106
191146,43878.016,17288.182728439282
191147,43878.016,45961.24018765288
191148,43878.016,76067.95814297134
191149,43878.016,32817.68438171855
191150,43878.016,28795.561822750464
191151,43878.016,77376.46425963198
191152,43878.016,50587.27861352868
191153,43878.016,9194.037394272675
191154,43878.016,31752.435914420563
191155,43878.016,25568.399580308025
191156,43878.016,45992.20012587149
191157,43878.016,12090.367518580319
191158,43878.016,21163.42279599499
191159,43878.016,60170.931144837545
191160,43878.016,35192.919527066864
191161,43878.016,49430.35380150101
191162,43878.016,14308.161135413138
191163,43878.016,12978.160114120812
191164,43878.016,18188.573687010037
191165,43878.016,22544.19520914486
191166,43878.016,16012.057799164679
191167,43878.016,13605.588226762738
191168,43878.016,64054.22169881441
191169,43878.016,45314.96931543784
191170,43878.016,25234.47255014813
191171,43878.016,74989.37003844781
191172,43878.016,74110.75919630623
191173,43878.016,38083.53623497145
191174,43878.016,20154.12199226386
191175,43878.016,11983.880640066709
191176,43878.016,10709.399757970075
191177,43878.016,41798.30428461505
191178,43878.016,59341.80702412463
191179,43878.016,65528.397370833176
191180,43878.016,39332.848732300896
191181,43878.016,12218.082823610828
191182,43878.016,14158.536749717194
191183,43878.016,26607.09444272353
191184,43878.016,62296.85172083675
191185,43878.016,18093.117346654264
191186,43878.016,23538.554015980622
191187,43878.016,11611.051284856889
191188,43878.016,70978.2537763987
191189,43878.016,16189.923893431991
191190,43878.016,67631.18179476123
191191,43878.016,68816.46587821783
191192,43878.016,44407.501586180646
191193,43878.016,36529.956990894054
191194,43878.016,46656.817944956914
191195,43878.016,34441.50336412817
191196,43878.016,48429.53972605786
191197,43878.016,15597.195532739832
191198,43878.016,30287.750703382277
191199,43878.016,29927.557388506804
191200,43878.016,8678.140823783448
191201,43878.016,32612.009336285144
191202,43878.016,25040.06602436198
191203,43878.016,19271.198597758816
191204,43878.016,49371.06488126945
191205,43878.016,11179.249801237549
191206,43878.016,33104.861139493
191207,43878.016,54362.86569179283
191208,43878.016,40044.661797398854
191209,43878.016,39004.49604373585
191210,43878.016,39892.990427989345
191211,43878.016,13851.011472473967
191212,43878.016,19161.37361610143
191213,43878.016,39665.04391253439
191214,43878.016,13441.063233626486
191215,43878.016,26983.9549043338
191216,43878.016,37907.570383344566
191217,43878.016,23879.559795940928
191218,43878.016,28574.749896232926
191219,43878.016,26085.96920248608
191220,43878.016,74059.74292053048
191221,43878.016,15103.035340765773
191222,43878.016,26607.139258498355
191223,43878.016,10585.404005850269
191224,43878.016,56533.37289882328
191225,43878.016,50630.54503364094
191226,43878.016,15379.78249931637
191227,43878.016,18742.011976423768
191228,43878.016,21185.197908428454
191229,43878.016,63896.30949450733
191230,43878.016,55842.84225785614
191231,43878.016,36350.07665395435
191232,43878.016,42902.32369792804
191233,43878.016,45712.96236052388
191234,43878.016,39257.76047310745
191235,43878.016,19548.006769249114
191236,43878.016,28381.440324382664
191237,43878.016,47000.768464933666
191238,43878.016,37484.132321059886
191239,43878.016,34211.70987604479
191240,43878.016,40160.80519272599
191241,43878.016,13651.895256688884
191242,43878.016,27911.94502311531
191243,43878.016,28636.638270020634
191244,43878.016,39702.424877002624
191245,43878.016,8271.289367385038
191246,43878.016,15550.734248845032
191247,43878.016,50939.30426457144
191248,43878.016,49030.40098353223
191249,43878.016,21352.030730798604
191250,43878.016,16195.547409164717
191251,43878.016,32619.432125201885
191252,43878.016,39031.643050981795
191253,43878.016,13592.47353233939
191254,43878.016,26949.8990276436
191255,43878.016,22661.86399962639
191256,43878.016,25054.92365610204
191257,43878.016,27476.464976751377
191258,43878.016,49659.65489627752
191259,43878.016,41496.52782291744
191260,43878.016,19396.95982213533
191261,43878.016,19119.239495413414
191262,43878.016,14269.003700328254
191263,43878.016,26210.57164470486
191264,43878.016,23130.941923861
191265,43878.016,63736.51123516507
191266,43878.016,11724.71839948577
191267,43878.016,42908.217012567475
191268,43878.016,20795.25357332252
191269,43878.016,13492.325857744043
191270,43878.016,8668.48909857971
191271,43878.016,10499.63857604744
191272,43878.016,56466.39851296791
191273,43878.016,12115.769806929557
191274,43878.016,59124.01240817538
191275,43878.016,70318.0495608411
191276,43878.016,33205.10525217052
191277,43878.016,46361.718140838944
191278,43878.016,49111.24932653983
191279,43878.016,36114.54355817809
191280,43878.016,33172.44019308058
191281,43878.016,32737.84597241809
191282,43878.016,46424.549498605054
191283,43878.016,44738.730102699534
191284,43878.016,28822.737935719917
191285,43878.016,42503.783330625956
191286,43878.016,25605.096824264183
191287,43878.016,7764.726135992897
191288,43878.016,12926.655007240302
191289,43878.016,39182.08247575146
191290,43878.016,34576.900436287484
191291,43878.016,48299.67522811565
191292,43878.016,33875.904293244224
191293,43878.016,53602.15984375161
191294,43878.016,75282.50568936144
191295,43878.016,20537.729324941836
191296,43878.016,6497.7868920989
191297,43878.016,19169.786704745056
191298,43878.016,22410.50546404226
191299,43878.016,58944.82511940822
191300,43878.016,43313.08020088637
191301,43878.016,11109.787940242966
191302,43878.016,26574.789050148687
191303,43878.016,35723.451422686834
191304,43878.016,65633.15523667347
191305,43878.016,9530.08391988466
191306,43878.016,13634.62717758033
191307,43878.016,46182.550900902694
191308,43878.016,35010.59819938808
191309,43878.016,17280.84475896893
191310,43878.016,21682.432319122654
191311,43878.016,65403.832533290835
191312,43878.016,71195.71626728373
191313,43878.016,51428.6337206231
191314,43878.016,20570.760855042932
191315,43878.016,30599.28609109206
191316,43878.016,15514.724045100636
191317,43878.016,28005.33885238361
191318,43878.016,31268.88353999548
191319,43878.016,5591.31175162271
191320,43878.016,26138.763582541826
191321,43878.016,28739.03909970441
191322,43878.016,23071.005427221906
191323,43878.016,16616.879233467593
191324,43878.016,23697.284373530434
191325,43878.016,10143.272868263106
191326,43878.016,44007.10824062784
191327,43878.016,14421.349182312542
191328,43878.016,10606.351817317149
191329,43878.016,49911.9065887612
191330,43878.016,22353.63985285515
191331,43878.016,8326.300933810331
191332,43878.016,36844.03476130627
191333,43878.016,13059.922381490867
191334,43878.016,64031.87979571367
191335,43878.016,16499.455468225733
191336,43878.016,40411.11215436702
191337,43878.016,15100.412606560805
191338,43878.016,36918.738354305984
191339,43878.016,46808.85507238748
191340,43878.016,46983.911889422125
191341,43878.016,60504.13238248244
191342,43878.016,27751.81704144695
191343,43878.016,66280.85869521624
191344,43878.016,22944.42716827707
191345,43878.016,58195.744409851985
191346,43878.016,15233.803841703033
191347,43878.016,44027.85466987603
191348,43878.016,31309.81310332103
191349,43878.016,18630.32376286149
191350,43878.016,45004.96175662057
191351,43878.016,44676.80045329049
191352,43878.016,17658.067299118746
191353,43878.016,18621.516509321067
191354,43878.016,11229.690229868613
191355,43878.016,63432.831012027746
191356,43878.016,25801.348729493624
191357,43878.016,34953.87287737082
191358,43878.016,22302.239233557117
191359,43878.016,54417.22298264992
191360,43878.016,16270.327958430567
191361,43878.016,35378.73813028495
191362,43878.016,20890.771506200694
191363,43878.016,52073.99325200417
191364,43878.016,11583.688220877946
191365,43878.016,12445.760699020238
191366,43878.016,20867.802275920545
191367,43878.016,10499.441265367477
191368,43878.016,24517.105998993422
191369,43878.016,14719.202021381627
191370,43878.016,42072.9910876415
191371,43878.016,28583.16079498954
191372,43878.016,47220.54710108742
191373,43878.016,43946.17150721493
191374,43878.016,38020.75950324248
191375,43878.016,26425.464280819946
191376,43878.016,23755.026749689277
191377,43878.016,6554.8252513506195
191378,43878.016,30881.682074728284
191379,43878.016,27788.35065261305
191380,43878.016,31004.59760782642
191381,43878.016,40488.59040809417
191382,43878.016,30946.7420549402
191383,43878.016,7654.574773295927
191384,43878.016,25271.47410549831
191385,43878.016,16752.02878783911
191386,43878.016,13716.242599182537
191387,43878.016,21577.347326377487
191388,43878.016,48489.24467611373
191389,43878.016,13658.04619614983
191390,43878.016,28050.62047555354
191391,43878.016,15347.939071871662
191392,43878.016,49595.08779472823
191393,43878.016,40456.36183769539
191394,43878.016,9530.637502976908
191395,43878.016,64458.474946253526
191396,43878.016,33376.86747816225
191397,43878.016,31090.66937671183
191398,43878.016,25369.87469556768
191399,43878.016,29208.9495863213
191400,43878.016,36635.03630420381
191401,43878.016,25474.728045536158
191402,43878.016,71322.03157198537
191403,43878.016,22906.94083907333
191404,43878.016,28496.67199913862
191405,43878.016,52629.10846603342
191406,43878.016,21854.297972771023
191407,43878.016,18498.762074324448
191408,43878.016,50789.3539478257
191409,43878.016,46818.14537978858
191410,43878.016,44248.35802961724
191411,43878.016,26447.193680246473
191412,43878.016,23128.765434633242
191413,43878.016,42526.720057792794
191414,43878.016,9076.859078031233
191415,43878.016,34895.06294260442
191416,43878.016,3761.7713520425555
191417,43878.016,35464.955281667164
191418,43878.016,12033.383161308588
191419,43878.016,25422.92778934661
191420,43878.016,10478.029923828204
191421,43878.016,49074.5834013582
191422,43878.016,8390.501816668753
191423,43878.016,24644.862767799492
191424,43878.016,37719.411056643214
191425,43878.016,43342.47006483792
191426,43878.016,28756.780170176517
191427,43878.016,16987.09177916452
191428,43878.016,42847.67934502662
191429,43878.016,53761.348929689986
191430,43878.016,21953.525307555294
191431,43878.016,77697.38858316133
191432,43878.016,39370.577505420035
191433,43878.016,78197.48468366558
191434,43878.016,21049.108903060966
191435,43878.016,4333.167891716589
191436,43878.016,10227.358972671911
191437,43878.016,12839.443176428244
191438,43878.016,27794.8109056177
191439,43878.016,72115.34235339041
191440,43878.016,34578.53215177564
191441,43878.016,58111.91324646927
191442,43878.016,53360.41092024092
191443,43878.016,31524.709930980123
191444,43878.016,22166.094379342634
191445,43878.016,6385.030204904484
191446,43878.016,13054.140145734998
191447,43878.016,13361.916460809336
191448,43878.016,51004.7000698407
191449,43878.016,67667.72350883028
191450,43878.016,94155.82203908513
191451,43878.016,24443.32809024561
191452,43878.016,7265.135331462623
191453,43878.016,67305.6284392661
191454,43878.016,68582.38539865946
191455,43878.016,61286.87226556858
191456,43878.016,14620.29193477134
191457,43878.016,26528.21610967287
191458,43878.016,29446.537650180886
191459,43878.016,9259.865599764003
191460,43878.016,52127.907640749014
191461,43878.016,40228.453297098386
191462,43878.016,43669.56800520277
191463,43878.016,60227.30412480681
191464,43878.016,21336.31445790129
191465,43878.016,10525.604672648942
191466,43878.016,24554.091919752314
191467,43878.016,6739.679863797867
191468,43878.016,28970.045597650897
191469,43878.016,39349.66824970891
191470,43878.016,30377.058208092058
191471,43878.016,74601.13747747143
191472,43878.016,15215.321432450239
191473,43878.016,37022.673220041186
191474,43878.016,66316.76662995062
191475,43878.016,40985.196013887464
191476,43878.016,32723.000022887005
191477,43878.016,19134.38296250526
191478,43878.016,17203.67925383779
191479,43878.016,11966.85172077667
191480,43878.016,33483.10312425431
191481,43878.016,35537.84135806048
191482,43878.016,14327.432665291919
191483,43878.016,48419.030936131494
191484,43878.016,52086.94412990646
191485,43878.016,19930.204350590862
191486,43878.016,61490.15341555586
191487,43878.016,62908.32799161095
191488,43878.016,49805.12011174365
191489,43878.016,13900.435371666923
191490,43878.016,36808.756654931945
191491,43878.016,21301.20128079421
191492,43878.016,49480.66832201286
191493,43878.016,51346.91008934923
191494,43878.016,54307.31337511803
191495,43878.016,9816.093715065736
191496,43878.016,34865.68014914316
191497,43878.016,56931.09263536441
191498,43878.016,6676.301421198759
191499,43878.016,77721.79727098759
191500,43878.016,44301.2212616082
191501,43878.016,54990.120575070934
191502,43878.016,14208.304356084633
191503,43878.016,51262.49869269303
191504,43878.016,73996.70186941861
191505,43878.016,33834.516373007806
191506,43878.016,7360.04500473709
191507,43878.016,68346.03051335286
191508,43878.016,32417.7482389582
191509,43878.016,12280.891905169596
191510,43878.016,27929.159555738403
191511,43878.016,42211.123446968755
191512,43878.016,54703.57094606185
191513,43878.016,50232.15830536722
191514,43878.016,78369.291513383
191515,43878.016,51345.121550059834
191516,43878.016,55976.19012829336
191517,43878.016,68127.04905992451
191518,43878.016,53096.05847145811
191519,43878.016,55741.58061463725
191520,43878.016,39366.704464795876
191521,43878.016,8468.064937521624
191522,43878.016,56980.72481204042
191523,43878.016,19360.429152834826
191524,43878.016,41048.82920552155
191525,43878.016,58082.34701317002
191526,43878.016,41905.4706908698
191527,43878.016,14827.964819817298
191528,43878.016,63582.93118659677
191529,43878.016,39097.77390856208
191530,43878.016,54729.127649122005
191531,43878.016,81315.73053682683
191532,43878.016,22172.701888138497
191533,43878.016,78861.95235179157
191534,43878.016,60016.72475555424
191535,43878.016,18666.86667588156
191536,43878.016,17649.079716493387
191537,43878.016,10021.468315709357
191538,43878.016,41946.245092702695
191539,43878.016,14595.680839868783
191540,43878.016,29400.959818588857
191541,43878.016,44246.43340399371
191542,43878.016,12495.588053862786
191543,43878.016,19853.059603830832
191544,43878.016,29310.426728845752
191545,43878.016,17863.45733914417
191546,43878.016,30052.588518855275
191547,43878.016,56416.30516402506
191548,43878.016,17301.076859007575
191549,43878.016,29786.398347567414
191550,43878.016,7056.815418602617
191551,43878.016,33855.80188562873
191552,43878.016,13409.482800315189
191553,43878.016,7061.747401705708
191554,43878.016,10347.715253761857
191555,43878.016,66031.1805589769
191556,43878.016,51301.60722109057
191557,43878.016,34103.26164706449
191558,43878.016,11990.322074109947
191559,43878.016,24385.29370255327
191560,43878.016,24421.053719441956
191561,43878.016,24961.26932691405
191562,43878.016,35839.940567119265
191563,43878.016,57401.3499525702
191564,43878.016,35056.953817671994
191565,43878.016,15824.519543423441
191566,43878.016,35396.127398919634
191567,43878.016,20868.590694853006
191568,43878.016,38490.10599650791
191569,43878.016,51402.88224389419
191570,43878.016,44646.12528172296
191571,43878.016,22344.846083722095
191572,43878.016,11216.131010923691
191573,43878.016,41757.086658285785
191574,43878.016,43875.37249403638
191575,43878.016,9612.782213740757
191576,43878.016,54331.028106463134
191577,43878.016,43710.32250165517
191578,43878.016,22316.698841033856
191579,43878.016,59217.729103025646
191580,43878.016,65868.0765998742
191581,43878.016,16043.698224402006
191582,43878.016,15713.761309314776
191583,43878.016,23659.907057612276
191584,43878.016,22056.29448297882
191585,43878.016,30007.693298212736
191586,43878.016,16018.536505252416
191587,43878.016,64370.04194965791
191588,43878.016,40516.49683489224
191589,43878.016,15584.094056775528
191590,43878.016,27469.94712992408
191591,43878.016,46964.21671517467
191592,43878.016,69287.49827664488
191593,43878.016,71016.64493067913
191594,43878.016,26979.267722019125
191595,43878.016,37627.310946255435
191596,43878.016,53335.09260778628
191597,43878.016,46080.944443634246
191598,43878.016,14746.618498246871
191599,43878.016,30599.170916446423
191600,43878.016,32728.04677611052
191601,43878.016,32030.99090090158
191602,43878.016,36427.805930356284
191603,43878.016,34471.32824816379
191604,43878.016,36433.256759528376
191605,43878.016,16410.37806964828
191606,43878.016,6407.935959129743
191607,43878.016,48630.56027456661
191608,43878.016,11436.316985331525
191609,43878.016,36642.588549042215
191610,43878.016,55320.861122663
191611,43878.016,43008.33311377688
191612,43878.016,42062.72390685479
191613,43878.016,28794.846701805334
191614,43878.016,66496.50194358906
191615,43878.016,39221.62885625778
191616,43878.016,9156.603258240402
191617,43878.016,34092.606501318995
191618,43878.016,21162.06353923929
191619,43878.016,62748.825999267734
191620,43878.016,43778.2503107939
191621,43878.016,56837.436718856115
191622,43878.016,42206.4968417176
191623,43878.016,17158.930019537784
191624,43878.016,18905.51464080972
191625,43878.016,22976.94359359457
191626,43878.016,53057.98201391098
191627,43878.016,49875.696737144885
191628,43878.016,43959.57212859337
191629,43878.016,34173.52538156487
191630,43878.016,16858.49370749742
191631,43878.016,59053.726320927286
191632,43878.016,39624.43204961577
191633,43878.016,41275.39664006374
191634,43878.016,8784.731949359028
191635,43878.016,30540.097263926564
191636,43878.016,61508.28368216227
191637,43878.016,39853.39305720837
191638,43878.016,24310.80175322166
191639,43878.016,15556.844950835159
191640,43878.016,56821.876501855324
191641,43878.016,10712.237836825401
191642,43878.016,10977.174211593472
191643,43878.016,12048.823393329294
191644,43878.016,46281.46842738264
191645,43878.016,6285.946006610232
191646,43878.016,72480.55623000643
191647,43878.016,47242.546006128985
191648,43878.016,14277.860058994522
191649,43878.016,49041.23712629616
191650,43878.016,13524.164058959796
191651,43878.016,17312.01906329151
191652,43878.016,29931.13159453539
191653,43878.016,38694.245890950064
191654,43878.016,36747.99980435333
191655,43878.016,7809.227562514683
191656,43878.016,42748.01375815525
191657,43878.016,16552.149729724955
191658,43878.016,29348.01965806054
191659,43878.016,46466.71682649646
191660,43878.016,10394.589172024735
191661,43878.016,40339.90967261884
191662,43878.016,11707.70872626776
191663,43878.016,36397.07395504845
191664,43878.016,47544.64375011953
191665,43878.016,17384.88947186412
191666,43878.016,22349.741215068352
191667,43878.016,23607.62954804498
191668,43878.016,26824.28614098896
191669,43878.016,61244.871686590726
191670,43878.016,39502.428875188554
191671,43878.016,11892.994237118904
191672,43878.016,19265.990695971188
191673,43878.016,27606.150931599088
191674,43878.016,39791.41275019305
191675,43878.016,49977.16588525934
191676,43878.016,8515.144239332018
191677,43878.016,33913.392439010386
191678,43878.016,6669.015502590512
191679,43878.016,36594.7089853127
191680,43878.016,16426.531849649156
191681,43878.016,13040.806452116833
191682,43878.016,51729.51233002629
191683,43878.016,15585.72209788175
191684,43878.016,25198.40131966867
191685,43878.016,63941.60505836323
191686,43878.016,59239.24847634694
191687,43878.016,56758.10770439931
191688,43878.016,41711.88437214456
191689,43878.016,45064.18211769318
191690,43878.016,46139.51515427253
191691,43878.016,23832.285889223964
191692,43878.016,33333.39099808043
191693,43878.016,9915.779727305726
191694,43878.016,115823.4383217946
191695,43878.016,46810.53371493118
191696,43878.016,52258.71470923212
191697,43878.016,33640.962599275656
191698,43878.016,30657.687360653385
191699,43878.016,33894.9074711817
191700,43878.016,62335.17222064361
191701,43878.016,17628.300895857854
191702,43878.016,52352.4955016204
191703,43878.016,11446.463402447474
191704,43878.016,7460.173870157679
191705,43878.016,55386.3797965339
191706,43878.016,12166.942998964158
191707,43878.016,51195.40724528265
191708,43878.016,108966.93305233942
191709,43878.016,72344.02761707452
191710,43878.016,49533.757490463475
191711,43878.016,39512.98568062542
191712,43878.016,17919.869703598175
191713,43878.016,53216.66771570347
191714,43878.016,26205.18057843152
191715,43878.016,30643.021028363546
191716,43878.016,43102.00827017382
191717,43878.016,22952.624861354194
191718,43878.016,18672.13965554472
191719,43878.016,62645.99556307159
191720,43878.016,33511.16975403082
191721,43878.016,62084.895282772806
191722,43878.016,60812.064800288215
191723,43878.016,5838.7437868404095
191724,43878.016,15628.881377339443
191725,43878.016,100065.12771703042
191726,43878.016,55991.09092377462
191727,43878.016,18365.35791204523
191728,43878.016,31903.869081082605
191729,43878.016,19801.317114029138
191730,43878.016,24111.170910573976
191731,43878.016,8320.990034513157
191732,43878.016,36797.78716788685
191733,43878.016,58701.603469972404
191734,43878.016,56584.039526579996
191735,43878.016,35517.75748234777
191736,43878.016,16066.654140766788
191737,43878.016,26685.48242977421
191738,43878.016,19969.915588572418
191739,43878.016,8071.765953694247
191740,43878.016,26168.4399368377
191741,43878.016,50892.55208475801
191742,43878.016,36329.209591627514
191743,43878.016,13412.977839764786
191744,43878.016,17802.33330640898
191745,43878.016,30600.212631958926
191746,43878.016,12149.103728972537
191747,43878.016,46645.35420461567
191748,43878.016,38980.22397250614
191749,43878.016,7812.791272022365
191750,43878.016,21570.428420328404
191751,43878.016,38351.98567302282
191752,43878.016,66391.65068677402
191753,43878.016,36193.476714284465
191754,43878.016,56764.08304831277
191755,43878.016,25819.704733833565
191756,43878.016,19532.318232401693
191757,43878.016,19649.62715586882
191758,43878.016,36695.73719129374
191759,43878.016,5227.040936024467
191760,43878.016,53607.38105893838
191761,43878.016,55102.0422042868
191762,43878.016,50836.55212167747
191763,43878.016,42390.291709797944
191764,43878.016,41008.66973336701
191765,43878.016,20676.25701431041
191766,43878.016,14820.257423423605
191767,43878.016,28765.725100418407
191768,43878.016,49588.89930220229
191769,43878.016,30950.807681931703
191770,43878.016,34269.65984710062
191771,43878.016,38394.2142227298
191772,43878.016,41329.2513675719
191773,43878.016,37935.89109726233
191774,43878.016,10287.107374630516
191775,43878.016,16109.288826031368
191776,43878.016,14442.03125695571
191777,43878.016,32546.43318087432
191778,43878.016,63087.759508089
191779,43878.016,44036.705151818074
191780,43878.016,4700.570913800568
191781,43878.016,28105.931888903255
191782,43878.016,25279.988707264907
191783,43878.016,20702.98525524159
191784,43878.016,20429.920608762688
191785,43878.016,45260.49430965086
191786,43878.016,65206.89649764931
191787,43878.016,13822.34600472191
191788,43878.016,28707.448300978922
191789,43878.016,23201.163396426684
191790,43878.016,18618.390366980184
191791,43878.016,11294.086122146578
191792,43878.016,64753.336997187915
191793,43878.016,52837.31867148205
191794,43878.016,49225.966176192014
191795,43878.016,13500.384508951887
191796,43878.016,14913.79614117341
191797,43878.016,17777.696993020178
191798,43878.016,66043.00114650723
191799,43878.016,18573.24578672799
191800,43878.016,52138.21493915362
191801,43878.016,29544.170832332788
191802,43878.016,24035.151119260692
191803,43878.016,14884.601586269227
191804,43878.016,10494.604633682802
191805,43878.016,25024.89634903672
191806,43878.016,32471.109671792907
191807,43878.016,22438.057222667994
191808,43878.016,31950.633534729266
191809,43878.016,28756.153631982263
191810,43878.016,21166.906365168245
191811,43878.016,52158.44494444536
191812,43878.016,63000.786609815295
191813,43878.016,28670.799970619817
191814,43878.016,44805.448432390316
191815,43878.016,62057.380996522166
191816,43878.016,11013.042279873896
191817,43878.016,17845.263074363073
191818,43878.016,45168.87245970131
191819,43878.016,44109.265067813736
191820,43878.016,55782.4931415807
191821,43878.016,49702.4045832945
191822,43878.016,52932.27684280118
191823,43878.016,18731.478965871505
191824,43878.016,49344.68042547054
191825,43878.016,38575.196398672204
191826,43878.016,33697.43534684632
191827,43878.016,43710.67254499201
191828,43878.016,32652.322575491264
191829,43878.016,50707.326025261755
191830,43878.016,8033.247601886574
191831,43878.016,51858.67454645475
191832,43878.016,50653.42996368173
191833,43878.016,24916.66960792264
191834,43878.016,32936.87408454055
191835,43878.016,46888.75900337833
191836,43878.016,26699.52682859977
191837,43878.016,48177.35021681187
191838,43878.016,29880.404764417293
191839,43878.016,35136.81986457039
191840,43878.016,62223.86308599604
191841,43878.016,38771.608961984115
191842,43878.016,49101.31479423924
191843,43878.016,14107.018667897664
191844,43878.016,47936.64955167252
191845,43878.016,59105.32681550474
191846,43878.016,62457.488149394674
191847,43878.016,56920.176091125824
191848,43878.016,42649.559265594515
191849,43878.016,27940.207256863367
191850,43878.016,28404.42118255434
191851,43878.016,18925.84177769305
191852,43878.016,28516.812429251015
191853,43878.016,53792.4770104316
191854,43878.016,47168.214538886125
191855,43878.016,60225.743512281595
191856,43878.016,53418.463816806805
191857,43878.016,7139.250592504435
191858,43878.016,10142.5107072249
191859,43878.016,9753.694434236411
191860,43878.016,13325.163016284941
191861,43878.016,33476.728675134276
191862,43878.016,5424.017249066613
191863,43878.016,51662.331596837896
191864,43878.016,27973.28308245856
191865,43878.016,28047.99344601814
191866,43878.016,67131.85207936447
191867,43878.016,21776.92146947515
191868,43878.016,50751.87511030444
191869,43878.016,60130.323005346225
191870,43878.016,46134.407196478
191871,43878.016,20138.61311957328
191872,43878.016,26225.48396546552
191873,43878.016,48592.71695667755
191874,43878.016,22763.983858057225
191875,43878.016,28603.572314836336
191876,43878.016,14750.928534436278
191877,43878.016,28179.303153596044
191878,43878.016,34876.89309061221
191879,43878.016,48814.51620978414
191880,43878.016,39845.19839365929
191881,43878.016,41610.366052685466
191882,43878.016,65793.81112431709
191883,43878.016,19900.66929327261
191884,43878.016,22518.73383336685
191885,43878.016,45613.94015243092
191886,43878.016,22550.734742353954
191887,43878.016,18397.737484322035
191888,43878.016,17674.498615106935
191889,43878.016,37946.36818627479
191890,43878.016,58638.339622707084
191891,43878.016,50318.36358774435
191892,43878.016,42822.630342811426
191893,43878.016,38552.948963686336
191894,43878.016,26330.888181442933
191895,43878.016,24313.7465197056
191896,43878.016,49115.71335569103
191897,43878.016,23951.339009297575
191898,43878.016,38432.1136710741
191899,43878.016,39644.184159701
191900,43878.016,18357.65541384821
191901,43878.016,10247.330952909939
191902,43878.016,4941.503449432179
191903,43878.016,72672.367047495
191904,43878.016,57232.78722723056
191905,43878.016,27926.581014092604
191906,43878.016,71918.76885166942
191907,43878.016,19838.53224159225
191908,43878.016,66794.1560149294
191909,43878.016,24910.03798899831
191910,43878.016,17493.87234639048
191911,43878.016,37187.73715411133
191912,43878.016,19409.576312402427
191913,43878.016,8939.026708678639
191914,43878.016,84857.84726663967
191915,43878.016,9564.216694920427
191916,43878.016,71525.33281331722
191917,43878.016,41640.50883913519
191918,43878.016,9072.190852246986
191919,43878.016,10791.553187727493
191920,43878.016,17008.560819378217
191921,43878.016,52368.88929007051
191922,43878.016,9984.619421750993
191923,43878.016,11027.056200442952
191924,43878.016,11225.567771493894
191925,43878.016,38786.798104798654
191926,43878.016,41442.22183005458
191927,43878.016,73893.00941517758
191928,43878.016,54129.3351504418
191929,43878.016,17196.164983585488
191930,43878.016,69089.0627794886
191931,43878.016,59340.2155500768
191932,43878.016,8818.68462585619
191933,43878.016,25337.755548989393
191934,43878.016,8809.780288792706
191935,43878.016,16485.946708149342
191936,43878.016,60196.097657656406
191937,43878.016,46640.13399856361
191938,43878.016,21883.1067739664
191939,43878.016,19210.210469662285
191940,43878.016,13988.83414752457
191941,43878.016,22010.94476531485
191942,43878.016,112197.84533938112
191943,43878.016,8657.065130230041
191944,43878.016,20624.50588266266
191945,43878.016,12991.62913147832
191946,43878.016,33720.53476696331
191947,43878.016,25873.60872251232
191948,43878.016,35245.87565075421
191949,43878.016,15970.663103605328
191950,43878.016,30975.755800110703
191951,43878.016,53930.181076855115
191952,43878.016,23427.73261269497
191953,43878.016,19251.373891127972
191954,43878.016,37884.048082211004
191955,43878.016,35171.66873946911
191956,43878.016,31058.742891461643
191957,43878.016,81053.60532127318
191958,43878.016,41343.38628276708
191959,43878.016,16191.915787286784
191960,43878.016,43264.16761258036
191961,43878.016,10777.685688259062
191962,43878.016,53304.91881645325
191963,43878.016,12384.781593551928
191964,43878.016,52280.88981246661
191965,43878.016,67130.48868709778
191966,43878.016,30980.194109030926
191967,43878.016,45657.034533060905
191968,43878.016,57426.669126197055
191969,43878.016,54320.67507571199
191970,43878.016,20898.748600266666
191971,43878.016,19882.349899024157
191972,43878.016,18491.19172810709
191973,43878.016,55728.01591038933
191974,43878.016,6564.6728242393965
191975,43878.016,52486.313519807285
191976,43878.016,19302.14787251568
191977,43878.016,61161.9301670684
191978,43878.016,17579.885734461684
191979,43878.016,59250.5311396826
191980,43878.016,32471.473299008332
191981,43878.016,15932.154044746094
191982,43878.016,60242.99979758476
191983,43878.016,18395.41117646708
191984,43878.016,28136.816470190763
191985,43878.016,37998.04491738153
191986,43878.016,41152.21741279432
191987,43878.016,10368.64308474619
191988,43878.016,37231.05853532533
191989,43878.016,21096.002486660665
191990,43878.016,27955.89710989494
191991,43878.016,43144.35706467021
191992,43878.016,53289.44169968029
191993,43878.016,52586.92071347913
191994,43878.016,62164.03032506353
191995,43878.016,54485.50515861011
191996,43878.016,57327.947851841214
191997,43878.016,60835.964320702566
191998,43878.016,42333.53566642707
191999,43878.016,14544.85806872536
192000,43878.016,24436.325108392684
192001,43878.016,11822.02805891598
192002,43878.016,25539.76726876501
192003,43878.016,20876.551446733356
192004,43878.016,34330.47061977231
192005,43878.016,51761.093182071134
192006,43878.016,28418.666191583376
192007,43878.016,27538.401261396666
192008,43878.016,10473.324523667552
192009,43878.016,6907.182756216221
192010,43878.016,35810.11621584649
192011,43878.016,51648.1390298216
192012,43878.016,42123.43583160512
192013,43878.016,35987.18998440221
192014,43878.016,41604.96828233526
192015,43878.016,54487.73874888105
192016,43878.016,34776.11054737937
192017,43878.016,61191.61802499613
192018,43878.016,42284.52099831444
192019,43878.016,18051.06995174105
192020,43878.016,74880.58860810641
192021,43878.016,50239.75449716862
192022,43878.016,65072.11623719246
192023,43878.016,46765.332802787445
192024,43878.016,19716.20688571049
192025,43878.016,66654.36139583081
192026,43878.016,12450.647919416017
192027,43878.016,26891.231184029388
192028,43878.016,14594.177372148983
192029,43878.016,27941.261754546926
192030,43878.016,49661.01267261657
192031,43878.016,48250.34287116603
192032,43878.016,40805.59426065136
192033,43878.016,67637.85821408358
192034,43878.016,27115.91914473319
192035,43878.016,10299.679316679094
192036,43878.016,8779.89806704831
192037,43878.016,22979.768366265
192038,43878.016,11026.831076495577
192039,43878.016,11420.404472277261
192040,43878.016,14190.796139374905
192041,43878.016,5907.521985588611
192042,43878.016,63455.53584384826
192043,43878.016,40050.09370572884
192044,43878.016,11304.751730255013
192045,43878.016,23769.985339140072
192046,43878.016,26887.05403500308
192047,43878.016,62515.85877952794
192048,43878.016,38211.42831943477
192049,43878.016,14571.81199898637
192050,43878.016,20999.805760745086
192051,43878.016,39551.988182313195
192052,43878.016,36079.510561562536
192053,43878.016,16559.72870564495
192054,43878.016,6959.385631937631
192055,43878.016,14303.995701536007
192056,43878.016,38259.38185139165
192057,43878.016,36549.07104890708
192058,43878.016,38237.285614614666
192059,43878.016,56670.01891753972
192060,43878.016,12819.821973691214
192061,43878.016,55830.3158851138
192062,43878.016,8620.453225244428
192063,43878.016,9968.17895974647
192064,43878.016,88795.79685719653
192065,43878.016,4883.807735963166
192066,43878.016,26597.79274867934
192067,43878.016,46897.40655298222
192068,43878.016,9236.9338289724
192069,43878.016,58390.10747636461
192070,43878.016,15848.04606298664
192071,43878.016,6713.50935941507
192072,43878.016,54840.5488118151
192073,43878.016,57175.8107206671
192074,43878.016,37308.42177931831
192075,43878.016,18070.23752719674
192076,43878.016,45125.983777156
192077,43878.016,17669.8814338396
192078,43878.016,62658.62774405349
192079,43878.016,11389.379776497679
192080,43878.016,56651.73615644827
192081,43878.016,13827.528581356439
192082,43878.016,11908.306217219448
192083,43878.016,24180.621199251207
192084,43878.016,44419.69629943595
192085,43878.016,27394.082576806868
192086,43878.016,34387.10288678421
192087,43878.016,54561.569286690705
192088,43878.016,62451.06717752581
192089,43878.016,68059.8940989218
192090,43878.016,23534.47289655674
192091,43878.016,20085.29254038944
192092,43878.016,55239.568822159556
192093,43878.016,12676.072392289992
192094,43878.016,50567.91915873882
192095,43878.016,35321.46251431462
192096,43878.016,39304.491542884825
192097,43878.016,25970.53771739619
192098,43878.016,19603.40122415671
192099,43878.016,42875.00774465101
192100,43878.016,24781.280803625268
192101,43878.016,25909.01424675304
192102,43878.016,32401.45074192325
192103,43878.016,29097.508875846102
192104,43878.016,50930.83918864112
192105,43878.016,43559.52279199873
192106,43878.016,48063.83959934431
192107,43878.016,44704.20678765588
192108,43878.016,51887.11843161688
192109,43878.016,27648.726382598023
192110,43878.016,25874.301469868493
192111,43878.016,48696.42022072773
192112,43878.016,14885.957538345981
192113,43878.016,52523.10622503454
192114,43878.016,57301.55060854922
192115,43878.016,47511.228406910566
192116,43878.016,50466.22501665854
192117,43878.016,19723.40803603094
192118,43878.016,55651.69531888343
192119,43878.016,16770.884208097475
192120,43878.016,10747.61402611431
192121,43878.016,8014.390564403983
192122,43878.016,14328.630211365624
192123,43878.016,21160.399663859363
192124,43878.016,69437.74244606988
192125,43878.016,20251.692845408754
192126,43878.016,18251.36406049402
192127,43878.016,45392.31492769907
192128,43878.016,50482.91416056314
192129,43878.016,23297.837429156545
192130,43878.016,54616.22045212154
192131,43878.016,59804.89207295244
192132,43878.016,38614.197259365304
192133,43878.016,14155.468594469225
192134,43878.016,78243.28489578038
192135,43878.016,8055.433913420482
192136,43878.016,94264.64896375756
192137,43878.016,36998.23029520615
192138,43878.016,55479.392798210145
192139,43878.016,10477.62683910723
192140,43878.016,11924.549016443327
192141,43878.016,44897.87043202069
192142,43878.016,28607.05278200731
192143,43878.016,54449.168610048546
192144,43878.016,55887.27279345676
192145,43878.016,12338.856707214909
192146,43878.016,18931.797059381828
192147,43878.016,20649.854887862657
192148,43878.016,16538.15021922763
192149,43878.016,91963.81623732422
192150,43878.016,48506.19450607402
192151,43878.016,21415.144341209863
192152,43878.016,10001.671839669578
192153,43878.016,19051.132359894145
192154,43878.016,47514.421655225146
192155,43878.016,20760.763367261494
192156,43878.016,41389.59348941393
192157,43878.016,27542.263285253666
192158,43878.016,23003.650770031432
192159,43878.016,6978.354844882672
192160,43878.016,6843.847168793165
192161,43878.016,56967.8561479584
192162,43878.016,20556.09647541589
192163,43878.016,42078.31740622222
192164,43878.016,54103.63942633154
192165,43878.016,50329.05561001274
192166,43878.016,37022.0104098718
192167,43878.016,17357.819106894363
192168,43878.016,61066.69629640521
192169,43878.016,10966.106834163977
192170,43878.016,39199.049833123194
192171,43878.016,30290.467471090888
192172,43878.016,21041.422034736952
192173,43878.016,45529.65397682186
192174,43878.016,23983.68443673557
192175,43878.016,41238.90330057361
192176,43878.016,46726.46982218312
192177,43878.016,16550.953631108372
192178,43878.016,34946.45457616604
192179,43878.016,11725.021616231052
192180,43878.016,23923.507171965743
192181,43878.016,40784.81898573646
192182,43878.016,9863.200414271445
192183,43878.016,66930.91943082286
192184,43878.016,15374.286612983355
192185,43878.016,46797.68638422423
192186,43878.016,19254.636659011725
192187,43878.016,66790.30910449057
192188,43878.016,54981.92944926913
192189,43878.016,53485.42663550804
192190,43878.016,21784.454655645102
192191,43878.016,35747.87843146347
192192,43878.016,12793.35274720061
192193,43878.016,30858.344068645245
192194,43878.016,33550.31474140246
192195,43878.016,34508.47778826972
192196,43878.016,23172.59792366704
192197,43878.016,42468.492799668726
192198,43878.016,45129.60906067981
192199,43878.016,27394.93213216005
192200,43878.016,70215.77407075363
192201,43878.016,56448.05303401369
192202,43878.016,10849.413726729344
192203,43878.016,47893.00073623431
192204,43878.016,9686.844621202654
192205,43878.016,69262.96542209234
192206,43878.016,84819.23317259796
192207,43878.016,37227.89147217174
192208,43878.016,4374.6001261991805
192209,43878.016,25016.254123577528
192210,43878.016,15424.669889350514
192211,43878.016,22893.673845654055
192212,43878.016,64224.34809569007
192213,43878.016,44127.253334824
192214,43878.016,18510.999181452808
192215,43878.016,25919.141865751175
192216,43878.016,20350.97083207247
192217,43878.016,15882.749793018209
192218,43878.016,47123.09430319971
192219,43878.016,56592.50200394082
192220,43878.016,16320.01322824512
192221,43878.016,16154.67582954411
192222,43878.016,40530.951240638366
192223,43878.016,26434.620257220955
192224,43878.016,59040.36711330327
192225,43878.016,10101.429401064015
192226,43878.016,35360.116553183565
192227,43878.016,56021.08626286538
192228,43878.016,13848.475683849694
192229,43878.016,9563.532839868389
192230,43878.016,52476.80217081835
192231,43878.016,13168.764172194808
192232,43878.016,40845.97935235488
192233,43878.016,51186.17505307658
192234,43878.016,43295.53131170219
192235,43878.016,12626.972445410735
192236,43878.016,56248.55868677423
192237,43878.016,7952.851276586373
192238,43878.016,29268.384206051633
192239,43878.016,6690.788713522659
192240,43878.016,13030.54483732126
192241,43878.016,63269.0217342094
192242,43878.016,30262.51138769392
192243,43878.016,22302.366712928448
192244,43878.016,16684.228958278385
192245,43878.016,11161.007370409061
192246,43878.016,42779.142174208144
192247,43878.016,12427.264002771799
192248,43878.016,52419.14129411421
192249,43878.016,12173.343331192853
192250,43878.016,47752.35434198391
192251,43878.016,60135.5974703169
192252,43878.016,28917.960610620154
192253,43878.016,33714.623779532776
192254,43878.016,78815.8246203391
192255,43878.016,16406.783319600712
192256,43878.016,67769.68999884457
192257,43878.016,27369.847004375802
192258,43878.016,26211.932342638636
192259,43878.016,42989.22915285431
192260,43878.016,11696.222325580653
192261,43878.016,6834.283911208115
192262,43878.016,13040.006022153117
192263,43878.016,23675.217940993625
192264,43878.016,36814.060318180986
192265,43878.016,18851.209699534895
192266,43878.016,12341.747136637718
192267,43878.016,20757.20868836364
192268,43878.016,17468.894914182452
192269,43878.016,58216.756658929255
192270,43878.016,16921.146376696037
192271,43878.016,19954.339422933066
192272,43878.016,19742.83541917069
192273,43878.016,20852.61063457437
192274,43878.016,18367.912561961788
192275,43878.016,33855.42686529866
192276,43878.016,53001.09952827214
192277,43878.016,27790.058379783437
192278,43878.016,37898.41092269639
192279,43878.016,17210.004752323555
192280,43878.016,70899.29640038672
192281,43878.016,34995.68768806059
192282,43878.016,56538.8203826622
192283,43878.016,58137.91537255958
192284,43878.016,58259.09094826199
192285,43878.016,47758.01828324267
192286,43878.016,47726.54704197886
192287,43878.016,72474.86286915952
192288,43878.016,78548.88084616621
192289,43878.016,15044.891288659006
192290,43878.016,52057.39457795643
192291,43878.016,29767.22176210123
192292,43878.016,13407.630436261012
192293,43878.016,24552.766496069326
192294,43878.016,30886.40431934588
192295,43878.016,52794.71438187332
192296,43878.016,55825.02569286183
192297,43878.016,18891.880428168544
192298,43878.016,49198.88470194762
192299,43878.016,32227.032816194638
192300,43878.016,15948.943087476615
192301,43878.016,33516.528481584755
192302,43878.016,15483.00733847827
192303,43878.016,59707.38377184937
192304,43878.016,52781.543713108775
192305,43878.016,56579.57109086643
192306,43878.016,69498.23867365345
192307,43878.016,38717.84204512261
192308,43878.016,62241.08439242152
192309,43878.016,37963.14629562558
192310,43878.016,18893.833555992413
192311,43878.016,34052.50673958598
192312,43878.016,24145.436824691387
192313,43878.016,48453.31953000544
192314,43878.016,17988.997852179695
192315,43878.016,24651.237717167205
192316,43878.016,41386.66601799495
192317,43878.016,21187.665159843807
192318,43878.016,29524.741063236084
192319,43878.016,17679.791323960562
192320,43878.016,10946.275979849303
192321,43878.016,29618.010173479986
192322,43878.016,43997.53134840289
192323,43878.016,16751.99606474602
192324,43878.016,43627.465387001124
192325,43878.016,24543.601848255275
192326,43878.016,13755.292399676022
192327,43878.016,46147.89179397058
192328,43878.016,9630.15416062058
192329,43878.016,12278.998949052833
192330,43878.016,64645.49144249471
192331,43878.016,52835.41270272321
192332,43878.016,104986.65267417206
192333,43878.016,25681.114452380134
192334,43878.016,49576.850707476086
192335,43878.016,54115.201753603906
192336,43878.016,85967.14717208767
192337,43878.016,12294.738024537293
192338,43878.016,23371.69046122514
192339,43878.016,30264.223468512333
192340,43878.016,56063.42910001614
192341,43878.016,16322.662735169964
192342,43878.016,14705.452239382956
192343,43878.016,10725.481849475485
192344,43878.016,54517.688489883956
192345,43878.016,31244.4095613062
192346,43878.016,7988.3060138156625
192347,43878.016,12947.19572622763
192348,43878.016,15844.117705660285
192349,43878.016,5810.395867887745
192350,43878.016,46910.34347104435
192351,43878.016,64860.20614740695
192352,43878.016,51076.91377255648
192353,43878.016,56527.45865846634
192354,43878.016,21076.797233717094
192355,43878.016,21599.110809709626
192356,43878.016,6511.952208972358
192357,43878.016,30219.8635421934
192358,43878.016,33673.964823283124
192359,43878.016,39931.11342953562
192360,43878.016,54781.51135956132
192361,43878.016,30385.587714811885
192362,43878.016,26971.332982234926
192363,43878.016,13585.793325116467
192364,43878.016,27705.929042889456
192365,43878.016,56881.4385061698
192366,43878.016,21936.345674001877
192367,43878.016,30982.919524645662
192368,43878.016,29539.09406567215
192369,43878.016,17478.121583618202
192370,43878.016,38637.57729750845
192371,43878.016,49341.819075585576
192372,43878.016,23385.902820063584
192373,43878.016,54148.19089757865
192374,43878.016,9111.805841206162
192375,43878.016,25677.74510257504
192376,43878.016,10652.196976616107
192377,43878.016,42945.19726677912
192378,43878.016,26235.286638186335
192379,43878.016,23533.183169431777
192380,43878.016,8841.309901344042
192381,43878.016,36439.40019662257
192382,43878.016,63010.35643754276
192383,43878.016,6781.653172476301
192384,43878.016,36614.82432899399
192385,43878.016,40797.54757318741
192386,43878.016,14878.233511867205
192387,43878.016,49396.43771728495
192388,43878.016,43862.396918132974
192389,43878.016,31667.681811927887
192390,43878.016,45737.639900972004
192391,43878.016,8878.68835345619
192392,43878.016,9212.389738169488
192393,43878.016,29977.068076099647
192394,43878.016,10567.031604240017
192395,43878.016,7482.04216138422
192396,43878.016,19909.061270693604
192397,43878.016,18734.573629800503
192398,43878.016,35753.52040643699
192399,43878.016,8523.626593029561
192400,43878.016,29274.343916016016
192401,43878.016,20460.412592738776
192402,43878.016,78569.22410714335
192403,43878.016,16073.624357655222
192404,43878.016,60288.337958074684
192405,43878.016,40243.6171159734
192406,43878.016,55066.57075037177
192407,43878.016,53281.5594810826
192408,43878.016,76262.21574108729
192409,43878.016,27450.662760870866
192410,43878.016,40202.24425537125
192411,43878.016,17412.792267953264
192412,43878.016,26114.6116204457
192413,43878.016,52510.98775213767
192414,43878.016,46835.534495656895
192415,43878.016,27940.781086657375
192416,43878.016,36650.42906773286
192417,43878.016,6672.612230823028
192418,43878.016,38548.77988229013
192419,43878.016,15069.789501511994
192420,43878.016,23065.177642579434
192421,43878.016,36444.26584079612
192422,43878.016,39185.720694513926
192423,43878.016,33136.74934334067
192424,43878.016,21278.458269731058
192425,43878.016,23067.098974559074
192426,43878.016,39159.52172731658
192427,43878.016,43678.93867076471
192428,43878.016,46068.098277356075
192429,43878.016,99418.8766627729
192430,43878.016,50397.57177354233
192431,43878.016,10958.649640297048
192432,43878.016,34976.917014875944
192433,43878.016,36641.54053206281
192434,43878.016,60462.65330202659
192435,43878.016,61629.621373629336
192436,43878.016,41257.878534628166
192437,43878.016,13102.074466163042
192438,43878.016,38572.332320323374
192439,43878.016,35289.755524383916
192440,43878.016,52577.38730071995
192441,43878.016,41376.03436915877
192442,43878.016,63179.55331984947
192443,43878.016,39512.00060552329
192444,43878.016,70458.65726670132
192445,43878.016,9553.32547041211
192446,43878.016,31592.409034696047
192447,43878.016,10567.081057511674
192448,43878.016,13672.817829582085
192449,43878.016,62790.653010369024
192450,43878.016,80536.21357137237
192451,43878.016,53981.17447966762
192452,43878.016,50938.865897859534
192453,43878.016,27086.81851733631
192454,43878.016,59313.27038156155
192455,43878.016,31803.203944401368
192456,43878.016,46829.78852157361
192457,43878.016,7726.678764832101
192458,43878.016,34639.212363563434
192459,43878.016,33375.894191751286
192460,43878.016,27225.326252741397
192461,43878.016,68610.04995106341
192462,43878.016,48657.657636622396
192463,43878.016,53999.7417375116
192464,43878.016,47563.55077813224
192465,43878.016,55779.24291860991
192466,43878.016,25711.486107742232
192467,43878.016,50359.778792108074
192468,43878.016,49686.36412344869
192469,43878.016,36402.30821491672
192470,43878.016,43579.87849851199
192471,43878.016,55245.273274024374
192472,43878.016,34168.13074454322
192473,43878.016,26255.59524374498
192474,43878.016,47398.31606136648
192475,43878.016,62573.757572287046
192476,43878.016,13435.480064030364
192477,43878.016,40822.2625088546
192478,43878.016,14594.023114448466
192479,43878.016,42794.33921666515
192480,43878.016,41984.58435446301
192481,43878.016,49173.74705182105
192482,43878.016,55702.570424469166
192483,43878.016,38226.305837435655
192484,43878.016,52268.671247378894
192485,43878.016,32353.718148549535
192486,43878.016,44894.21385335023
192487,43878.016,14674.845647684297
192488,43878.016,6537.921288015881
192489,43878.016,43694.47130566881
192490,43878.016,61131.66382742256
192491,43878.016,13119.123966629344
192492,43878.016,65206.77664141866
192493,43878.016,73701.37795331418
192494,43878.016,29640.691708052596
192495,43878.016,78692.46717231868
192496,43878.016,26518.65151186361
192497,43878.016,52409.68226609088
192498,43878.016,33364.82315725643
192499,43878.016,47206.14101840907
192500,43878.016,36398.619222511756
192501,43878.016,15848.177923390165
192502,43878.016,46950.70790614714
192503,43878.016,55227.83735443514
192504,43878.016,50079.0326389112
192505,43878.016,46026.56126849767
192506,43878.016,53012.21883340837
192507,43878.016,56332.86013324736
192508,43878.016,56167.72848100019
192509,43878.016,31664.8311726696
192510,43878.016,88073.10018019404
192511,43878.016,50261.826260861824
192512,43878.016,43856.84868883571
192513,43878.016,31315.986316271126
192514,43878.016,54984.564469600096
192515,43878.016,8455.77426096062
192516,43878.016,45681.94250117331
192517,43878.016,73022.9091609235
192518,43878.016,30526.04532840212
192519,43878.016,11088.95541094138
192520,43878.016,65342.195336063895
192521,43878.016,54799.864418080295
192522,43878.016,44025.3426712379
192523,43878.016,56125.28668817329
192524,43878.016,19545.27510115524
192525,43878.016,40588.43835614682
192526,43878.016,30799.8319438987
192527,43878.016,32967.662205198925
192528,43878.016,11209.314256932183
192529,43878.016,36365.36068658205
192530,43878.016,55526.492635385155
192531,43878.016,41958.00846278289
192532,43878.016,20314.345888243224
192533,43878.016,17610.88790505087
192534,43878.016,33068.357117518906
192535,43878.016,4303.303356407746
192536,43878.016,20184.27997418124
192537,43878.016,24769.2813131409
192538,43878.016,16561.99703504971
192539,43878.016,25733.686011451875
192540,43878.016,48439.19487911679
192541,43878.016,66282.77307832874
192542,43878.016,64256.76271832859
192543,43878.016,33846.31019040591
192544,43878.016,13266.373359537518
192545,43878.016,52507.11795999892
192546,43878.016,19094.23685432333
192547,43878.016,22060.79722682263
192548,43878.016,36922.0697673374
192549,43878.016,12346.046797602585
192550,43878.016,56598.69277670568
192551,43878.016,20435.021492178934
192552,43878.016,31537.779833446803
192553,43878.016,94057.66684782998
192554,43878.016,53488.86354498581
192555,43878.016,48513.35369020868
192556,43878.016,22293.764846525384
192557,43878.016,15711.243056011575
192558,43878.016,23229.72282673726
192559,43878.016,21058.063805621416
192560,43878.016,58014.462315061974
192561,43878.016,29186.030839671006
192562,43878.016,65833.1510945276
192563,43878.016,14567.380661870064
192564,43878.016,11969.199980546538
192565,43878.016,52209.113816964054
192566,43878.016,37101.67219913015
192567,43878.016,8641.76974894973
192568,43878.016,32815.9594933034
192569,43878.016,12382.716688146222
192570,43878.016,4529.092495969896
192571,43878.016,30100.626064342683
192572,43878.016,49840.5587351439
192573,43878.016,42630.04353275404
192574,43878.016,54706.11273664846
192575,43878.016,49301.93881776506
192576,43878.016,30306.94629828754
192577,43878.016,22286.209081781042
192578,43878.016,13967.710345738524
192579,43878.016,11403.16952580527
192580,43878.016,22769.54172546546
192581,43878.016,29878.274306660343
192582,43878.016,69240.06219824993
192583,43878.016,27000.118895218777
192584,43878.016,22898.8571120963
192585,43878.016,70623.24732839609
192586,43878.016,22566.111353221324
192587,43878.016,14488.596807917447
192588,43878.016,48250.314081993725
192589,43878.016,9307.258517922957
192590,43878.016,12506.760365882903
192591,43878.016,57243.64364604685
192592,43878.016,11685.763192494787
192593,43878.016,25692.955722369425
192594,43878.016,9438.482348529209
192595,43878.016,25868.29606006939
192596,43878.016,35686.07531894918
192597,43878.016,18580.444583452045
192598,43878.016,51353.39276137771
192599,43878.016,61642.715099728535
192600,43878.016,49863.12563242243
192601,43878.016,17402.442109146155
192602,43878.016,23566.393452281467
192603,43878.016,32669.12497618959
192604,43878.016,15696.994250913605
192605,43878.016,18126.794847401434
192606,43878.016,71267.48516613724
192607,43878.016,24824.074525711323
192608,43878.016,59094.23140181245
192609,43878.016,34300.04184481623
192610,43878.016,17752.467531289938
192611,43878.016,9645.475883472505
192612,43878.016,20233.974920597484
192613,43878.016,33364.86208947747
192614,43878.016,6696.324254023606
192615,43878.016,7477.480697844839
192616,43878.016,15940.895509118143
192617,43878.016,13798.216820615195
192618,43878.016,34238.54932991602
192619,43878.016,18596.735823182447
192620,43878.016,48515.97281149834
192621,43878.016,40780.55955372436
192622,43878.016,52446.33276962319
192623,43878.016,9638.056038646962
192624,43878.016,30359.50531460326
192625,43878.016,25368.07670889851
192626,43878.016,35077.033604045646
192627,43878.016,39170.96859182541
192628,43878.016,24567.613732228845
192629,43878.016,48438.99452146025
192630,43878.016,54235.42998717747
192631,43878.016,51946.805641101084
192632,43878.016,14151.14105162392
192633,43878.016,56069.54408721397
192634,43878.016,27078.904806350594
192635,43878.016,11547.986610071972
192636,43878.016,47252.3412303694
192637,43878.016,57545.55168499613
192638,43878.016,21148.007922261106
192639,43878.016,45804.76962736944
192640,43878.016,60615.44116606544
192641,43878.016,46570.99088742395
192642,43878.016,61861.44705562516
192643,43878.016,42170.244873710144
192644,43878.016,19397.31156736225
192645,43878.016,30726.061559753416
192646,43878.016,25971.19153469692
192647,43878.016,11287.058040601045
192648,43878.016,19751.931993871676
192649,43878.016,68781.0699398923
192650,43878.016,21626.688592580227
192651,43878.016,24528.18831515081
192652,43878.016,25150.742398593422
192653,43878.016,21676.222654894016
192654,43878.016,44256.981217424465
192655,43878.016,19239.73598456077
192656,43878.016,46188.46690331884
192657,43878.016,44010.640895976525
192658,43878.016,23083.968584944618
192659,43878.016,8391.294298452716
192660,43878.016,8307.802657333674
192661,43878.016,32426.349396988593
192662,43878.016,52035.04825118172
192663,43878.016,25218.28658057104
192664,43878.016,14509.218519900729
192665,43878.016,50187.66095095228
192666,43878.016,11741.260953559866
192667,43878.016,57349.90651858072
192668,43878.016,15550.755290634917
192669,43878.016,66398.66353998941
192670,43878.016,22761.378619828898
192671,43878.016,32692.084663062276
192672,43878.016,6303.788227971
192673,43878.016,103387.58773165949
192674,43878.016,13137.461184396632
192675,43878.016,38493.91494812825
192676,43878.016,36754.76268849193
192677,43878.016,22147.13545927143
192678,43878.016,48537.6292500934
192679,43878.016,16511.267524641895
192680,43878.016,8022.367320214087
192681,43878.016,39459.9905600103
192682,43878.016,19091.87090903809
192683,43878.016,11147.336770619564
192684,43878.016,41670.053890959156
192685,43878.016,33300.904061651025
192686,43878.016,56772.981003380664
192687,43878.016,5069.237432756947
192688,43878.016,60793.37137682067
192689,43878.016,29342.38932839329
192690,43878.016,14055.930412850741
192691,43878.016,20624.89474681079
192692,43878.016,56300.87923653442
192693,43878.016,39734.36991091345
192694,43878.016,77418.26928958499
192695,43878.016,31872.092545190804
192696,43878.016,20982.54327000904
192697,43878.016,22872.567166294062
192698,43878.016,72879.22288075335
192699,43878.016,25188.13891270959
192700,43878.016,21640.909181310268
192701,43878.016,23189.383544992037
192702,43878.016,28173.96477209462
192703,43878.016,35612.32386522047
192704,43878.016,52701.159512783604
192705,43878.016,41289.691581510226
192706,43878.016,48118.47928325603
192707,43878.016,8329.476622268125
192708,43878.016,72134.15327074178
192709,43878.016,18257.81167347157
192710,43878.016,5246.406236340281
192711,43878.016,13468.797372472112
192712,43878.016,40297.432278487686
192713,43878.016,7080.514932507608
192714,43878.016,31588.199038324055
192715,43878.016,27544.238309344637
192716,43878.016,26832.47244351664
192717,43878.016,40905.40443094205
192718,43878.016,42429.7028583008
192719,43878.016,34278.1118781766
192720,43878.016,55139.21097631251
192721,43878.016,6099.4150391249
192722,43878.016,27114.703287418226
192723,43878.016,18444.59116414509
192724,43878.016,16164.95082909411
192725,43878.016,46119.44515958134
192726,43878.016,21589.421210495297
192727,43878.016,45939.3839421968
192728,43878.016,64662.857952837396
192729,43878.016,26366.84958684277
192730,43878.016,25305.469079768918
192731,43878.016,62126.64624644261
192732,43878.016,38198.3350348648
192733,43878.016,36856.22605785007
192734,43878.016,47322.30834500578
192735,43878.016,42244.12973511168
192736,43878.016,20089.570803234714
192737,43878.016,12455.754630768424
192738,43878.016,21653.45734911492
192739,43878.016,33200.129277184446
192740,43878.016,47341.54465690098
192741,43878.016,32219.568080864112
192742,43878.016,36493.05571433393
192743,43878.016,25486.56203827982
192744,43878.016,59830.318248793235
192745,43878.016,71847.04818276869
192746,43878.016,9556.828437551845
192747,43878.016,58145.070197772686
192748,43878.016,9108.06374833405
192749,43878.016,46257.596877230026
192750,43878.016,39107.88114487902
192751,43878.016,29972.554360434602
192752,43878.016,16081.133451137532
192753,43878.016,12363.066521920475
192754,43878.016,19701.846030767123
192755,43878.016,72762.82007989463
192756,43878.016,11033.915728729067
192757,43878.016,26225.447265904295
192758,43878.016,24945.293647670438
192759,43878.016,16983.41300605461
192760,43878.016,70435.29909561876
192761,43878.016,38998.686710497044
192762,43878.016,28501.510390531068
192763,43878.016,15196.026086884209
192764,43878.016,49602.69841394851
192765,43878.016,45632.23492763272
192766,43878.016,19249.0077838972
192767,43878.016,48787.664408079065
192768,43878.016,8349.15240082059
192769,43878.016,43222.23553437749
192770,43878.016,8086.618407948034
192771,43878.016,76201.1344365914
192772,43878.016,3119.5849250942892
192773,43878.016,7420.023937464371
192774,43878.016,32397.15471959469
192775,43878.016,25483.83085363487
192776,43878.016,6076.686481396948
192777,43878.016,61955.053137550545
192778,43878.016,31671.803758153055
192779,43878.016,46382.09071049538
192780,43878.016,14021.967435963816
192781,43878.016,38712.95735174972
192782,43878.016,45057.11480907221
192783,43878.016,12491.590312580978
192784,43878.016,22755.9429593007
192785,43878.016,8938.766711227538
192786,43878.016,50789.00757369402
192787,43878.016,21096.8236283016
192788,43878.016,41924.91020904136
192789,43878.016,7278.846953359104
192790,43878.016,8974.707632391624
192791,43878.016,41647.85592024735
192792,43878.016,24895.359156453356
192793,43878.016,51350.58155106743
192794,43878.016,10961.308150723671
192795,43878.016,43819.88072429503
192796,43878.016,37356.895769415525
192797,43878.016,12187.886485433752
192798,43878.016,34278.666092360174
192799,43878.016,15852.094743209283
192800,43878.016,40489.55323144357
192801,43878.016,30503.240578062952
192802,43878.016,51996.25629008817
192803,43878.016,20683.23045828101
192804,43878.016,92656.25579988548
192805,43878.016,62963.99381121814
192806,43878.016,55852.69523677563
192807,43878.016,6752.514532728008
192808,43878.016,37304.88485376354
192809,43878.016,54531.149958779
192810,43878.016,31356.479696337807
192811,43878.016,17522.561031543555
192812,43878.016,33361.147918374954
192813,43878.016,34175.16393978271
192814,43878.016,32112.333784448343
192815,43878.016,21966.8894834084
192816,43878.016,14615.86659327869
192817,43878.016,5636.910613045712
192818,43878.016,48345.45145485427
192819,43878.016,15173.88458747204
192820,43878.016,26897.690361689896
192821,43878.016,83689.60271858053
192822,43878.016,33173.90563497375
192823,43878.016,45377.80800653043
192824,43878.016,55587.833826361166
192825,43878.016,40236.117475369334
192826,43878.016,50324.41610161817
192827,43878.016,20569.64071262358
192828,43878.016,31390.72466541517
192829,43878.016,26096.157633164516
192830,43878.016,52338.83307080382
192831,43878.016,13321.67766363771
192832,43878.016,22854.09180597048
192833,43878.016,11216.830128233674
192834,43878.016,12684.799899071559
192835,43878.016,31365.93148641681
192836,43878.016,10638.53784809362
192837,43878.016,40493.64393506577
192838,43878.016,23381.374830081026
192839,43878.016,26409.594589513006
192840,43878.016,15397.085834323463
192841,43878.016,18964.961040512208
192842,43878.016,75502.04807516858
192843,43878.016,50670.04563582254
192844,43878.016,48950.50992701927
192845,43878.016,81796.22791049497
192846,43878.016,33085.748889962946
192847,43878.016,24287.59273466862
192848,43878.016,17967.68831472855
192849,43878.016,64890.22705999413
192850,43878.016,65173.93653416079
192851,43878.016,36309.07995275246
192852,43878.016,9970.445681239471
192853,43878.016,111853.44545103378
192854,43878.016,24814.313232789216
192855,43878.016,67399.39210304178
192856,43878.016,69455.12923430343
192857,43878.016,24649.71270575781
192858,43878.016,8046.809931480106
192859,43878.016,25155.89959670751
192860,43878.016,20026.083945615366
192861,43878.016,34892.61975985405
192862,43878.016,29135.093758884137
192863,43878.016,46409.5874032189
192864,43878.016,47059.322857144965
192865,43878.016,7397.673880053935
192866,43878.016,19616.487778438368
192867,43878.016,49199.23254596429
192868,43878.016,17994.583549148378
192869,43878.016,47020.04734585548
192870,43878.016,59861.571415507206
192871,43878.016,31344.499721832824
192872,43878.016,30094.340883457335
192873,43878.016,23146.954333343805
192874,43878.016,41286.65898832657
192875,43878.016,41196.70680823796
192876,43878.016,27794.074279388085
192877,43878.016,25517.884427056266
192878,43878.016,22989.18103599217
192879,43878.016,33301.36334928695
192880,43878.016,12193.005052456454
192881,43878.016,61728.500742170756
192882,43878.016,44466.364063715744
192883,43878.016,47965.5259308881
192884,43878.016,21606.051612186726
192885,43878.016,43987.67690904633
192886,43878.016,39260.616688734954
192887,43878.016,18886.255726387604
192888,43878.016,28774.125747997845
192889,43878.016,37620.72164583279
192890,43878.016,45012.437892356385
192891,43878.016,44425.186317816435
192892,43878.016,34222.29783112184
192893,43878.016,58238.05586202666
192894,43878.016,24188.629314633377
192895,43878.016,51780.47118426503
192896,43878.016,20766.570907386355
192897,43878.016,38832.95108696919
192898,43878.016,10406.270776568175
192899,43878.016,46468.71962401871
192900,43878.016,13492.2148569482
192901,43878.016,52120.162025789425
192902,43878.016,24611.4467391632
192903,43878.016,70892.55504059623
192904,43878.016,17647.881116663182
192905,43878.016,46257.46993138879
192906,43878.016,4893.390804090555
192907,43878.016,48905.094319802665
192908,43878.016,14747.9115325899
192909,43878.016,12940.549458834681
192910,43878.016,36561.10698111106
192911,43878.016,64423.09762449051
192912,43878.016,50913.686603833354
192913,43878.016,54912.65484697996
192914,43878.016,45823.6811084984
192915,43878.016,22284.364191839857
192916,43878.016,31038.852184983218
192917,43878.016,80110.61037897917
192918,43878.016,16422.70191038985
192919,43878.016,26895.86684402444
192920,43878.016,29858.171685233712
192921,43878.016,62370.36487308429
192922,43878.016,11260.965499397671
192923,43878.016,64068.426196156026
192924,43878.016,14412.57180979169
192925,43878.016,21007.533505213647
192926,43878.016,60788.60109489944
192927,43878.016,55696.31611373808
192928,43878.016,49081.388197053006
192929,43878.016,22840.737745962735
192930,43878.016,71241.38827167216
192931,43878.016,29357.798338677727
192932,43878.016,38755.75189927358
192933,43878.016,12872.971672503676
192934,43878.016,33602.13445132671
192935,43878.016,10044.97251485449
192936,43878.016,23496.54770960181
192937,43878.016,50511.59109699604
192938,43878.016,21252.36348321866
192939,43878.016,27853.751303262983
192940,43878.016,11978.419904873821
192941,43878.016,29672.91295514798
192942,43878.016,62565.40785098795
192943,43878.016,40278.61466446424
192944,43878.016,54141.98614706624
192945,43878.016,24384.534553859547
192946,43878.016,18450.574185241112
192947,43878.016,18840.001993197602
192948,43878.016,52352.13526614917
192949,43878.016,22588.90926248677
192950,43878.016,38402.14797366644
192951,43878.016,81438.5605763513
192952,43878.016,10428.677291264632
192953,43878.016,57369.366018558874
192954,43878.016,15159.300451071267
192955,43878.016,41349.487597504005
192956,43878.016,7556.300095281971
192957,43878.016,9176.273795210045
192958,43878.016,15654.811913740312
192959,43878.016,47727.36082031296
192960,43878.016,117903.23980900637
192961,43878.016,28244.06606522382
192962,43878.016,53954.799434636545
192963,43878.016,15292.472144897427
192964,43878.016,41562.749576151844
192965,43878.016,11449.328975611072
192966,43878.016,36534.72576785973
192967,43878.016,62231.900647321134
192968,43878.016,42182.314515667866
192969,43878.016,52548.931481031104
192970,43878.016,9432.679170620197
192971,43878.016,68259.41724157368
192972,43878.016,22865.999048672144
192973,43878.016,38231.159943415165
192974,43878.016,18472.41614442972
192975,43878.016,52400.523267174736
192976,43878.016,5196.935704504044
192977,43878.016,54339.99150064601
192978,43878.016,10237.415002064577
192979,43878.016,47464.711122005254
192980,43878.016,31283.103841072385
192981,43878.016,18104.45456072037
192982,43878.016,37191.595464537415
192983,43878.016,50188.61090681881
192984,43878.016,37567.213253403745
192985,43878.016,33991.4422920866
192986,43878.016,19558.46877858631
192987,43878.016,13582.76036307601
192988,43878.016,6054.404849010298
192989,43878.016,48158.71572620992
192990,43878.016,72704.51164658423
192991,43878.016,49826.08052821163
192992,43878.016,58602.162791673254
192993,43878.016,24894.02274930299
192994,43878.016,46593.360082605126
192995,43878.016,23373.72650629845
192996,43878.016,39630.92416099128
192997,43878.016,7868.761763152986
192998,43878.016,59539.847419901474
192999,43878.016,36664.85445317049
193000,43878.016,38603.39132933862
193001,43878.016,58337.71636116059
193002,43878.016,13725.0641072612
193003,43878.016,21883.18208427191
193004,43878.016,40673.87337323932
193005,43878.016,75493.36294473053
193006,43878.016,13471.484056477388
193007,43878.016,44139.29170418373
193008,43878.016,10881.706128185337
193009,43878.016,28298.539902054257
193010,43878.016,46482.99516879839
193011,43878.016,33813.29274094084
193012,43878.016,48460.030351175126
193013,43878.016,22765.029922717928
193014,43878.016,25956.291249982998
193015,43878.016,45718.7539312003
193016,43878.016,20423.370904252806
193017,43878.016,6840.39199312865
193018,43878.016,17161.29368260193
193019,43878.016,49249.25037096349
193020,43878.016,48833.178340557955
193021,43878.016,47591.48635233874
193022,43878.016,41124.17100055847
193023,43878.016,15930.25284481989
193024,43878.016,12183.311957419317
193025,43878.016,19073.46273373673
193026,43878.016,42271.13134477427
193027,43878.016,30287.284779856862
193028,43878.016,29508.75249336467
193029,43878.016,44033.2807382607
193030,43878.016,8980.808997328215
193031,43878.016,48342.87022955231
193032,43878.016,77375.6846645381
193033,43878.016,23704.55343812237
193034,43878.016,67708.3296326535
193035,43878.016,50564.690477093725
193036,43878.016,16516.136322536408
193037,43878.016,54868.716243387236
193038,43878.016,44885.40094104925
193039,43878.016,9018.346176082005
193040,43878.016,42399.56415393709
193041,43878.016,23780.899698380534
193042,43878.016,47775.210183138595
193043,43878.016,29439.097901762754
193044,43878.016,66233.35862074746
193045,43878.016,46770.55572360133
193046,43878.016,28720.947906315887
193047,43878.016,25064.551078182827
193048,43878.016,41662.52851119359
193049,43878.016,27781.453524044526
193050,43878.016,32815.876200914114
193051,43878.016,58261.17032596776
193052,43878.016,40402.824290230434
193053,43878.016,16875.77836568271
193054,43878.016,15181.383440935751
193055,43878.016,32297.069466388242
193056,43878.016,24632.595501638996
193057,43878.016,32691.758096999074
193058,43878.016,25824.361193039957
193059,43878.016,15433.444213543999
193060,43878.016,60425.86705578398
193061,43878.016,42887.11081650995
193062,43878.016,34796.74773484038
193063,43878.016,43753.941121111406
193064,43878.016,23000.690892075712
193065,43878.016,42031.99713242632
193066,43878.016,9483.38428939872
193067,43878.016,59940.81117674906
193068,43878.016,38744.331588359564
193069,43878.016,45889.906599275724
193070,43878.016,31940.07085336782
193071,43878.016,11469.13513037317
193072,43878.016,49860.18333717241
193073,43878.016,20716.5633618174
193074,43878.016,51963.07945367732
193075,43878.016,63253.57144647366
193076,43878.016,41819.543916438284
193077,43878.016,29051.072029085444
193078,43878.016,58289.27287226662
193079,43878.016,109652.32227063597
193080,43878.016,9636.221932048624
193081,43878.016,30065.47603031021
193082,43878.016,40639.60653840559
193083,43878.016,16091.967386154889
193084,43878.016,51348.842469295014
193085,43878.016,59661.93901380413
193086,43878.016,9359.304849459835
193087,43878.016,35037.596453661376
193088,43878.016,10986.140661090734
193089,43878.016,41493.898845414195
193090,43878.016,16126.194160569898
193091,43878.016,63244.16910872612
193092,43878.016,36766.04450635601
193093,43878.016,43200.99054303025
193094,43878.016,60767.24167142117
193095,43878.016,13195.841226232753
193096,43878.016,48964.37833492812
193097,43878.016,52928.935957775495
193098,43878.016,14361.565954492513
193099,43878.016,12423.205811506412
193100,43878.016,44373.90382120802
193101,43878.016,38734.4550490288
193102,43878.016,11551.960953960332
193103,43878.016,44840.89213944658
193104,43878.016,51350.68945281066
193105,43878.016,31975.38396891775
193106,43878.016,29036.9116716418
193107,43878.016,19640.450026554907
193108,43878.016,21616.136954295955
193109,43878.016,44410.44602470284
193110,43878.016,27973.71735619797
193111,43878.016,31095.712459468534
193112,43878.016,33492.99292202586
193113,43878.016,48399.57311853999
193114,43878.016,106624.20474734741
193115,43878.016,65544.11322984866
193116,43878.016,34587.93588670667
193117,43878.016,32009.236493335935
193118,43878.016,50120.4870793556
193119,43878.016,55022.78707403806
193120,43878.016,14525.53524977102
193121,43878.016,76998.40354339549
193122,43878.016,61290.8358843868
193123,43878.016,55413.67523367067
193124,43878.016,15580.160269751046
193125,43878.016,26552.956296062566
193126,43878.016,35566.66326708611
193127,43878.016,53465.414489372924
193128,43878.016,58182.583299473015
193129,43878.016,13163.294841711297
193130,43878.016,38128.87109032732
193131,43878.016,76743.77104621244
193132,43878.016,45601.59622956841
193133,43878.016,28474.231515629253
193134,43878.016,70989.23462853885
193135,43878.016,14789.149862951697
193136,43878.016,29770.061868412275
193137,43878.016,43700.14188611384
193138,43878.016,40241.984579868746
193139,43878.016,13594.06436155327
193140,43878.016,14066.417722795757
193141,43878.016,7537.3544103706145
193142,43878.016,67752.01479365003
193143,43878.016,35771.969443114736
193144,43878.016,38364.36652406281
193145,43878.016,38468.07696116198
193146,43878.016,67108.29517857099
193147,43878.016,20413.973776552895
193148,43878.016,57001.33613797278
193149,43878.016,64611.97921465402
193150,43878.016,53675.89470580434
193151,43878.016,29267.760873929277
193152,43878.016,28086.226159012796
193153,43878.016,53315.02837642474
193154,43878.016,8159.696674908719
193155,43878.016,64167.90006353557
193156,43878.016,27566.824953236424
193157,43878.016,28498.70417551918
193158,43878.016,7137.5049779841065
193159,43878.016,50051.10947369367
193160,43878.016,7812.9118440394195
193161,43878.016,63066.572290402815
193162,43878.016,62549.41181883156
193163,43878.016,9267.044846939889
193164,43878.016,13215.24015653129
193165,43878.016,19044.02083030904
193166,43878.016,35051.345305903626
193167,43878.016,16872.16620981717
193168,43878.016,12742.214666965094
193169,43878.016,51228.655695063404
193170,43878.016,57121.19151934665
193171,43878.016,57314.47801647883
193172,43878.016,25028.018163370412
193173,43878.016,53155.182467850085
193174,43878.016,41498.788802399016
193175,43878.016,35425.892484217344
193176,43878.016,74357.92725473265
193177,43878.016,38364.67403442057
193178,43878.016,57819.194916078464
193179,43878.016,25549.141083777697
193180,43878.016,72442.73281447396
193181,43878.016,37744.52811730003
193182,43878.016,20570.59955459299
193183,43878.016,14153.647699676309
193184,43878.016,12657.140521290296
193185,43878.016,22344.73034296233
193186,43878.016,52101.9982435222
193187,43878.016,41233.99877852894
193188,43878.016,38187.0501561272
193189,43878.016,51676.876122735404
193190,43878.016,19495.282075832973
193191,43878.016,44451.43633028261
193192,43878.016,82223.462385743
193193,43878.016,28680.20327095572
193194,43878.016,12303.766316533203
193195,43878.016,21352.674940831428
193196,43878.016,34738.12671819266
193197,43878.016,65296.00498685216
193198,43878.016,45844.43567990386
193199,43878.016,43993.133872514445
193200,43878.016,24009.14021649637
193201,43878.016,37120.55836203246
193202,43878.016,19027.69850861754
193203,43878.016,21019.741839305054
193204,43878.016,34434.97567337686
193205,43878.016,15179.379057011978
193206,43878.016,59882.75782493575
193207,43878.016,10806.35670488845
193208,43878.016,44775.26850033455
193209,43878.016,53754.71342680387
193210,43878.016,36941.51217517088
193211,43878.016,21938.918025477524
193212,43878.016,12185.904892858733
193213,43878.016,55927.40012811813
193214,43878.016,50236.79311851229
193215,43878.016,40809.201870823264
193216,43878.016,50058.32380361008
193217,43878.016,40977.89858162022
193218,43878.016,18707.221224178265
193219,43878.016,16591.57203432889
193220,43878.016,29348.008605462754
193221,43878.016,9927.911512867548
193222,43878.016,32287.28650181279
193223,43878.016,44097.69783881065
193224,43878.016,25153.231227686156
193225,43878.016,25386.370140689112
193226,43878.016,11607.869903637353
193227,43878.016,7380.109628458754
193228,43878.016,16890.59664438722
193229,43878.016,19474.461345433006
193230,43878.016,46693.574825122465
193231,43878.016,11759.67421368273
193232,43878.016,55536.186721588696
193233,43878.016,38869.30031138565
193234,43878.016,29219.112500523996
193235,43878.016,20042.504683953357
193236,43878.016,17042.874914428146
193237,43878.016,22069.965098986464
193238,43878.016,18002.506743813887
193239,43878.016,57238.99028520059
193240,43878.016,55231.96894283314
193241,43878.016,59093.10659498472
193242,43878.016,70961.28614612792
193243,43878.016,47252.550622232455
193244,43878.016,20464.01515312323
193245,43878.016,27035.474104695506
193246,43878.016,18525.73229693821
193247,43878.016,20285.49715363322
193248,43878.016,29147.1044272226
193249,43878.016,21788.867380665582
193250,43878.016,40309.095886689414
193251,43878.016,30517.029879538743
193252,43878.016,29247.22216368702
193253,43878.016,6789.532702776829
193254,43878.016,42259.8669944896
193255,43878.016,65720.87813488828
193256,43878.016,16261.904862727062
193257,43878.016,66865.49432316113
193258,43878.016,39442.18857349062
193259,43878.016,19142.140270738208
193260,43878.016,16462.147257074943
193261,43878.016,52720.03849299844
193262,43878.016,71023.77230695581
193263,43878.016,78224.62160621084
193264,43878.016,3067.3972577173035
193265,43878.016,34258.18478197807
193266,43878.016,44267.61511597458
193267,43878.016,69320.53135717136
193268,43878.016,24144.701193532204
193269,43878.016,39542.52733867022
193270,43878.016,53012.250479488
193271,43878.016,16060.012459560647
193272,43878.016,61389.59577583701
193273,43878.016,62307.19575004415
193274,43878.016,46765.39963279676
193275,43878.016,64055.50839778577
193276,43878.016,51478.00265046284
193277,43878.016,75488.12028762727
193278,43878.016,9511.550112156356
193279,43878.016,25204.90710694813
193280,43878.016,43390.741025057
193281,43878.016,14765.139459014918
193282,43878.016,14401.61197950123
193283,43878.016,14191.681562845399
193284,43878.016,49293.19467189077
193285,43878.016,33770.29754330346
193286,43878.016,53731.21841327904
193287,43878.016,59517.643021088916
193288,43878.016,40295.058555190924
193289,43878.016,4659.974823620919
193290,43878.016,119479.83927895124
193291,43878.016,14722.350837822669
193292,43878.016,98247.75363399844
193293,43878.016,14368.450353028633
193294,43878.016,22107.856185109584
193295,43878.016,21963.83337608821
193296,43878.016,48332.113494948666
193297,43878.016,36205.68069278539
193298,43878.016,39535.11622041821
193299,43878.016,75328.48388705925
193300,43878.016,4433.603454046529
193301,43878.016,50933.98277052217
193302,43878.016,35420.16996096569
193303,43878.016,28037.17730711951
193304,43878.016,10319.265132190376
193305,43878.016,35872.58054634517
193306,43878.016,12812.72020473478
193307,43878.016,9591.966594416272
193308,43878.016,20165.61140110555
193309,43878.016,49127.80856439046
193310,43878.016,7031.626636711566
193311,43878.016,9608.270212102974
193312,43878.016,32506.743578674104
193313,43878.016,53359.27227575224
193314,43878.016,8490.206417115416
193315,43878.016,41922.85864389398
193316,43878.016,47432.85542971462
193317,43878.016,75392.92995602418
193318,43878.016,81981.5369265911
193319,43878.016,18759.591966945733
193320,43878.016,41341.365323033424
193321,43878.016,49197.308296888245
193322,43878.016,52394.5265266635
193323,43878.016,48243.757648203224
193324,43878.016,26785.213871818913
193325,43878.016,26374.935581447466
193326,43878.016,53369.31875931313
193327,43878.016,56009.36056036923
193328,43878.016,41417.93387788706
193329,43878.016,47957.56215671787
193330,43878.016,17766.622434312558
193331,43878.016,40339.67091410546
193332,43878.016,22232.574944934007
193333,43878.016,16649.945467759208
193334,43878.016,37892.10479546698
193335,43878.016,30666.620646301933
193336,43878.016,44087.07174423486
193337,43878.016,21627.495028257945
193338,43878.016,37945.00325002726
193339,43878.016,15898.14664070429
193340,43878.016,54012.55932020388
193341,43878.016,37361.68397309653
193342,43878.016,28666.55417444507
193343,43878.016,20249.271910300038
193344,43878.016,31551.45837677385
193345,43878.016,20140.92810688535
193346,43878.016,59184.02375912647
193347,43878.016,17470.520418215438
193348,43878.016,15216.890582962335
193349,43878.016,55018.030200627705
193350,43878.016,38020.590791539835
193351,43878.016,17851.114852665447
193352,43878.016,32741.92873813612
193353,43878.016,34966.17407802285
193354,43878.016,20736.334762525352
193355,43878.016,18997.73655543643
193356,43878.016,26613.98248516753
193357,43878.016,50345.191805279595
193358,43878.016,24274.89701789611
193359,43878.016,45897.54772495806
193360,43878.016,40395.453657999366
193361,43878.016,36731.11848068523
193362,43878.016,19121.16891791454
193363,43878.016,30346.54985996096
193364,43878.016,34236.17931442493
193365,43878.016,33585.70869187846
193366,43878.016,59097.1986618213
193367,43878.016,71556.40518544451
193368,43878.016,18412.185523272175
193369,43878.016,17911.157447306872
193370,43878.016,54458.91533235086
193371,43878.016,32410.90218228129
193372,43878.016,32985.448986566495
193373,43878.016,70986.93352007649
193374,43878.016,21461.767478392187
193375,43878.016,32359.555641863197
193376,43878.016,48828.52696670666
193377,43878.016,44551.366434518735
193378,43878.016,8491.957595425449
193379,43878.016,56550.36810795992
193380,43878.016,84454.57595237692
193381,43878.016,20565.187177267024
193382,43878.016,44352.74897329479
193383,43878.016,28920.98199641165
193384,43878.016,34435.16991318116
193385,43878.016,34653.43977968339
193386,43878.016,55995.90063474634
193387,43878.016,46910.173552782944
193388,43878.016,20178.01213807068
193389,43878.016,19644.642922445102
193390,43878.016,8115.003806871279
193391,43878.016,20800.21068896291
193392,43878.016,34599.93609456735
193393,43878.016,5780.68999882809
193394,43878.016,17490.46034684804
193395,43878.016,8583.274668731103
193396,43878.016,48499.83409980927
193397,43878.016,56072.87767509007
193398,43878.016,7423.152298356556
193399,43878.016,36367.35953707096
193400,43878.016,47587.202559299214
193401,43878.016,83248.03677503493
193402,43878.016,40621.08881676466
193403,43878.016,67552.74727430954
193404,43878.016,31814.6176615606
193405,43878.016,67483.58788558497
193406,43878.016,15619.206649219976
193407,43878.016,55520.84691367471
193408,43878.016,59290.52194449141
193409,43878.016,36771.6258836821
193410,43878.016,61312.74631318449
193411,43878.016,59289.68312126787
193412,43878.016,20092.257172586593
193413,43878.016,31763.9039514939
193414,43878.016,48367.376306978214
193415,43878.016,12841.207872043524
193416,43878.016,30085.43633684288
193417,43878.016,15062.152103301161
193418,43878.016,26455.186428761343
193419,43878.016,32769.9729169046
193420,43878.016,45911.43465006586
193421,43878.016,40904.74768105624
193422,43878.016,16579.36290208886
193423,43878.016,73010.20866310938
193424,43878.016,30835.898024813177
193425,43878.016,17067.779985243786
193426,43878.016,54130.46188665653
193427,43878.016,41925.275003487026
193428,43878.016,12211.443164953333
193429,43878.016,24343.80298971571
193430,43878.016,12583.591213111864
193431,43878.016,11349.787217562474
193432,43878.016,50228.90305135562
193433,43878.016,42742.82684572549
193434,43878.016,29016.317097878924
193435,43878.016,15894.195552370706
193436,43878.016,44476.00035076556
193437,43878.016,44390.21044678335
193438,43878.016,53565.925718015445
193439,43878.016,34961.23635129554
193440,43878.016,19143.108422365385
193441,43878.016,9518.89064504996
193442,43878.016,10196.80770301498
193443,43878.016,33731.659833153004
193444,43878.016,7018.403749271741
193445,43878.016,4827.684219447401
193446,43878.016,20840.63484687159
193447,43878.016,36373.37607937471
193448,43878.016,35870.46548200195
193449,43878.016,40161.19848772059
193450,43878.016,53102.24625239219
193451,43878.016,41440.687946633465
193452,43878.016,8166.467197234475
193453,43878.016,11047.945603068172
193454,43878.016,9133.47726800201
193455,43878.016,37617.48598293604
193456,43878.016,37708.37439722609
193457,43878.016,23456.04732067906
193458,43878.016,9158.817878383332
193459,43878.016,30295.12852752335
193460,43878.016,12939.908282247363
193461,43878.016,53085.37275121045
193462,43878.016,34748.95257503205
193463,43878.016,45663.533724674446
193464,43878.016,33841.86169724451
193465,43878.016,27383.787065004133
193466,43878.016,17926.588759800172
193467,43878.016,37093.91977606277
193468,43878.016,16965.164731799297
193469,43878.016,20402.20933158664
193470,43878.016,7004.0260249593075
193471,43878.016,44455.15793070103
193472,43878.016,38046.37885350885
193473,43878.016,33000.79920766953
193474,43878.016,34513.25002509047
193475,43878.016,13215.710345115234
193476,43878.016,39216.19975465783
193477,43878.016,50665.68553394282
193478,43878.016,48107.56037557813
193479,43878.016,55420.00494576837
193480,43878.016,42294.24745934312
193481,43878.016,20384.026410286115
193482,43878.016,35277.38882307119
193483,43878.016,21354.934519966322
193484,43878.016,23219.427028593713
193485,43878.016,11276.914008507916
193486,43878.016,56641.84972714448
193487,43878.016,52493.51753176293
193488,43878.016,22638.802636302767
193489,43878.016,50156.82025850567
193490,43878.016,20171.374306574373
193491,43878.016,17280.744888716312
193492,43878.016,23823.06369861616
193493,43878.016,38242.364043040834
193494,43878.016,45521.482781327395
193495,43878.016,40003.567322669616
193496,43878.016,39587.10721822473
193497,43878.016,27101.569555473034
193498,43878.016,8884.978806473662
193499,43878.016,32771.12652459478
193500,43878.016,17712.8247673096
193501,43878.016,48663.32309896396
193502,43878.016,16266.138859193403
193503,43878.016,51849.06708702901
193504,43878.016,7984.607460560955
193505,43878.016,20926.38591658076
193506,43878.016,9788.691467721443
193507,43878.016,22475.074371754334
193508,43878.016,27757.815101071308
193509,43878.016,15842.750680568734
193510,43878.016,96247.2535372072
193511,43878.016,38598.823489618175
193512,43878.016,22351.668928335974
193513,43878.016,4808.391750801635
193514,43878.016,28461.29832596344
193515,43878.016,58193.91114647242
193516,43878.016,15861.420671925565
193517,43878.016,8754.602380639755
193518,43878.016,58897.730343973766
193519,43878.016,27350.919612394548
193520,43878.016,12791.0580287148
193521,43878.016,8127.523693447002
193522,43878.016,46970.077561583115
193523,43878.016,40427.32056653564
193524,43878.016,9347.27381267891
193525,43878.016,74536.48164574312
193526,43878.016,45087.081724538424
193527,43878.016,24237.22374144887
193528,43878.016,31766.882853755018
193529,43878.016,42511.66092626468
193530,43878.016,48277.4396889469
193531,43878.016,50301.44876766841
193532,43878.016,60861.693427916885
193533,43878.016,43256.69641432316
193534,43878.016,26733.129996386495
193535,43878.016,41612.43372920839
193536,43878.016,8917.821223027819
193537,43878.016,34851.870186613865
193538,43878.016,24134.33926125473
193539,43878.016,44561.14108566719
193540,43878.016,40119.053137635405
193541,43878.016,34224.76613415284
193542,43878.016,23838.737700899834
193543,43878.016,12873.184443814847
193544,43878.016,55442.41224989972
193545,43878.016,36731.441337903496
193546,43878.016,14864.84043047519
193547,43878.016,17230.992278219856
193548,43878.016,62341.14366172137
193549,43878.016,20334.535572757126
193550,43878.016,10236.727072386459
193551,43878.016,33423.238272618335
193552,43878.016,7159.017908059289
193553,43878.016,35417.967758491824
193554,43878.016,63458.30391204144
193555,43878.016,58526.491958279985
193556,43878.016,22090.12955250683
193557,43878.016,10684.003670132748
193558,43878.016,18619.792297186523
193559,43878.016,4891.248618346347
193560,43878.016,8843.544756109766
193561,43878.016,19614.904348517754
193562,43878.016,36900.28190623582
193563,43878.016,11616.713101045047
193564,43878.016,68492.78449616914
193565,43878.016,42792.09300343486
193566,43878.016,10728.363966720368
193567,43878.016,34534.70398288079
193568,43878.016,48294.74266428084
193569,43878.016,25539.739031672732
193570,43878.016,44708.22859136582
193571,43878.016,58072.55178899061
193572,43878.016,42019.824986107655
193573,43878.016,40170.3766896715
193574,43878.016,21303.568739184633
193575,43878.016,43676.239622846595
193576,43878.016,46154.268004370184
193577,43878.016,64321.82335269876
193578,43878.016,10931.458787467538
193579,43878.016,64369.06538985358
193580,43878.016,26265.64505096662
193581,43878.016,27168.565738434438
193582,43878.016,43767.047138611655
193583,43878.016,54110.379289972196
193584,43878.016,26881.800419712323
193585,43878.016,62401.55850002358
193586,43878.016,23591.04608506083
193587,43878.016,40398.6776735277
193588,43878.016,53237.84058201433
193589,43878.016,33177.62126920119
193590,43878.016,74065.48930976717
193591,43878.016,23641.6017880554
193592,43878.016,47233.90580396623
193593,43878.016,46348.16615434752
193594,43878.016,35283.02022122201
193595,43878.016,40965.02936677688
193596,43878.016,90714.02869848718
193597,43878.016,53595.915910654025
193598,43878.016,10685.72409183337
193599,43878.016,11384.5652634419
193600,43878.016,31250.098024727013
193601,43878.016,22513.212170007297
193602,43878.016,50558.254552173166
193603,43878.016,53329.373251166304
193604,43878.016,36219.036331815856
193605,43878.016,33114.531520355835
193606,43878.016,15230.353720871104
193607,43878.016,11710.101444424972
193608,43878.016,27769.408001745345
193609,43878.016,33756.68407669448
193610,43878.016,15018.621125641615
193611,43878.016,29635.066460858183
193612,43878.016,37816.182588703734
193613,43878.016,12299.84797019851
193614,43878.016,46138.505314853
193615,43878.016,16633.051208997673
193616,43878.016,37114.16701020846
193617,43878.016,19371.602387202332
193618,43878.016,56757.506498050825
193619,43878.016,10222.749970833918
193620,43878.016,56622.0236797942
193621,43878.016,29556.785736033667
193622,43878.016,21907.532920372207
193623,43878.016,11546.637676068747
193624,43878.016,32989.25377181895
193625,43878.016,45919.702765694805
193626,43878.016,53723.73824504252
193627,43878.016,27716.19934287351
193628,43878.016,54601.472313026505
193629,43878.016,14080.0181889359
193630,43878.016,26735.669702883875
193631,43878.016,11855.472326568835
193632,43878.016,48910.777248061255
193633,43878.016,42418.60544685096
193634,43878.016,43862.64827445543
193635,43878.016,42333.023945697845
193636,43878.016,21358.376385616768
193637,43878.016,26328.89478021369
193638,43878.016,6663.831086121892
193639,43878.016,8000.915723057958
193640,43878.016,7636.037842459393
193641,43878.016,12781.242608312192
193642,43878.016,47854.64554910544
193643,43878.016,67692.27582259497
193644,43878.016,43746.99558487901
193645,43878.016,83572.98494823776
193646,43878.016,34422.215655405664
193647,43878.016,18500.707048615495
193648,43878.016,16998.55743814788
193649,43878.016,29744.551181251863
193650,43878.016,33490.29030909592
193651,43878.016,48210.34158769501
193652,43878.016,13415.450488689712
193653,43878.016,36642.895082318304
193654,43878.016,17152.4099025083
193655,43878.016,43447.64450019494
193656,43878.016,26383.48584976952
193657,43878.016,41885.54826955051
193658,43878.016,11771.378621974116
193659,43878.016,49957.55233748504
193660,43878.016,58791.19247320408
193661,43878.016,19526.0238897674
193662,43878.016,17552.695893385757
193663,43878.016,14267.36741860058
193664,43878.016,12100.082651860068
193665,43878.016,47119.31210867343
193666,43878.016,63877.62918995863
193667,43878.016,36981.65797930834
193668,43878.016,41605.87299693356
193669,43878.016,38356.15089871145
193670,43878.016,53293.53144034298
193671,43878.016,24942.356593790995
193672,43878.016,24193.304140873617
193673,43878.016,64948.43434160769
193674,43878.016,16309.61000273924
193675,43878.016,25389.872590387964
193676,43878.016,64038.9216309507
193677,43878.016,52663.6835865527
193678,43878.016,37819.136698340175
193679,43878.016,25394.19851018326
193680,43878.016,62640.45109318333
193681,43878.016,24040.38713099326
193682,43878.016,53722.3560945268
193683,43878.016,29214.557214789766
193684,43878.016,67321.12002449011
193685,43878.016,45069.88267148099
193686,43878.016,35637.29012713844
193687,43878.016,15333.420272935105
193688,43878.016,53959.914240412596
193689,43878.016,38709.73185140304
193690,43878.016,30777.306572908343
193691,43878.016,57108.975062256635
193692,43878.016,12361.1814313633
193693,43878.016,34879.917394874574
193694,43878.016,21324.081320013465
193695,43878.016,71943.55728985475
193696,43878.016,11463.869677136676
193697,43878.016,50694.24911520302
193698,43878.016,20157.932499665763
193699,43878.016,29753.501717261726
193700,43878.016,31704.385054649203
193701,43878.016,8451.861014845506
193702,43878.016,27826.62924035134
193703,43878.016,19200.970950837378
193704,43878.016,24155.54610260533
193705,43878.016,34538.42730481708
193706,43878.016,25468.543237791084
193707,43878.016,11774.949117855836
193708,43878.016,15152.038414460816
193709,43878.016,9314.588369450954
193710,43878.016,22469.201185224232
193711,43878.016,51287.257013615825
193712,43878.016,11693.337697183959
193713,43878.016,37076.545295352604
193714,43878.016,18482.350025154632
193715,43878.016,63315.44066913679
193716,43878.016,59636.96995828968
193717,43878.016,46624.67780642125
193718,43878.016,33655.240441336544
193719,43878.016,60565.532328852634
193720,43878.016,43317.37933224036
193721,43878.016,41369.97451322175
193722,43878.016,76442.91866811733
193723,43878.016,73432.27632754453
193724,43878.016,46386.18897533466
193725,43878.016,19672.879397137658
193726,43878.016,33140.955722305705
193727,43878.016,24500.20007135969
193728,43878.016,54800.60873839886
193729,43878.016,28734.24934874604
193730,43878.016,34786.32843114433
193731,43878.016,14517.200339472824
193732,43878.016,5187.176632587271
193733,43878.016,18001.677793282142
193734,43878.016,33830.97175562099
193735,43878.016,45475.80079427143
193736,43878.016,43425.1556247673
193737,43878.016,21564.234035527534
193738,43878.016,59868.15686537594
193739,43878.016,16617.828766066727
193740,43878.016,69506.92626486688
193741,43878.016,9841.500452653152
193742,43878.016,18470.966032315282
193743,43878.016,13852.407979693488
193744,43878.016,40655.337425807134
193745,43878.016,64536.133391767595
193746,43878.016,69487.78459452285
193747,43878.016,50411.65157468044
193748,43878.016,16392.29126225025
193749,43878.016,63287.010206691084
193750,43878.016,53232.84439380894
193751,43878.016,31392.63945080487
193752,43878.016,66595.88082923676
193753,43878.016,26316.707172941857
193754,43878.016,25087.957899975565
193755,43878.016,29317.15241925587
193756,43878.016,44363.19554208216
193757,43878.016,48930.964309196635
193758,43878.016,10789.823642709389
193759,43878.016,38154.32022029724
193760,43878.016,69411.63137681257
193761,43878.016,13035.68030699434
193762,43878.016,6402.932029136368
193763,43878.016,13511.637010124708
193764,43878.016,56722.341165121215
193765,43878.016,28705.151571330724
193766,43878.016,23023.609547365333
193767,43878.016,19584.35536287893
193768,43878.016,30980.647812390103
193769,43878.016,36390.46812943248
193770,43878.016,8831.506349794472
193771,43878.016,62696.21176724149
193772,43878.016,9985.961824273365
193773,43878.016,8714.20095357147
193774,43878.016,16420.639489307272
193775,43878.016,47888.44147787639
193776,43878.016,42174.6534569149
193777,43878.016,57797.32309063588
193778,43878.016,75454.98323329118
193779,43878.016,44751.874385701
193780,43878.016,68176.01717522359
193781,43878.016,66795.40232637858
193782,43878.016,26012.173364932572
193783,43878.016,28251.33472193769
193784,43878.016,48255.047030937
193785,43878.016,23469.633701397106
193786,43878.016,27169.58448651575
193787,43878.016,9739.905220844103
193788,43878.016,56412.03773240063
193789,43878.016,19728.47858368148
193790,43878.016,33365.69592274319
193791,43878.016,8488.62791662319
193792,43878.016,10529.632386882402
193793,43878.016,12452.514685281
193794,43878.016,55140.34654296848
193795,43878.016,8088.221784888497
193796,43878.016,29496.819752630774
193797,43878.016,26889.065307397956
193798,43878.016,26109.051188573583
193799,43878.016,21673.221197658164
193800,43878.016,65149.419253170556
193801,43878.016,44654.76916160543
193802,43878.016,35594.59716940347
193803,43878.016,53304.93866548376
193804,43878.016,42414.492519080435
193805,43878.016,56136.387922120055
193806,43878.016,114429.17618987976
193807,43878.016,69537.61298483452
193808,43878.016,29793.97857958737
193809,43878.016,20080.13302983157
193810,43878.016,41198.04647330468
193811,43878.016,11993.95738482502
193812,43878.016,43874.07344030667
193813,43878.016,49924.04142652635
193814,43878.016,45367.78230674341
193815,43878.016,8916.156942001473
193816,43878.016,46086.15226358844
193817,43878.016,50516.57467372467
193818,43878.016,32360.927902678286
193819,43878.016,38854.78216150379
193820,43878.016,88589.74585337153
193821,43878.016,9182.663609797837
193822,43878.016,53616.227431285166
193823,43878.016,45905.55899431651
193824,43878.016,17453.786192345255
193825,43878.016,43607.2623104016
193826,43878.016,26882.812729590725
193827,43878.016,34954.21234319735
193828,43878.016,18712.242439043275
193829,43878.016,30701.609426745992
193830,43878.016,52005.38895372177
193831,43878.016,24591.74601309733
193832,43878.016,24461.025202834375
193833,43878.016,27389.838542868903
193834,43878.016,38261.558718308384
193835,43878.016,36560.307036073355
193836,43878.016,28744.256778245646
193837,43878.016,33490.63792806543
193838,43878.016,16707.154766309082
193839,43878.016,49975.07766720288
193840,43878.016,41132.84769103925
193841,43878.016,38783.93484266284
193842,43878.016,46272.65910770273
193843,43878.016,34258.937572981806
193844,43878.016,21214.879056912658
193845,43878.016,73551.38646179112
193846,43878.016,23876.055020560758
193847,43878.016,4449.365638873561
193848,43878.016,18339.370408003575
193849,43878.016,8792.230839158492
193850,43878.016,55885.980991870536
193851,43878.016,31400.357736051934
193852,43878.016,34514.79229285452
193853,43878.016,10564.029643017664
193854,43878.016,20390.31667791302
193855,43878.016,33783.39424358877
193856,43878.016,56080.68039392821
193857,43878.016,11720.23095544887
193858,43878.016,54180.92281625894
193859,43878.016,8304.499418407742
193860,43878.016,7998.086545460896
193861,43878.016,30697.97635676465
193862,43878.016,34653.94268086116
193863,43878.016,44879.78224924928
193864,43878.016,19975.94747247602
193865,43878.016,30220.505835407814
193866,43878.016,8363.535096614727
193867,43878.016,70718.84006217272
193868,43878.016,19388.150537453625
193869,43878.016,50816.02726147553
193870,43878.016,42444.164208815
193871,43878.016,21695.409661482892
193872,43878.016,10441.31265683063
193873,43878.016,21047.37200812313
193874,43878.016,11931.041434245746
193875,43878.016,26856.82505711509
193876,43878.016,44874.195241927584
193877,43878.016,17576.45250245176
193878,43878.016,45671.56425128164
193879,43878.016,60883.198690596
193880,43878.016,60673.228659196655
193881,43878.016,42397.773615335296
193882,43878.016,41067.00722437889
193883,43878.016,113617.3895032069
193884,43878.016,37607.3480294815
193885,43878.016,22723.67329589872
193886,43878.016,32461.672668074218
193887,43878.016,13781.052992789788
193888,43878.016,30490.774355395264
193889,43878.016,39431.154014893174
193890,43878.016,46374.77557920204
193891,43878.016,39216.553899594845
193892,43878.016,17438.800012107462
193893,43878.016,53212.33577945591
193894,43878.016,37136.29137183308
193895,43878.016,44074.342464687354
193896,43878.016,30794.19655940108
193897,43878.016,63788.08096003761
193898,43878.016,38476.26479106123
193899,43878.016,63870.200872034635
193900,43878.016,50099.5721943199
193901,43878.016,42198.33870341532
193902,43878.016,41561.14180361927
193903,43878.016,39554.293288839996
193904,43878.016,35225.98886262673
193905,43878.016,18346.841054035176
193906,43878.016,53415.906404849215
193907,43878.016,36596.926026857574
193908,43878.016,20304.306614445504
193909,43878.016,7313.353104189887
193910,43878.016,33665.73603943409
193911,43878.016,29420.592269401026
193912,43878.016,52858.105212603325
193913,43878.016,46965.44099877053
193914,43878.016,43635.59853189431
193915,43878.016,57825.20877611729
193916,43878.016,47511.82320870878
193917,43878.016,15396.090069560663
193918,43878.016,43723.90373282047
193919,43878.016,24742.174974377376
193920,43878.016,9369.746232661575
193921,43878.016,66899.96800077839
193922,43878.016,71944.90552887133
193923,43878.016,20119.58551200546
193924,43878.016,11909.453721701437
193925,43878.016,21311.750758328737
193926,43878.016,70168.1967684537
193927,43878.016,24916.2327164922
193928,43878.016,50581.76326622758
193929,43878.016,61590.93922129454
193930,43878.016,33005.02290677352
193931,43878.016,41113.815163504245
193932,43878.016,32221.712977001753
193933,43878.016,37865.65395242137
193934,43878.016,42800.099858200505
193935,43878.016,44178.91921454579
193936,43878.016,35915.184774035304
193937,43878.016,22585.81999384146
193938,43878.016,11565.546148536841
193939,43878.016,27935.670170033376
193940,43878.016,10852.702726986705
193941,43878.016,44470.00045573798
193942,43878.016,55864.61040492203
193943,43878.016,32831.75033762337
193944,43878.016,18903.159823529462
193945,43878.016,24461.844584434006
193946,43878.016,53929.516963435446
193947,43878.016,64368.18719486857
193948,43878.016,22917.350991382897
193949,43878.016,56751.12570207063
193950,43878.016,35365.40194170509
193951,43878.016,11239.562712890649
193952,43878.016,8307.157106868606
193953,43878.016,35202.70755992376
193954,43878.016,28836.255701673454
193955,43878.016,51668.77524894523
193956,43878.016,47451.55088912872
193957,43878.016,43216.76542537998
193958,43878.016,13744.423393111938
193959,43878.016,14707.499319342158
193960,43878.016,27595.49950452141
193961,43878.016,25768.43652369621
193962,43878.016,21809.674581982974
193963,43878.016,22254.258577332457
193964,43878.016,30886.484221185325
193965,43878.016,14300.06145361245
193966,43878.016,33470.88701820622
193967,43878.016,118257.07459695886
193968,43878.016,62324.80419347317
193969,43878.016,12897.487173574793
193970,43878.016,55000.24930518024
193971,43878.016,14597.524507854318
193972,43878.016,21636.60933582808
193973,43878.016,59791.05458593798
193974,43878.016,52928.614017180575
193975,43878.016,24733.44864263077
193976,43878.016,38098.54507253377
193977,43878.016,43913.781541478704
193978,43878.016,37633.83710219786
193979,43878.016,32253.717420650024
193980,43878.016,13085.433049660198
193981,43878.016,22405.47585316145
193982,43878.016,55808.76120742307
193983,43878.016,40776.94729957883
193984,43878.016,37027.29332505243
193985,43878.016,43932.93864723143
193986,43878.016,19641.164265466326
193987,43878.016,19419.829303825078
193988,43878.016,14896.296392640283
193989,43878.016,13566.585843885869
193990,43878.016,12901.359121065358
193991,43878.016,43402.301695453054
193992,43878.016,10865.781336309874
193993,43878.016,43004.87663170341
193994,43878.016,30273.568298611925
193995,43878.016,59230.6245435847
193996,43878.016,36732.14073847743
193997,43878.016,26767.91406191685
193998,43878.016,52801.70374530684
193999,43878.016,34583.66978689296
194000,43878.016,13705.368585918766
194001,43878.016,10829.862737681438
194002,43878.016,9918.458038279714
194003,43878.016,43720.304691157944
194004,43878.016,55408.240614875365
194005,43878.016,39844.07650713738
194006,43878.016,37219.10484418542
194007,43878.016,56728.95935061088
194008,43878.016,7992.555252097169
194009,43878.016,41860.47663639647
194010,43878.016,32752.681840827005
194011,43878.016,43970.88506006211
194012,43878.016,40970.48390062295
194013,43878.016,9701.452693324749
194014,43878.016,38918.41547450245
194015,43878.016,8831.86695588483
194016,43878.016,63196.8757334933
194017,43878.016,24906.925724451947
194018,43878.016,55086.64418227659
194019,43878.016,31294.090498304442
194020,43878.016,30769.94803490956
194021,43878.016,29057.8129012391
194022,43878.016,22505.502728391788
194023,43878.016,23016.33262050485
194024,43878.016,34348.04950200317
194025,43878.016,5522.298919944589
194026,43878.016,38567.794119091355
194027,43878.016,48311.38519956888
194028,43878.016,36775.773156441974
194029,43878.016,54794.81628723254
194030,43878.016,36342.1001953992
194031,43878.016,17144.062359616342
194032,43878.016,44978.86433266428
194033,43878.016,24872.77502467009
194034,43878.016,41578.29097469411
194035,43878.016,58919.71222185069
194036,43878.016,61225.56162088455
194037,43878.016,45972.70150297933
194038,43878.016,50967.73941430293
194039,43878.016,48459.14678820413
194040,43878.016,32540.31558873946
194041,43878.016,42006.17922511423
194042,43878.016,53295.602557146034
194043,43878.016,28226.202118537327
194044,43878.016,12114.120971644126
194045,43878.016,44538.056034846995
194046,43878.016,17290.777158051926
194047,43878.016,11046.227858873006
194048,43878.016,55538.01100998911
194049,43878.016,22816.649087926406
194050,43878.016,40210.412119422894
194051,43878.016,32364.220329557276
194052,43878.016,19683.28871958963
194053,43878.016,29635.69004198595
194054,43878.016,10155.822742424583
194055,43878.016,6843.107631017061
194056,43878.016,17911.954766913495
194057,43878.016,43474.71817580678
194058,43878.016,13432.981045601406
194059,43878.016,41674.86804269614
194060,43878.016,35970.8128236098
194061,43878.016,61100.13935824441
194062,43878.016,40526.69511217357
194063,43878.016,40040.55151975356
194064,43878.016,5562.173999904653
194065,43878.016,41299.21033097072
194066,43878.016,6795.064131608376
194067,43878.016,10008.598259313201
194068,43878.016,50241.343758199815
194069,43878.016,53330.93294210897
194070,43878.016,26974.413281630303
194071,43878.016,27262.21425866048
194072,43878.016,12438.84486040662
194073,43878.016,56898.96339315907
194074,43878.016,54670.085424511315
194075,43878.016,62863.0168339992
194076,43878.016,15469.661647363837
194077,43878.016,12810.271894976873
194078,43878.016,43199.32420348131
194079,43878.016,49805.14369478149
194080,43878.016,10564.799975336971
194081,43878.016,49703.23359149788
194082,43878.016,66572.08430353248
194083,43878.016,56307.99897557125
194084,43878.016,65928.04808998483
194085,43878.016,36859.144830215955
194086,43878.016,19064.44628691987
194087,43878.016,38064.62451163004
194088,43878.016,11620.57072851602
194089,43878.016,33542.48829944495
194090,43878.016,62112.897166193456
194091,43878.016,47586.39940044332
194092,43878.016,18538.796106364098
194093,43878.016,39575.40210565604
194094,43878.016,68111.19686677873
194095,43878.016,62848.04654593801
194096,43878.016,53023.772142276626
194097,43878.016,22561.864740299716
194098,43878.016,56398.61657657927
194099,43878.016,15629.196221523065
194100,43878.016,32242.71865269849
194101,43878.016,13259.058737075016
194102,43878.016,65622.78491328601
194103,43878.016,59705.84428158632
194104,43878.016,74706.12534346941
194105,43878.016,71675.4140736518
194106,43878.016,55346.276867298875
194107,43878.016,59468.02521172544
194108,43878.016,24089.0062395051
194109,43878.016,58269.38173264008
194110,43878.016,11699.228540542204
194111,43878.016,21822.056268191733
194112,43878.016,52262.75692422943
194113,43878.016,19708.11528266059
194114,43878.016,42088.24520375436
194115,43878.016,8887.64109947951
194116,43878.016,6531.405460847328
194117,43878.016,14964.746513679187
194118,43878.016,40599.168499232685
194119,43878.016,40132.01562288966
194120,43878.016,118383.1886408165
194121,43878.016,37283.67719106756
194122,43878.016,8887.891561055878
194123,43878.016,38981.889817269875
194124,43878.016,9208.746431693662
194125,43878.016,48703.670791198914
194126,43878.016,48698.587625963395
194127,43878.016,115781.88387453913
194128,43878.016,42380.60679394439
194129,43878.016,38806.25186559811
194130,43878.016,13129.372260658258
194131,43878.016,8357.070516586464
194132,43878.016,6610.560464628784
194133,43878.016,30429.217142610923
194134,43878.016,18580.855817235548
194135,43878.016,8925.686860797989
194136,43878.016,57906.82522714536
194137,43878.016,19737.65953434928
194138,43878.016,47381.614446762396
194139,43878.016,61064.71642549849
194140,43878.016,39005.986170389064
194141,43878.016,3791.299982296197
194142,43878.016,15571.44252143878
194143,43878.016,45598.279548291335
194144,43878.016,12563.459729538255
194145,43878.016,9236.093387913206
194146,43878.016,42785.806939295464
194147,43878.016,43138.204335101465
194148,43878.016,42198.744456947636
194149,43878.016,39230.73446219297
194150,43878.016,52917.97776803361
194151,43878.016,47757.12794550367
194152,43878.016,14000.23015062931
194153,43878.016,22763.221830357154
194154,43878.016,11738.983356768522
194155,43878.016,59523.15041526282
194156,43878.016,7236.664691772155
194157,43878.016,56566.80657670652
194158,43878.016,8519.814801106899
194159,43878.016,10619.655202466429
194160,43878.016,44022.0828366285
194161,43878.016,15192.003460522143
194162,43878.016,74496.36389498253
194163,43878.016,12412.359700754974
194164,43878.016,17192.771618615152
194165,43878.016,5633.188444719599
194166,43878.016,26006.50676229341
194167,43878.016,20048.61332927048
194168,43878.016,8429.640717396993
194169,43878.016,15306.85120216488
194170,43878.016,41911.22158412605
194171,43878.016,30686.121564761652
194172,43878.016,22994.952015355433
194173,43878.016,41403.064177657536
194174,43878.016,48608.76321114516
194175,43878.016,10182.207216718514
194176,43878.016,36615.878215219396
194177,43878.016,55545.05424231603
194178,43878.016,58654.37138023586
194179,43878.016,16497.551785838805
194180,43878.016,18421.70162354818
194181,43878.016,14912.907278488517
194182,43878.016,16255.980640079166
194183,43878.016,29624.564322109418
194184,43878.016,48952.94192100015
194185,43878.016,17183.525119093334
194186,43878.016,38430.39441062325
194187,43878.016,39004.066639232784
194188,43878.016,31069.311570446396
194189,43878.016,21869.029651156958
194190,43878.016,13189.272238345387
194191,43878.016,45429.86300358919
194192,43878.016,22659.40323073883
194193,43878.016,9772.928304026258
194194,43878.016,57262.376416542524
194195,43878.016,15174.875074876725
194196,43878.016,23712.022446332834
194197,43878.016,43075.58733602758
194198,43878.016,49351.36428416654
194199,43878.016,40109.05180615538
194200,43878.016,52444.596632402485
194201,43878.016,45285.977504068396
194202,43878.016,35431.24378402757
194203,43878.016,38632.59152985872
194204,43878.016,46313.587955561496
194205,43878.016,42080.99367855782
194206,43878.016,46932.79603902272
194207,43878.016,33386.81990564312
194208,43878.016,39604.60474414941
194209,43878.016,71137.87059969701
194210,43878.016,12455.419491619014
194211,43878.016,26859.854844752044
194212,43878.016,36115.23199798584
194213,43878.016,38030.78768714633
194214,43878.016,77042.17704764877
194215,43878.016,41315.64416626662
194216,43878.016,33121.922361067125
194217,43878.016,8662.632980626044
194218,43878.016,57030.91545865482
194219,43878.016,5161.443958588845
194220,43878.016,45825.09751544867
194221,43878.016,74890.37167019214
194222,43878.016,56884.91397921474
194223,43878.016,50622.96418376644
194224,43878.016,13833.990281370143
194225,43878.016,36900.41164173181
194226,43878.016,49701.453865896176
194227,43878.016,56185.03981201044
194228,43878.016,12921.8113201384
194229,43878.016,22421.69810453808
194230,43878.016,26380.975865424407
194231,43878.016,21852.297252313987
194232,43878.016,50692.330989727976
194233,43878.016,38901.87440487587
194234,43878.016,12673.662745769221
194235,43878.016,55265.347945007234
194236,43878.016,56403.071931676546
194237,43878.016,29251.983199997467
194238,43878.016,70445.31253878363
194239,43878.016,28911.255752844616
194240,43878.016,30622.041702370756
194241,43878.016,43314.73315143861
194242,43878.016,60434.83640861605
194243,43878.016,38132.55095703105
194244,43878.016,43805.99161757569
194245,43878.016,60223.09806760914
194246,43878.016,61899.051176904686
194247,43878.016,29608.052955644947
194248,43878.016,33108.147794582655
194249,43878.016,24774.341848839817
194250,43878.016,42208.98645222062
194251,43878.016,34317.69222811998
194252,43878.016,37828.53289888684
194253,43878.016,48542.05536626369
194254,43878.016,66207.41582019752
194255,43878.016,27548.89564348819
194256,43878.016,40862.07680464295
194257,43878.016,14761.950386946753
194258,43878.016,33984.05206990437
194259,43878.016,88401.78721617031
194260,43878.016,11793.479606931987
194261,43878.016,10506.44363719939
194262,43878.016,15123.589760364117
194263,43878.016,40706.650883781644
194264,43878.016,18674.122938768556
194265,43878.016,39484.45491764301
194266,43878.016,19814.370736085537
194267,43878.016,21663.996307831127
194268,43878.016,26690.747549751948
194269,43878.016,9643.454905012284
194270,43878.016,22699.023266670723
194271,43878.016,58243.37733732948
194272,43878.016,24073.656134468165
194273,43878.016,16071.401086723847
194274,43878.016,7822.347480604388
194275,43878.016,34600.77826470547
194276,43878.016,9451.066709521183
194277,43878.016,68738.64765729185
194278,43878.016,67366.11010986207
194279,43878.016,28220.040022579575
194280,43878.016,32202.75041583268
194281,43878.016,12631.733058248661
194282,43878.016,48384.487912227356
194283,43878.016,16637.69901988083
194284,43878.016,24210.180624996858
194285,43878.016,63523.84304421859
194286,43878.016,7125.433755649918
194287,43878.016,30289.403105050405
194288,43878.016,24787.172808292537
194289,43878.016,12485.537255864896
194290,43878.016,53085.20518793055
194291,43878.016,30774.928531730322
194292,43878.016,47580.08504124517
194293,43878.016,70697.66564579272
194294,43878.016,52398.60291123469
194295,43878.016,46424.758794436995
194296,43878.016,28870.78551828824
194297,43878.016,49480.47942186641
194298,43878.016,53025.1326544137
194299,43878.016,50265.570000129825
194300,43878.016,77016.71897336573
194301,43878.016,29931.118209250326
194302,43878.016,25685.793110754166
194303,43878.016,20852.092845560288
194304,43878.016,50678.802048135345
194305,43878.016,14399.901297576429
194306,43878.016,57803.7253619723
194307,43878.016,72937.04658146895
194308,43878.016,49130.80970772236
194309,43878.016,5777.97773099791
194310,43878.016,20627.519663990595
194311,43878.016,17723.207226949893
194312,43878.016,17072.526085047706
194313,43878.016,45611.144833942395
194314,43878.016,53560.610316205035
194315,43878.016,48488.26594869474
194316,43878.016,12629.051341823606
194317,43878.016,32544.126317087754
194318,43878.016,70091.33318238305
194319,43878.016,24271.00240018372
194320,43878.016,27267.41464594061
194321,43878.016,47105.59221650461
194322,43878.016,66853.301443541
194323,43878.016,28148.910808823857
194324,43878.016,30838.88196604044
194325,43878.016,57092.346730470614
194326,43878.016,42036.19048702608
194327,43878.016,25544.827577847343
194328,43878.016,39836.725060389115
194329,43878.016,53687.208463600386
194330,43878.016,54978.4167443956
194331,43878.016,38307.41582609779
194332,43878.016,43549.42453453649
194333,43878.016,37802.67787192785
194334,43878.016,63951.89677611142
194335,43878.016,26571.636286948557
194336,43878.016,15390.610017747802
194337,43878.016,39889.93347121969
194338,43878.016,28232.606460576248
194339,43878.016,13267.159766954715
194340,43878.016,45024.82941817565
194341,43878.016,22325.285790413258
194342,43878.016,13626.104377809184
194343,43878.016,63562.376004972204
194344,43878.016,55482.88454806754
194345,43878.016,111389.71327451861
194346,43878.016,41757.20570606459
194347,43878.016,61083.02775439896
194348,43878.016,32412.639203849838
194349,43878.016,77044.13704989913
194350,43878.016,24153.721324604958
194351,43878.016,10830.034857323944
194352,43878.016,4719.851019674798
194353,43878.016,28007.780296473156
194354,43878.016,50511.00550841694
194355,43878.016,75095.18439447334
194356,43878.016,44391.618704263776
194357,43878.016,20815.083056344898
194358,43878.016,16746.051020139268
194359,43878.016,41185.96541461106
194360,43878.016,42658.53168622338
194361,43878.016,13392.298414052868
194362,43878.016,32539.144338592352
194363,43878.016,49688.305686583386
194364,43878.016,38186.895119766865
194365,43878.016,11723.066002487447
194366,43878.016,33069.24115414661
194367,43878.016,69980.53524026187
194368,43878.016,19031.22186073894
194369,43878.016,73137.84566736524
194370,43878.016,61013.95376035858
194371,43878.016,8419.62722088461
194372,43878.016,54012.70058470534
194373,43878.016,53971.80608321216
194374,43878.016,34449.61089042751
194375,43878.016,65528.14260347703
194376,43878.016,34226.461106976545
194377,43878.016,34503.168905347215
194378,43878.016,49290.34126570041
194379,43878.016,11263.359864854048
194380,43878.016,10149.815562288326
194381,43878.016,57055.31332446814
194382,43878.016,54590.10154875764
194383,43878.016,31426.34525029002
194384,43878.016,18179.353741542134
194385,43878.016,43655.003472930155
194386,43878.016,14742.766744307293
194387,43878.016,75461.35392839625
194388,43878.016,12794.352406143664
194389,43878.016,13606.040190592295
194390,43878.016,45008.17259385545
194391,43878.016,17603.42026440859
194392,43878.016,30055.91329070251
194393,43878.016,12924.087329238288
194394,43878.016,44346.586102721834
194395,43878.016,18639.70301543571
194396,43878.016,34357.129245851334
194397,43878.016,51315.86092786594
194398,43878.016,13960.536763466076
194399,43878.016,31576.356756531877
194400,43878.016,45238.50602933947
194401,43878.016,70382.55125571566
194402,43878.016,60130.70072260362
194403,43878.016,50386.08549159438
194404,43878.016,28289.195297126982
194405,43878.016,21252.363538165228
194406,43878.016,60047.724002188595
194407,43878.016,8204.53182859187
194408,43878.016,44826.24533071691
194409,43878.016,48038.42217827379
194410,43878.016,61217.09655489283
194411,43878.016,58132.59095862407
194412,43878.016,30906.545789351145
194413,43878.016,24170.875805620955
194414,43878.016,17937.618743931675
194415,43878.016,9989.623631710048
194416,43878.016,11005.358529951549
194417,43878.016,14135.811575874277
194418,43878.016,31317.99776325875
194419,43878.016,70098.76597869504
194420,43878.016,18682.055586339844
194421,43878.016,26692.963358051915
194422,43878.016,48562.435701208036
194423,43878.016,19452.080625789476
194424,43878.016,51206.975001338586
194425,43878.016,5339.142388842623
194426,43878.016,30878.65703269181
194427,43878.016,14295.903943363572
194428,43878.016,27337.310034046026
194429,43878.016,42109.22768754285
194430,43878.016,46483.87201543331
194431,43878.016,58931.38902179946
194432,43878.016,9328.670382089023
194433,43878.016,76547.93985835307
194434,43878.016,83187.29738490882
194435,43878.016,29513.217627307113
194436,43878.016,29018.777723263625
194437,43878.016,45024.0694699758
194438,43878.016,12351.049726371777
194439,43878.016,42845.91153037835
194440,43878.016,50191.651109625156
194441,43878.016,35680.594221819905
194442,43878.016,9637.216430009274
194443,43878.016,13366.636284965713
194444,43878.016,45920.626143822505
194445,43878.016,57982.85519041281
194446,43878.016,23205.306212354204
194447,43878.016,21416.702848938658
194448,43878.016,10163.222755185685
194449,43878.016,89792.93678286669
194450,43878.016,43110.09652280836
194451,43878.016,33046.221931376225
194452,43878.016,23695.96999407162
194453,43878.016,55102.18519923306
194454,43878.016,47411.588321419425
194455,43878.016,23137.17097421821
194456,43878.016,21170.67621729244
194457,43878.016,12877.74805619175
194458,43878.016,36203.97130748279
194459,43878.016,12856.796281523792
194460,43878.016,37576.85061168393
194461,43878.016,65700.17093573279
194462,43878.016,65914.23962815313
194463,43878.016,9749.696063359992
194464,43878.016,25318.83084896396
194465,43878.016,68533.67832450844
194466,43878.016,20322.87182970982
194467,43878.016,19892.54470280932
194468,43878.016,39534.80272144706
194469,43878.016,8187.877697740713
194470,43878.016,13075.78051997497
194471,43878.016,39288.72422804614
194472,43878.016,40843.618747924666
194473,43878.016,26393.749741980788
194474,43878.016,20777.34765358904
194475,43878.016,65078.160096363405
194476,43878.016,26564.704766086532
194477,43878.016,66973.99133151644
194478,43878.016,36853.991801933385
194479,43878.016,48008.9377031665
194480,43878.016,44146.88922219403
194481,43878.016,8916.127037272243
194482,43878.016,39438.74129203877
194483,43878.016,51219.0824456278
194484,43878.016,26440.100010084665
194485,43878.016,63045.78750200716
194486,43878.016,64187.43044108298
194487,43878.016,8613.375795676471
194488,43878.016,37794.306661862116
194489,43878.016,17381.969181840555
194490,43878.016,19509.15635813217
194491,43878.016,14793.87614559248
194492,43878.016,28078.88650270742
194493,43878.016,23268.79132922986
194494,43878.016,8577.406331855234
194495,43878.016,21416.09270900675
194496,43878.016,44663.28939707327
194497,43878.016,18414.79012149943
194498,43878.016,45210.22662440933
194499,43878.016,38575.19532080798
194500,43878.016,34876.02232225448
194501,43878.016,43218.14258988456
194502,43878.016,58673.27275338012
194503,43878.016,48893.504444962615
194504,43878.016,17334.815593265077
194505,43878.016,55664.09472585046
194506,43878.016,59935.19786637963
194507,43878.016,29705.051987881754
194508,43878.016,51580.0847595399
194509,43878.016,29094.45441783082
194510,43878.016,50539.12407325827
194511,43878.016,31768.368543185763
194512,43878.016,10825.122556344551
194513,43878.016,51517.65712845507
194514,43878.016,10700.585709775127
194515,43878.016,25982.218150541907
194516,43878.016,23018.24533580448
194517,43878.016,36732.33542773087
194518,43878.016,41425.636990312945
194519,43878.016,26093.916083180393
194520,43878.016,20231.666476541504
194521,43878.016,23264.54409480439
194522,43878.016,33711.381671328236
194523,43878.016,19628.583472736365
194524,43878.016,47042.042971573566
194525,43878.016,23960.673095523587
194526,43878.016,10073.399053126488
194527,43878.016,12111.564188537175
194528,43878.016,41818.42228938513
194529,43878.016,33530.19873501169
194530,43878.016,51330.96782860326
194531,43878.016,42118.66605548661
194532,43878.016,38480.63005120167
194533,43878.016,9048.648534202657
194534,43878.016,32364.705412935724
194535,43878.016,20741.376236579694
194536,43878.016,25377.43997394933
194537,43878.016,37431.34872531686
194538,43878.016,58656.31609053248
194539,43878.016,17597.22195659212
194540,43878.016,23575.894720740824
194541,43878.016,11927.189817466215
194542,43878.016,77316.88480078206
194543,43878.016,31344.083335625815
194544,43878.016,38637.27754770696
194545,43878.016,17592.522863934464
194546,43878.016,24945.51628081129
194547,43878.016,66430.0073025915
194548,43878.016,12061.672166930493
194549,43878.016,30796.3673020224
194550,43878.016,31040.2218046428
194551,43878.016,36336.34482211897
194552,43878.016,21483.96362920653
194553,43878.016,60208.05652684768
194554,43878.016,60424.57423154058
194555,43878.016,13628.77085318196
194556,43878.016,10270.910099422754
194557,43878.016,29550.339903680804
194558,43878.016,51690.12716138085
194559,43878.016,59225.74612030372
194560,43878.016,37810.70804738579
194561,43878.016,67324.88532571027
194562,43878.016,36428.07866083836
194563,43878.016,64801.24451047772
194564,43878.016,45603.20359744353
194565,43878.016,27265.902953945686
194566,43878.016,72794.8945019605
194567,43878.016,33318.77778682828
194568,43878.016,10306.984047417864
194569,43878.016,17397.508822110933
194570,43878.016,33987.344401206334
194571,43878.016,41443.519613979945
194572,43878.016,28887.658688928794
194573,43878.016,56174.00556708056
194574,43878.016,46971.56565610523
194575,43878.016,38056.26313599518
194576,43878.016,19910.576819253838
194577,43878.016,14602.248479175236
194578,43878.016,57123.247907538134
194579,43878.016,20678.087818366635
194580,43878.016,11911.916047716257
194581,43878.016,18853.12829280434
194582,43878.016,89714.57852432034
194583,43878.016,41372.02791911502
194584,43878.016,20165.636983606335
194585,43878.016,11785.076160763801
194586,43878.016,51049.551888904796
194587,43878.016,19945.507139453854
194588,43878.016,11475.679117983225
194589,43878.016,58309.53420370963
194590,43878.016,76817.18296679501
194591,43878.016,10366.124459559214
194592,43878.016,5450.607015701498
194593,43878.016,23220.502653622687
194594,43878.016,63717.80221527922
194595,43878.016,48779.3713859305
194596,43878.016,43926.146430219495
194597,43878.016,16845.61344010982
194598,43878.016,18323.36848036873
194599,43878.016,44259.65908693946
194600,43878.016,10842.067204689754
194601,43878.016,55702.41139226591
194602,43878.016,39247.65790333478
194603,43878.016,38451.60282044344
194604,43878.016,13508.077350187055
194605,43878.016,27466.654825923844
194606,43878.016,9213.316928168493
194607,43878.016,18860.106483746917
194608,43878.016,31926.04275588904
194609,43878.016,63552.79965295451
194610,43878.016,41649.50762211136
194611,43878.016,49333.17001260097
194612,43878.016,39626.912717399704
194613,43878.016,49573.09118374323
194614,43878.016,25923.215425269595
194615,43878.016,10424.901147997325
194616,43878.016,64016.810546136796
194617,43878.016,59602.73083271466
194618,43878.016,19575.45651141696
194619,43878.016,16656.47133969063
194620,43878.016,40711.16005474745
194621,43878.016,49538.823334115725
194622,43878.016,50253.104967803956
194623,43878.016,42258.6112548377
194624,43878.016,50891.789993874176
194625,43878.016,41948.01968434603
194626,43878.016,57695.40065735177
194627,43878.016,38895.46322786042
194628,43878.016,15835.831231677577
194629,43878.016,12459.40060539582
194630,43878.016,59737.864933778095
194631,43878.016,20544.070263508966
194632,43878.016,18810.320815277828
194633,43878.016,7195.6535236115715
194634,43878.016,21188.100707098212
194635,43878.016,17048.199626488087
194636,43878.016,39479.026049469336
194637,43878.016,26714.18714147482
194638,43878.016,66450.2452139719
194639,43878.016,20496.625402314326
194640,43878.016,70703.37390333886
194641,43878.016,44614.02290692623
194642,43878.016,50161.848621677185
194643,43878.016,25182.32846605473
194644,43878.016,26301.571562336223
194645,43878.016,8501.286877397166
194646,43878.016,59478.07812354946
194647,43878.016,14653.959913739776
194648,43878.016,28190.282583656415
194649,43878.016,14732.061951722622
194650,43878.016,71959.16702517284
194651,43878.016,52596.200783254404
194652,43878.016,11181.091672197652
194653,43878.016,46137.957878431764
194654,43878.016,41944.62533882791
194655,43878.016,23053.56585616199
194656,43878.016,40397.42989694931
194657,43878.016,36595.43431643087
194658,43878.016,8048.873987810849
194659,43878.016,35092.10130498249
194660,43878.016,58088.82709518829
194661,43878.016,56615.58253808571
194662,43878.016,57165.61744193992
194663,43878.016,24696.31911215474
194664,43878.016,31258.03885219811
194665,43878.016,19004.606850382534
194666,43878.016,14433.060606007148
194667,43878.016,53670.133094025114
194668,43878.016,19276.760248932544
194669,43878.016,67493.47454277874
194670,43878.016,28597.590423301695
194671,43878.016,52269.71882554398
194672,43878.016,94976.07300140423
194673,43878.016,35000.55597972926
194674,43878.016,25551.151651623117
194675,43878.016,59309.94816270286
194676,43878.016,32969.44691292192
194677,43878.016,46094.968380062164
194678,43878.016,25648.81990490341
194679,43878.016,34980.409796203654
194680,43878.016,19768.303647189765
194681,43878.016,34228.708608209155
194682,43878.016,40792.13116674102
194683,43878.016,32831.85367677954
194684,43878.016,23266.99843899849
194685,43878.016,17326.698934380765
194686,43878.016,34139.13628114191
194687,43878.016,22634.472521829626
194688,43878.016,41841.08886507589
194689,43878.016,53204.08835843489
194690,43878.016,35764.85306456585
194691,43878.016,30004.940666710372
194692,43878.016,31950.96631136839
194693,43878.016,23042.07275540055
194694,43878.016,9330.02843363198
194695,43878.016,39787.74328902135
194696,43878.016,32531.552475613236
194697,43878.016,76113.40242925884
194698,43878.016,13810.981075119278
194699,43878.016,69711.30198419871
194700,43878.016,24611.80919139095
194701,43878.016,18677.919676383248
194702,43878.016,36057.11138332562
194703,43878.016,28787.838551375622
194704,43878.016,35877.43053903765
194705,43878.016,33169.711180735365
194706,43878.016,7161.857968336985
194707,43878.016,33210.04373610819
194708,43878.016,12121.167024441045
194709,43878.016,52095.354524473994
194710,43878.016,46019.8054466314
194711,43878.016,48431.204220005704
194712,43878.016,41762.880069234794
194713,43878.016,64723.41754705504
194714,43878.016,23273.62870428763
194715,43878.016,52194.15104933352
194716,43878.016,32432.79140143302
194717,43878.016,47433.88793238593
194718,43878.016,55535.880113417465
194719,43878.016,18981.024837915487
194720,43878.016,16357.363666102448
194721,43878.016,50022.47020855731
194722,43878.016,17187.8505161596
194723,43878.016,42958.985157156
194724,43878.016,65450.77225721789
194725,43878.016,10529.512463674822
194726,43878.016,5780.666806692091
194727,43878.016,14596.389078521186
194728,43878.016,16045.546882616176
194729,43878.016,22027.632030596407
194730,43878.016,26544.93922361597
194731,43878.016,44558.83897699118
194732,43878.016,23061.96806857361
194733,43878.016,30206.59434109857
194734,43878.016,41565.789825276144
194735,43878.016,22476.60134350459
194736,43878.016,45572.77729372119
194737,43878.016,40851.28532690797
194738,43878.016,28571.819051292434
194739,43878.016,23675.14014213654
194740,43878.016,50711.27360658908
194741,43878.016,41515.72803069122
194742,43878.016,29506.070789178684
194743,43878.016,9406.125145151318
194744,43878.016,49462.84658396574
194745,43878.016,38201.54649497974
194746,43878.016,48929.7981593411
194747,43878.016,39344.56171753935
194748,43878.016,63978.63022105041
194749,43878.016,16149.314502618052
194750,43878.016,37314.38738863849
194751,43878.016,24920.73846917653
194752,43878.016,34305.418881425445
194753,43878.016,20498.985384357737
194754,43878.016,64828.6811241083
194755,43878.016,19017.26248729806
194756,43878.016,56461.98799725298
194757,43878.016,56314.74979518402
194758,43878.016,45285.68160991562
194759,43878.016,67590.59995112075
194760,43878.016,34370.51376242801
194761,43878.016,15371.265954347027
194762,43878.016,51972.93878886979
194763,43878.016,14919.6539909982
194764,43878.016,9923.593072040656
194765,43878.016,45485.79864663368
194766,43878.016,10332.864565831536
194767,43878.016,64979.919430664006
194768,43878.016,14743.62767486577
194769,43878.016,61736.17122013832
194770,43878.016,25825.673070856326
194771,43878.016,33069.990313814604
194772,43878.016,32876.85202164803
194773,43878.016,53096.58415302173
194774,43878.016,42071.5686218987
194775,43878.016,27416.273837912282
194776,43878.016,42480.14816449476
194777,43878.016,44017.9021754569
194778,43878.016,49909.65345307249
194779,43878.016,8879.960327121678
194780,43878.016,21101.689151736668
194781,43878.016,11277.395777874692
194782,43878.016,8691.501641071867
194783,43878.016,9723.76752749185
194784,43878.016,42104.1914898936
194785,43878.016,35655.7228246223
194786,43878.016,38951.48952702495
194787,43878.016,51970.27687744914
194788,43878.016,81665.7448918917
194789,43878.016,12076.879595634095
194790,43878.016,41322.397051213586
194791,43878.016,67146.81937237637
194792,43878.016,36505.217015174705
194793,43878.016,21503.870665128936
194794,43878.016,21594.42301909646
194795,43878.016,13330.619295252942
194796,43878.016,30499.47748837563
194797,43878.016,61163.99500204147
194798,43878.016,14671.2693455187
194799,43878.016,41662.02947439998
194800,43878.016,12646.712242393904
194801,43878.016,67854.50914001351
194802,43878.016,65011.48701847713
194803,43878.016,19975.709952691872
194804,43878.016,6352.930292804803
194805,43878.016,45598.22625993782
194806,43878.016,31422.583341621972
194807,43878.016,21715.3744912764
194808,43878.016,13717.528288068046
194809,43878.016,26870.406376156647
194810,43878.016,80579.98689295375
194811,43878.016,19824.849919469605
194812,43878.016,59855.087335549375
194813,43878.016,51036.31939198473
194814,43878.016,75031.70120730223
194815,43878.016,74185.1210884086
194816,43878.016,56702.81155857732
194817,43878.016,36477.01667600673
194818,43878.016,62006.74363885453
194819,43878.016,45130.79042231097
194820,43878.016,10315.21814743507
194821,43878.016,9888.837922922552
194822,43878.016,36809.21209884658
194823,43878.016,30322.83069221183
194824,43878.016,32212.956977147056
194825,43878.016,44981.473175356026
194826,43878.016,10277.276357650177
194827,43878.016,27067.99036208686
194828,43878.016,12038.975383676032
194829,43878.016,47962.67603225604
194830,43878.016,15896.854904187141
194831,43878.016,56697.65387068544
194832,43878.016,20591.97290101051
194833,43878.016,27402.19408281545
194834,43878.016,12204.250392733109
194835,43878.016,66465.82953804456
194836,43878.016,46404.48705797155
194837,43878.016,31652.37427808087
194838,43878.016,54032.53668994758
194839,43878.016,33904.117445372525
194840,43878.016,19382.770112291324
194841,43878.016,41143.3039024674
194842,43878.016,64622.053483515534
194843,43878.016,48002.203190459346
194844,43878.016,51582.950599128635
194845,43878.016,43360.10484032656
194846,43878.016,63653.35394697503
194847,43878.016,4061.5927405466527
194848,43878.016,15344.732417790598
194849,43878.016,21148.25939148595
194850,43878.016,8073.292232988232
194851,43878.016,37299.76960202442
194852,43878.016,56966.55155498884
194853,43878.016,118498.31390454476
194854,43878.016,10958.88897899925
194855,43878.016,24518.389828480602
194856,43878.016,33664.28243709829
194857,43878.016,13675.993144945021
194858,43878.016,91390.66972894911
194859,43878.016,58602.921351614015
194860,43878.016,16616.822489953367
194861,43878.016,105551.64616063036
194862,43878.016,37694.71979997673
194863,43878.016,45318.193313737276
194864,43878.016,29257.803273956746
194865,43878.016,54684.85878730951
194866,43878.016,7066.731985226688
194867,43878.016,71878.67490275478
194868,43878.016,50211.31531875261
194869,43878.016,21133.05470396481
194870,43878.016,92792.06069495676
194871,43878.016,27981.232460781295
194872,43878.016,60451.79743675584
194873,43878.016,25308.128894762405
194874,43878.016,23786.686128851947
194875,43878.016,23531.104725570294
194876,43878.016,57803.9669310158
194877,43878.016,12142.061287215212
194878,43878.016,47350.16514616059
194879,43878.016,9394.376992792224
194880,43878.016,105824.17311952412
194881,43878.016,67213.28277930382
194882,43878.016,34772.5578527531
194883,43878.016,29635.450301121105
194884,43878.016,17756.94811678312
194885,43878.016,9394.368145247869
194886,43878.016,47930.336794124065
194887,43878.016,26442.285442238695
194888,43878.016,41243.77705801472
194889,43878.016,39346.91388363327
194890,43878.016,15370.157088564065
194891,43878.016,32444.90267319492
194892,43878.016,5241.414226596204
194893,43878.016,50270.70670475773
194894,43878.016,38468.150131611525
194895,43878.016,57000.974269894345
194896,43878.016,28517.20925900675
194897,43878.016,61191.34428631838
194898,43878.016,24467.552850888158
194899,43878.016,9133.579244277555
194900,43878.016,58665.731728261606
194901,43878.016,10299.691341878946
194902,43878.016,34491.925996749516
194903,43878.016,27439.114814319408
194904,43878.016,10658.938490860279
194905,43878.016,36739.59781041552
194906,43878.016,12280.43103212709
194907,43878.016,71280.46309337384
194908,43878.016,29901.67526128592
194909,43878.016,57687.67086463116
194910,43878.016,31988.676339185993
194911,43878.016,22289.26945562573
194912,43878.016,15464.254252106097
194913,43878.016,24710.414209701266
194914,43878.016,53936.65290646692
194915,43878.016,9722.08804238038
194916,43878.016,27015.576511632768
194917,43878.016,16910.81484767972
194918,43878.016,23301.613653573382
194919,43878.016,68754.15291595743
194920,43878.016,63612.76198250234
194921,43878.016,26132.77999769143
194922,43878.016,32709.321679506913
194923,43878.016,11725.01675012907
194924,43878.016,23285.031020199393
194925,43878.016,48663.42874918657
194926,43878.016,22151.858018323266
194927,43878.016,51416.67431633144
194928,43878.016,13606.501373616737
194929,43878.016,11545.989673070868
194930,43878.016,36008.65471755863
194931,43878.016,51918.811488402025
194932,43878.016,39423.21377205956
194933,43878.016,15632.768589947245
194934,43878.016,59498.898929051924
194935,43878.016,8273.075333130057
194936,43878.016,68733.8829989494
194937,43878.016,47332.009903728125
194938,43878.016,34411.010941528155
194939,43878.016,21495.866498362135
194940,43878.016,37423.4609268393
194941,43878.016,33598.63790150797
194942,43878.016,24168.07740768789
194943,43878.016,16050.196033138227
194944,43878.016,32611.22043130729
194945,43878.016,11457.833502474332
194946,43878.016,57508.809203941084
194947,43878.016,33217.38543001026
194948,43878.016,71392.27395821155
194949,43878.016,24175.31741613171
194950,43878.016,8574.362414501098
194951,43878.016,31949.00299709717
194952,43878.016,12704.168931333998
194953,43878.016,21831.504760279877
194954,43878.016,15503.260757035436
194955,43878.016,49174.004084393026
194956,43878.016,56611.32895135209
194957,43878.016,16378.51605822533
194958,43878.016,5718.445989853225
194959,43878.016,25579.964342502335
194960,43878.016,54477.854132673616
194961,43878.016,16585.608881864395
194962,43878.016,17089.99094503976
194963,43878.016,10818.941292143421
194964,43878.016,14706.156265569874
194965,43878.016,15052.598348703748
194966,43878.016,61562.02023045203
194967,43878.016,34326.57823307602
194968,43878.016,70940.59526211787
194969,43878.016,11003.226014125941
194970,43878.016,6776.4931443629375
194971,43878.016,71558.27111040057
194972,43878.016,11781.069432719918
194973,43878.016,49659.60190899122
194974,43878.016,39577.12679478725
194975,43878.016,68059.7881279144
194976,43878.016,46247.962887278
194977,43878.016,12985.978022452697
194978,43878.016,3394.2195180927874
194979,43878.016,70763.28790766436
194980,43878.016,47768.68942413577
194981,43878.016,24038.42000966624
194982,43878.016,8830.503935528133
194983,43878.016,10082.690558852593
194984,43878.016,54148.396941326966
194985,43878.016,47096.359029611005
194986,43878.016,38015.16757783225
194987,43878.016,26060.784239873996
194988,43878.016,38242.946919337795
194989,43878.016,19243.97348207289
194990,43878.016,25660.441702738568
194991,43878.016,25272.46132949241
194992,43878.016,39396.12629190183
194993,43878.016,49197.24768494034
194994,43878.016,11956.743205752322
194995,43878.016,20958.70099055098
194996,43878.016,19620.388084019134
194997,43878.016,15511.457416982536
194998,43878.016,20817.188770117973
194999,43878.016,64504.831936989176
195000,43878.016,58975.713692229336
195001,43878.016,19948.24853834608
195002,43878.016,52337.31653733534
195003,43878.016,61204.14512422847
195004,43878.016,25253.637499906145
195005,43878.016,70417.26759389321
195006,43878.016,64122.8264003505
195007,43878.016,50357.236054436115
195008,43878.016,29884.674911904192
195009,43878.016,58810.20445768789
195010,43878.016,59073.44335116222
195011,43878.016,38191.230920210124
195012,43878.016,28095.944312651238
195013,43878.016,35233.152218780335
195014,43878.016,16457.480316356672
195015,43878.016,90567.06290848824
195016,43878.016,58161.64168726637
195017,43878.016,47409.37749858252
195018,43878.016,9249.758899403083
195019,43878.016,14195.077528328255
195020,43878.016,42668.7096552083
195021,43878.016,9050.638633417087
195022,43878.016,56540.84543845389
195023,43878.016,60373.37022478481
195024,43878.016,74375.50133061316
195025,43878.016,56885.66670646666
195026,43878.016,29427.76500174009
195027,43878.016,42470.411119885175
195028,43878.016,18467.69841138796
195029,43878.016,14164.934876487803
195030,43878.016,39324.84845064406
195031,43878.016,38189.1410034321
195032,43878.016,69535.10278084637
195033,43878.016,17741.76004736168
195034,43878.016,14321.255386334984
195035,43878.016,30887.713971111487
195036,43878.016,21506.57479042952
195037,43878.016,19012.413215592598
195038,43878.016,62163.15363772369
195039,43878.016,41055.867224177986
195040,43878.016,32179.063054006172
195041,43878.016,51351.60235611521
195042,43878.016,26786.507605651543
195043,43878.016,25993.25873013424
195044,43878.016,44270.04586682677
195045,43878.016,19108.44999328655
195046,43878.016,38620.28692579059
195047,43878.016,12976.163977455779
195048,43878.016,48540.58278615015
195049,43878.016,34242.49539469085
195050,43878.016,49210.40804946124
195051,43878.016,25807.934906929764
195052,43878.016,22302.830272854233
195053,43878.016,59299.11498912415
195054,43878.016,15337.023415997975
195055,43878.016,49217.43733728982
195056,43878.016,36718.14391826475
195057,43878.016,20394.455416366618
195058,43878.016,78032.82414595212
195059,43878.016,57654.9494385408
195060,43878.016,9550.44054467336
195061,43878.016,6304.037197551752
195062,43878.016,56352.14610816182
195063,43878.016,19999.630752451932
195064,43878.016,46666.13488487081
195065,43878.016,25496.077121219714
195066,43878.016,28803.835263200297
195067,43878.016,34914.35382710386
195068,43878.016,28636.912876723567
195069,43878.016,51215.99856478341
195070,43878.016,64378.96537843536
195071,43878.016,15986.196657129054
195072,43878.016,19654.26021224296
195073,43878.016,39911.14146995592
195074,43878.016,42600.05299798838
195075,43878.016,44783.89009006893
195076,43878.016,32026.282731331947
195077,43878.016,7437.384600168941
195078,43878.016,19925.38269470032
195079,43878.016,38022.75430314678
195080,43878.016,21231.538913486755
195081,43878.016,29495.010566013494
195082,43878.016,16342.452187359224
195083,43878.016,45154.342281911646
195084,43878.016,52016.662792065945
195085,43878.016,19694.4658460332
195086,43878.016,27494.0050951466
195087,43878.016,17267.406740902206
195088,43878.016,14969.516059933343
195089,43878.016,20711.497059678997
195090,43878.016,44372.4762597155
195091,43878.016,29126.658530018332
195092,43878.016,62767.04251173654
195093,43878.016,43877.26801139132
195094,43878.016,18238.957487710257
195095,43878.016,9092.468834220601
195096,43878.016,46405.55117851936
195097,43878.016,55591.3411072769
195098,43878.016,7078.359267700125
195099,43878.016,22436.483291783534
195100,43878.016,62541.71613344024
195101,43878.016,68713.6949388411
195102,43878.016,53643.84261524588
195103,43878.016,37557.774911823755
195104,43878.016,49682.19652383092
195105,43878.016,22187.416791501455
195106,43878.016,36661.030587932706
195107,43878.016,24868.57432214693
195108,43878.016,23175.09473406775
195109,43878.016,8025.233773188003
195110,43878.016,35135.50271194221
195111,43878.016,42353.64484103906
195112,43878.016,17199.279852621043
195113,43878.016,59892.11460524513
195114,43878.016,62213.22593429883
195115,43878.016,64583.87012238685
195116,43878.016,40574.897037140836
195117,43878.016,39868.62598916804
195118,43878.016,24568.35992729546
195119,43878.016,28038.067989352334
195120,43878.016,25065.470027089214
195121,43878.016,15855.111366106818
195122,43878.016,28250.423736298213
195123,43878.016,58635.26814148601
195124,43878.016,53357.50350362192
195125,43878.016,63993.757825339286
195126,43878.016,26462.3918490645
195127,43878.016,36204.1222076882
195128,43878.016,19616.95883469224
195129,43878.016,57159.4051178706
195130,43878.016,37303.05256316978
195131,43878.016,49951.40851731934
195132,43878.016,8249.793279646563
195133,43878.016,33105.90526469906
195134,43878.016,43901.320886236164
195135,43878.016,20597.859181603206
195136,43878.016,58411.33650292793
195137,43878.016,16827.585872969714
195138,43878.016,16909.840370512196
195139,43878.016,12331.668504862271
195140,43878.016,54834.257346342834
195141,43878.016,55793.41496956635
195142,43878.016,37093.56107453163
195143,43878.016,44938.0510800928
195144,43878.016,31245.72340053309
195145,43878.016,61832.71390982717
195146,43878.016,25763.275043754013
195147,43878.016,14151.59319894424
195148,43878.016,58118.653756989144
195149,43878.016,19472.83799472933
195150,43878.016,11832.873759647124
195151,43878.016,30412.09358120862
195152,43878.016,36279.18763776718
195153,43878.016,5172.415005363898
195154,43878.016,35947.581372559405
195155,43878.016,8370.861493036176
195156,43878.016,12213.390794575858
195157,43878.016,11023.931787210915
195158,43878.016,32994.19390027328
195159,43878.016,37536.273810089886
195160,43878.016,33716.91824621187
195161,43878.016,21304.998722984994
195162,43878.016,37809.90749790482
195163,43878.016,44804.4869685329
195164,43878.016,54103.64874349148
195165,43878.016,31472.18440521065
195166,43878.016,49199.92868176192
195167,43878.016,56994.49775728192
195168,43878.016,49701.68160825812
195169,43878.016,56050.11971828016
195170,43878.016,74000.1001696362
195171,43878.016,39146.97609769763
195172,43878.016,50621.73908330592
195173,43878.016,87442.84351471727
195174,43878.016,70308.56523494922
195175,43878.016,10549.77524562689
195176,43878.016,44110.309089151306
195177,43878.016,59680.904443614185
195178,43878.016,21364.63199211243
195179,43878.016,43135.42893492597
195180,43878.016,33840.30910368459
195181,43878.016,45595.55535987298
195182,43878.016,61328.27142739751
195183,43878.016,57375.24255324816
195184,43878.016,42567.172610892354
195185,43878.016,45675.05706129181
195186,43878.016,12801.450822462624
195187,43878.016,46561.02774164808
195188,43878.016,26191.04127581071
195189,43878.016,36113.79019106524
195190,43878.016,18631.93684842192
195191,43878.016,44496.2809138918
195192,43878.016,21198.567735588444
195193,43878.016,45913.68841162982
195194,43878.016,55595.77231453363
195195,43878.016,31459.264583280976
195196,43878.016,7221.501482941485
195197,43878.016,20535.10239257224
195198,43878.016,43887.338436993334
195199,43878.016,21281.090115106665
195200,43878.016,34687.84698595648
195201,43878.016,34994.18764027648
195202,43878.016,56180.1782468975
195203,43878.016,8387.245459138736
195204,43878.016,7122.827892676543
195205,43878.016,13889.4635878505
195206,43878.016,32757.583191658363
195207,43878.016,8107.857144597323
195208,43878.016,44758.08529362825
195209,43878.016,16679.00899347005
195210,43878.016,60166.431209782655
195211,43878.016,22589.743845917077
195212,43878.016,66682.99657597936
195213,43878.016,20535.471731296147
195214,43878.016,15119.244918647863
195215,43878.016,29817.624860459353
195216,43878.016,60149.05452305244
195217,43878.016,55753.94990117828
195218,43878.016,45643.74813102842
195219,43878.016,116913.33240530155
195220,43878.016,67957.67512830203
195221,43878.016,26956.924602336676
195222,43878.016,40034.45291650058
195223,43878.016,43917.99957013343
195224,43878.016,18929.672145221026
195225,43878.016,7135.361115690996
195226,43878.016,49179.902040489644
195227,43878.016,14075.979834670958
195228,43878.016,66076.58107472406
195229,43878.016,28218.22325594669
195230,43878.016,78789.25883160801
195231,43878.016,31321.89865601889
195232,43878.016,28236.016874378805
195233,43878.016,59943.414548663524
195234,43878.016,44453.96815921999
195235,43878.016,29527.22516501867
195236,43878.016,44840.22829321257
195237,43878.016,20387.26002753216
195238,43878.016,6540.637032070664
195239,43878.016,17757.770274050516
195240,43878.016,30315.30217733346
195241,43878.016,39756.19819418381
195242,43878.016,36506.513998660994
195243,43878.016,47733.35425527244
195244,43878.016,52845.673501178535
195245,43878.016,17907.871630501242
195246,43878.016,67120.56622660448
195247,43878.016,24282.950668270892
195248,43878.016,31484.763021536135
195249,43878.016,64404.453835104985
195250,43878.016,54434.65515852349
195251,43878.016,7690.794882652615
195252,43878.016,53800.55234810298
195253,43878.016,44584.70558450342
195254,43878.016,18474.780952211215
195255,43878.016,31070.212885796067
195256,43878.016,26011.94359604547
195257,43878.016,10946.666327716079
195258,43878.016,44969.39775537197
195259,43878.016,28225.67924955048
195260,43878.016,10882.730032716803
195261,43878.016,42774.88289306232
195262,43878.016,11176.550582375796
195263,43878.016,49995.41909071468
195264,43878.016,36537.684942003325
195265,43878.016,34707.43920484124
195266,43878.016,23972.37512428488
195267,43878.016,52075.284159320916
195268,43878.016,40131.53169627519
195269,43878.016,64336.64819188193
195270,43878.016,37815.862457028226
195271,43878.016,34357.12527876875
195272,43878.016,22640.491712802883
195273,43878.016,10358.935342404347
195274,43878.016,59431.06769627301
195275,43878.016,56392.07842424835
195276,43878.016,68212.33243966388
195277,43878.016,49924.99184456362
195278,43878.016,11261.579893198024
195279,43878.016,9763.600766674208
195280,43878.016,23800.28408927983
195281,43878.016,25387.127816969605
195282,43878.016,14538.18872416298
195283,43878.016,28462.07409046038
195284,43878.016,18642.66770036618
195285,43878.016,61309.31913182055
195286,43878.016,29015.29102897264
195287,43878.016,17481.923106361093
195288,43878.016,58747.0453502458
195289,43878.016,28508.22980412592
195290,43878.016,19950.77840376789
195291,43878.016,66053.11877920196
195292,43878.016,56854.32737997968
195293,43878.016,14320.840473337477
195294,43878.016,57984.3456243365
195295,43878.016,32242.87416457529
195296,43878.016,54525.11642820409
195297,43878.016,5987.759413129301
195298,43878.016,48280.52826406337
195299,43878.016,8041.092189848474
195300,43878.016,42824.07617382663
195301,43878.016,33992.15359922108
195302,43878.016,23653.038597887553
195303,43878.016,16296.595819853148
195304,43878.016,26530.001590299817
195305,43878.016,18458.102053629646
195306,43878.016,59422.38371665439
195307,43878.016,42352.329440146896
195308,43878.016,21567.803645954005
195309,43878.016,29980.40393416679
195310,43878.016,71200.85715573339
195311,43878.016,13628.658733658205
195312,43878.016,19006.549520704044
195313,43878.016,68384.90559030646
195314,43878.016,40573.08188040611
195315,43878.016,33811.5612065744
195316,43878.016,12668.928403894612
195317,43878.016,60316.787789730166
195318,43878.016,35468.28564593524
195319,43878.016,33116.14896701345
195320,43878.016,46807.02345577076
195321,43878.016,44604.53565793892
195322,43878.016,72401.36288718377
195323,43878.016,9753.504921513617
195324,43878.016,26366.377507690475
195325,43878.016,69218.56320003403
195326,43878.016,24601.928034844103
195327,43878.016,21255.49082092849
195328,43878.016,33642.67886573032
195329,43878.016,10345.992830993015
195330,43878.016,63958.60446802004
195331,43878.016,12852.832460898551
195332,43878.016,47483.83790962759
195333,43878.016,44992.6126681266
195334,43878.016,70905.82089099257
195335,43878.016,41311.826119024394
195336,43878.016,22863.707149832746
195337,43878.016,53916.4797242711
195338,43878.016,14701.875932783136
195339,43878.016,36022.41798252801
195340,43878.016,28147.290174137856
195341,43878.016,85248.18204307758
195342,43878.016,29406.270699093227
195343,43878.016,17636.920939037012
195344,43878.016,45133.30849137723
195345,43878.016,38203.32776595031
195346,43878.016,20792.547549398274
195347,43878.016,27772.317278220853
195348,43878.016,35771.39173583531
195349,43878.016,26932.635018259614
195350,43878.016,28157.640185077467
195351,43878.016,70608.06255972027
195352,43878.016,44286.14203844206
195353,43878.016,52359.92008160928
195354,43878.016,41370.39803356381
195355,43878.016,37436.03609446017
195356,43878.016,10718.79412828245
195357,43878.016,45169.55395392285
195358,43878.016,34404.28324352299
195359,43878.016,21985.045015705484
195360,43878.016,14134.368356530938
195361,43878.016,27559.01041921315
195362,43878.016,36145.72271413196
195363,43878.016,41308.63599874557
195364,43878.016,23884.36406706385
195365,43878.016,31381.30132658291
195366,43878.016,16996.190714899483
195367,43878.016,13673.982765920451
195368,43878.016,25662.321122939233
195369,43878.016,35511.90728617197
195370,43878.016,70056.89443893783
195371,43878.016,41604.79298909458
195372,43878.016,10367.765212470305
195373,43878.016,18152.889869223567
195374,43878.016,53397.953811384374
195375,43878.016,24220.20483688172
195376,43878.016,56027.68163203453
195377,43878.016,37133.22235482111
195378,43878.016,29925.935185814596
195379,43878.016,10779.830874221794
195380,43878.016,13419.029187157428
195381,43878.016,60981.21183616378
195382,43878.016,40032.787883462144
195383,43878.016,42680.98642720455
195384,43878.016,47794.90002667677
195385,43878.016,7849.441629072741
195386,43878.016,30293.79620568718
195387,43878.016,42286.075055322304
195388,43878.016,15470.554513748542
195389,43878.016,39599.897567306936
195390,43878.016,47258.30826171302
195391,43878.016,22326.952454814505
195392,43878.016,19656.746971654004
195393,43878.016,44278.278912575086
195394,43878.016,34384.1142433587
195395,43878.016,65369.9250289921
195396,43878.016,35903.320755599714
195397,43878.016,52077.66053034672
195398,43878.016,4396.196785118619
195399,43878.016,25630.68485446816
195400,43878.016,23316.204691586558
195401,43878.016,64650.43693013587
195402,43878.016,6497.666870526112
195403,43878.016,53528.302780467944
195404,43878.016,35429.107471531526
195405,43878.016,43555.14555517751
195406,43878.016,17051.671078431318
195407,43878.016,117787.01720391605
195408,43878.016,58112.56667613458
195409,43878.016,18350.82831671796
195410,43878.016,31935.40105660581
195411,43878.016,20549.384435640673
195412,43878.016,29501.1466869496
195413,43878.016,28433.882306876614
195414,43878.016,4980.509931713213
195415,43878.016,9965.492510782788
195416,43878.016,13124.640543905838
195417,43878.016,13831.71719483033
195418,43878.016,45800.727313521464
195419,43878.016,42929.16612293818
195420,43878.016,18480.32805397847
195421,43878.016,29346.434620057385
195422,43878.016,43431.92982184121
195423,43878.016,32806.342936493995
195424,43878.016,10289.443530780662
195425,43878.016,67413.55931693746
195426,43878.016,59634.93908339428
195427,43878.016,17498.58189571432
195428,43878.016,14106.383012838869
195429,43878.016,39830.54538573785
195430,43878.016,66130.20120596566
195431,43878.016,9340.014782714414
195432,43878.016,16584.60313704867
195433,43878.016,22991.552123239842
195434,43878.016,5008.230731003265
195435,43878.016,46051.094814867414
195436,43878.016,25712.28314919913
195437,43878.016,13864.295226289696
195438,43878.016,14386.498965318031
195439,43878.016,37527.312093293534
195440,43878.016,49913.80890529586
195441,43878.016,59527.99602622332
195442,43878.016,25875.572537207237
195443,43878.016,45849.08901759847
195444,43878.016,22234.441850051822
195445,43878.016,45909.96915666573
195446,43878.016,72126.60962867983
195447,43878.016,21176.05843711469
195448,43878.016,48126.47833957219
195449,43878.016,35981.33439580004
195450,43878.016,41134.36218479018
195451,43878.016,25370.680499857972
195452,43878.016,13154.986012120859
195453,43878.016,22044.77294225504
195454,43878.016,18477.362024132955
195455,43878.016,24964.45759862081
195456,43878.016,26886.55697372992
195457,43878.016,5338.44601592049
195458,43878.016,35519.69929017149
195459,43878.016,24505.60291915611
195460,43878.016,38644.47720114207
195461,43878.016,14184.165867685217
195462,43878.016,14050.017619651686
195463,43878.016,28470.980268645933
195464,43878.016,41799.89055008871
195465,43878.016,32467.058810536353
195466,43878.016,16573.873692580506
195467,43878.016,40740.001251879985
195468,43878.016,6431.017244397812
195469,43878.016,63006.4562867154
195470,43878.016,45846.15608173623
195471,43878.016,51277.86446521662
195472,43878.016,49947.77668144214
195473,43878.016,10495.326838124416
195474,43878.016,18900.285221133785
195475,43878.016,33872.52882592056
195476,43878.016,13217.799620851109
195477,43878.016,84968.32081868112
195478,43878.016,45087.814027333035
195479,43878.016,12886.671977673035
195480,43878.016,49741.20702203379
195481,43878.016,17481.355987931052
195482,43878.016,12865.381674706792
195483,43878.016,31795.14662196786
195484,43878.016,42177.55088841098
195485,43878.016,14236.234527924717
195486,43878.016,12528.606386376405
195487,43878.016,44172.97167480413
195488,43878.016,18298.389177938523
195489,43878.016,22854.2747882638
195490,43878.016,6307.9143895301995
195491,43878.016,56472.737972581206
195492,43878.016,55014.7365177893
195493,43878.016,49838.33262532136
195494,43878.016,59948.706645109894
195495,43878.016,44952.395514576834
195496,43878.016,27026.85270753771
195497,43878.016,8268.228069176288
195498,43878.016,39494.9433954507
195499,43878.016,55963.44305572173
195500,43878.016,21663.080508007173
195501,43878.016,16675.781528341548
195502,43878.016,55437.09265020441
195503,43878.016,27125.54970992203
195504,43878.016,39730.28125957473
195505,43878.016,43513.171764643994
195506,43878.016,46021.1690783357
195507,43878.016,55521.94945272909
195508,43878.016,19794.397706281903
195509,43878.016,16951.27499628306
195510,43878.016,53164.010005161166
195511,43878.016,57649.79552024694
195512,43878.016,40008.39783001534
195513,43878.016,51765.09480945494
195514,43878.016,26833.689543105196
195515,43878.016,24717.910712371024
195516,43878.016,51995.89946752338
195517,43878.016,19021.582567439447
195518,43878.016,31136.79868032049
195519,43878.016,69966.36409036047
195520,43878.016,8523.92390731321
195521,43878.016,20765.50782965739
195522,43878.016,23408.770374761447
195523,43878.016,48346.525978998696
195524,43878.016,55193.88593230755
195525,43878.016,20083.68187579318
195526,43878.016,39022.29076365949
195527,43878.016,30503.016346204284
195528,43878.016,15014.923886796687
195529,43878.016,13463.976684594309
195530,43878.016,50188.125670081514
195531,43878.016,22517.16733195307
195532,43878.016,77542.51590773532
195533,43878.016,22827.621337228447
195534,43878.016,18450.110020814824
195535,43878.016,55383.821412104684
195536,43878.016,32635.762542956938
195537,43878.016,23136.40402946235
195538,43878.016,32682.611596509938
195539,43878.016,35310.753620984324
195540,43878.016,36970.044024357296
195541,43878.016,61614.81557715847
195542,43878.016,57626.94009751532
195543,43878.016,26413.36110902379
195544,43878.016,12140.069098599814
195545,43878.016,31321.51649587375
195546,43878.016,59041.17798553488
195547,43878.016,63032.10294106228
195548,43878.016,12110.581968056595
195549,43878.016,39455.097979928185
195550,43878.016,79686.4835459535
195551,43878.016,20505.29400164059
195552,43878.016,10822.059008049364
195553,43878.016,10668.721578875238
195554,43878.016,20923.872475579414
195555,43878.016,21835.717134398248
195556,43878.016,24372.097929220115
195557,43878.016,31364.81430291699
195558,43878.016,52857.095899996915
195559,43878.016,64680.88509765957
195560,43878.016,39102.46565835679
195561,43878.016,35688.65488644701
195562,43878.016,67426.20919712778
195563,43878.016,61514.32724256324
195564,43878.016,19044.11399714094
195565,43878.016,29051.800958728214
195566,43878.016,36710.08617868438
195567,43878.016,10434.145532884724
195568,43878.016,13201.390359882605
195569,43878.016,37048.975586350396
195570,43878.016,33729.874969697405
195571,43878.016,17576.451541048362
195572,43878.016,35049.883451866284
195573,43878.016,23972.76370597993
195574,43878.016,36720.550661139976
195575,43878.016,18761.954449026533
195576,43878.016,18799.48239878103
195577,43878.016,20262.814629261306
195578,43878.016,20376.576352999025
195579,43878.016,10575.723873083827
195580,43878.016,33342.80524931204
195581,43878.016,8595.234390521888
195582,43878.016,38154.63467036907
195583,43878.016,56584.72824891446
195584,43878.016,33933.00285694141
195585,43878.016,28339.574971292383
195586,43878.016,11605.34960972746
195587,43878.016,28195.96969882751
195588,43878.016,9364.55341944014
195589,43878.016,54431.155304044005
195590,43878.016,26905.211455208304
195591,43878.016,34435.043685940764
195592,43878.016,16752.85397878981
195593,43878.016,16009.263861630321
195594,43878.016,21170.69964465971
195595,43878.016,16890.734819764108
195596,43878.016,38293.77095007054
195597,43878.016,60141.27264829371
195598,43878.016,43384.48981071777
195599,43878.016,52901.33950264782
195600,43878.016,57575.05202437868
195601,43878.016,69356.94355213435
195602,43878.016,71900.40468832405
195603,43878.016,76450.39138867923
195604,43878.016,12272.265001039978
195605,43878.016,63428.12599023936
195606,43878.016,41104.479200231355
195607,43878.016,38398.56331747293
195608,43878.016,22006.573974624782
195609,43878.016,66412.21091595074
195610,43878.016,51304.12407755247
195611,43878.016,52036.24333586328
195612,43878.016,18794.24546378019
195613,43878.016,48159.95903850633
195614,43878.016,56360.43758007661
195615,43878.016,44755.26085114413
195616,43878.016,45104.565992464035
195617,43878.016,47691.44799627863
195618,43878.016,18464.21702104568
195619,43878.016,49671.50654826421
195620,43878.016,58021.99611641626
195621,43878.016,27480.97332688913
195622,43878.016,28237.700611095202
195623,43878.016,32062.741516405666
195624,43878.016,19310.559366153375
195625,43878.016,72000.8396966917
195626,43878.016,32855.92045906136
195627,43878.016,23109.251126316
195628,43878.016,13202.802294445422
195629,43878.016,42079.0873746582
195630,43878.016,28175.03002434962
195631,43878.016,45095.54021510971
195632,43878.016,14646.902328041324
195633,43878.016,35081.77380286325
195634,43878.016,31428.221171009856
195635,43878.016,9778.379268468076
195636,43878.016,24071.322061681127
195637,43878.016,19439.760566105648
195638,43878.016,14562.997149755913
195639,43878.016,25529.2727703229
195640,43878.016,31538.55569085361
195641,43878.016,41295.93629808771
195642,43878.016,60450.82500564563
195643,43878.016,67978.51789676411
195644,43878.016,43597.568932887574
195645,43878.016,30066.813995497472
195646,43878.016,36600.6668560999
195647,43878.016,28743.487594910624
195648,43878.016,35262.77358120333
195649,43878.016,14676.466812475128
195650,43878.016,11140.418877380911
195651,43878.016,30742.53616461659
195652,43878.016,27150.30790854907
195653,43878.016,31161.90060532932
195654,43878.016,58319.54935524653
195655,43878.016,46612.631104313696
195656,43878.016,22135.32478350238
195657,43878.016,75226.23774653472
195658,43878.016,73539.256665438
195659,43878.016,14761.775269800397
195660,43878.016,47095.83058769927
195661,43878.016,14913.334710589681
195662,43878.016,44294.03579870858
195663,43878.016,25891.967307118583
195664,43878.016,8909.222296248488
195665,43878.016,21463.71024682233
195666,43878.016,40037.55286932292
195667,43878.016,63230.24748818377
195668,43878.016,46969.17779877437
195669,43878.016,7833.620805779013
195670,43878.016,59268.58705087223
195671,43878.016,38667.00062881066
195672,43878.016,33262.35981323886
195673,43878.016,57367.6626816365
195674,43878.016,26840.789364727283
195675,43878.016,45361.93473430925
195676,43878.016,40712.72251402712
195677,43878.016,11366.428802939032
195678,43878.016,58607.10097500246
195679,43878.016,18582.58679860726
195680,43878.016,40678.60125496971
195681,43878.016,62685.349712689844
195682,43878.016,87192.86960911499
195683,43878.016,17308.312017069304
195684,43878.016,47579.41424697707
195685,43878.016,35321.03345728553
195686,43878.016,10080.672074697679
195687,43878.016,14915.716956637212
195688,43878.016,11865.831392066588
195689,43878.016,45510.3615571633
195690,43878.016,58824.06871578107
195691,43878.016,33756.589590107986
195692,43878.016,48083.255256140365
195693,43878.016,26449.8392383602
195694,43878.016,3353.313424898003
195695,43878.016,46220.04866047967
195696,43878.016,44432.35559102159
195697,43878.016,24773.4391517854
195698,43878.016,11124.257395393743
195699,43878.016,11867.315328156013
195700,43878.016,39670.413176082664
195701,43878.016,32941.60422591588
195702,43878.016,46155.04680907935
195703,43878.016,42458.325278920536
195704,43878.016,9071.785829231283
195705,43878.016,14561.549985721007
195706,43878.016,29283.375829279354
195707,43878.016,19809.77866597083
195708,43878.016,21285.408075726034
195709,43878.016,21233.358585827318
195710,43878.016,13198.70286364219
195711,43878.016,57379.869058655524
195712,43878.016,34374.738104056654
195713,43878.016,14909.673648344175
195714,43878.016,13703.15065217695
195715,43878.016,14518.271328289073
195716,43878.016,27042.81059310088
195717,43878.016,54524.90416539716
195718,43878.016,37439.07437701339
195719,43878.016,26697.79739668733
195720,43878.016,41655.55673311698
195721,43878.016,65852.87414970198
195722,43878.016,89375.36533675967
195723,43878.016,92780.19542734075
195724,43878.016,24671.123761897303
195725,43878.016,43726.62153728978
195726,43878.016,18930.505307786152
195727,43878.016,32296.05676001431
195728,43878.016,12890.916387296975
195729,43878.016,37501.48892987448
195730,43878.016,12651.881658371034
195731,43878.016,63798.978424327375
195732,43878.016,21431.48019673663
195733,43878.016,47477.49354857066
195734,43878.016,19620.789550252117
195735,43878.016,6217.565006518985
195736,43878.016,68718.14667230488
195737,43878.016,10164.994476353824
195738,43878.016,17333.370971788194
195739,43878.016,37523.28836315789
195740,43878.016,17944.200686915556
195741,43878.016,33461.51709905172
195742,43878.016,31960.741632422734
195743,43878.016,37109.294387876296
195744,43878.016,27874.130266923825
195745,43878.016,50781.78378304509
195746,43878.016,38954.33718247458
195747,43878.016,7279.160767357388
195748,43878.016,49249.77690170601
195749,43878.016,20357.72945148035
195750,43878.016,3838.321154786864
195751,43878.016,59253.66379165953
195752,43878.016,39859.26400414535
195753,43878.016,43196.61461516704
195754,43878.016,61074.907244084345
195755,43878.016,49231.42204626262
195756,43878.016,24720.665755888054
195757,43878.016,20162.511511857832
195758,43878.016,74022.21340947037
195759,43878.016,47693.2694780592
195760,43878.016,8079.037747292095
195761,43878.016,84743.11358038467
195762,43878.016,19400.51411073136
195763,43878.016,35070.52923848012
195764,43878.016,36403.96018444195
195765,43878.016,19534.621266794034
195766,43878.016,15022.621040802109
195767,43878.016,54384.36902065961
195768,43878.016,42040.25703143179
195769,43878.016,8299.062067388086
195770,43878.016,15962.709162003444
195771,43878.016,67343.7422895168
195772,43878.016,37949.56761982801
195773,43878.016,67533.93658885639
195774,43878.016,26206.23651425431
195775,43878.016,13086.732020472427
195776,43878.016,41694.446692115795
195777,43878.016,28380.904457445948
195778,43878.016,46458.37770528898
195779,43878.016,16774.16688312719
195780,43878.016,3660.381170676782
195781,43878.016,57512.01056933328
195782,43878.016,65497.30609774566
195783,43878.016,22038.01866775188
195784,43878.016,49729.53832189839
195785,43878.016,18431.593657173456
195786,43878.016,66483.9378911419
195787,43878.016,79737.98475460993
195788,43878.016,68349.34252824083
195789,43878.016,64181.84334546688
195790,43878.016,43439.40630336147
195791,43878.016,65144.773867005744
195792,43878.016,41178.05685424018
195793,43878.016,55471.00775406847
195794,43878.016,64866.98565990216
195795,43878.016,20848.716563514972
195796,43878.016,51863.65825212865
195797,43878.016,10954.650134837295
195798,43878.016,38511.90174498622
195799,43878.016,41911.77399659963
195800,43878.016,9473.28437231743
195801,43878.016,11476.19102541467
195802,43878.016,23748.611544008167
195803,43878.016,6192.698204802876
195804,43878.016,48497.75292374732
195805,43878.016,33830.098413398984
195806,43878.016,14799.502816006101
195807,43878.016,19985.781273530763
195808,43878.016,31942.012397626786
195809,43878.016,26780.560243932767
195810,43878.016,53641.77578608187
195811,43878.016,16164.991206562989
195812,43878.016,75090.98048506623
195813,43878.016,18920.444972637757
195814,43878.016,64157.87826607395
195815,43878.016,37526.06177833099
195816,43878.016,31301.819514449875
195817,43878.016,30758.811568024248
195818,43878.016,42180.990356041024
195819,43878.016,45703.731482131785
195820,43878.016,10218.454549387523
195821,43878.016,23220.558965560173
195822,43878.016,65384.544887558404
195823,43878.016,39712.32484004986
195824,43878.016,13252.24160295885
195825,43878.016,38361.25132337409
195826,43878.016,40997.68383103489
195827,43878.016,17548.425775359763
195828,43878.016,18598.199835507745
195829,43878.016,21493.512944665865
195830,43878.016,53871.802275235685
195831,43878.016,52242.84817942214
195832,43878.016,14446.729585818564
195833,43878.016,29697.602535772974
195834,43878.016,33938.536019889936
195835,43878.016,21296.641145262834
195836,43878.016,48890.32997262935
195837,43878.016,52693.1430265455
195838,43878.016,16005.739485525544
195839,43878.016,30249.246024849053
195840,43878.016,34974.84585333459
195841,43878.016,39390.182249667756
195842,43878.016,73631.34779216311
195843,43878.016,59111.340964866766
195844,43878.016,74577.90682881743
195845,43878.016,11088.833650315253
195846,43878.016,18157.633527317746
195847,43878.016,50453.958675935806
195848,43878.016,13460.582108261462
195849,43878.016,80710.6954407445
195850,43878.016,68569.51718975433
195851,43878.016,18905.087095019735
195852,43878.016,13690.994668432339
195853,43878.016,15495.895639891573
195854,43878.016,47301.603129848874
195855,43878.016,7971.235798682148
195856,43878.016,7599.076612895035
195857,43878.016,37385.051196525725
195858,43878.016,22148.582735368524
195859,43878.016,25330.32729244665
195860,43878.016,12917.022549341296
195861,43878.016,24671.50374538514
195862,43878.016,20615.581740370202
195863,43878.016,40469.440679552645
195864,43878.016,60530.90170763916
195865,43878.016,18388.895701737067
195866,43878.016,121622.00619258167
195867,43878.016,8194.523945501895
195868,43878.016,50655.69491724151
195869,43878.016,12183.71249655446
195870,43878.016,9757.125305674612
195871,43878.016,44380.627712046065
195872,43878.016,17350.327840647406
195873,43878.016,9239.811299948498
195874,43878.016,17223.428786604192
195875,43878.016,33748.68068200727
195876,43878.016,52315.4685655001
195877,43878.016,50223.56095433478
195878,43878.016,33003.60441805099
195879,43878.016,29918.614509610103
195880,43878.016,31539.117979156785
195881,43878.016,10431.05637077484
195882,43878.016,40291.06218880804
195883,43878.016,18284.373407909225
195884,43878.016,35774.43319307719
195885,43878.016,47612.143208121335
195886,43878.016,34957.3344618877
195887,43878.016,53543.66973067515
195888,43878.016,27270.65690530786
195889,43878.016,19732.285452976168
195890,43878.016,54598.590138165884
195891,43878.016,46803.13203922262
195892,43878.016,47967.91358930323
195893,43878.016,12047.386917519816
195894,43878.016,27108.469814825334
195895,43878.016,52253.90461304038
195896,43878.016,90478.66212184264
195897,43878.016,10643.195084619158
195898,43878.016,55171.36853487685
195899,43878.016,17904.7407898662
195900,43878.016,65399.469137577726
195901,43878.016,33671.690166893204
195902,43878.016,35666.18211335363
195903,43878.016,38082.668136993554
195904,43878.016,60560.467127105505
195905,43878.016,12717.1176790745
195906,43878.016,26120.56764718038
195907,43878.016,15027.479638975592
195908,43878.016,49331.84584128232
195909,43878.016,47308.38651854289
195910,43878.016,79832.94747862489
195911,43878.016,13453.191503650567
195912,43878.016,52101.67870683108
195913,43878.016,26533.818401259115
195914,43878.016,34356.03111448385
195915,43878.016,36063.07689703465
195916,43878.016,15790.190527313176
195917,43878.016,54567.897120159774
195918,43878.016,9573.605284458376
195919,43878.016,8312.049580127215
195920,43878.016,55781.78142091181
195921,43878.016,13262.34378589419
195922,43878.016,50997.77678878371
195923,43878.016,30564.635506409668
195924,43878.016,66576.07525460167
195925,43878.016,33880.65384172974
195926,43878.016,13376.585397272282
195927,43878.016,53896.907966322404
195928,43878.016,36424.0701359669
195929,43878.016,55093.115113817694
195930,43878.016,39902.40825554316
195931,43878.016,56942.657470528284
195932,43878.016,53203.334493357754
195933,43878.016,8480.281763588957
195934,43878.016,46360.16208968568
195935,43878.016,30636.937725570937
195936,43878.016,48044.65999838754
195937,43878.016,45034.43063874961
195938,43878.016,11889.749855973118
195939,43878.016,16329.687923058424
195940,43878.016,55809.47931024109
195941,43878.016,64880.55907291037
195942,43878.016,45379.33823489578
195943,43878.016,8198.757251766572
195944,43878.016,18025.49368993337
195945,43878.016,14182.590015809408
195946,43878.016,50239.208738870235
195947,43878.016,6919.722853093489
195948,43878.016,19824.08785462187
195949,43878.016,106045.75079222323
195950,43878.016,9869.23720700349
195951,43878.016,14621.885180144254
195952,43878.016,10373.11378999488
195953,43878.016,47501.36877856555
195954,43878.016,51555.947303361354
195955,43878.016,39432.51643949456
195956,43878.016,43571.67022627763
195957,43878.016,13028.702940739375
195958,43878.016,6272.449306755707
195959,43878.016,82503.53696390272
195960,43878.016,36175.397654914304
195961,43878.016,26721.02310948781
195962,43878.016,15395.556283569795
195963,43878.016,18581.70681086704
195964,43878.016,38335.53555957203
195965,43878.016,38204.64539968602
195966,43878.016,49136.89829021077
195967,43878.016,19237.708802065397
195968,43878.016,20062.684783383072
195969,43878.016,29426.067404227644
195970,43878.016,54935.034532305865
195971,43878.016,72121.87085876924
195972,43878.016,61680.14066199549
195973,43878.016,68980.6759539481
195974,43878.016,32748.19983663845
195975,43878.016,29734.541112398
195976,43878.016,35358.84529405644
195977,43878.016,60998.25256274686
195978,43878.016,68110.25222136836
195979,43878.016,55154.805168882616
195980,43878.016,5996.470267985151
195981,43878.016,30980.61027565046
195982,43878.016,57834.54778354373
195983,43878.016,45774.844812417425
195984,43878.016,30776.588219107045
195985,43878.016,52560.3910110376
195986,43878.016,43619.39275617029
195987,43878.016,36903.91595444621
195988,43878.016,31624.03210859848
195989,43878.016,18891.735817994395
195990,43878.016,16358.45697449123
195991,43878.016,14569.565999450162
195992,43878.016,35326.09388421237
195993,43878.016,40268.506891948586
195994,43878.016,67977.73372038873
195995,43878.016,22450.79637768674
195996,43878.016,13502.409167965086
195997,43878.016,37236.00287279625
195998,43878.016,45804.93919349152
195999,43878.016,15791.075642776901
196000,43878.016,34566.42823874347
196001,43878.016,77611.64437930775
196002,43878.016,17980.528918023676
196003,43878.016,36345.87074216686
196004,43878.016,23511.867784557617
196005,43878.016,52352.78419461956
196006,43878.016,51868.085104339676
196007,43878.016,36722.83294521245
196008,43878.016,67166.09387746906
196009,43878.016,37791.42085043933
196010,43878.016,8304.377966203661
196011,43878.016,18394.339344569045
196012,43878.016,53346.925287964856
196013,43878.016,36032.2407822034
196014,43878.016,17991.46817232649
196015,43878.016,11940.844279342875
196016,43878.016,59435.79946380085
196017,43878.016,13956.437650795337
196018,43878.016,29824.31704916309
196019,43878.016,53297.37905409877
196020,43878.016,15996.630524949242
196021,43878.016,47100.81169214186
196022,43878.016,21420.672279680577
196023,43878.016,40293.152268792066
196024,43878.016,20083.795693067208
196025,43878.016,35254.49048449662
196026,43878.016,19314.15434586481
196027,43878.016,13996.846920582228
196028,43878.016,19033.22089860146
196029,43878.016,22186.09427676702
196030,43878.016,25293.84937105718
196031,43878.016,54006.759611305206
196032,43878.016,71642.48447401954
196033,43878.016,76825.28479345595
196034,43878.016,35166.38472102164
196035,43878.016,17245.864207931772
196036,43878.016,57483.20548376716
196037,43878.016,61976.742669339386
196038,43878.016,41594.18383443343
196039,43878.016,9942.65059958646
196040,43878.016,14325.259751300497
196041,43878.016,18016.605468858343
196042,43878.016,69197.71236133043
196043,43878.016,16773.10803858684
196044,43878.016,27765.66476258228
196045,43878.016,14502.263773909493
196046,43878.016,77030.01648740628
196047,43878.016,49239.872879765106
196048,43878.016,31061.787898969455
196049,43878.016,23220.565821648353
196050,43878.016,34112.033836196264
196051,43878.016,34280.06305790042
196052,43878.016,12994.668338565916
196053,43878.016,19201.513627818204
196054,43878.016,36168.62528419723
196055,43878.016,38400.3277343326
196056,43878.016,23507.459858586084
196057,43878.016,21059.677136864444
196058,43878.016,4683.443429919558
196059,43878.016,34447.375836256106
196060,43878.016,39682.977786122065
196061,43878.016,10508.120663732252
196062,43878.016,8042.722674659367
196063,43878.016,9153.16344465143
196064,43878.016,20413.711762259292
196065,43878.016,15998.370982527793
196066,43878.016,35329.793714418825
196067,43878.016,35817.72620443096
196068,43878.016,31691.504945547887
196069,43878.016,42336.181089524594
196070,43878.016,31726.159214660765
196071,43878.016,14508.392211101575
196072,43878.016,24816.308514074546
196073,43878.016,20230.798201510574
196074,43878.016,46674.45112619512
196075,43878.016,24082.891985626517
196076,43878.016,68054.96077355316
196077,43878.016,67757.4185360948
196078,43878.016,18249.018378983816
196079,43878.016,18475.56633117366
196080,43878.016,30843.69473519926
196081,43878.016,32804.147144724295
196082,43878.016,14768.764609426122
196083,43878.016,34964.50427090645
196084,43878.016,9970.210917383767
196085,43878.016,37889.823692083686
196086,43878.016,39483.862454666494
196087,43878.016,48781.111394669184
196088,43878.016,83123.07035925533
196089,43878.016,23240.899660114672
196090,43878.016,44641.06803648731
196091,43878.016,13574.237840965185
196092,43878.016,16738.886429477905
196093,43878.016,68927.00392367537
196094,43878.016,38735.000229621415
196095,43878.016,24532.439127705937
196096,43878.016,12851.972709361864
196097,43878.016,15673.341888884708
196098,43878.016,14208.623138966032
196099,43878.016,49423.83907836076
196100,43878.016,7239.961551252993
196101,43878.016,21734.863311749345
196102,43878.016,11117.836061188109
196103,43878.016,43744.14984757786
196104,43878.016,52650.260530557665
196105,43878.016,33271.38865192157
196106,43878.016,7264.122682160118
196107,43878.016,7667.419652055753
196108,43878.016,17847.54912242776
196109,43878.016,75718.4448928291
196110,43878.016,7893.192269799885
196111,43878.016,24356.860206925143
196112,43878.016,65184.19115767259
196113,43878.016,5952.810879923309
196114,43878.016,44548.30338060049
196115,43878.016,8579.5189061909
196116,43878.016,22901.599433860858
196117,43878.016,71575.78282939275
196118,43878.016,58587.007546725974
196119,43878.016,18940.949784914734
196120,43878.016,88944.93736797519
196121,43878.016,9969.911485715518
196122,43878.016,57453.67952779038
196123,43878.016,33096.51587014872
196124,43878.016,9983.659227150643
196125,43878.016,36659.49754809205
196126,43878.016,43512.94219265373
196127,43878.016,38406.38898433601
196128,43878.016,81764.42530352918
196129,43878.016,51798.87935268179
196130,43878.016,31589.322682116803
196131,43878.016,36329.427688809665
196132,43878.016,31732.96539400291
196133,43878.016,20970.56580352748
196134,43878.016,11804.09990991059
196135,43878.016,65349.626708484066
196136,43878.016,11992.12620990597
196137,43878.016,20161.588987045263
196138,43878.016,18610.779604443047
196139,43878.016,12565.701204130866
196140,43878.016,16917.363550957645
196141,43878.016,21907.54942826562
196142,43878.016,54853.89102835585
196143,43878.016,64183.073651196086
196144,43878.016,54542.52226322158
196145,43878.016,61898.35161211879
196146,43878.016,54080.17764569732
196147,43878.016,22567.915050317006
196148,43878.016,21451.866793032932
196149,43878.016,33205.81314272072
196150,43878.016,49752.67382520098
196151,43878.016,34862.523664236294
196152,43878.016,71527.42893321023
196153,43878.016,47705.83636274125
196154,43878.016,32097.637960772583
196155,43878.016,48448.31845010582
196156,43878.016,55939.596369155355
196157,43878.016,46154.21495996558
196158,43878.016,11858.305346188328
196159,43878.016,62423.578264576594
196160,43878.016,126196.23792150422
196161,43878.016,29770.13095008446
196162,43878.016,20205.06741753074
196163,43878.016,24196.758187224263
196164,43878.016,72016.14784015658
196165,43878.016,18191.712804481853
196166,43878.016,40839.02455205034
196167,43878.016,19913.240730247733
196168,43878.016,5552.165904837861
196169,43878.016,17017.225625796644
196170,43878.016,16818.343686129567
196171,43878.016,55349.40629718631
196172,43878.016,56699.00341994788
196173,43878.016,29534.055431686793
196174,43878.016,43221.67944461151
196175,43878.016,35361.86275959893
196176,43878.016,10554.464547547828
196177,43878.016,15895.514710135907
196178,43878.016,52434.93175351326
196179,43878.016,51400.76526312382
196180,43878.016,17519.420344310805
196181,43878.016,56407.64752305781
196182,43878.016,16214.738536525489
196183,43878.016,35307.85473489506
196184,43878.016,50512.38353736126
196185,43878.016,66045.94696536621
196186,43878.016,31649.19744837037
196187,43878.016,52105.88849982898
196188,43878.016,23404.87000612761
196189,43878.016,68957.71363609526
196190,43878.016,38216.31278956898
196191,43878.016,40359.883853829015
196192,43878.016,28391.105481845203
196193,43878.016,18732.1354770777
196194,43878.016,6569.701508093017
196195,43878.016,23228.53886689988
196196,43878.016,67639.14384024595
196197,43878.016,111845.13092358538
196198,43878.016,12408.10357250031
196199,43878.016,38994.72071543741
196200,43878.016,44704.418016882584
196201,43878.016,39538.38806017735
196202,43878.016,13040.732217360961
196203,43878.016,46316.4587359393
196204,43878.016,44413.875906402085
196205,43878.016,66519.17441570394
196206,43878.016,43340.99706006041
196207,43878.016,30261.777939100844
196208,43878.016,54436.14129822274
196209,43878.016,43844.30400284759
196210,43878.016,13880.497321013721
196211,43878.016,27226.691720458784
196212,43878.016,22698.66477340589
196213,43878.016,25421.354746154477
196214,43878.016,68273.25972168909
196215,43878.016,11114.684168885193
196216,43878.016,17243.770465782432
196217,43878.016,45228.57167617526
196218,43878.016,49233.73269195265
196219,43878.016,63837.24999148236
196220,43878.016,19298.279111432323
196221,43878.016,19698.74226336956
196222,43878.016,31135.46004471759
196223,43878.016,38221.543062429344
196224,43878.016,27369.102576952446
196225,43878.016,33593.734561178244
196226,43878.016,74219.54458051811
196227,43878.016,30329.096029831286
196228,43878.016,57688.23122397892
196229,43878.016,26713.851288776405
196230,43878.016,28515.949006123203
196231,43878.016,45960.149571625065
196232,43878.016,17612.636335967836
196233,43878.016,21074.887267266888
196234,43878.016,26451.5959283956
196235,43878.016,42824.68641984532
196236,43878.016,43808.00240676295
196237,43878.016,37708.97680433859
196238,43878.016,12477.906015875238
196239,43878.016,28774.12497274617
196240,43878.016,17808.721318935193
196241,43878.016,6338.215133407722
196242,43878.016,36500.43908281164
196243,43878.016,8763.759740642749
196244,43878.016,27631.863132613154
196245,43878.016,31184.04927611077
196246,43878.016,14810.580209948288
196247,43878.016,15424.980794676427
196248,43878.016,63056.89971622907
196249,43878.016,48959.32623086915
196250,43878.016,44936.29931022278
196251,43878.016,67635.50742268158
196252,43878.016,21236.616448313573
196253,43878.016,49680.84002532873
196254,43878.016,14368.692457294297
196255,43878.016,43892.87784925335
196256,43878.016,33657.47201728041
196257,43878.016,16792.648356873317
196258,43878.016,113309.60108681042
196259,43878.016,25029.217811277027
196260,43878.016,7535.992369114074
196261,43878.016,64994.95575693232
196262,43878.016,12632.442702136408
196263,43878.016,40620.89996163897
196264,43878.016,16124.004588882093
196265,43878.016,8961.4806378464
196266,43878.016,54400.70577666086
196267,43878.016,29619.69167045692
196268,43878.016,47675.094452717385
196269,43878.016,70617.2424558415
196270,43878.016,19050.627867416544
196271,43878.016,27720.49124848066
196272,43878.016,53874.57217756283
196273,43878.016,42361.43913251737
196274,43878.016,20528.25192354409
196275,43878.016,12879.567302859008
196276,43878.016,48211.227072434594
196277,43878.016,24327.561865429238
196278,43878.016,49331.87304190651
196279,43878.016,53635.299836789825
196280,43878.016,59229.18048348693
196281,43878.016,57306.842222242274
196282,43878.016,37172.5803277138
196283,43878.016,27183.399901940145
196284,43878.016,57120.692036083055
196285,43878.016,12546.719227406631
196286,43878.016,56567.410393938226
196287,43878.016,13651.4403238008
196288,43878.016,8116.000430835236
196289,43878.016,16130.00929650141
196290,43878.016,19816.884166045562
196291,43878.016,10111.921321038819
196292,43878.016,35207.11181077417
196293,43878.016,20821.81696218234
196294,43878.016,69927.75259213107
196295,43878.016,34184.15853490723
196296,43878.016,8780.377094520214
196297,43878.016,16038.094779374036
196298,43878.016,50669.726757228724
196299,43878.016,33965.45378950735
196300,43878.016,12827.055118100763
196301,43878.016,20126.13031385794
196302,43878.016,35928.119675141825
196303,43878.016,26427.532212746468
196304,43878.016,17484.78521120074
196305,43878.016,43813.277283107884
196306,43878.016,38638.298222711426
196307,43878.016,52036.521766189624
196308,43878.016,45686.878007354295
196309,43878.016,18833.755983704712
196310,43878.016,31948.272506821784
196311,43878.016,40601.95552942498
196312,43878.016,11908.0539454842
196313,43878.016,12085.635916550833
196314,43878.016,41854.6815989144
196315,43878.016,17040.305560140554
196316,43878.016,14148.467159942613
196317,43878.016,61246.480915490596
196318,43878.016,23822.717786107834
196319,43878.016,30762.61142701866
196320,43878.016,117991.36555927375
196321,43878.016,57907.40045740276
196322,43878.016,13781.497013556631
196323,43878.016,38692.27649777796
196324,43878.016,71167.35227436581
196325,43878.016,32947.75685677802
196326,43878.016,63085.87046116009
196327,43878.016,46919.40274625623
196328,43878.016,31786.922288098747
196329,43878.016,38784.98717830007
196330,43878.016,59012.67048180795
196331,43878.016,79599.86372530783
196332,43878.016,23197.66158579822
196333,43878.016,25558.174347820903
196334,43878.016,39214.9787942532
196335,43878.016,33802.87279799488
196336,43878.016,43171.10792626764
196337,43878.016,67122.79887701833
196338,43878.016,43857.506336491904
196339,43878.016,16926.409896445763
196340,43878.016,52859.54228712926
196341,43878.016,41132.62466599109
196342,43878.016,43824.84928690651
196343,43878.016,14278.430677338225
196344,43878.016,53747.48592035707
196345,43878.016,28037.094324151334
196346,43878.016,24923.1186097093
196347,43878.016,65086.17801795768
196348,43878.016,13168.164021641422
196349,43878.016,68723.38920218678
196350,43878.016,27464.636273928874
196351,43878.016,60345.1181088324
196352,43878.016,13150.662523653478
196353,43878.016,8379.22718556515
196354,43878.016,36500.766891693966
196355,43878.016,61218.153320227706
196356,43878.016,45776.88756055691
196357,43878.016,35141.559791260326
196358,43878.016,33624.05794913276
196359,43878.016,28841.726958921055
196360,43878.016,65722.6153330385
196361,43878.016,16964.272238069963
196362,43878.016,14896.449769668076
196363,43878.016,38700.87087548279
196364,43878.016,55631.70037328558
196365,43878.016,70535.1491949127
196366,43878.016,29934.28642942975
196367,43878.016,53946.2745815952
196368,43878.016,22904.49857208061
196369,43878.016,54495.20496289203
196370,43878.016,42319.009070877495
196371,43878.016,38322.56343917477
196372,43878.016,17131.17196664316
196373,43878.016,11267.465862430838
196374,43878.016,40308.578692743096
196375,43878.016,39421.993505816885
196376,43878.016,9051.334322711542
196377,43878.016,45363.33120283643
196378,43878.016,45105.88117400402
196379,43878.016,47130.608101236445
196380,43878.016,42063.99298066109
196381,43878.016,26984.35932149638
196382,43878.016,9372.540861142224
196383,43878.016,22249.208065597843
196384,43878.016,11890.665810762857
196385,43878.016,67012.88267528785
196386,43878.016,57392.93388940628
196387,43878.016,60477.401122260424
196388,43878.016,58771.389093589896
196389,43878.016,11564.248820775996
196390,43878.016,58958.87613981665
196391,43878.016,58006.987316380706
196392,43878.016,17931.203742453672
196393,43878.016,15971.669012554215
196394,43878.016,19761.643532702536
196395,43878.016,45389.73909449496
196396,43878.016,61117.93938793846
196397,43878.016,34017.25949223076
196398,43878.016,13966.255702779476
196399,43878.016,28047.39185659044
196400,43878.016,78694.57420163298
196401,43878.016,29831.639717696227
196402,43878.016,51835.241989559225
196403,43878.016,31381.827105554563
196404,43878.016,17113.966274255723
196405,43878.016,11076.97634806976
196406,43878.016,35594.64803668711
196407,43878.016,21953.47271475154
196408,43878.016,50629.39997381568
196409,43878.016,11651.437179285102
196410,43878.016,58268.88621519041
196411,43878.016,60448.32426201679
196412,43878.016,9353.601865398094
196413,43878.016,27977.587043475276
196414,43878.016,26377.543028625212
196415,43878.016,25933.231199614584
196416,43878.016,39670.06151807991
196417,43878.016,67476.43712817317
196418,43878.016,24220.272102449246
196419,43878.016,26973.799920468893
196420,43878.016,29340.383745748553
196421,43878.016,23245.39050176126
196422,43878.016,32830.256571239974
196423,43878.016,43743.87660456085
196424,43878.016,67922.5240212925
196425,43878.016,13651.895561421607
196426,43878.016,46929.48698712824
196427,43878.016,70086.2442725613
196428,43878.016,39448.52611543022
196429,43878.016,15811.75962862448
196430,43878.016,49899.26251988179
196431,43878.016,44261.670367000195
196432,43878.016,33311.0330003337
196433,43878.016,16508.979759559483
196434,43878.016,27143.716487625286
196435,43878.016,50236.526297848824
196436,43878.016,64281.53886533737
196437,43878.016,25029.96177175412
196438,43878.016,43347.161662474406
196439,43878.016,25418.86925162189
196440,43878.016,7357.2885506514085
196441,43878.016,46438.41634281977
196442,43878.016,22676.380651397525
196443,43878.016,30921.67739228126
196444,43878.016,50903.43606256603
196445,43878.016,58306.76515641723
196446,43878.016,24076.82268707309
196447,43878.016,26555.136186904587
196448,43878.016,19226.334792619215
196449,43878.016,38290.1924831706
196450,43878.016,18050.277119015576
196451,43878.016,68106.66051140174
196452,43878.016,50296.91218570231
196453,43878.016,30034.334833006436
196454,43878.016,13080.424417049071
196455,43878.016,9493.356987558233
196456,43878.016,11155.360014513206
196457,43878.016,46330.466916864345
196458,43878.016,41403.380463106754
196459,43878.016,29940.08266957922
196460,43878.016,6980.378932371178
196461,43878.016,28821.22770829917
196462,43878.016,66829.58424231246
196463,43878.016,22328.47244929064
196464,43878.016,35955.873340269805
196465,43878.016,6377.373756195725
196466,43878.016,46390.596559867314
196467,43878.016,7284.892204810175
196468,43878.016,4307.190389470852
196469,43878.016,36409.82912658753
196470,43878.016,52900.348213499274
196471,43878.016,11833.558040165075
196472,43878.016,51091.80145205401
196473,43878.016,25658.905049507583
196474,43878.016,46296.62958126427
196475,43878.016,17570.66472143045
196476,43878.016,86629.13825784797
196477,43878.016,17102.316955401613
196478,43878.016,36991.863266353386
196479,43878.016,9500.288316383941
196480,43878.016,50944.38694965268
196481,43878.016,9615.789764706033
196482,43878.016,10792.591376605467
196483,43878.016,37085.271608964766
196484,43878.016,38744.517565700306
196485,43878.016,32647.217551067362
196486,43878.016,52824.39296675196
196487,43878.016,21157.70693912061
196488,43878.016,45518.28805850423
196489,43878.016,77089.31704326846
196490,43878.016,49606.39173397185
196491,43878.016,18549.9156944555
196492,43878.016,59925.68550717709
196493,43878.016,46760.501603736106
196494,43878.016,27376.429414414833
196495,43878.016,15817.003106170581
196496,43878.016,45066.111117447734
196497,43878.016,21201.60100103575
196498,43878.016,81775.1998287344
196499,43878.016,21641.635295851174
196500,43878.016,11536.744495173778
196501,43878.016,10161.196803221392
196502,43878.016,25121.304625367386
196503,43878.016,46621.2313802462
196504,43878.016,7070.160885564346
196505,43878.016,32144.954095725534
196506,43878.016,9399.665977813722
196507,43878.016,41135.74429277813
196508,43878.016,63214.540469938336
196509,43878.016,53893.30823292822
196510,43878.016,14626.16940134177
196511,43878.016,19009.694392951955
196512,43878.016,33847.5133537394
196513,43878.016,13453.736503245731
196514,43878.016,72977.59248199395
196515,43878.016,34084.3235284047
196516,43878.016,55963.75853197622
196517,43878.016,25661.35190742554
196518,43878.016,55944.19862603325
196519,43878.016,15867.703803625036
196520,43878.016,11889.7301121412
196521,43878.016,17407.444582722248
196522,43878.016,59234.41681939281
196523,43878.016,45788.36084711255
196524,43878.016,35812.14993695509
196525,43878.016,54362.02262973487
196526,43878.016,54233.144214712665
196527,43878.016,7628.196746826481
196528,43878.016,37227.44393569796
196529,43878.016,22432.455448248304
196530,43878.016,57684.50983817286
196531,43878.016,15532.492964551293
196532,43878.016,34388.05055520047
196533,43878.016,26994.461901117582
196534,43878.016,41653.994835961224
196535,43878.016,14342.416680479948
196536,43878.016,39530.42495296772
196537,43878.016,37663.94493204221
196538,43878.016,32818.23432370365
196539,43878.016,38871.541928045976
196540,43878.016,75575.10700949244
196541,43878.016,33947.080363904795
196542,43878.016,18263.657320742954
196543,43878.016,51667.274551855975
196544,43878.016,11405.337396087529
196545,43878.016,30302.603916492582
196546,43878.016,43473.427967947646
196547,43878.016,45763.3254674115
196548,43878.016,63356.723705002434
196549,43878.016,48673.61276516894
196550,43878.016,27034.6089238933
196551,43878.016,39295.461125244394
196552,43878.016,65650.36265294318
196553,43878.016,21917.760601992413
196554,43878.016,84240.54317859402
196555,43878.016,18122.24666347013
196556,43878.016,5371.967335544382
196557,43878.016,30294.109033382152
196558,43878.016,20400.41377204569
196559,43878.016,22735.113517284673
196560,43878.016,11150.948058147365
196561,43878.016,27329.944532890055
196562,43878.016,52857.432783784454
196563,43878.016,26623.914504567718
196564,43878.016,26853.939997288508
196565,43878.016,16163.471032261708
196566,43878.016,32745.323595857695
196567,43878.016,13623.54349223911
196568,43878.016,87760.35457430735
196569,43878.016,19818.920041994148
196570,43878.016,19891.50986099199
196571,43878.016,19044.22165384028
196572,43878.016,36077.67336464271
196573,43878.016,66310.17988553658
196574,43878.016,32594.675814453516
196575,43878.016,37407.606519686844
196576,43878.016,22669.51670476952
196577,43878.016,62994.84386933083
196578,43878.016,38257.30609222485
196579,43878.016,56228.0022183121
196580,43878.016,36195.9817072136
196581,43878.016,21784.819864343866
196582,43878.016,6944.988821856348
196583,43878.016,63884.3182953649
196584,43878.016,5811.323144674857
196585,43878.016,17027.973365098762
196586,43878.016,44973.72508977914
196587,43878.016,9669.327774638954
196588,43878.016,18264.725502111687
196589,43878.016,27923.439872068724
196590,43878.016,33742.27090464929
196591,43878.016,30508.667247860398
196592,43878.016,31261.690362615253
196593,43878.016,27858.42611855428
196594,43878.016,41153.371166816134
196595,43878.016,59249.3860581677
196596,43878.016,52967.55088813258
196597,43878.016,77334.51927284533
196598,43878.016,68763.58873172909
196599,43878.016,34719.919425076994
196600,43878.016,59984.81957652283
196601,43878.016,10797.306990210325
196602,43878.016,58918.19186118623
196603,43878.016,42650.12059917732
196604,43878.016,18353.340972005517
196605,43878.016,22741.2389486057
196606,43878.016,45992.92231112193
196607,43878.016,7402.764893771926
196608,43878.016,7852.988344416224
196609,43878.016,26296.63657975243
196610,43878.016,66481.22594006557
196611,43878.016,37256.375549275865
196612,43878.016,3543.854358808555
196613,43878.016,49564.43640434539
196614,43878.016,53570.297691140084
196615,43878.016,14632.259163609457
196616,43878.016,10282.104677707126
196617,43878.016,93522.01217905077
196618,43878.016,42458.765793434606
196619,43878.016,25823.655302094205
196620,43878.016,13750.653334279781
196621,43878.016,19331.351370616558
196622,43878.016,23027.130128107558
196623,43878.016,29671.452110507955
196624,43878.016,60635.71458508725
196625,43878.016,35854.750638299374
196626,43878.016,51115.53321678214
196627,43878.016,10518.513077837159
196628,43878.016,18606.285175148987
196629,43878.016,50654.831612358015
196630,43878.016,10845.214459747462
196631,43878.016,10642.580532430806
196632,43878.016,23973.17020304943
196633,43878.016,16785.94829903453
196634,43878.016,61696.470297636166
196635,43878.016,34531.55552909192
196636,43878.016,11503.199367706504
196637,43878.016,12739.966222882009
196638,43878.016,39464.13048858833
196639,43878.016,10916.245065904082
196640,43878.016,38484.639652783044
196641,43878.016,22109.997102678928
196642,43878.016,49523.39718514655
196643,43878.016,27531.279068527772
196644,43878.016,25463.056749324453
196645,43878.016,12927.596493196983
196646,43878.016,9297.238071699454
196647,43878.016,18667.28098827649
196648,43878.016,35373.738784448986
196649,43878.016,17367.705620338693
196650,43878.016,33808.04382045224
196651,43878.016,40224.59919771278
196652,43878.016,53685.623345293796
196653,43878.016,25584.05050062266
196654,43878.016,14702.314171010521
196655,43878.016,24489.154892728027
196656,43878.016,15164.594380679955
196657,43878.016,31819.779620999976
196658,43878.016,11032.416316941668
196659,43878.016,13764.249398439473
196660,43878.016,45963.985464396734
196661,43878.016,60891.09200524514
196662,43878.016,65422.41182576241
196663,43878.016,20916.85615317338
196664,43878.016,46654.717925348654
196665,43878.016,46214.87507977191
196666,43878.016,20924.289378668178
196667,43878.016,26766.404731816845
196668,43878.016,20537.03060368089
196669,43878.016,76075.78199864963
196670,43878.016,26511.387047920314
196671,43878.016,41424.85941859612
196672,43878.016,55626.30679138917
196673,43878.016,39252.905148767575
196674,43878.016,12591.296428232892
196675,43878.016,24483.371313928317
196676,43878.016,36566.352526035036
196677,43878.016,54395.361267741435
196678,43878.016,33809.08054530474
196679,43878.016,22730.275950723615
196680,43878.016,12110.627694118702
196681,43878.016,30313.328977280842
196682,43878.016,22214.010070454882
196683,43878.016,33530.646318499275
196684,43878.016,68531.12076444435
196685,43878.016,14857.080098090191
196686,43878.016,62044.21048128596
196687,43878.016,27290.493906656844
196688,43878.016,16049.33477187971
196689,43878.016,59910.125448094484
196690,43878.016,78013.37424413649
196691,43878.016,50138.14359533565
196692,43878.016,23433.0662107219
196693,43878.016,28072.827170718196
196694,43878.016,10236.966592934852
196695,43878.016,31764.997773428066
196696,43878.016,16668.472802342636
196697,43878.016,59206.15175447501
196698,43878.016,32343.726810689048
196699,43878.016,55518.920745524316
196700,43878.016,46280.59130832835
196701,43878.016,33706.184453956914
196702,43878.016,23119.810503807606
196703,43878.016,21637.130204810644
196704,43878.016,46761.68557686335
196705,43878.016,31833.255391349187
196706,43878.016,21975.651173979237
196707,43878.016,9364.449820558864
196708,43878.016,46017.150644220266
196709,43878.016,24407.655666271898
196710,43878.016,54808.798697021564
196711,43878.016,19550.635054458013
196712,43878.016,48651.2298545884
196713,43878.016,33856.80348332333
196714,43878.016,42035.02140909677
196715,43878.016,19149.2516190178
196716,43878.016,61428.69639653629
196717,43878.016,24163.27274788434
196718,43878.016,41761.53738766212
196719,43878.016,50604.60337867181
196720,43878.016,27457.89067797988
196721,43878.016,20905.71999416611
196722,43878.016,57185.748248518146
196723,43878.016,14250.928308248633
196724,43878.016,33945.67038398681
196725,43878.016,83850.47378355046
196726,43878.016,14800.300840963386
196727,43878.016,38939.40405072
196728,43878.016,59037.792449119246
196729,43878.016,15030.968065055487
196730,43878.016,33611.72851932015
196731,43878.016,27903.606623633965
196732,43878.016,32541.75473255309
196733,43878.016,16979.92934980405
196734,43878.016,32355.325974490606
196735,43878.016,22442.076495038782
196736,43878.016,51893.27164709886
196737,43878.016,10679.526575457172
196738,43878.016,9784.942046460314
196739,43878.016,8603.855304841525
196740,43878.016,28010.788915625864
196741,43878.016,27039.64639345422
196742,43878.016,27333.248659464585
196743,43878.016,6966.684143262223
196744,43878.016,12752.210912874094
196745,43878.016,30549.45823528782
196746,43878.016,13715.539712516304
196747,43878.016,39865.74877955819
196748,43878.016,36746.06713573837
196749,43878.016,35000.77740620595
196750,43878.016,47846.6626041636
196751,43878.016,19445.53767710829
196752,43878.016,15310.223560203127
196753,43878.016,49948.941688761486
196754,43878.016,65235.02612699168
196755,43878.016,61938.73521464916
196756,43878.016,26192.472112468986
196757,43878.016,30875.72515564715
196758,43878.016,45438.59443402951
196759,43878.016,43048.69332714548
196760,43878.016,53263.42370978499
196761,43878.016,42393.88330879734
196762,43878.016,80753.70700497091
196763,43878.016,21617.841797275458
196764,43878.016,78232.99943524881
196765,43878.016,41659.68856648029
196766,43878.016,11500.900979862088
196767,43878.016,18256.1437683369
196768,43878.016,37826.54963232903
196769,43878.016,11903.375423050962
196770,43878.016,12706.665155739944
196771,43878.016,41731.17843464256
196772,43878.016,22157.145946802313
196773,43878.016,19805.987665658366
196774,43878.016,12115.991013284702
196775,43878.016,7465.95271861639
196776,43878.016,9667.1617755903
196777,43878.016,30654.884351168213
196778,43878.016,48401.39477690667
196779,43878.016,28724.076799710758
196780,43878.016,28216.603602840114
196781,43878.016,59876.325585948725
196782,43878.016,14238.024955498862
196783,43878.016,53202.74511977369
196784,43878.016,25155.081797111852
196785,43878.016,10027.864823663906
196786,43878.016,58809.2979919333
196787,43878.016,7330.796197574328
196788,43878.016,79072.4251825591
196789,43878.016,50165.29223583312
196790,43878.016,24059.548799643166
196791,43878.016,8035.896615105566
196792,43878.016,16778.8269738359
196793,43878.016,50985.096409533035
196794,43878.016,49224.498683930906
196795,43878.016,10256.916032858862
196796,43878.016,23679.10947021994
196797,43878.016,9521.837293674114
196798,43878.016,27440.69906696482
196799,43878.016,36780.34960459174
196800,43878.016,15732.278305488458
196801,43878.016,5915.451761109839
196802,43878.016,31111.35842549785
196803,43878.016,84994.63775763451
196804,43878.016,26753.112383707135
196805,43878.016,51449.842593370144
196806,43878.016,72007.73789216205
196807,43878.016,34008.16520636257
196808,43878.016,47127.043948216844
196809,43878.016,47132.51612568805
196810,43878.016,30857.63292352385
196811,43878.016,51776.27468376619
196812,43878.016,16576.47403438612
196813,43878.016,60983.08678945441
196814,43878.016,12510.64126523548
196815,43878.016,71327.93341006103
196816,43878.016,9121.741081046845
196817,43878.016,46519.39799160639
196818,43878.016,29911.827611565106
196819,43878.016,14218.400970600162
196820,43878.016,40675.490192250385
196821,43878.016,33962.19734827414
196822,43878.016,32430.197621633735
196823,43878.016,39024.080116806785
196824,43878.016,20467.257301433074
196825,43878.016,8712.532224246537
196826,43878.016,56090.626580641176
196827,43878.016,41658.54236875149
196828,43878.016,22192.160359159236
196829,43878.016,61381.62227831018
196830,43878.016,16650.05283968356
196831,43878.016,48628.905872883355
196832,43878.016,32316.157160417162
196833,43878.016,15635.603630132595
196834,43878.016,14616.304579862594
196835,43878.016,11440.953290115041
196836,43878.016,75124.05780534464
196837,43878.016,7458.954702966644
196838,43878.016,8276.129032386092
196839,43878.016,38132.242883350445
196840,43878.016,38311.30706189702
196841,43878.016,36644.41430227059
196842,43878.016,49939.88743874469
196843,43878.016,59858.21470068237
196844,43878.016,35410.49636410342
196845,43878.016,93742.8945107227
196846,43878.016,38966.97104499354
196847,43878.016,41500.732279654505
196848,43878.016,23837.02385978378
196849,43878.016,29459.68490431846
196850,43878.016,7843.100146500188
196851,43878.016,36793.44072173587
196852,43878.016,8005.404498870314
196853,43878.016,37887.86374121109
196854,43878.016,33014.547986077145
196855,43878.016,31955.218138564014
196856,43878.016,58288.872603932876
196857,43878.016,16889.540448080345
196858,43878.016,57369.60690981007
196859,43878.016,46783.26253422851
196860,43878.016,31760.824781810377
196861,43878.016,47540.20998555502
196862,43878.016,7284.350213595948
196863,43878.016,19264.84796194405
196864,43878.016,22308.42559583357
196865,43878.016,27219.80484378303
196866,43878.016,51848.79082292689
196867,43878.016,7305.318176885255
196868,43878.016,32779.411191328625
196869,43878.016,16499.895345030214
196870,43878.016,63092.585793035636
196871,43878.016,74206.30866605748
196872,43878.016,61198.85752226579
196873,43878.016,62831.891805312815
196874,43878.016,28216.948500674927
196875,43878.016,24150.969702904546
196876,43878.016,42116.099778333126
196877,43878.016,46180.323873101406
196878,43878.016,54491.549402593984
196879,43878.016,52910.086419216015
196880,43878.016,52417.404769143424
196881,43878.016,16819.679501704755
196882,43878.016,24444.41068799373
196883,43878.016,48117.925669917466
196884,43878.016,21315.90698795133
196885,43878.016,21301.776401242496
196886,43878.016,70229.74619401805
196887,43878.016,22792.63745460617
196888,43878.016,49296.5124625229
196889,43878.016,17847.280385926373
196890,43878.016,17067.42333255303
196891,43878.016,17963.359512317915
196892,43878.016,23603.657037473557
196893,43878.016,61161.21677505573
196894,43878.016,55079.44608066005
196895,43878.016,69067.56038780266
196896,43878.016,22880.27245341471
196897,43878.016,32740.314013659492
196898,43878.016,15056.449021589453
196899,43878.016,10516.025687922414
196900,43878.016,11957.524335053002
196901,43878.016,11868.69984964438
196902,43878.016,20413.845841281753
196903,43878.016,56182.5559473851
196904,43878.016,62424.84736341219
196905,43878.016,25399.481650977017
196906,43878.016,17245.47196902653
196907,43878.016,44830.797948453386
196908,43878.016,26376.06490628656
196909,43878.016,16770.953579771973
196910,43878.016,15619.630603784348
196911,43878.016,25695.60650344346
196912,43878.016,45969.50818209575
196913,43878.016,16689.21226441825
196914,43878.016,59001.845574441766
196915,43878.016,17022.75756663891
196916,43878.016,25534.138162656876
196917,43878.016,16108.975791529057
196918,43878.016,13991.096315766812
196919,43878.016,8348.027936547227
196920,43878.016,37365.765710761174
196921,43878.016,13548.007204778647
196922,43878.016,54938.55389996022
196923,43878.016,33842.90068632037
196924,43878.016,27627.032060482503
196925,43878.016,55381.428777968875
196926,43878.016,12426.723031955135
196927,43878.016,43177.05519535107
196928,43878.016,8289.364373380768
196929,43878.016,33899.36557223605
196930,43878.016,42739.15691334375
196931,43878.016,110518.97323390166
196932,43878.016,40612.192263429984
196933,43878.016,83291.79339644013
196934,43878.016,46397.449634038436
196935,43878.016,52176.66105182908
196936,43878.016,14191.491982249801
196937,43878.016,38268.14999562622
196938,43878.016,37711.133601053276
196939,43878.016,38056.38888592881
196940,43878.016,66219.66084755008
196941,43878.016,14654.46015511137
196942,43878.016,40969.72928140095
196943,43878.016,8678.67915188601
196944,43878.016,34975.037441283275
196945,43878.016,21501.92484666917
196946,43878.016,62693.94494209085
196947,43878.016,46394.191815197606
196948,43878.016,20464.391285113896
196949,43878.016,36586.36612425641
196950,43878.016,6419.553107708299
196951,43878.016,20673.472432901144
196952,43878.016,61725.52695920819
196953,43878.016,16780.496739754577
196954,43878.016,46714.192053946674
196955,43878.016,41469.42154317676
196956,43878.016,36400.42320751327
196957,43878.016,49359.47395541935
196958,43878.016,41079.53378505302
196959,43878.016,8303.645939876695
196960,43878.016,25656.971818434722
196961,43878.016,17567.558557039887
196962,43878.016,30046.5261110847
196963,43878.016,32604.905819404255
196964,43878.016,23717.40811285262
196965,43878.016,20274.744455570853
196966,43878.016,56156.55348016753
196967,43878.016,46361.62121735253
196968,43878.016,11379.898630591475
196969,43878.016,61101.983340508545
196970,43878.016,10209.039431679823
196971,43878.016,43516.11877580969
196972,43878.016,53571.4969925815
196973,43878.016,11486.493975050009
196974,43878.016,30629.308853611725
196975,43878.016,35828.9398908239
196976,43878.016,47798.93606177995
196977,43878.016,45428.91537838847
196978,43878.016,30845.25536093065
196979,43878.016,71760.92385611813
196980,43878.016,56826.36941616544
196981,43878.016,31109.95229577149
196982,43878.016,15885.504609616692
196983,43878.016,19192.628979118796
196984,43878.016,15712.2156431018
196985,43878.016,25671.733888068607
196986,43878.016,36316.940494460134
196987,43878.016,6713.067172441741
196988,43878.016,61195.12217267126
196989,43878.016,21860.497135904865
196990,43878.016,30346.69291692035
196991,43878.016,22144.76945281342
196992,43878.016,22978.784161543903
196993,43878.016,48946.8823179761
196994,43878.016,34694.416946395395
196995,43878.016,59481.430239642286
196996,43878.016,40505.735769224266
196997,43878.016,74155.01700702053
196998,43878.016,16125.532103390324
196999,43878.016,13601.774544274713
197000,43878.016,7298.75257061604
197001,43878.016,47340.37683203522
197002,43878.016,59729.270025996426
197003,43878.016,27939.03806248271
197004,43878.016,19778.355427131984
197005,43878.016,7300.395181931775
197006,43878.016,34835.18492598859
197007,43878.016,27247.275988953803
197008,43878.016,31028.829799613388
197009,43878.016,15205.312001191518
197010,43878.016,19586.998935264943
197011,43878.016,8261.540642451082
197012,43878.016,31800.9647018884
197013,43878.016,17281.980822020305
197014,43878.016,13020.972064544017
197015,43878.016,19742.62493064345
197016,43878.016,50321.55773473413
197017,43878.016,58268.004099231395
197018,43878.016,16976.109365614706
197019,43878.016,12864.11699823992
197020,43878.016,51245.58484050402
197021,43878.016,58374.1183174627
197022,43878.016,26172.395678293036
197023,43878.016,22398.920190509067
197024,43878.016,45160.700598114374
197025,43878.016,38917.596867123604
197026,43878.016,36200.10790097558
197027,43878.016,43050.901013936746
197028,43878.016,31272.271484761393
197029,43878.016,11934.103395315165
197030,43878.016,21723.73571260939
197031,43878.016,52995.05259011558
197032,43878.016,40697.49366335587
197033,43878.016,10754.191022139714
197034,43878.016,52369.81417843228
197035,43878.016,43639.56941186762
197036,43878.016,42587.50055961058
197037,43878.016,21929.80905098729
197038,43878.016,65257.04428800849
197039,43878.016,32802.735654539705
197040,43878.016,32610.47515257841
197041,43878.016,37297.8828714742
197042,43878.016,61321.42931751281
197043,43878.016,13135.755686008992
197044,43878.016,38774.16026924837
197045,43878.016,15573.652497910509
197046,43878.016,37565.21795363622
197047,43878.016,54195.875686467276
197048,43878.016,31452.019857512332
197049,43878.016,21180.328588192577
197050,43878.016,46152.1801919836
197051,43878.016,43684.860879011605
197052,43878.016,79865.38522633429
197053,43878.016,9703.118797082916
197054,43878.016,23671.379156655825
197055,43878.016,4765.978871470635
197056,43878.016,10024.713568326462
197057,43878.016,105316.95487258848
197058,43878.016,21195.28311785177
197059,43878.016,17248.587344771597
197060,43878.016,68688.0877806574
197061,43878.016,11785.532250152111
197062,43878.016,13226.782928864255
197063,43878.016,20843.635413319913
197064,43878.016,13095.62602776404
197065,43878.016,54830.64310540006
197066,43878.016,52506.55567301567
197067,43878.016,22916.204892696733
197068,43878.016,42944.300375945386
197069,43878.016,6181.786212749405
197070,43878.016,72190.42590714361
197071,43878.016,4710.741068098004
197072,43878.016,18400.999527816937
197073,43878.016,59193.19833517688
197074,43878.016,35906.52558913707
197075,43878.016,10368.967563457147
197076,43878.016,40930.75403473635
197077,43878.016,60973.650601238915
197078,43878.016,62056.19272564872
197079,43878.016,69061.56855201165
197080,43878.016,30493.220871705442
197081,43878.016,33758.8015148413
197082,43878.016,33519.18721569736
197083,43878.016,60815.2507688121
197084,43878.016,67081.05612400951
197085,43878.016,36091.07113953136
197086,43878.016,47430.04798626395
197087,43878.016,28950.952719032935
197088,43878.016,39764.9545647647
197089,43878.016,6067.031323019989
197090,43878.016,42102.111620719574
197091,43878.016,12051.55277050106
197092,43878.016,11896.629324647822
197093,43878.016,31709.66748667812
197094,43878.016,46673.5488543452
197095,43878.016,8387.69217455273
197096,43878.016,50181.60609987051
197097,43878.016,36405.971004095816
197098,43878.016,10932.363751255607
197099,43878.016,15850.216286073302
197100,43878.016,28049.82743298227
197101,43878.016,75626.88556333586
197102,43878.016,52686.92635399073
197103,43878.016,38663.973868179586
197104,43878.016,29350.6906289497
197105,43878.016,6136.394922136594
197106,43878.016,26126.445683826878
197107,43878.016,41995.08887886883
197108,43878.016,15284.14160536681
197109,43878.016,92747.51030521895
197110,43878.016,27276.031449692975
197111,43878.016,30888.39229637013
197112,43878.016,37559.07827997217
197113,43878.016,39499.72958125302
197114,43878.016,34655.09822051227
197115,43878.016,11133.261696784833
197116,43878.016,36058.35264160061
197117,43878.016,22249.71392871486
197118,43878.016,58711.720484165344
197119,43878.016,55506.72621176058
197120,43878.016,8164.66917105352
197121,43878.016,39560.867796058985
197122,43878.016,14883.249728880632
197123,43878.016,35113.50962240987
197124,43878.016,24178.49520237935
197125,43878.016,24688.437975686007
197126,43878.016,37772.956783505404
197127,43878.016,31806.56929818357
197128,43878.016,9472.656178349776
197129,43878.016,37870.41950122588
197130,43878.016,44777.77138985901
197131,43878.016,75762.52134494415
197132,43878.016,28486.19015455243
197133,43878.016,12778.56832835059
197134,43878.016,8965.1706839911
197135,43878.016,77300.13449536727
197136,43878.016,36812.25385179477
197137,43878.016,14111.43940714035
197138,43878.016,61447.22293930526
197139,43878.016,98943.70619841797
197140,43878.016,48205.180435265116
197141,43878.016,24944.8965846229
197142,43878.016,39889.64033144437
197143,43878.016,25165.70222103731
197144,43878.016,39565.50261278029
197145,43878.016,33836.699165685866
197146,43878.016,37362.79822237228
197147,43878.016,7924.745833967381
197148,43878.016,76138.09586570675
197149,43878.016,18475.890127048675
197150,43878.016,57810.33635133124
197151,43878.016,60355.16740365217
197152,43878.016,33468.362882234396
197153,43878.016,57123.102163212265
197154,43878.016,24131.373529474906
197155,43878.016,52644.45365272437
197156,43878.016,29067.646981637776
197157,43878.016,41864.4369551288
197158,43878.016,24232.061475430888
197159,43878.016,8129.825875122308
197160,43878.016,17876.237353468256
197161,43878.016,10161.608551979978
197162,43878.016,48081.35480379961
197163,43878.016,8166.499402914064
197164,43878.016,9197.480621718893
197165,43878.016,38694.05960394244
197166,43878.016,58465.456592715156
197167,43878.016,26872.190424087956
197168,43878.016,49838.674653104244
197169,43878.016,16812.85536379663
197170,43878.016,71420.07011914502
197171,43878.016,16168.27539416563
197172,43878.016,17331.44676477968
197173,43878.016,24704.749067486693
197174,43878.016,24599.343322315643
197175,43878.016,34555.63870494931
197176,43878.016,33591.53736909854
197177,43878.016,18341.808097864585
197178,43878.016,37711.80160798434
197179,43878.016,22328.722935349735
197180,43878.016,33605.91011473239
197181,43878.016,33255.21440861879
197182,43878.016,63288.09103229873
197183,43878.016,81414.26029502065
197184,43878.016,52326.98142758898
197185,43878.016,14010.768861706434
197186,43878.016,10912.159684159087
197187,43878.016,11635.842021231227
197188,43878.016,41740.237612743425
197189,43878.016,28292.85038653211
197190,43878.016,62733.79209973666
197191,43878.016,9867.385707822184
197192,43878.016,54521.53986865908
197193,43878.016,31752.16326181279
197194,43878.016,56428.27804584678
197195,43878.016,19206.080411394007
197196,43878.016,66613.56325597684
197197,43878.016,25497.103078322867
197198,43878.016,34393.85857291538
197199,43878.016,14350.45691280803
197200,43878.016,64664.188162701765
197201,43878.016,6318.522365870198
197202,43878.016,52237.506877377244
197203,43878.016,4364.854697428346
197204,43878.016,14379.242831503178
197205,43878.016,17229.700025996484
197206,43878.016,68810.4699536257
197207,43878.016,32593.053143075933
197208,43878.016,9753.892927880626
197209,43878.016,35844.23298469658
197210,43878.016,35087.58510251443
197211,43878.016,41545.41857110302
197212,43878.016,28799.05675576417
197213,43878.016,48123.76670509296
197214,43878.016,27546.146826251814
197215,43878.016,79109.08867759477
197216,43878.016,29220.561609332177
197217,43878.016,26094.247374062008
197218,43878.016,49374.238940926996
197219,43878.016,64844.043718448906
197220,43878.016,60352.191967801955
197221,43878.016,56335.48883801128
197222,43878.016,50948.36474789901
197223,43878.016,48405.39654443122
197224,43878.016,16319.870958763478
197225,43878.016,26700.651410105704
197226,43878.016,56864.36590277865
197227,43878.016,36494.50946891347
197228,43878.016,25967.393080841284
197229,43878.016,69152.79832576225
197230,43878.016,45542.93776217518
197231,43878.016,23009.18864456976
197232,43878.016,26492.14259399468
197233,43878.016,42467.97605473711
197234,43878.016,14050.245701307862
197235,43878.016,17751.01002375751
197236,43878.016,24422.500032367134
197237,43878.016,51755.74165680718
197238,43878.016,58825.58174198767
197239,43878.016,62208.82343931783
197240,43878.016,13475.357366405327
197241,43878.016,39778.66354021304
197242,43878.016,16583.430696755444
197243,43878.016,24917.55690322035
197244,43878.016,13233.490107896543
197245,43878.016,59199.99672773119
197246,43878.016,9274.701249894468
197247,43878.016,20100.435111838095
197248,43878.016,33816.404530894026
197249,43878.016,51656.9350999693
197250,43878.016,27419.10501211196
197251,43878.016,34435.983261883586
197252,43878.016,23767.17155265795
197253,43878.016,41874.99222551483
197254,43878.016,8919.955590715705
197255,43878.016,46222.99020766169
197256,43878.016,14554.453707460714
197257,43878.016,30753.257156502237
197258,43878.016,50343.08097517952
197259,43878.016,38759.70150470407
197260,43878.016,28181.980383707825
197261,43878.016,49020.01990491878
197262,43878.016,38969.35664294262
197263,43878.016,39161.38820659299
197264,43878.016,10099.07064280891
197265,43878.016,9980.154671206947
197266,43878.016,44586.05889025919
197267,43878.016,21852.09647523331
197268,43878.016,66427.08048964603
197269,43878.016,59846.31465640569
197270,43878.016,36643.25646736887
197271,43878.016,20242.88985489486
197272,43878.016,50896.59981493829
197273,43878.016,47752.543741066664
197274,43878.016,11024.652180995472
197275,43878.016,28969.097243013526
197276,43878.016,10242.900400625365
197277,43878.016,14683.899849081752
197278,43878.016,18617.7290823207
197279,43878.016,11990.368132986985
197280,43878.016,17972.30294298575
197281,43878.016,25934.07034327697
197282,43878.016,8937.881838399011
197283,43878.016,23973.539564398365
197284,43878.016,55575.91122224668
197285,43878.016,25777.39531066461
197286,43878.016,52139.22546594701
197287,43878.016,54570.084659285705
197288,43878.016,63939.707921671055
197289,43878.016,18471.053186307847
197290,43878.016,16838.150627682444
197291,43878.016,35056.64004620103
197292,43878.016,10914.601351511881
197293,43878.016,46026.988462541405
197294,43878.016,32524.176274433037
197295,43878.016,36745.553212162755
197296,43878.016,43687.423159726146
197297,43878.016,44416.43779815501
197298,43878.016,18325.804086161595
197299,43878.016,71870.37776117749
197300,43878.016,16134.487349760497
197301,43878.016,56731.524863195235
197302,43878.016,14009.980356202266
197303,43878.016,20748.7035302498
197304,43878.016,24255.47238276476
197305,43878.016,25540.91880057568
197306,43878.016,10937.3232721079
197307,43878.016,43429.603290553365
197308,43878.016,51936.13138656041
197309,43878.016,18409.49254904888
197310,43878.016,51291.87278669621
197311,43878.016,76549.83854074961
197312,43878.016,64831.93179170258
197313,43878.016,26909.212146365688
197314,43878.016,29437.612154078444
197315,43878.016,10095.372679123888
197316,43878.016,64472.74823127669
197317,43878.016,44131.29482859071
197318,43878.016,7302.439351332875
197319,43878.016,47543.159144364174
197320,43878.016,25494.388989434356
197321,43878.016,42338.697541357025
197322,43878.016,9212.79185381589
197323,43878.016,10487.528247135873
197324,43878.016,40946.94349032103
197325,43878.016,15439.855557720386
197326,43878.016,9678.256322144154
197327,43878.016,19887.18762696746
197328,43878.016,34683.46147517066
197329,43878.016,19160.960238293042
197330,43878.016,29264.500404859464
197331,43878.016,41352.43140005622
197332,43878.016,23099.83273754616
197333,43878.016,38130.2905128952
197334,43878.016,70057.08506830416
197335,43878.016,63127.56389598409
197336,43878.016,12968.885306205362
197337,43878.016,21512.984195895886
197338,43878.016,42205.71421716903
197339,43878.016,32830.961321443945
197340,43878.016,13882.537634679713
197341,43878.016,8407.825209296689
197342,43878.016,24789.086490129845
197343,43878.016,12098.461391652134
197344,43878.016,27078.168735503838
197345,43878.016,32996.520776016616
197346,43878.016,14074.592919390765
197347,43878.016,16121.214690218303
197348,43878.016,15945.724712636043
197349,43878.016,51869.721372826
197350,43878.016,60879.37286598557
197351,43878.016,67193.54618554795
197352,43878.016,48923.81251860695
197353,43878.016,32896.47684913911
197354,43878.016,10730.415367313726
197355,43878.016,12135.500178162043
197356,43878.016,25987.850541795295
197357,43878.016,74271.1352202838
197358,43878.016,36101.434473464346
197359,43878.016,11445.018784101198
197360,43878.016,19506.16535190386
197361,43878.016,71011.53015773777
197362,43878.016,23691.955143890882
197363,43878.016,33169.35403915282
197364,43878.016,21828.28435757696
197365,43878.016,67668.57145700775
197366,43878.016,31202.668506742884
197367,43878.016,23242.627789457303
197368,43878.016,46868.39646005321
197369,43878.016,12287.01177317489
197370,43878.016,37984.46605144891
197371,43878.016,41031.17353962359
197372,43878.016,29869.223634804708
197373,43878.016,19722.09137361497
197374,43878.016,45643.278671728556
197375,43878.016,64173.065791605826
197376,43878.016,55966.46105273837
197377,43878.016,13184.770085682725
197378,43878.016,12398.272325309745
197379,43878.016,34925.543738936
197380,43878.016,48226.02976019951
197381,43878.016,55377.43262934949
197382,43878.016,10239.519300920383
197383,43878.016,49280.16900444026
197384,43878.016,23109.877711819976
197385,43878.016,22472.10366339253
197386,43878.016,45903.16737228641
197387,43878.016,64233.128465903166
197388,43878.016,14394.141708546209
197389,43878.016,34907.34204229843
197390,43878.016,24834.416145768304
197391,43878.016,41686.820020369574
197392,43878.016,43981.69343043036
197393,43878.016,9647.896414075696
197394,43878.016,46970.4964403478
197395,43878.016,13583.54873826706
197396,43878.016,34305.49937732289
197397,43878.016,23236.59265188771
197398,43878.016,9948.552046208164
197399,43878.016,26164.767223008555
197400,43878.016,66194.22482568047
197401,43878.016,57891.5961574729
197402,43878.016,28515.694935190477
197403,43878.016,20230.704410216273
197404,43878.016,52267.41571414215
197405,43878.016,23100.803638195222
197406,43878.016,16097.861317789679
197407,43878.016,16297.792997267752
197408,43878.016,27995.80657260602
197409,43878.016,13964.454911866105
197410,43878.016,61271.30791027373
197411,43878.016,39231.251603621575
197412,43878.016,28124.891911951465
197413,43878.016,27683.654683979523
197414,43878.016,51518.41592628053
197415,43878.016,20236.96202850249
197416,43878.016,24113.877261439568
197417,43878.016,18435.0756983358
197418,43878.016,14129.621508083375
197419,43878.016,49380.38554374684
197420,43878.016,109153.4299655859
197421,43878.016,25387.2808890493
197422,43878.016,23585.336771900675
197423,43878.016,15542.919578330353
197424,43878.016,34682.94467000673
197425,43878.016,24509.122671436584
197426,43878.016,28398.22824816202
197427,43878.016,63651.89242573372
197428,43878.016,20506.837838772128
197429,43878.016,9102.882561707824
197430,43878.016,36577.87136357413
197431,43878.016,38116.96833570328
197432,43878.016,49214.34279057788
197433,43878.016,8741.456744221074
197434,43878.016,7855.474264265202
197435,43878.016,33445.705291392514
197436,43878.016,50884.21656453629
197437,43878.016,7003.526577631667
197438,43878.016,20033.057494359447
197439,43878.016,44391.61967713116
197440,43878.016,26596.957610749716
197441,43878.016,37444.17658613886
197442,43878.016,35797.0246458846
197443,43878.016,13070.648657269754
197444,43878.016,9034.125631424133
197445,43878.016,8184.322012580942
197446,43878.016,40072.6752386019
197447,43878.016,71486.1703091443
197448,43878.016,75498.64515510858
197449,43878.016,12755.115098000868
197450,43878.016,25976.98298479565
197451,43878.016,40589.04561049533
197452,43878.016,24628.095138227432
197453,43878.016,8258.463579269637
197454,43878.016,8008.807541338638
197455,43878.016,35106.208309394424
197456,43878.016,32368.88700564289
197457,43878.016,25025.043465805775
197458,43878.016,51699.96674955087
197459,43878.016,30712.971991767794
197460,43878.016,21345.7360415077
197461,43878.016,43213.91948805498
197462,43878.016,23151.23569085657
197463,43878.016,23400.28610388773
197464,43878.016,30106.368867139525
197465,43878.016,13957.941584202259
197466,43878.016,19401.817143193464
197467,43878.016,31047.935880021647
197468,43878.016,30518.68539982622
197469,43878.016,9393.160216490522
197470,43878.016,27445.86008697339
197471,43878.016,42877.740584770014
197472,43878.016,23917.14509528252
197473,43878.016,20926.49577111518
197474,43878.016,12520.037242487902
197475,43878.016,19979.758784919726
197476,43878.016,35662.173503614846
197477,43878.016,13186.359921825806
197478,43878.016,26204.291519795635
197479,43878.016,49024.773734716575
197480,43878.016,7962.904479730361
197481,43878.016,61560.794171426416
197482,43878.016,29829.109480444266
197483,43878.016,55576.180724131256
197484,43878.016,25105.998100869296
197485,43878.016,10823.829472466407
197486,43878.016,27901.738139323235
197487,43878.016,31391.110633770313
197488,43878.016,63980.76132711686
197489,43878.016,38700.594675753135
197490,43878.016,21750.92064457081
197491,43878.016,25433.575070856834
197492,43878.016,19380.40529762642
197493,43878.016,21189.047227837167
197494,43878.016,53434.65714631144
197495,43878.016,15017.972239253922
197496,43878.016,46388.35016386231
197497,43878.016,32898.28628961996
197498,43878.016,65269.748102803314
197499,43878.016,10189.36378579135
197500,43878.016,25284.75312675885
197501,43878.016,39260.26818230981
197502,43878.016,17847.742016039654
197503,43878.016,57125.37265498019
197504,43878.016,18005.243035337637
197505,43878.016,38011.788530430975
197506,43878.016,33165.53716728619
197507,43878.016,10300.220848235682
197508,43878.016,31110.610589794884
197509,43878.016,15469.186167530415
197510,43878.016,45186.361386070756
197511,43878.016,13266.99930676507
197512,43878.016,71251.65025867864
197513,43878.016,40219.94672163363
197514,43878.016,13993.081363030722
197515,43878.016,76884.67311607645
197516,43878.016,51255.642572177305
197517,43878.016,44417.98898297104
197518,43878.016,29523.952438965593
197519,43878.016,73229.22057477274
197520,43878.016,40850.52419811533
197521,43878.016,31214.840196429548
197522,43878.016,32036.919256351674
197523,43878.016,41741.03340477564
197524,43878.016,42596.40346345574
197525,43878.016,69508.52087264368
197526,43878.016,76719.22058772012
197527,43878.016,48324.220708478715
197528,43878.016,21896.596736195486
197529,43878.016,40942.570883282046
197530,43878.016,21661.208683332625
197531,43878.016,10082.509850513245
197532,43878.016,28016.63569657392
197533,43878.016,67829.37420700159
197534,43878.016,44833.76970530125
197535,43878.016,52966.77750653907
197536,43878.016,61209.58883553884
197537,43878.016,32577.752335943704
197538,43878.016,61851.10206134897
197539,43878.016,31476.80145115566
197540,43878.016,68814.10358688315
197541,43878.016,30154.277222875073
197542,43878.016,12739.423887952797
197543,43878.016,38225.886001654166
197544,43878.016,18638.83007615526
197545,43878.016,14108.877803373678
197546,43878.016,22381.898420346988
197547,43878.016,25147.662177635495
197548,43878.016,33133.324730950735
197549,43878.016,36016.8693348625
197550,43878.016,44594.17364170563
197551,43878.016,19417.72873977442
197552,43878.016,67223.73195070427
197553,43878.016,50023.67419248509
197554,43878.016,36910.88363586912
197555,43878.016,57028.08996292899
197556,43878.016,47001.29002047325
197557,43878.016,9920.204546423054
197558,43878.016,60722.99251496004
197559,43878.016,25922.571072233917
197560,43878.016,69823.50236817742
197561,43878.016,52034.69708646088
197562,43878.016,15258.971863856632
197563,43878.016,43110.047868804
197564,43878.016,43636.4184307526
197565,43878.016,20360.047800793298
197566,43878.016,39449.22823925563
197567,43878.016,12889.108347715443
197568,43878.016,29038.11118389016
197569,43878.016,49391.443778085006
197570,43878.016,45084.50106263481
197571,43878.016,48074.28754795276
197572,43878.016,13786.792815842464
197573,43878.016,53788.98616739948
197574,43878.016,41600.27690892082
197575,43878.016,40419.5494264744
197576,43878.016,42536.0500932118
197577,43878.016,37212.97780239213
197578,43878.016,17320.792788167983
197579,43878.016,13252.115309266328
197580,43878.016,51787.077115255655
197581,43878.016,41792.63336158658
197582,43878.016,12627.513576639574
197583,43878.016,45717.8955873967
197584,43878.016,15350.363491566766
197585,43878.016,59605.18888588182
197586,43878.016,38651.66634574711
197587,43878.016,19228.365349992237
197588,43878.016,19709.521346642
197589,43878.016,47069.89053166729
197590,43878.016,13826.219320945589
197591,43878.016,41717.02402902059
197592,43878.016,22333.027457114265
197593,43878.016,56154.82625657138
197594,43878.016,9789.69095708094
197595,43878.016,55617.255163307105
197596,43878.016,53547.92752540699
197597,43878.016,77831.05546788516
197598,43878.016,13938.938931273437
197599,43878.016,32289.63477697825
197600,43878.016,34229.613338780364
197601,43878.016,10025.316440800003
197602,43878.016,19361.835092636447
197603,43878.016,51765.7034185409
197604,43878.016,14362.582283173342
197605,43878.016,33151.27898253033
197606,43878.016,75064.5459630855
197607,43878.016,43160.50460207421
197608,43878.016,13262.14597186913
197609,43878.016,46418.56023320189
197610,43878.016,23364.336791392634
197611,43878.016,18924.70127107079
197612,43878.016,68109.064465297
197613,43878.016,52884.03979838507
197614,43878.016,54406.63232634022
197615,43878.016,10550.28013757246
197616,43878.016,25924.49277702481
197617,43878.016,40423.555597518425
197618,43878.016,18545.96618200787
197619,43878.016,65107.96365686934
197620,43878.016,52566.54439061034
197621,43878.016,20980.97261098254
197622,43878.016,64671.662574304886
197623,43878.016,41049.61271555868
197624,43878.016,69450.60926076419
197625,43878.016,56077.16965910648
197626,43878.016,42497.03926555617
197627,43878.016,25784.26992760281
197628,43878.016,25853.850273758257
197629,43878.016,31730.447374483014
197630,43878.016,52925.24823504612
197631,43878.016,60986.782223354654
197632,43878.016,9036.085755339685
197633,43878.016,28674.99060528928
197634,43878.016,32891.015400145174
197635,43878.016,25472.01277310734
197636,43878.016,19020.480792042916
197637,43878.016,72308.48893086637
197638,43878.016,16600.039619979296
197639,43878.016,26054.949517236695
197640,43878.016,41876.808558487486
197641,43878.016,17997.005223319396
197642,43878.016,60066.98011919071
197643,43878.016,64377.11052638846
197644,43878.016,45359.03473297252
197645,43878.016,30112.268283864363
197646,43878.016,45505.23959974192
197647,43878.016,73448.31898036183
197648,43878.016,63802.82958808993
197649,43878.016,5488.781882809058
197650,43878.016,16430.28323129509
197651,43878.016,75615.31336539556
197652,43878.016,59431.9334204965
197653,43878.016,42244.985419503646
197654,43878.016,47947.19445181089
197655,43878.016,55927.15486647794
197656,43878.016,10055.38067621069
197657,43878.016,36810.25929336682
197658,43878.016,23831.746916812815
197659,43878.016,10001.63958958003
197660,43878.016,23350.40496696593
197661,43878.016,20146.223317719527
197662,43878.016,52376.29768956511
197663,43878.016,52189.567326091885
197664,43878.016,13460.460743229585
197665,43878.016,54135.66884247807
197666,43878.016,32208.672874452168
197667,43878.016,43437.10103494902
197668,43878.016,43947.393673706545
197669,43878.016,72099.58084496837
197670,43878.016,28420.247160028513
197671,43878.016,23043.123744114033
197672,43878.016,17845.482404294842
197673,43878.016,67235.6965066429
197674,43878.016,31061.592357626156
197675,43878.016,36494.1107896707
197676,43878.016,7905.954117274078
197677,43878.016,22053.238254019132
197678,43878.016,5046.627673438239
197679,43878.016,11836.26573818127
197680,43878.016,25811.5646511343
197681,43878.016,12273.510943512543
197682,43878.016,13738.584393044532
197683,43878.016,25982.119376966217
197684,43878.016,11403.168524894363
197685,43878.016,14405.284098189675
197686,43878.016,38183.601480045014
197687,43878.016,32359.233518956073
197688,43878.016,36955.9482064226
197689,43878.016,30381.919396408273
197690,43878.016,34282.388422677155
197691,43878.016,23535.8625104758
197692,43878.016,11556.554146505838
197693,43878.016,36435.00127678127
197694,43878.016,29725.91957458858
197695,43878.016,34298.47170194388
197696,43878.016,17145.878936941455
197697,43878.016,28602.01966766019
197698,43878.016,33391.212659397155
197699,43878.016,68815.85546613937
197700,43878.016,23918.82207953152
197701,43878.016,9700.479253191683
197702,43878.016,38776.20561913409
197703,43878.016,7973.349670023756
197704,43878.016,19976.817141798638
197705,43878.016,13574.465171746187
197706,43878.016,61097.37159376795
197707,43878.016,58827.9677626316
197708,43878.016,72947.82145616107
197709,43878.016,31269.007361367832
197710,43878.016,27561.684003821647
197711,43878.016,23640.22410705505
197712,43878.016,10225.437565506032
197713,43878.016,38639.9086527553
197714,43878.016,26514.1118480188
197715,43878.016,13053.676638472229
197716,43878.016,15783.293620597711
197717,43878.016,29235.514483800023
197718,43878.016,12367.27570772427
197719,43878.016,14297.884776792338
197720,43878.016,57787.466166666294
197721,43878.016,41042.446122475165
197722,43878.016,56656.60932938768
197723,43878.016,19395.730054192925
197724,43878.016,31249.196383507926
197725,43878.016,47888.92487032524
197726,43878.016,52166.65274290612
197727,43878.016,77210.28213695918
197728,43878.016,25013.27131567531
197729,43878.016,45425.86974009631
197730,43878.016,12656.255953356216
197731,43878.016,6960.74705644298
197732,43878.016,31333.560659337283
197733,43878.016,27490.198743656834
197734,43878.016,70250.76013042965
197735,43878.016,32864.13433772998
197736,43878.016,38729.3726354404
197737,43878.016,19627.047433150583
197738,43878.016,88204.31139801534
197739,43878.016,34370.34734189307
197740,43878.016,35826.68195346563
197741,43878.016,22464.728082042206
197742,43878.016,22305.88311722825
197743,43878.016,32402.73079652989
197744,43878.016,9974.550320781356
197745,43878.016,47227.7694440846
197746,43878.016,22744.029819629002
197747,43878.016,18339.997768146444
197748,43878.016,45128.68015997091
197749,43878.016,62342.65332041906
197750,43878.016,25185.192217805117
197751,43878.016,63565.08276444065
197752,43878.016,14295.661313533847
197753,43878.016,16907.851488594308
197754,43878.016,28810.966252820628
197755,43878.016,18037.647154003338
197756,43878.016,26425.741528913266
197757,43878.016,8036.665887666451
197758,43878.016,15102.28695492623
197759,43878.016,62775.721604642844
197760,43878.016,50399.65820333283
197761,43878.016,15622.31121724885
197762,43878.016,16935.02910487213
197763,43878.016,63521.2423739932
197764,43878.016,54266.07897803883
197765,43878.016,23514.39516140805
197766,43878.016,6661.882397332545
197767,43878.016,68384.96379636443
197768,43878.016,41801.936074190344
197769,43878.016,35185.33063965811
197770,43878.016,36220.02017372972
197771,43878.016,19001.405178159464
197772,43878.016,31507.443481083075
197773,43878.016,51350.86437227866
197774,43878.016,31909.954616810093
197775,43878.016,49207.188479324286
197776,43878.016,55256.4563486009
197777,43878.016,15196.041174227144
197778,43878.016,48895.93853150188
197779,43878.016,47937.23834945258
197780,43878.016,40706.19232417165
197781,43878.016,6830.858416727753
197782,43878.016,48281.91911472734
197783,43878.016,13754.6762933887
197784,43878.016,65323.26773822811
197785,43878.016,15044.388979252777
197786,43878.016,53004.74999596184
197787,43878.016,23524.058934634435
197788,43878.016,12573.304839681548
197789,43878.016,38076.841902300046
197790,43878.016,27619.18458826591
197791,43878.016,19918.94496905107
197792,43878.016,38189.78370424914
197793,43878.016,9208.390497910226
197794,43878.016,46218.572842884736
197795,43878.016,46968.091322160355
197796,43878.016,20654.235709783694
197797,43878.016,13787.137920011612
197798,43878.016,46519.744028243826
197799,43878.016,61698.49775860943
197800,43878.016,66880.90944530054
197801,43878.016,14802.008521506366
197802,43878.016,21610.158493003106
197803,43878.016,14498.01359610571
197804,43878.016,59795.25489968992
197805,43878.016,20403.087622363895
197806,43878.016,22952.298570227504
197807,43878.016,14052.184086128005
197808,43878.016,47639.932106543005
197809,43878.016,31139.076616509294
197810,43878.016,37197.91119677176
197811,43878.016,8350.754015627163
197812,43878.016,6488.003741162676
197813,43878.016,27556.01852187755
197814,43878.016,35418.530290473056
197815,43878.016,43870.62702581255
197816,43878.016,28573.19489515365
197817,43878.016,10085.307583328053
197818,43878.016,34382.30567734131
197819,43878.016,22901.41715265591
197820,43878.016,32180.25935679172
197821,43878.016,49530.18171881754
197822,43878.016,54222.38469628102
197823,43878.016,47201.24768543362
197824,43878.016,45522.63051583781
197825,43878.016,15131.014224521878
197826,43878.016,54007.20496377004
197827,43878.016,41547.89972276723
197828,43878.016,118329.41901456479
197829,43878.016,55377.725305199056
197830,43878.016,70539.30087394579
197831,43878.016,13191.663731120785
197832,43878.016,51291.368463641265
197833,43878.016,33973.96616267463
197834,43878.016,6162.274762374966
197835,43878.016,25216.345906544575
197836,43878.016,16421.68941183006
197837,43878.016,38594.49666110577
197838,43878.016,43909.62651636344
197839,43878.016,23660.03172164383
197840,43878.016,16018.227250296777
197841,43878.016,49343.82577130752
197842,43878.016,50596.27369763256
197843,43878.016,13378.454091986905
197844,43878.016,63923.350365076905
197845,43878.016,13567.482284963171
197846,43878.016,57277.95303851132
197847,43878.016,7036.588999152494
197848,43878.016,75845.66462697474
197849,43878.016,34829.88484516178
197850,43878.016,49261.31783740078
197851,43878.016,54395.13865084308
197852,43878.016,28169.788016097205
197853,43878.016,17810.685344277525
197854,43878.016,29554.44252073746
197855,43878.016,22921.306260603167
197856,43878.016,37274.473379812945
197857,43878.016,30074.58462953412
197858,43878.016,30467.468322419052
197859,43878.016,72807.61125385175
197860,43878.016,18299.63802614404
197861,43878.016,40565.13832135899
197862,43878.016,16774.833674974314
197863,43878.016,27611.618196917276
197864,43878.016,11595.690780237173
197865,43878.016,6018.2121946266825
197866,43878.016,49744.46836670878
197867,43878.016,46977.79437366671
197868,43878.016,64195.93692034277
197869,43878.016,38968.85608057721
197870,43878.016,29563.76825290264
197871,43878.016,41430.42130987674
197872,43878.016,10510.916316544002
197873,43878.016,23272.835705593992
197874,43878.016,130926.61222995378
197875,43878.016,53336.99302988144
197876,43878.016,46985.77552231291
197877,43878.016,8069.701834846642
197878,43878.016,30922.053534031773
197879,43878.016,54489.79009393606
197880,43878.016,47734.289502158426
197881,43878.016,44499.643123577756
197882,43878.016,10187.079589670699
197883,43878.016,17616.966698320073
197884,43878.016,57581.03853777764
197885,43878.016,61780.876712147154
197886,43878.016,15482.337333967047
197887,43878.016,22690.930043448334
197888,43878.016,13566.4451066888
197889,43878.016,59430.62029374735
197890,43878.016,19520.048351583515
197891,43878.016,37097.933158041546
197892,43878.016,45875.20330915145
197893,43878.016,20289.96296118751
197894,43878.016,33247.41327292955
197895,43878.016,48006.67481101761
197896,43878.016,25691.003809897047
197897,43878.016,15737.852033680969
197898,43878.016,21072.559362584514
197899,43878.016,15042.174588279473
197900,43878.016,13546.654608748046
197901,43878.016,17884.730470276307
197902,43878.016,14489.369948083842
197903,43878.016,47086.93533090639
197904,43878.016,44392.34258902842
197905,43878.016,35029.47740646954
197906,43878.016,36184.00846711897
197907,43878.016,91565.47993373846
197908,43878.016,39857.21345420549
197909,43878.016,78025.66147560379
197910,43878.016,55696.35580646847
197911,43878.016,36189.983317681814
197912,43878.016,48896.164472240154
197913,43878.016,52321.1217075821
197914,43878.016,9935.090484110582
197915,43878.016,23405.737024171518
197916,43878.016,36823.619433246284
197917,43878.016,6792.842895594356
197918,43878.016,50228.47109738661
197919,43878.016,3871.784029404044
197920,43878.016,46532.12566443671
197921,43878.016,20844.7005265914
197922,43878.016,43318.40953614216
197923,43878.016,7413.010728474364
197924,43878.016,41826.73810722382
197925,43878.016,56275.25376713219
197926,43878.016,16991.65288141655
197927,43878.016,14298.097143977824
197928,43878.016,32075.07023831225
197929,43878.016,63147.41124051484
197930,43878.016,43356.4366825828
197931,43878.016,45378.38855222585
197932,43878.016,21613.63791009188
197933,43878.016,24553.54956006761
197934,43878.016,14466.892112864634
197935,43878.016,50989.71509650071
197936,43878.016,23319.423424667308
197937,43878.016,12082.911080306323
197938,43878.016,58711.48209251435
197939,43878.016,23696.809591862697
197940,43878.016,38369.104882741325
197941,43878.016,50090.46319257431
197942,43878.016,17074.076549128673
197943,43878.016,15104.654459659218
197944,43878.016,28655.44008123525
197945,43878.016,55595.551019164806
197946,43878.016,23006.411756054036
197947,43878.016,113998.63795575767
197948,43878.016,74541.13684200472
197949,43878.016,27193.626003333648
197950,43878.016,48040.09598461652
197951,43878.016,22021.975941969595
197952,43878.016,18140.24558462535
197953,43878.016,62741.53717449594
197954,43878.016,31195.431193921762
197955,43878.016,27994.195092299735
197956,43878.016,10715.226268367327
197957,43878.016,20940.926605734847
197958,43878.016,34207.75684222777
197959,43878.016,63349.12612972683
197960,43878.016,59632.1740453997
197961,43878.016,6621.16909320128
197962,43878.016,20771.084000895047
197963,43878.016,53803.02293455994
197964,43878.016,17860.715812161638
197965,43878.016,40664.92221209412
197966,43878.016,12030.372255605871
197967,43878.016,55315.39943657898
197968,43878.016,19098.578404519576
197969,43878.016,27084.290026168652
197970,43878.016,57108.62645010497
197971,43878.016,56739.00990276874
197972,43878.016,58615.69337055907
197973,43878.016,46473.775368345116
197974,43878.016,10866.298658617256
197975,43878.016,24309.230701807868
197976,43878.016,71069.38759762567
197977,43878.016,48729.76580066842
197978,43878.016,60127.416170684315
197979,43878.016,66832.31908936043
197980,43878.016,40495.175917384644
197981,43878.016,11351.08682529894
197982,43878.016,54539.12050444321
197983,43878.016,22722.198277145195
197984,43878.016,24565.79056560845
197985,43878.016,6749.769322016877
197986,43878.016,43095.23757877922
197987,43878.016,110946.47388257195
197988,43878.016,25080.37174795329
197989,43878.016,20959.510764558374
197990,43878.016,33463.04557286389
197991,43878.016,21752.490403213666
197992,43878.016,14799.288619352921
197993,43878.016,14672.411064225367
197994,43878.016,37504.03310313008
197995,43878.016,36359.31120662331
197996,43878.016,26164.180035313435
197997,43878.016,59370.43195401205
197998,43878.016,63150.50442600809
197999,43878.016,49953.22906502045
198000,43878.016,14500.126204671655
198001,43878.016,52557.08742357571
198002,43878.016,20069.06263967175
198003,43878.016,41048.24502353129
198004,43878.016,15422.372270588414
198005,43878.016,23537.274435381205
198006,43878.016,65082.004469187195
198007,43878.016,33454.19155296853
198008,43878.016,14955.793986576957
198009,43878.016,23161.81698667444
198010,43878.016,36552.30426952612
198011,43878.016,20859.79035984152
198012,43878.016,72265.02513237773
198013,43878.016,26571.731480987277
198014,43878.016,33721.45752892477
198015,43878.016,18708.152988319936
198016,43878.016,40378.51340678141
198017,43878.016,24605.82548195306
198018,43878.016,53826.26482892769
198019,43878.016,76953.20802794634
198020,43878.016,34125.37341844993
198021,43878.016,56175.17996040686
198022,43878.016,29070.514356482447
198023,43878.016,28927.46951065214
198024,43878.016,19346.497308780687
198025,43878.016,38937.83387546032
198026,43878.016,6921.846346148542
198027,43878.016,71684.82336743819
198028,43878.016,54033.97506568127
198029,43878.016,10614.57290851254
198030,43878.016,21668.362138671582
198031,43878.016,51431.274107465215
198032,43878.016,13428.592969853124
198033,43878.016,20903.068478515095
198034,43878.016,47123.320573075056
198035,43878.016,24219.64055698851
198036,43878.016,4760.295115138777
198037,43878.016,16082.427017262366
198038,43878.016,35394.275743279504
198039,43878.016,31681.192929506724
198040,43878.016,16066.21270433082
198041,43878.016,38843.81235147656
198042,43878.016,42608.27241491131
198043,43878.016,15518.72046819968
198044,43878.016,23367.280898773446
198045,43878.016,30067.853131049764
198046,43878.016,51731.19626806881
198047,43878.016,24754.70665130736
198048,43878.016,75686.94216173611
198049,43878.016,69458.8747821946
198050,43878.016,11104.636546634209
198051,43878.016,12081.586601902296
198052,43878.016,14457.17587413187
198053,43878.016,10858.21524003106
198054,43878.016,19574.440563195345
198055,43878.016,37662.98861073539
198056,43878.016,63343.72578067741
198057,43878.016,53196.510399919076
198058,43878.016,10728.694856345825
198059,43878.016,16004.142903100736
198060,43878.016,47989.59841759985
198061,43878.016,44974.62626732275
198062,43878.016,11707.93864772796
198063,43878.016,28804.506071612683
198064,43878.016,61106.32095869925
198065,43878.016,55657.06773757786
198066,43878.016,44039.814038498764
198067,43878.016,33292.3422211672
198068,43878.016,47466.00876484973
198069,43878.016,15279.841487492147
198070,43878.016,18003.031235897404
198071,43878.016,61843.65269882384
198072,43878.016,11955.996125110943
198073,43878.016,50042.59095697713
198074,43878.016,29791.25889881821
198075,43878.016,13112.247922360022
198076,43878.016,49828.59591393969
198077,43878.016,22877.851343668437
198078,43878.016,20092.537988454977
198079,43878.016,55267.41791038037
198080,43878.016,22324.48142839421
198081,43878.016,33888.75460531522
198082,43878.016,81183.40945849793
198083,43878.016,16038.474761987472
198084,43878.016,19990.26019551165
198085,43878.016,28590.011127834157
198086,43878.016,12948.355269147316
198087,43878.016,10534.83793403215
198088,43878.016,18491.486359020713
198089,43878.016,42705.52660759865
198090,43878.016,69202.68072662738
198091,43878.016,44649.9211307231
198092,43878.016,39500.50494079193
198093,43878.016,15505.974173233624
198094,43878.016,20273.5792172444
198095,43878.016,59331.25521332842
198096,43878.016,27219.990606155123
198097,43878.016,60831.27920803354
198098,43878.016,10843.28564972692
198099,43878.016,49454.216816328684
198100,43878.016,39400.073798029276
198101,43878.016,40381.66403556842
198102,43878.016,37561.59669762843
198103,43878.016,47011.214780512426
198104,43878.016,67988.512496985
198105,43878.016,29955.4299465548
198106,43878.016,32982.53997495882
198107,43878.016,34536.5429012041
198108,43878.016,29295.29546765252
198109,43878.016,18987.38160602641
198110,43878.016,16456.923334932646
198111,43878.016,20692.627048777165
198112,43878.016,17745.09325840884
198113,43878.016,26739.47668585717
198114,43878.016,54506.18516181195
198115,43878.016,54025.874586472644
198116,43878.016,54032.33272107809
198117,43878.016,15874.686255110104
198118,43878.016,12047.755496072052
198119,43878.016,70089.47797271231
198120,43878.016,20951.809078578546
198121,43878.016,37454.431053062915
198122,43878.016,45474.056344874654
198123,43878.016,31565.97596248856
198124,43878.016,53125.97414908487
198125,43878.016,30008.784084974555
198126,43878.016,33615.80964528901
198127,43878.016,23286.354034466065
198128,43878.016,34892.866654672434
198129,43878.016,75122.45392992828
198130,43878.016,57396.545323355116
198131,43878.016,33032.780595311364
198132,43878.016,21686.987133595547
198133,43878.016,51764.00351754073
198134,43878.016,24932.64447507552
198135,43878.016,38362.75032746821
198136,43878.016,26312.140914282652
198137,43878.016,60977.24030884384
198138,43878.016,14237.175315256887
198139,43878.016,58513.023643212044
198140,43878.016,12236.29792701073
198141,43878.016,12738.66341289704
198142,43878.016,13976.077203965788
198143,43878.016,18506.036226987675
198144,43878.016,8475.441050986905
198145,43878.016,42596.19692575699
198146,43878.016,15964.891961655996
198147,43878.016,71669.39070475449
198148,43878.016,47738.399799367275
198149,43878.016,61902.67387511573
198150,43878.016,14728.542337517853
198151,43878.016,54349.975394912246
198152,43878.016,43926.26377120597
198153,43878.016,36195.654948822885
198154,43878.016,41171.894304365436
198155,43878.016,15905.656737342946
198156,43878.016,11575.66997678367
198157,43878.016,79839.43195316709
198158,43878.016,8422.772384402497
198159,43878.016,31967.226743046744
198160,43878.016,53523.15230872294
198161,43878.016,9612.90818962045
198162,43878.016,10180.302984662414
198163,43878.016,52462.78144838422
198164,43878.016,35349.35642582218
198165,43878.016,33416.30032087731
198166,43878.016,40229.814089896165
198167,43878.016,42871.71549007408
198168,43878.016,24687.59661697116
198169,43878.016,9302.88914842999
198170,43878.016,11009.850728767276
198171,43878.016,11319.397195601188
198172,43878.016,48881.481515481144
198173,43878.016,47306.82467580557
198174,43878.016,8406.862215232091
198175,43878.016,33885.903217021674
198176,43878.016,68320.89574984302
198177,43878.016,50914.55300133608
198178,43878.016,40443.80930121342
198179,43878.016,51802.56654716588
198180,43878.016,8340.398579589526
198181,43878.016,37342.16542251128
198182,43878.016,74812.81243539738
198183,43878.016,16413.833020572172
198184,43878.016,19307.48555382531
198185,43878.016,48319.06757995752
198186,43878.016,11864.500095074285
198187,43878.016,65882.657366951
198188,43878.016,55991.35704662216
198189,43878.016,31524.76472013443
198190,43878.016,59150.93307915948
198191,43878.016,15001.095416314593
198192,43878.016,51859.29235610757
198193,43878.016,57891.28874185535
198194,43878.016,34982.512424184286
198195,43878.016,45391.28934940188
198196,43878.016,48554.15981200122
198197,43878.016,33034.622343333736
198198,43878.016,32910.59385686057
198199,43878.016,74187.80513635199
198200,43878.016,27732.21491887253
198201,43878.016,15915.429338303697
198202,43878.016,13629.786608617225
198203,43878.016,46239.02574982393
198204,43878.016,52941.0018529033
198205,43878.016,18064.84424021201
198206,43878.016,33105.96526810676
198207,43878.016,56710.983009661795
198208,43878.016,52234.68789245203
198209,43878.016,48114.29300830427
198210,43878.016,21972.97409354397
198211,43878.016,45942.664618582094
198212,43878.016,32246.86510558338
198213,43878.016,40656.48829526955
198214,43878.016,36134.494847768125
198215,43878.016,23116.787141655495
198216,43878.016,52274.48684182715
198217,43878.016,10016.631460739436
198218,43878.016,51391.3900309555
198219,43878.016,43799.84770476749
198220,43878.016,22193.303814125684
198221,43878.016,55141.544919674285
198222,43878.016,50542.1239110848
198223,43878.016,24057.949184384994
198224,43878.016,38982.02228558282
198225,43878.016,14875.228918753462
198226,43878.016,30657.421993972748
198227,43878.016,25952.10294770367
198228,43878.016,30483.109390148464
198229,43878.016,35422.92366070566
198230,43878.016,23686.17636351579
198231,43878.016,27005.726437845024
198232,43878.016,27035.45907803754
198233,43878.016,41000.26807071533
198234,43878.016,48417.40962084167
198235,43878.016,13294.021583885211
198236,43878.016,20881.089212288174
198237,43878.016,63038.3526816857
198238,43878.016,40786.634478070875
198239,43878.016,26679.277042753216
198240,43878.016,46995.679923712065
198241,43878.016,24203.8608429736
198242,43878.016,31615.0134060507
198243,43878.016,30087.88112056271
198244,43878.016,26818.723373424717
198245,43878.016,9681.401831023575
198246,43878.016,54621.03162579375
198247,43878.016,20583.807847713153
198248,43878.016,46125.34404590199
198249,43878.016,43217.82346075821
198250,43878.016,31313.895569080974
198251,43878.016,78681.69975486856
198252,43878.016,38881.61183717741
198253,43878.016,67500.33525531144
198254,43878.016,60072.04343801568
198255,43878.016,40396.4579280653
198256,43878.016,22362.09794964525
198257,43878.016,45941.57925450051
198258,43878.016,15379.783040024304
198259,43878.016,36943.37534430505
198260,43878.016,5138.196264967932
198261,43878.016,18220.369540333322
198262,43878.016,15750.978285503094
198263,43878.016,39758.6812313901
198264,43878.016,30948.272405267908
198265,43878.016,33454.633138068726
198266,43878.016,63591.096573509334
198267,43878.016,67272.47644986863
198268,43878.016,21893.555084520423
198269,43878.016,33469.7707768026
198270,43878.016,56630.85518944935
198271,43878.016,11813.544690465504
198272,43878.016,8304.442301797542
198273,43878.016,63670.072049538714
198274,43878.016,50956.895405720396
198275,43878.016,29487.506125013108
198276,43878.016,39563.079848829366
198277,43878.016,30495.217167118335
198278,43878.016,36783.49453205092
198279,43878.016,42885.69778305087
198280,43878.016,16116.283052006289
198281,43878.016,52748.3005188617
198282,43878.016,27336.489101719028
198283,43878.016,16738.730827771422
198284,43878.016,45829.050250387765
198285,43878.016,28913.832207090327
198286,43878.016,18906.058086815032
198287,43878.016,68613.5424381468
198288,43878.016,38718.19747944635
198289,43878.016,34707.55639797471
198290,43878.016,8836.698896254607
198291,43878.016,8414.065831268415
198292,43878.016,21625.29301123647
198293,43878.016,18969.10769779613
198294,43878.016,16406.609740905304
198295,43878.016,20093.26714129506
198296,43878.016,15458.937910987921
198297,43878.016,19595.906923198203
198298,43878.016,25412.554795628857
198299,43878.016,44585.81705547374
198300,43878.016,54850.44973652998
198301,43878.016,24307.34444330866
198302,43878.016,10638.095739815579
198303,43878.016,37060.206171256716
198304,43878.016,17928.41232371052
198305,43878.016,13200.55190940095
198306,43878.016,26847.705764831
198307,43878.016,35353.810663538505
198308,43878.016,48546.75690869911
198309,43878.016,8878.12035754938
198310,43878.016,88804.67080533961
198311,43878.016,47593.280724008524
198312,43878.016,54707.738619359734
198313,43878.016,49213.74179197542
198314,43878.016,27699.088212406063
198315,43878.016,70722.13990356629
198316,43878.016,35330.84467429052
198317,43878.016,54999.09575177501
198318,43878.016,12733.235864006134
198319,43878.016,23355.559413562198
198320,43878.016,40720.599870715574
198321,43878.016,36853.67238517546
198322,43878.016,27636.507861768412
198323,43878.016,54588.57976578577
198324,43878.016,38438.38508876965
198325,43878.016,47845.4063608543
198326,43878.016,25563.660139207204
198327,43878.016,48076.61300924962
198328,43878.016,22577.888330677873
198329,43878.016,52746.75836948645
198330,43878.016,45779.61929476254
198331,43878.016,31387.855288215487
198332,43878.016,67422.21235606584
198333,43878.016,23102.778490684654
198334,43878.016,21421.038930072693
198335,43878.016,46889.60860059889
198336,43878.016,3854.5747865538838
198337,43878.016,28741.975699060225
198338,43878.016,59992.00183385402
198339,43878.016,10811.303690426545
198340,43878.016,76618.6624267379
198341,43878.016,94757.39445942569
198342,43878.016,10723.21629248945
198343,43878.016,8758.37569047343
198344,43878.016,21159.575842170976
198345,43878.016,65698.17788328347
198346,43878.016,46729.6273569749
198347,43878.016,28343.991323162267
198348,43878.016,67665.36174814208
198349,43878.016,46845.15822226366
198350,43878.016,28124.744742524417
198351,43878.016,15597.038128501754
198352,43878.016,36382.31841338456
198353,43878.016,20886.224141349896
198354,43878.016,16108.317787064987
198355,43878.016,5688.835918292939
198356,43878.016,31743.99887255359
198357,43878.016,39462.733196999696
198358,43878.016,47986.075512848474
198359,43878.016,72751.1887779595
198360,43878.016,43213.09108791891
198361,43878.016,32164.18560587854
198362,43878.016,61046.90802799216
198363,43878.016,40109.62970681784
198364,43878.016,32849.78223440598
198365,43878.016,22501.761893055336
198366,43878.016,8588.507214526751
198367,43878.016,28712.25400473288
198368,43878.016,35903.66665800524
198369,43878.016,43684.64789887415
198370,43878.016,32779.585789770375
198371,43878.016,15530.793683938487
198372,43878.016,23380.26771729882
198373,43878.016,37914.35041535323
198374,43878.016,28038.426687808154
198375,43878.016,7634.708655287159
198376,43878.016,9927.869840152503
198377,43878.016,57718.25981907445
198378,43878.016,17166.68461348512
198379,43878.016,35314.86967968699
198380,43878.016,73093.42445599934
198381,43878.016,50513.3543042776
198382,43878.016,16105.57360428949
198383,43878.016,70895.96753547419
198384,43878.016,60360.55239457916
198385,43878.016,11590.146047960496
198386,43878.016,11386.137807616476
198387,43878.016,24551.437021800386
198388,43878.016,57427.27353040983
198389,43878.016,12553.36001022087
198390,43878.016,8527.091930181845
198391,43878.016,68502.8969379873
198392,43878.016,27416.620829733827
198393,43878.016,21159.765517414413
198394,43878.016,17373.0406014299
198395,43878.016,10601.735633351633
198396,43878.016,40866.90142568728
198397,43878.016,13670.475676620952
198398,43878.016,24148.625692152735
198399,43878.016,36600.467445598006
198400,43878.016,25433.27792605503
198401,43878.016,41008.31340509257
198402,43878.016,39015.78811001259
198403,43878.016,21646.260109842344
198404,43878.016,12844.423352620113
198405,43878.016,63211.495469042224
198406,43878.016,30898.59203829272
198407,43878.016,11350.800075189565
198408,43878.016,43391.20731478938
198409,43878.016,19863.4330395866
198410,43878.016,50864.80492643656
198411,43878.016,52814.90886376317
198412,43878.016,59458.25872711391
198413,43878.016,81126.90484418286
198414,43878.016,60377.21525077827
198415,43878.016,9412.123318797067
198416,43878.016,63195.39743992421
198417,43878.016,55722.2468443873
198418,43878.016,41963.40358464745
198419,43878.016,13849.696179037915
198420,43878.016,10770.401015211737
198421,43878.016,18458.272196331618
198422,43878.016,18784.637783099646
198423,43878.016,9544.841760748766
198424,43878.016,40639.79396167079
198425,43878.016,22564.290391520717
198426,43878.016,40372.50301405354
198427,43878.016,39550.60588320908
198428,43878.016,7064.42166528395
198429,43878.016,74086.71092516431
198430,43878.016,30339.72759639873
198431,43878.016,29504.967346701058
198432,43878.016,66502.8464336755
198433,43878.016,64804.55569218063
198434,43878.016,72168.60233084155
198435,43878.016,20540.778389323375
198436,43878.016,35651.38860397879
198437,43878.016,13491.171618729459
198438,43878.016,30596.605971041146
198439,43878.016,40164.09133547797
198440,43878.016,46481.01772048168
198441,43878.016,27587.65295134989
198442,43878.016,17880.844917911116
198443,43878.016,32493.283835174916
198444,43878.016,15423.212509092922
198445,43878.016,30326.310377077196
198446,43878.016,48973.267215470965
198447,43878.016,6465.4967023748495
198448,43878.016,59738.307185520556
198449,43878.016,27953.453100520426
198450,43878.016,50846.999331797524
198451,43878.016,42077.77371737987
198452,43878.016,67586.50227218714
198453,43878.016,57669.79776345518
198454,43878.016,19600.30055281577
198455,43878.016,62542.81518027745
198456,43878.016,64618.818115726004
198457,43878.016,51326.31345928334
198458,43878.016,6993.93372671805
198459,43878.016,55270.04476043673
198460,43878.016,23697.64980944195
198461,43878.016,19668.3307975612
198462,43878.016,55746.55890055949
198463,43878.016,14997.776843731834
198464,43878.016,9104.213185950624
198465,43878.016,48347.385716001314
198466,43878.016,56231.67070725906
198467,43878.016,36623.783954412225
198468,43878.016,75585.8223294802
198469,43878.016,80799.63494506021
198470,43878.016,39689.84444179454
198471,43878.016,13850.183488515548
198472,43878.016,49025.976129621704
198473,43878.016,22282.70018510896
198474,43878.016,13037.075580621964
198475,43878.016,71632.73609121995
198476,43878.016,36729.801575407524
198477,43878.016,28918.684421710586
198478,43878.016,16383.276859166366
198479,43878.016,60176.10219185725
198480,43878.016,106187.56879740457
198481,43878.016,63358.94541861225
198482,43878.016,26793.758476189727
198483,43878.016,10854.771546538315
198484,43878.016,50514.498563831294
198485,43878.016,4876.342293245426
198486,43878.016,22086.00685363304
198487,43878.016,35383.64651865079
198488,43878.016,44388.204604165156
198489,43878.016,92244.13426077073
198490,43878.016,16010.312255648407
198491,43878.016,13641.010247214923
198492,43878.016,28488.534194790893
198493,43878.016,29926.062465486055
198494,43878.016,18668.717186788508
198495,43878.016,28520.03717692678
198496,43878.016,59408.64532276493
198497,43878.016,21714.5983951897
198498,43878.016,19331.852252344615
198499,43878.016,11724.94956972017
198500,43878.016,58214.21645025793
198501,43878.016,57584.2314227075
198502,43878.016,11980.027619210614
198503,43878.016,59911.201437751195
198504,43878.016,10787.913619506298
198505,43878.016,19440.73000371789
198506,43878.016,35826.078688364905
198507,43878.016,50494.86006217259
198508,43878.016,32390.576200006464
198509,43878.016,61665.21681926204
198510,43878.016,55627.5185466155
198511,43878.016,16142.085886208926
198512,43878.016,73363.26589158627
198513,43878.016,44414.544985883964
198514,43878.016,20720.139918751298
198515,43878.016,10044.716832707398
198516,43878.016,6964.76832335248
198517,43878.016,30928.860162289413
198518,43878.016,18695.427142850865
198519,43878.016,27414.397150824712
198520,43878.016,18225.37305519157
198521,43878.016,24491.541522361276
198522,43878.016,48230.752575273116
198523,43878.016,18438.560887702377
198524,43878.016,20766.903939432515
198525,43878.016,12293.059156239873
198526,43878.016,23537.977205115287
198527,43878.016,48850.86428360224
198528,43878.016,9267.683172644875
198529,43878.016,52544.14624485698
198530,43878.016,61851.8433069595
198531,43878.016,58494.23873881207
198532,43878.016,16102.806956544116
198533,43878.016,15842.57030746924
198534,43878.016,56277.23818830694
198535,43878.016,15384.708817019175
198536,43878.016,6755.862060170319
198537,43878.016,69127.92617111446
198538,43878.016,11749.808240167089
198539,43878.016,18468.25564202301
198540,43878.016,35121.24000291705
198541,43878.016,52524.57293278402
198542,43878.016,67731.14614185845
198543,43878.016,68768.6710016239
198544,43878.016,19610.635118680217
198545,43878.016,39031.99385051046
198546,43878.016,20817.261710769857
198547,43878.016,47048.955488497464
198548,43878.016,32057.585863488977
198549,43878.016,11203.964495515296
198550,43878.016,38860.18537662992
198551,43878.016,35060.236703303955
198552,43878.016,60049.2440554413
198553,43878.016,14475.687319992181
198554,43878.016,63407.27337431008
198555,43878.016,48431.768861467455
198556,43878.016,21054.33286524423
198557,43878.016,12149.681795840284
198558,43878.016,15573.313487040452
198559,43878.016,60210.22238168128
198560,43878.016,43088.300345247415
198561,43878.016,53496.962558904816
198562,43878.016,61020.06187950988
198563,43878.016,5975.495872635127
198564,43878.016,38718.33419590976
198565,43878.016,49889.33523003423
198566,43878.016,39675.36795197627
198567,43878.016,52050.64151343916
198568,43878.016,25835.801397441617
198569,43878.016,70945.6768312673
198570,43878.016,38829.57057113911
198571,43878.016,26134.45256777181
198572,43878.016,36408.00646734152
198573,43878.016,41946.74568142935
198574,43878.016,43310.46233716806
198575,43878.016,23696.18996769128
198576,43878.016,24041.428409169843
198577,43878.016,36481.53319873575
198578,43878.016,30560.14044729903
198579,43878.016,83874.06419048343
198580,43878.016,42190.84617016878
198581,43878.016,28868.81738727344
198582,43878.016,47665.441264934445
198583,43878.016,62489.554877754264
198584,43878.016,26213.188808688905
198585,43878.016,53404.75169287606
198586,43878.016,23024.617956610236
198587,43878.016,64146.693461931565
198588,43878.016,19805.615474327744
198589,43878.016,41679.86952093773
198590,43878.016,19841.295545497473
198591,43878.016,36277.425677925894
198592,43878.016,77428.30687897594
198593,43878.016,12233.9899114623
198594,43878.016,55357.46099881745
198595,43878.016,47237.74426713446
198596,43878.016,69910.9653528734
198597,43878.016,34343.66350654187
198598,43878.016,60467.80799522128
198599,43878.016,55120.18951455303
198600,43878.016,22969.12222533592
198601,43878.016,37788.47762474113
198602,43878.016,45857.07975398721
198603,43878.016,66885.04402083006
198604,43878.016,19201.47048489782
198605,43878.016,19129.3746187117
198606,43878.016,24495.502648388047
198607,43878.016,59223.86952216331
198608,43878.016,26068.912512685227
198609,43878.016,58893.3444863432
198610,43878.016,22085.88372943777
198611,43878.016,46770.59513068927
198612,43878.016,38280.098934704
198613,43878.016,55276.628687004086
198614,43878.016,69198.59714403987
198615,43878.016,13152.971090192985
198616,43878.016,20333.792307664276
198617,43878.016,21365.55810870467
198618,43878.016,16683.6314152392
198619,43878.016,54727.28020489638
198620,43878.016,11788.491040859588
198621,43878.016,9532.567705605288
198622,43878.016,12759.488874017212
198623,43878.016,48547.14127626603
198624,43878.016,28295.473317300057
198625,43878.016,14359.51506470559
198626,43878.016,53630.63715803975
198627,43878.016,105823.3188400629
198628,43878.016,33818.8036312919
198629,43878.016,21795.672666066395
198630,43878.016,55897.429825294006
198631,43878.016,17665.807698881104
198632,43878.016,57447.97431535471
198633,43878.016,11368.691413410876
198634,43878.016,89268.6732214099
198635,43878.016,37035.78912307484
198636,43878.016,47825.820009711
198637,43878.016,17217.58597266025
198638,43878.016,50328.37395434758
198639,43878.016,34284.513583822154
198640,43878.016,67994.17175653644
198641,43878.016,38931.48600665665
198642,43878.016,47780.309623802976
198643,43878.016,9371.289601161674
198644,43878.016,45393.14834359354
198645,43878.016,14652.75268695697
198646,43878.016,33132.57393577129
198647,43878.016,51911.62377975639
198648,43878.016,28362.250799469937
198649,43878.016,43410.942415261794
198650,43878.016,52230.703220945215
198651,43878.016,21014.26720910933
198652,43878.016,37059.553575195656
198653,43878.016,8217.76763315671
198654,43878.016,63280.93398059635
198655,43878.016,8418.51855408617
198656,43878.016,57586.87086337657
198657,43878.016,85935.491453735
198658,43878.016,77626.36762280516
198659,43878.016,49856.863926447404
198660,43878.016,34475.136789678894
198661,43878.016,9119.254795405777
198662,43878.016,9668.445996670524
198663,43878.016,15409.421175576741
198664,43878.016,26882.382549330345
198665,43878.016,32259.810630717693
198666,43878.016,19856.842546749507
198667,43878.016,41761.10208528151
198668,43878.016,31300.222435733278
198669,43878.016,50632.816415421425
198670,43878.016,77759.00704670469
198671,43878.016,52885.785120775465
198672,43878.016,12102.120332279273
198673,43878.016,40970.89819680408
198674,43878.016,37242.03443483514
198675,43878.016,23783.466388484274
198676,43878.016,36657.88519136202
198677,43878.016,35894.79723584026
198678,43878.016,41095.07642468448
198679,43878.016,14185.34653398021
198680,43878.016,37601.69574161988
198681,43878.016,62310.42448787314
198682,43878.016,14133.996774711062
198683,43878.016,47784.61803247967
198684,43878.016,46130.256372490614
198685,43878.016,12020.365120615052
198686,43878.016,23958.621513633192
198687,43878.016,8341.173713002983
198688,43878.016,10814.996449861963
198689,43878.016,32457.26458736612
198690,43878.016,20045.714849445147
198691,43878.016,71168.34512979731
198692,43878.016,38574.484539054596
198693,43878.016,57533.61559552462
198694,43878.016,54125.266988705625
198695,43878.016,49551.83581492361
198696,43878.016,7587.131985830462
198697,43878.016,44034.342601706725
198698,43878.016,22202.34545018909
198699,43878.016,33986.46990564768
198700,43878.016,33175.78827934848
198701,43878.016,16995.11603796508
198702,43878.016,50590.68029808024
198703,43878.016,18294.029334243958
198704,43878.016,49483.485859742315
198705,43878.016,16821.232220313686
198706,43878.016,48108.605078571614
198707,43878.016,59701.01623723968
198708,43878.016,13086.500318735478
198709,43878.016,60206.88012811958
198710,43878.016,18423.339689996992
198711,43878.016,37665.716530777834
198712,43878.016,17813.2999905143
198713,43878.016,45903.308394063824
198714,43878.016,49823.92264291333
198715,43878.016,32443.920049022152
198716,43878.016,118031.03555637988
198717,43878.016,14518.494054873652
198718,43878.016,47547.73061365179
198719,43878.016,44092.724468817665
198720,43878.016,22552.664850817917
198721,43878.016,14967.77233793999
198722,43878.016,11693.238717784905
198723,43878.016,51927.7055453135
198724,43878.016,42028.83584330468
198725,43878.016,30747.700453212732
198726,43878.016,40710.04978343233
198727,43878.016,10696.313146744815
198728,43878.016,12373.175118130846
198729,43878.016,11628.842726953917
198730,43878.016,36228.73958216465
198731,43878.016,34894.41744089146
198732,43878.016,10829.529310730257
198733,43878.016,40185.55764632971
198734,43878.016,62281.28332172876
198735,43878.016,69696.40114562592
198736,43878.016,51399.39750655286
198737,43878.016,40474.40968211578
198738,43878.016,8942.24722009728
198739,43878.016,32605.032371352754
198740,43878.016,17299.591657932742
198741,43878.016,34211.7375394637
198742,43878.016,49048.33160091553
198743,43878.016,25107.380161867237
198744,43878.016,44228.702284015635
198745,43878.016,23881.49453958523
198746,43878.016,12686.925147516271
198747,43878.016,27879.180483000735
198748,43878.016,36560.37833980935
198749,43878.016,16918.253985062587
198750,43878.016,22109.895670240465
198751,43878.016,42056.2481550262
198752,43878.016,13890.743754991398
198753,43878.016,15688.223091994447
198754,43878.016,55375.04390098187
198755,43878.016,60281.10841532219
198756,43878.016,31083.784198076934
198757,43878.016,31901.400911857687
198758,43878.016,16023.766445900326
198759,43878.016,8464.651366502478
198760,43878.016,47092.12380906715
198761,43878.016,13107.214832455911
198762,43878.016,39294.22487685264
198763,43878.016,45434.50533048057
198764,43878.016,13303.863083277627
198765,43878.016,11173.529914468572
198766,43878.016,20411.363659732408
198767,43878.016,28713.805197607424
198768,43878.016,38154.86500907976
198769,43878.016,23741.911697446878
198770,43878.016,43447.01712398534
198771,43878.016,48543.82268673958
198772,43878.016,33711.25585265864
198773,43878.016,31092.9472710095
198774,43878.016,32271.574621106047
198775,43878.016,37026.54889302099
198776,43878.016,16158.92474164218
198777,43878.016,19492.70080331834
198778,43878.016,59223.07408303811
198779,43878.016,25139.252052103206
198780,43878.016,9164.054470101477
198781,43878.016,14486.50322145815
198782,43878.016,42398.78695723882
198783,43878.016,7559.172058784023
198784,43878.016,67353.4756197227
198785,43878.016,19675.256156672236
198786,43878.016,25581.983733706187
198787,43878.016,29732.882290529047
198788,43878.016,48565.61510207136
198789,43878.016,52062.545262574415
198790,43878.016,59646.008565266144
198791,43878.016,9162.281709564646
198792,43878.016,54408.57161229873
198793,43878.016,13736.152124220678
198794,43878.016,60215.49952892548
198795,43878.016,59867.92127709248
198796,43878.016,10017.337604397853
198797,43878.016,26132.218686503093
198798,43878.016,27835.00573587923
198799,43878.016,49430.48749261342
198800,43878.016,10825.969103016669
198801,43878.016,40197.759172896214
198802,43878.016,32837.90970753234
198803,43878.016,18498.185421769318
198804,43878.016,50923.8029752556
198805,43878.016,74309.22728314299
198806,43878.016,72108.73308535066
198807,43878.016,16145.275348880967
198808,43878.016,12707.57670276742
198809,43878.016,59386.91674783776
198810,43878.016,34721.190674762336
198811,43878.016,10924.395835008103
198812,43878.016,17131.653027806016
198813,43878.016,7729.454006698458
198814,43878.016,54479.9819103018
198815,43878.016,46644.3493784059
198816,43878.016,20430.21136248464
198817,43878.016,17013.580075595226
198818,43878.016,33097.98324698248
198819,43878.016,25540.181504962697
198820,43878.016,19390.37812416464
198821,43878.016,33335.2201622461
198822,43878.016,41040.07025020922
198823,43878.016,49678.21032041
198824,43878.016,18669.999191951483
198825,43878.016,28538.731544818285
198826,43878.016,24168.33965250157
198827,43878.016,9604.047075446337
198828,43878.016,22063.688022200564
198829,43878.016,30121.122607058973
198830,43878.016,60381.59233403999
198831,43878.016,12431.21820437392
198832,43878.016,35718.34191637393
198833,43878.016,25688.093261497557
198834,43878.016,8686.226560591982
198835,43878.016,52154.73084340563
198836,43878.016,53922.875558042004
198837,43878.016,12220.763778574052
198838,43878.016,27746.92110425831
198839,43878.016,60450.65930433797
198840,43878.016,25416.491923436028
198841,43878.016,25257.57938773779
198842,43878.016,41733.433004148246
198843,43878.016,12465.745270113344
198844,43878.016,28145.435681775143
198845,43878.016,32011.597512628716
198846,43878.016,14084.31390988068
198847,43878.016,45848.573868287654
198848,43878.016,13321.363645753056
198849,43878.016,25714.476306351895
198850,43878.016,18668.70028496249
198851,43878.016,51856.20240245265
198852,43878.016,42578.80793533863
198853,43878.016,68075.25848981306
198854,43878.016,49386.40230529011
198855,43878.016,123054.76807764432
198856,43878.016,39278.1099354739
198857,43878.016,25390.477082521687
198858,43878.016,70822.79713279512
198859,43878.016,17985.403775720406
198860,43878.016,47736.658116180675
198861,43878.016,18035.87457073004
198862,43878.016,21144.42355426514
198863,43878.016,24468.62668334075
198864,43878.016,61730.708937615775
198865,43878.016,89717.17716121068
198866,43878.016,55879.40155667065
198867,43878.016,60600.04232265316
198868,43878.016,21030.110924109722
198869,43878.016,27919.28369138509
198870,43878.016,61348.7614240981
198871,43878.016,9447.736062130894
198872,43878.016,42272.41751756786
198873,43878.016,30797.018241720594
198874,43878.016,13939.20167129258
198875,43878.016,54543.46051771104
198876,43878.016,62284.1481407972
198877,43878.016,23173.461846295835
198878,43878.016,65153.01301496769
198879,43878.016,73841.21103981395
198880,43878.016,19700.837310471063
198881,43878.016,41882.421854478875
198882,43878.016,26595.52224413146
198883,43878.016,28542.709739856942
198884,43878.016,20716.847677185568
198885,43878.016,16224.49645089477
198886,43878.016,14729.658276420505
198887,43878.016,56314.11506496108
198888,43878.016,30139.904702887987
198889,43878.016,53664.290695768
198890,43878.016,24738.226757221386
198891,43878.016,39913.237911668504
198892,43878.016,44729.859481355474
198893,43878.016,25568.2763793746
198894,43878.016,57860.12394119672
198895,43878.016,11312.478281487949
198896,43878.016,40443.438067520794
198897,43878.016,27704.294291267135
198898,43878.016,20756.62637487493
198899,43878.016,41585.492056574985
198900,43878.016,20955.28060701564
198901,43878.016,43553.842367553836
198902,43878.016,93341.54807416866
198903,43878.016,20714.866689237897
198904,43878.016,32666.650912075223
198905,43878.016,40071.71757661057
198906,43878.016,22925.677455149864
198907,43878.016,52468.614594381506
198908,43878.016,61215.50568911492
198909,43878.016,61024.849079140215
198910,43878.016,31777.012106289283
198911,43878.016,13477.11757137214
198912,43878.016,21183.919899231496
198913,43878.016,7265.756742807005
198914,43878.016,50678.83024235308
198915,43878.016,48846.313963775596
198916,43878.016,22895.790351240492
198917,43878.016,49762.604881245745
198918,43878.016,17169.816418985683
198919,43878.016,21518.670202038924
198920,43878.016,36839.091238108194
198921,43878.016,17828.029071889705
198922,43878.016,16815.4655356983
198923,43878.016,27419.723397096022
198924,43878.016,34463.56703239771
198925,43878.016,14682.882323684637
198926,43878.016,41145.260473891205
198927,43878.016,39220.41954401725
198928,43878.016,49982.8905960484
198929,43878.016,34928.73366659161
198930,43878.016,17347.62024039624
198931,43878.016,23775.40239707638
198932,43878.016,37580.58994652427
198933,43878.016,34961.79169693166
198934,43878.016,61247.86836211608
198935,43878.016,38845.5955887415
198936,43878.016,62960.22279794169
198937,43878.016,27780.67137576285
198938,43878.016,33438.16480467437
198939,43878.016,28457.83802530199
198940,43878.016,39198.64047341729
198941,43878.016,40605.97625959887
198942,43878.016,14366.152029494644
198943,43878.016,36567.46943927693
198944,43878.016,12737.308806901056
198945,43878.016,68654.76833260604
198946,43878.016,53634.583628347624
198947,43878.016,39970.089587222144
198948,43878.016,53279.04363356309
198949,43878.016,51615.50077201646
198950,43878.016,35474.844973988045
198951,43878.016,6609.701638582185
198952,43878.016,19894.766822587084
198953,43878.016,28642.674121580007
198954,43878.016,36731.2036079342
198955,43878.016,13214.548106260798
198956,43878.016,72521.80985803984
198957,43878.016,58548.69965980392
198958,43878.016,47855.94668848785
198959,43878.016,63541.4477732631
198960,43878.016,45218.57627066378
198961,43878.016,39110.6580688357
198962,43878.016,40593.78234548119
198963,43878.016,17964.4660783663
198964,43878.016,69067.86624794407
198965,43878.016,25903.102486497508
198966,43878.016,18596.222831248462
198967,43878.016,11574.924241418668
198968,43878.016,99382.65523904804
198969,43878.016,34436.205568608435
198970,43878.016,29769.66178170922
198971,43878.016,15296.229550527365
198972,43878.016,41788.89364962654
198973,43878.016,23463.2645087209
198974,43878.016,36970.23424413513
198975,43878.016,18681.795846509558
198976,43878.016,27346.234139534008
198977,43878.016,25606.46055018522
198978,43878.016,22768.299889664217
198979,43878.016,18358.495750427413
198980,43878.016,18439.097729780824
198981,43878.016,46631.91006139399
198982,43878.016,8143.854415844444
198983,43878.016,54455.74140446633
198984,43878.016,9375.833468156823
198985,43878.016,18829.362715437048
198986,43878.016,60892.147567698026
198987,43878.016,33666.45519091763
198988,43878.016,16735.52012466618
198989,43878.016,24984.48752548696
198990,43878.016,55762.45430094722
198991,43878.016,10691.722501510481
198992,43878.016,40508.36940456883
198993,43878.016,14534.124595213667
198994,43878.016,47893.442029591766
198995,43878.016,16493.566519633354
198996,43878.016,18392.61261831329
198997,43878.016,13886.225388304756
198998,43878.016,28118.810777183033
198999,43878.016,5459.207493300674
199000,43878.016,63212.258614583545
199001,43878.016,11136.002493877817
199002,43878.016,28733.016246311407
199003,43878.016,77733.36635597712
199004,43878.016,54762.32218379477
199005,43878.016,51226.82956793486
199006,43878.016,18582.805398194057
199007,43878.016,8083.69682000088
199008,43878.016,12436.774949677847
199009,43878.016,17815.358754663313
199010,43878.016,45948.34877407841
199011,43878.016,48767.003732309524
199012,43878.016,45196.38482448588
199013,43878.016,32559.65097531533
199014,43878.016,58018.69202178079
199015,43878.016,25700.465121963538
199016,43878.016,10638.074287114307
199017,43878.016,5503.563965011856
199018,43878.016,18807.25544224078
199019,43878.016,51745.127965242034
199020,43878.016,42345.12747913431
199021,43878.016,63532.09477668199
199022,43878.016,40987.44522076565
199023,43878.016,62634.76998149379
199024,43878.016,41959.86188751152
199025,43878.016,44202.95965686722
199026,43878.016,49167.18269656626
199027,43878.016,53965.83899239142
199028,43878.016,26301.575483149725
199029,43878.016,22293.7963119587
199030,43878.016,20319.95210230621
199031,43878.016,34551.25168437552
199032,43878.016,37433.73119652968
199033,43878.016,5371.392924210355
199034,43878.016,19910.60013188638
199035,43878.016,46327.5654723336
199036,43878.016,10934.366546602554
199037,43878.016,53375.95222228561
199038,43878.016,38872.16815329194
199039,43878.016,21221.86104566442
199040,43878.016,58484.132950282336
199041,43878.016,20318.16064503636
199042,43878.016,28192.78452452735
199043,43878.016,22164.743389313157
199044,43878.016,35989.11474866351
199045,43878.016,12367.192881806837
199046,43878.016,22462.846493514677
199047,43878.016,21806.290034847265
199048,43878.016,58125.70162111997
199049,43878.016,65531.148200170916
199050,43878.016,16132.01424191303
199051,43878.016,13140.785453689898
199052,43878.016,57770.166802168926
199053,43878.016,46698.35578710744
199054,43878.016,7009.423231352523
199055,43878.016,27659.887457849494
199056,43878.016,58982.07994861473
199057,43878.016,15690.100624842644
199058,43878.016,58807.27785668226
199059,43878.016,36481.87925021926
199060,43878.016,54072.87898894775
199061,43878.016,79385.17680565502
199062,43878.016,14957.552328986843
199063,43878.016,31011.53409246632
199064,43878.016,57902.838555618684
199065,43878.016,11399.776787920271
199066,43878.016,11706.532895845417
199067,43878.016,46585.5408658061
199068,43878.016,34004.463761002095
199069,43878.016,68536.9863524853
199070,43878.016,31675.702118722078
199071,43878.016,50814.985887419236
199072,43878.016,23096.019619334806
199073,43878.016,39208.216912407115
199074,43878.016,23158.589591644297
199075,43878.016,17814.46493962291
199076,43878.016,15216.271922507414
199077,43878.016,35131.14511287857
199078,43878.016,43329.749606144665
199079,43878.016,46573.604799504436
199080,43878.016,41317.1371784827
199081,43878.016,46767.501692278376
199082,43878.016,64340.585998997536
199083,43878.016,71467.64634404494
199084,43878.016,23074.449362155785
199085,43878.016,46799.887955307975
199086,43878.016,26108.178852728666
199087,43878.016,33490.33515228041
199088,43878.016,32694.697241133654
199089,43878.016,77541.28732215514
199090,43878.016,60419.898500606476
199091,43878.016,40264.56496354155
199092,43878.016,25700.479406738727
199093,43878.016,18992.097785674174
199094,43878.016,36667.15154039294
199095,43878.016,48337.80344216729
199096,43878.016,31329.213815692317
199097,43878.016,62933.57072734859
199098,43878.016,4868.402287221675
199099,43878.016,20511.10734720346
199100,43878.016,43400.963944567855
199101,43878.016,18605.308227540703
199102,43878.016,11437.25364104036
199103,43878.016,47553.572927591245
199104,43878.016,33095.407812298
199105,43878.016,17092.95439091028
199106,43878.016,13245.190127468859
199107,43878.016,66039.03105540268
199108,43878.016,59261.260579957656
199109,43878.016,18218.040281141017
199110,43878.016,49872.90690118564
199111,43878.016,38192.30394255403
199112,43878.016,46765.99768619244
199113,43878.016,7521.025771447654
199114,43878.016,31991.29112921119
199115,43878.016,43699.351461367274
199116,43878.016,26855.391600946004
199117,43878.016,31181.402845324435
199118,43878.016,19954.812338138978
199119,43878.016,46429.73037964149
199120,43878.016,52208.934080469044
199121,43878.016,27841.077517546168
199122,43878.016,69124.91808946122
199123,43878.016,42073.39513058867
199124,43878.016,41161.03817488139
199125,43878.016,63931.24283224195
199126,43878.016,16896.56250771785
199127,43878.016,33516.831322135775
199128,43878.016,37777.91644075418
199129,43878.016,35497.34953327216
199130,43878.016,40068.47331341785
199131,43878.016,63894.61212928525
199132,43878.016,26148.1297500785
199133,43878.016,36939.70424841087
199134,43878.016,14107.044394973986
199135,43878.016,29397.824808248348
199136,43878.016,72076.32490327794
199137,43878.016,24705.573553962953
199138,43878.016,12236.097761458412
199139,43878.016,52701.29025444699
199140,43878.016,42216.09020174637
199141,43878.016,30866.089245135314
199142,43878.016,10486.2379952042
199143,43878.016,15291.853812217929
199144,43878.016,38785.54285174812
199145,43878.016,62328.53311447538
199146,43878.016,63238.39075594378
199147,43878.016,24346.74077693648
199148,43878.016,22403.165895478996
199149,43878.016,51815.88256634273
199150,43878.016,47321.130562678234
199151,43878.016,56528.147928958475
199152,43878.016,58073.34289334031
199153,43878.016,39556.58960823071
199154,43878.016,12833.191381315557
199155,43878.016,40508.32133651795
199156,43878.016,56464.20458928655
199157,43878.016,34976.94272687124
199158,43878.016,25781.570081377937
199159,43878.016,17501.294676397083
199160,43878.016,44253.60909827663
199161,43878.016,51399.12521136991
199162,43878.016,13497.996119720687
199163,43878.016,9613.605659449673
199164,43878.016,22055.427083543796
199165,43878.016,48512.180597334314
199166,43878.016,58742.307754539004
199167,43878.016,9207.397006735784
199168,43878.016,20291.140510934125
199169,43878.016,9620.869469747482
199170,43878.016,41366.560183233894
199171,43878.016,12716.553704772414
199172,43878.016,62762.83069976487
199173,43878.016,47793.5080144213
199174,43878.016,80140.93159569391
199175,43878.016,26913.015207612378
199176,43878.016,42375.84068297713
199177,43878.016,15939.759375008818
199178,43878.016,27050.712027803515
199179,43878.016,30448.410558081378
199180,43878.016,24105.6783717876
199181,43878.016,48346.27105100234
199182,43878.016,56935.757226388196
199183,43878.016,38266.98535284117
199184,43878.016,25697.797637462398
199185,43878.016,16277.127009838981
199186,43878.016,56663.884265535686
199187,43878.016,72518.24510304478
199188,43878.016,16547.007920513588
199189,43878.016,67286.2138772937
199190,43878.016,66421.02941007612
199191,43878.016,23722.90002871338
199192,43878.016,42063.91921766672
199193,43878.016,9446.41365888327
199194,43878.016,53448.295232159646
199195,43878.016,44099.51112339041
199196,43878.016,18381.498475780198
199197,43878.016,24170.874486337463
199198,43878.016,65978.37073647932
199199,43878.016,29518.281763516552
199200,43878.016,23785.690003875567
199201,43878.016,70691.50694866497
199202,43878.016,17810.97695408697
199203,43878.016,34076.30691050977
199204,43878.016,60484.802469526665
199205,43878.016,12514.873500677168
199206,43878.016,21039.525035515006
199207,43878.016,54228.653819313986
199208,43878.016,29549.47657966431
199209,43878.016,32691.014382185615
199210,43878.016,53005.076866362084
199211,43878.016,23388.85797146241
199212,43878.016,37231.08790531853
199213,43878.016,35766.26641348469
199214,43878.016,12579.346292239978
199215,43878.016,22099.93257984814
199216,43878.016,78377.60722719936
199217,43878.016,19183.65427195691
199218,43878.016,39986.36411172023
199219,43878.016,23928.777564013413
199220,43878.016,43160.8953119349
199221,43878.016,13180.61979273702
199222,43878.016,15689.849090236281
199223,43878.016,28007.00838288634
199224,43878.016,64863.65018086016
199225,43878.016,60647.4066291072
199226,43878.016,36209.64902036057
199227,43878.016,12724.038753837194
199228,43878.016,47383.27976421697
199229,43878.016,37106.999772446536
199230,43878.016,47936.756590633835
199231,43878.016,16009.50395432971
199232,43878.016,54347.976578634334
199233,43878.016,29460.66110435346
199234,43878.016,49636.57581630866
199235,43878.016,15549.37313692397
199236,43878.016,77735.52205371096
199237,43878.016,10628.45118483326
199238,43878.016,20372.888387332507
199239,43878.016,35852.69716004775
199240,43878.016,24850.428403452413
199241,43878.016,49643.493932725454
199242,43878.016,44757.896042830434
199243,43878.016,51427.978126879585
199244,43878.016,45308.70382524817
199245,43878.016,40729.29794047055
199246,43878.016,64578.08316190718
199247,43878.016,32429.775411794548
199248,43878.016,9071.767665270563
199249,43878.016,8749.496563827135
199250,43878.016,61200.627310587
199251,43878.016,12997.929972792394
199252,43878.016,33291.13088538142
199253,43878.016,65770.59251883972
199254,43878.016,35251.99119327569
199255,43878.016,72429.7821645725
199256,43878.016,10749.777369624722
199257,43878.016,61889.42722682186
199258,43878.016,61893.414912236316
199259,43878.016,33932.340864271275
199260,43878.016,52740.91856035945
199261,43878.016,13916.871235709059
199262,43878.016,8781.004682920255
199263,43878.016,41890.809152530746
199264,43878.016,40180.337986216284
199265,43878.016,29726.09569032026
199266,43878.016,33051.962516902946
199267,43878.016,61306.89122678079
199268,43878.016,29157.308131834663
199269,43878.016,23907.756105404012
199270,43878.016,27410.626039785835
199271,43878.016,46624.025008229626
199272,43878.016,40551.50831487367
199273,43878.016,29576.808632516415
199274,43878.016,41676.63820719167
199275,43878.016,82744.2273436618
199276,43878.016,24414.50402844451
199277,43878.016,58075.17628742589
199278,43878.016,27441.33067614009
199279,43878.016,50135.56559228908
199280,43878.016,20042.007758260068
199281,43878.016,7809.3797772813805
199282,43878.016,28708.076536670105
199283,43878.016,76297.67482557756
199284,43878.016,15313.137395137845
199285,43878.016,62370.80508190115
199286,43878.016,29029.10298134918
199287,43878.016,16615.701965275908
199288,43878.016,23351.659658322882
199289,43878.016,83609.13931270757
199290,43878.016,14125.826969293354
199291,43878.016,32769.36072130626
199292,43878.016,73457.55128414392
199293,43878.016,23892.141279593438
199294,43878.016,21298.443214439496
199295,43878.016,57943.70151702155
199296,43878.016,28999.400115780376
199297,43878.016,50165.395801331986
199298,43878.016,46566.71750211972
199299,43878.016,52540.59679035605
199300,43878.016,39136.84896635566
199301,43878.016,25849.280735459928
199302,43878.016,50572.20254504897
199303,43878.016,11706.924019110731
199304,43878.016,56453.02803252169
199305,43878.016,33602.71240066698
199306,43878.016,26556.777854860982
199307,43878.016,57336.41960338087
199308,43878.016,38514.26251266569
199309,43878.016,67755.34672757878
199310,43878.016,32182.931117848686
199311,43878.016,32790.94466591873
199312,43878.016,19149.9068619617
199313,43878.016,18646.300584951714
199314,43878.016,40253.83577849809
199315,43878.016,31316.80685276158
199316,43878.016,30005.697051887924
199317,43878.016,16788.815660411095
199318,43878.016,35633.5231667498
199319,43878.016,59982.03736847752
199320,43878.016,62807.047725471544
199321,43878.016,33770.05665086588
199322,43878.016,49885.81782524702
199323,43878.016,17807.000650981758
199324,43878.016,8403.660063466115
199325,43878.016,50637.30939224483
199326,43878.016,22927.713968110656
199327,43878.016,51772.64357146337
199328,43878.016,13275.081658523992
199329,43878.016,49687.58364992108
199330,43878.016,48505.61691763524
199331,43878.016,42711.93329581707
199332,43878.016,21731.092209223556
199333,43878.016,31532.856027031605
199334,43878.016,62077.98553884448
199335,43878.016,47707.881273797786
199336,43878.016,23568.708615878437
199337,43878.016,41829.517607690665
199338,43878.016,13645.529014867294
199339,43878.016,16624.62799129206
199340,43878.016,13136.32688012549
199341,43878.016,23493.387195065992
199342,43878.016,30076.859149473756
199343,43878.016,30058.85232404274
199344,43878.016,27543.335226429394
199345,43878.016,76721.22639506056
199346,43878.016,8106.623947229441
199347,43878.016,21952.723241052852
199348,43878.016,68810.08557138171
199349,43878.016,54865.594087586
199350,43878.016,40590.6107232002
199351,43878.016,20763.53524899844
199352,43878.016,50693.03807106997
199353,43878.016,39493.76168735137
199354,43878.016,64303.48128451663
199355,43878.016,32046.841750247513
199356,43878.016,32281.05265124031
199357,43878.016,14084.275972563939
199358,43878.016,7863.129493479048
199359,43878.016,72620.2777773359
199360,43878.016,12803.287515996079
199361,43878.016,23336.797238590738
199362,43878.016,17981.540094023418
199363,43878.016,47063.07593422308
199364,43878.016,20918.923023773066
199365,43878.016,34961.92745201083
199366,43878.016,23373.632202998375
199367,43878.016,38899.52606346649
199368,43878.016,66962.4060458527
199369,43878.016,58045.61495670161
199370,43878.016,38009.83465815403
199371,43878.016,59139.51084142105
199372,43878.016,26283.2034451728
199373,43878.016,45426.063308665325
199374,43878.016,39353.09401130481
199375,43878.016,72233.96308812601
199376,43878.016,38792.234371177525
199377,43878.016,34694.011766183015
199378,43878.016,51700.010189349574
199379,43878.016,84250.58945404938
199380,43878.016,20841.326018902528
199381,43878.016,36791.90222095296
199382,43878.016,28224.723203114998
199383,43878.016,14455.392713686935
199384,43878.016,33524.54444083245
199385,43878.016,11958.983979159942
199386,43878.016,64142.46386265611
199387,43878.016,26737.6557036028
199388,43878.016,23165.365237056696
199389,43878.016,16586.06582573779
199390,43878.016,55128.07478766235
199391,43878.016,33834.58980318808
199392,43878.016,68363.43724239923
199393,43878.016,14873.093444813047
199394,43878.016,32665.63744051473
199395,43878.016,22085.624914276108
199396,43878.016,52301.73697307727
199397,43878.016,50665.80141486755
199398,43878.016,33239.84735507929
199399,43878.016,37714.45753054053
199400,43878.016,17651.1160557259
199401,43878.016,14828.329187768213
199402,43878.016,33709.73046032449
199403,43878.016,46306.549111228385
199404,43878.016,21207.524989327132
199405,43878.016,130068.89934035265
199406,43878.016,62391.059075454425
199407,43878.016,28681.98757553648
199408,43878.016,32647.156631759626
199409,43878.016,110103.70993284874
199410,43878.016,24932.446522486636
199411,43878.016,51350.671051731544
199412,43878.016,21136.945628980477
199413,43878.016,40608.05082834618
199414,43878.016,65830.15981330004
199415,43878.016,30795.49117128027
199416,43878.016,7131.453492460373
199417,43878.016,55579.96996549097
199418,43878.016,18029.940005214175
199419,43878.016,63724.96477506792
199420,43878.016,45585.812862662235
199421,43878.016,8146.952544921528
199422,43878.016,68987.63774394384
199423,43878.016,10643.543478242713
199424,43878.016,52036.18218159601
199425,43878.016,20843.707998315855
199426,43878.016,24087.049218862332
199427,43878.016,27773.054409637865
199428,43878.016,26513.992929192093
199429,43878.016,39626.244135066365
199430,43878.016,14086.88368104698
199431,43878.016,18591.15544413554
199432,43878.016,54132.34359496628
199433,43878.016,65681.0096180071
199434,43878.016,7831.32319837962
199435,43878.016,33914.25198114369
199436,43878.016,40831.60969987977
199437,43878.016,73291.81506169072
199438,43878.016,58367.691149175036
199439,43878.016,57249.65690725206
199440,43878.016,9588.089500421225
199441,43878.016,13343.430448388566
199442,43878.016,14269.737244357351
199443,43878.016,38077.115395345354
199444,43878.016,38109.207212932546
199445,43878.016,18993.492313137383
199446,43878.016,39908.546908726086
199447,43878.016,48687.224005318516
199448,43878.016,23802.29144586041
199449,43878.016,41565.695820465975
199450,43878.016,10778.203986759867
199451,43878.016,37213.95120158105
199452,43878.016,28182.56144830742
199453,43878.016,54950.3829138299
199454,43878.016,40955.104536581406
199455,43878.016,11808.252133560645
199456,43878.016,22977.744925284747
199457,43878.016,32628.121353212548
199458,43878.016,18125.786236675867
199459,43878.016,19245.941771425423
199460,43878.016,43020.76801258584
199461,43878.016,34233.08150129551
199462,43878.016,12955.593736339206
199463,43878.016,31051.094346870144
199464,43878.016,27080.851341195725
199465,43878.016,37378.575129667086
199466,43878.016,53838.18663656111
199467,43878.016,29943.599585894375
199468,43878.016,16228.904822326625
199469,43878.016,53472.795306855995
199470,43878.016,13440.908588156335
199471,43878.016,42204.33780388374
199472,43878.016,10910.362958937485
199473,43878.016,38259.833594857344
199474,43878.016,20696.670781411653
199475,43878.016,13865.21661543983
199476,43878.016,21904.817638972414
199477,43878.016,57445.37695929786
199478,43878.016,26226.768144194648
199479,43878.016,50673.034701391785
199480,43878.016,9278.354872360613
199481,43878.016,36631.988962650554
199482,43878.016,13577.163218958454
199483,43878.016,25221.75820813457
199484,43878.016,38234.645932691055
199485,43878.016,13354.512046841837
199486,43878.016,58772.58511225005
199487,43878.016,72540.40791116544
199488,43878.016,11550.790460519343
199489,43878.016,10400.034667546688
199490,43878.016,36466.69706481521
199491,43878.016,22958.703502066954
199492,43878.016,17687.80520567455
199493,43878.016,5200.564600246086
199494,43878.016,67116.31876354877
199495,43878.016,55307.919901345944
199496,43878.016,28504.45469345238
199497,43878.016,21317.32588504048
199498,43878.016,36625.27602375347
199499,43878.016,26116.795009112317
199500,43878.016,15214.473288945495
199501,43878.016,34415.80035468186
199502,43878.016,71727.40913824902
199503,43878.016,51400.64452798787
199504,43878.016,44599.52843994341
199505,43878.016,12928.255430821484
199506,43878.016,69283.28394722044
199507,43878.016,23422.330207034775
199508,43878.016,53322.72609297065
199509,43878.016,56083.99419961682
199510,43878.016,9228.430812070384
199511,43878.016,8343.122168360673
199512,43878.016,13143.37147694796
199513,43878.016,39150.484033202774
199514,43878.016,22248.70985711424
199515,43878.016,53332.44543659219
199516,43878.016,44230.02652805651
199517,43878.016,14595.00196585918
199518,43878.016,7501.155057717201
199519,43878.016,2998.0904634996955
199520,43878.016,54891.092618660914
199521,43878.016,21748.899773999405
199522,43878.016,55084.482071341256
199523,43878.016,17801.541357417027
199524,43878.016,15207.123563299037
199525,43878.016,57600.55540170728
199526,43878.016,49960.2673580402
199527,43878.016,10625.506222184655
199528,43878.016,9347.973630942659
199529,43878.016,13030.01228868272
199530,43878.016,10932.683827356517
199531,43878.016,26491.58562737365
199532,43878.016,11426.098060419154
199533,43878.016,14728.51084946259
199534,43878.016,11078.04248960934
199535,43878.016,18045.47473944094
199536,43878.016,48930.4400457085
199537,43878.016,17875.21731371234
199538,43878.016,57467.684867368655
199539,43878.016,48492.66164066184
199540,43878.016,51740.349439774436
199541,43878.016,51079.64793422361
199542,43878.016,11914.651061441835
199543,43878.016,40734.83493077191
199544,43878.016,52225.674204919116
199545,43878.016,29553.683186924205
199546,43878.016,29527.789602078214
199547,43878.016,24598.972014889845
199548,43878.016,18046.964685066338
199549,43878.016,28545.32982590632
199550,43878.016,52188.18498927152
199551,43878.016,9342.758609540138
199552,43878.016,67122.26253405782
199553,43878.016,29802.022766766335
199554,43878.016,11601.791647285236
199555,43878.016,30389.907687548217
199556,43878.016,40016.388772930724
199557,43878.016,49964.431469624535
199558,43878.016,23894.045086539943
199559,43878.016,43630.5052251744
199560,43878.016,49680.356915976634
199561,43878.016,8141.166738881123
199562,43878.016,19730.02168773249
199563,43878.016,26750.81746436214
199564,43878.016,17330.780211544417
199565,43878.016,20693.319561045184
199566,43878.016,9247.284704317206
199567,43878.016,14871.043373447495
199568,43878.016,29830.62227608221
199569,43878.016,36560.97859990429
199570,43878.016,29666.399876861487
199571,43878.016,57324.861132230355
199572,43878.016,59127.57697799037
199573,43878.016,70523.23793539645
199574,43878.016,60822.37955235931
199575,43878.016,83945.0958835694
199576,43878.016,13321.668158103223
199577,43878.016,39337.03666388474
199578,43878.016,39175.19185083156
199579,43878.016,41841.846280836966
199580,43878.016,16491.542362990705
199581,43878.016,11874.711558593408
199582,43878.016,28636.18433596644
199583,43878.016,35018.041173586695
199584,43878.016,10135.0733384573
199585,43878.016,9909.664680272439
199586,43878.016,121926.18915193905
199587,43878.016,50560.332536234535
199588,43878.016,33390.16361690883
199589,43878.016,15542.9503182663
199590,43878.016,49218.40480880697
199591,43878.016,24888.986570059795
199592,43878.016,7226.266495195132
199593,43878.016,28993.11841956212
199594,43878.016,14237.77728801764
199595,43878.016,54549.5924554381
199596,43878.016,39667.091021459404
199597,43878.016,75259.72488091745
199598,43878.016,21199.21375424746
199599,43878.016,34860.61329580631
199600,43878.016,21569.025732441816
199601,43878.016,71043.28015981542
199602,43878.016,36226.352329942776
199603,43878.016,18759.34275959224
199604,43878.016,27814.692291673353
199605,43878.016,41831.60066896764
199606,43878.016,26213.46631288521
199607,43878.016,47822.7433448213
199608,43878.016,62155.50140020865
199609,43878.016,43609.99709757127
199610,43878.016,57138.48703688075
199611,43878.016,15841.08100001541
199612,43878.016,42941.74774198865
199613,43878.016,69323.85063840731
199614,43878.016,58802.53190310019
199615,43878.016,33497.65207703794
199616,43878.016,21137.480043720916
199617,43878.016,64048.30233163153
199618,43878.016,49851.01362379162
199619,43878.016,51870.49867776015
199620,43878.016,30523.535526550288
199621,43878.016,22175.51826301178
199622,43878.016,65506.411173079054
199623,43878.016,44991.32208340064
199624,43878.016,52195.251302809746
199625,43878.016,43581.36148290178
199626,43878.016,36220.07677932631
199627,43878.016,21881.604608122132
199628,43878.016,61283.50643972911
199629,43878.016,19587.441989200808
199630,43878.016,38967.3805423907
199631,43878.016,25574.42190121465
199632,43878.016,33588.727980871314
199633,43878.016,17730.98401971614
199634,43878.016,18748.276575788543
199635,43878.016,49526.05444931971
199636,43878.016,55768.444121922206
199637,43878.016,28800.64008438234
199638,43878.016,34902.64378335324
199639,43878.016,51067.307986251086
199640,43878.016,15077.662194975173
199641,43878.016,38741.50493819516
199642,43878.016,13185.735584905327
199643,43878.016,27790.995364158025
199644,43878.016,19860.940330164136
199645,43878.016,15626.056450915072
199646,43878.016,80399.82422276298
199647,43878.016,38865.650351643526
199648,43878.016,44379.26106792915
199649,43878.016,15428.4576888052
199650,43878.016,28409.028395856847
199651,43878.016,26087.650492497298
199652,43878.016,50086.84929262563
199653,43878.016,18319.57230750003
199654,43878.016,42728.79457689038
199655,43878.016,65618.84191561575
199656,43878.016,8670.077826544642
199657,43878.016,19006.924011360006
199658,43878.016,50454.56102763639
199659,43878.016,32040.453305245966
199660,43878.016,10778.971943879591
199661,43878.016,21479.83816912165
199662,43878.016,33191.5381027935
199663,43878.016,12739.719052817747
199664,43878.016,39536.29400530715
199665,43878.016,11027.439545597188
199666,43878.016,27821.12786426009
199667,43878.016,44195.88874964419
199668,43878.016,45740.061956481455
199669,43878.016,36610.92685687999
199670,43878.016,45329.51100230943
199671,43878.016,25408.169308700704
199672,43878.016,11127.907518982243
199673,43878.016,12275.227229619239
199674,43878.016,35829.733423098405
199675,43878.016,18754.780528047395
199676,43878.016,16100.993556506313
199677,43878.016,24915.95326847746
199678,43878.016,10072.315482212509
199679,43878.016,10068.678263818612
199680,43878.016,34397.83791691213
199681,43878.016,8001.7507866584165
199682,43878.016,31411.092409380213
199683,43878.016,19643.238457213753
199684,43878.016,18295.893590931664
199685,43878.016,39679.882644793564
199686,43878.016,19990.63825912791
199687,43878.016,44004.72731934064
199688,43878.016,11707.751727277384
199689,43878.016,37546.92343431822
199690,43878.016,28446.621542350174
199691,43878.016,39402.61790945384
199692,43878.016,12364.778761026793
199693,43878.016,17228.97733311996
199694,43878.016,18103.771697103573
199695,43878.016,78286.90327491447
199696,43878.016,24084.936692759016
199697,43878.016,52354.25753505217
199698,43878.016,57186.370776537966
199699,43878.016,15475.16179874649
199700,43878.016,17551.723076019767
199701,43878.016,17721.336598254173
199702,43878.016,19189.989196271854
199703,43878.016,22266.09678660595
199704,43878.016,22117.08830265779
199705,43878.016,44849.44724705531
199706,43878.016,32313.941290254308
199707,43878.016,11811.957164580252
199708,43878.016,23081.81679814124
199709,43878.016,36260.87528183997
199710,43878.016,51315.95044194427
199711,43878.016,58977.9230092103
199712,43878.016,46598.694617540925
199713,43878.016,12950.106830663768
199714,43878.016,15036.054262799424
199715,43878.016,7066.682929167706
199716,43878.016,64944.2882689564
199717,43878.016,9670.010155070322
199718,43878.016,49579.024813031865
199719,43878.016,15122.496205320207
199720,43878.016,27406.683494260775
199721,43878.016,53288.39544486011
199722,43878.016,15866.965492288457
199723,43878.016,36219.922645982624
199724,43878.016,65264.764887201934
199725,43878.016,45446.82755228799
199726,43878.016,60366.85363177522
199727,43878.016,49217.24449102296
199728,43878.016,29940.765336772332
199729,43878.016,47268.44535976052
199730,43878.016,40399.032166370525
199731,43878.016,27133.213691479476
199732,43878.016,36173.845001216905
199733,43878.016,8857.128859689745
199734,43878.016,29739.56556837668
199735,43878.016,12694.680370776687
199736,43878.016,59182.10601915598
199737,43878.016,35308.62125305002
199738,43878.016,10175.019745760186
199739,43878.016,19328.731545090726
199740,43878.016,42061.21364200113
199741,43878.016,38699.62782732082
199742,43878.016,66025.64546303861
199743,43878.016,26987.587239905075
199744,43878.016,39434.3283586305
199745,43878.016,16614.108308817602
199746,43878.016,46847.235787351965
199747,43878.016,44102.87443941471
199748,43878.016,16054.300346180005
199749,43878.016,31566.287515712298
199750,43878.016,55281.74850601556
199751,43878.016,47622.569860644966
199752,43878.016,19100.655950256016
199753,43878.016,8522.44691842585
199754,43878.016,18800.21374568818
199755,43878.016,17788.180766939586
199756,43878.016,21959.660672159775
199757,43878.016,41751.99942173851
199758,43878.016,38056.493257801325
199759,43878.016,12937.595606123981
199760,43878.016,9602.468701542093
199761,43878.016,80527.37018582663
199762,43878.016,26440.18547214399
199763,43878.016,49986.704275398966
199764,43878.016,21760.504153066297
199765,43878.016,9305.790388937521
199766,43878.016,50447.274190930584
199767,43878.016,20711.56505184874
199768,43878.016,57148.36489822085
199769,43878.016,16723.576540726415
199770,43878.016,58344.455329617995
199771,43878.016,26682.699541988757
199772,43878.016,56306.489961846564
199773,43878.016,28985.648088709342
199774,43878.016,70117.2189749145
199775,43878.016,10610.044466187072
199776,43878.016,27631.610832183345
199777,43878.016,34342.824738367875
199778,43878.016,24065.65981784076
199779,43878.016,35997.15655923779
199780,43878.016,25054.274781251337
199781,43878.016,41542.8191602446
199782,43878.016,19392.648020954166
199783,43878.016,49166.00891832715
199784,43878.016,35625.24434626438
199785,43878.016,10578.324898592113
199786,43878.016,15561.52647390324
199787,43878.016,28468.978170456576
199788,43878.016,49236.04960103878
199789,43878.016,74305.20588462507
199790,43878.016,51853.98762898735
199791,43878.016,46268.147642424294
199792,43878.016,13557.102249050948
199793,43878.016,7111.278472042234
199794,43878.016,37938.420753892824
199795,43878.016,30998.17801753696
199796,43878.016,41638.60137166932
199797,43878.016,22290.57076054383
199798,43878.016,59363.292584424526
199799,43878.016,44871.34347261565
199800,43878.016,23363.963177867852
199801,43878.016,53037.392931117734
199802,43878.016,39684.49642679647
199803,43878.016,35493.773436900905
199804,43878.016,52749.580998261066
199805,43878.016,37033.71573732371
199806,43878.016,19503.752545249667
199807,43878.016,30280.852331323495
199808,43878.016,18965.92606691187
199809,43878.016,38303.74135854848
199810,43878.016,23410.179163590867
199811,43878.016,35076.676161337935
199812,43878.016,50626.74366291671
199813,43878.016,54802.11509799594
199814,43878.016,23338.954277934405
199815,43878.016,18325.88611581447
199816,43878.016,46254.910384305884
199817,43878.016,43889.91521622592
199818,43878.016,39330.78960405398
199819,43878.016,26343.56577529507
199820,43878.016,30516.70198201998
199821,43878.016,40508.28327862816
199822,43878.016,50575.0220896498
199823,43878.016,57756.680390223635
199824,43878.016,13836.328931588732
199825,43878.016,56964.50464574465
199826,43878.016,42392.0752160926
199827,43878.016,40525.77394814527
199828,43878.016,14878.944753067073
199829,43878.016,9099.120517265646
199830,43878.016,22421.02916580812
199831,43878.016,15826.97528042257
199832,43878.016,27185.03708257231
199833,43878.016,61105.59608925094
199834,43878.016,43709.848256756944
199835,43878.016,37845.950694275634
199836,43878.016,25328.38603478096
199837,43878.016,22114.711373466154
199838,43878.016,15819.599057649148
199839,43878.016,25959.778318054567
199840,43878.016,38253.09489582881
199841,43878.016,7677.397690663418
199842,43878.016,26723.230964386967
199843,43878.016,13310.171744083898
199844,43878.016,48897.37672096794
199845,43878.016,54355.199678226396
199846,43878.016,26405.71699734887
199847,43878.016,29455.395014511425
199848,43878.016,58974.4573447857
199849,43878.016,32099.306630191706
199850,43878.016,41005.92875188423
199851,43878.016,6101.72725877054
199852,43878.016,44803.806056090405
199853,43878.016,26742.914123368537
199854,43878.016,11574.583713698226
199855,43878.016,27005.832005264816
199856,43878.016,13476.832338720365
199857,43878.016,34899.94639848233
199858,43878.016,16129.058569803445
199859,43878.016,46805.695217497414
199860,43878.016,27026.88440798234
199861,43878.016,45611.891604674245
199862,43878.016,36905.27775471676
199863,43878.016,22604.691289955572
199864,43878.016,24260.093210367057
199865,43878.016,30870.781046016484
199866,43878.016,40061.938943237714
199867,43878.016,30460.06243562037
199868,43878.016,35285.47299140272
199869,43878.016,79918.26530977113
199870,43878.016,48537.268798174606
199871,43878.016,68559.82494636413
199872,43878.016,18867.905003865308
199873,43878.016,29509.054076635904
199874,43878.016,64160.22698722026
199875,43878.016,67369.58016358249
199876,43878.016,8191.893584789981
199877,43878.016,13753.24815250341
199878,43878.016,17638.88148086092
199879,43878.016,14044.33747240368
199880,43878.016,38860.591818349705
199881,43878.016,58417.54444868091
199882,43878.016,50262.305000115055
199883,43878.016,15972.88575746011
199884,43878.016,74341.99319947264
199885,43878.016,59856.85806094961
199886,43878.016,10315.704167637543
199887,43878.016,34870.09818841527
199888,43878.016,51670.57591301713
199889,43878.016,26203.163125240506
199890,43878.016,31744.5113153823
199891,43878.016,70503.47492329759
199892,43878.016,59937.4907020079
199893,43878.016,22643.89781484111
199894,43878.016,71906.50683598268
199895,43878.016,5307.221381366639
199896,43878.016,17881.484025244677
199897,43878.016,53035.162586983024
199898,43878.016,10103.33225052449
199899,43878.016,10933.314647100797
199900,43878.016,54718.71903919114
199901,43878.016,90501.14255931822
199902,43878.016,62791.85974057179
199903,43878.016,16143.89355408651
199904,43878.016,5190.329998580379
199905,43878.016,50501.200406330434
199906,43878.016,22130.50004248122
199907,43878.016,66971.87009778705
199908,43878.016,50931.86177937349
199909,43878.016,14502.255879012142
199910,43878.016,14982.922853432035
199911,43878.016,13269.749499879412
199912,43878.016,45573.06501178743
199913,43878.016,64340.048033600506
199914,43878.016,42476.56378570151
199915,43878.016,16608.836232024787
199916,43878.016,65278.920553357355
199917,43878.016,34626.30985787327
199918,43878.016,42115.54615942692
199919,43878.016,31883.753505685345
199920,43878.016,59433.67655213881
199921,43878.016,8619.952530223254
199922,43878.016,47681.972200256256
199923,43878.016,8892.847869345722
199924,43878.016,46292.06968768993
199925,43878.016,25517.127899600382
199926,43878.016,46408.910801695914
199927,43878.016,12619.558103179443
199928,43878.016,39004.33993467267
199929,43878.016,62223.2573590887
199930,43878.016,15232.554417709165
199931,43878.016,29387.364875768486
199932,43878.016,27269.095458495263
199933,43878.016,59087.631114304146
199934,43878.016,22668.19753329659
199935,43878.016,63447.04755007739
199936,43878.016,72852.72551449474
199937,43878.016,42670.85814745422
199938,43878.016,6750.29427650631
199939,43878.016,28790.669092126387
199940,43878.016,58935.70779943311
199941,43878.016,53292.05918412435
199942,43878.016,30502.564972883505
199943,43878.016,17463.112653474094
199944,43878.016,29225.474481306068
199945,43878.016,19536.94914040695
199946,43878.016,9765.627011742423
199947,43878.016,47290.13004599941
199948,43878.016,30809.450395817483
199949,43878.016,12063.972318032866
199950,43878.016,53146.13741214319
199951,43878.016,38947.7228647907
199952,43878.016,54935.67442145529
199953,43878.016,62381.01478169022
199954,43878.016,59927.656779697936
199955,43878.016,22739.48543890828
199956,43878.016,33138.62810449095
199957,43878.016,57725.56434569836
199958,43878.016,31811.681283798673
199959,43878.016,77342.87412968726
199960,43878.016,31628.712204990577
199961,43878.016,88361.2495441225
199962,43878.016,24997.500788127258
199963,43878.016,80441.73469922572
199964,43878.016,9765.521622022294
199965,43878.016,7365.881529754384
199966,43878.016,56567.249438847255
199967,43878.016,35338.26911257194
199968,43878.016,24110.070609885177
199969,43878.016,39321.6347627891
199970,43878.016,34634.957021035705
199971,43878.016,47640.0272418465
199972,43878.016,66166.19614658503
199973,43878.016,10518.70401037617
199974,43878.016,60248.253571859124
199975,43878.016,63062.94536576198
199976,43878.016,12953.620612453939
199977,43878.016,20283.833008427693
199978,43878.016,41414.623338962636
199979,43878.016,27487.532975734593
199980,43878.016,54076.676328110996
199981,43878.016,11142.834433632102
199982,43878.016,86826.44075836166
199983,43878.016,50053.436613127815
199984,43878.016,21668.250347606452
199985,43878.016,30029.566551944983
199986,43878.016,59048.75865049761
199987,43878.016,54520.8623021524
199988,43878.016,16144.124065342288
199989,43878.016,21385.961394237464
199990,43878.016,32690.01941162559
199991,43878.016,52553.57479611475
199992,43878.016,46440.16466540621
199993,43878.016,18171.510023683335
199994,43878.016,52327.529587023855
199995,43878.016,42937.51556221647
199996,43878.016,71351.98632367341
199997,43878.016,29688.627438386382
199998,43878.016,9483.157843804154
199999,43878.016,27625.236042389573
200000,43878.016,32994.26408758174
200001,43878.016,16932.251172078515
200002,43878.016,16069.304751964703
200003,43878.016,17216.240172657148
200004,43878.016,46762.80971018705
200005,43878.016,10750.072702252452
200006,43878.016,36090.578204381716
200007,43878.016,20739.71958353304
200008,43878.016,18983.39912422884
200009,43878.016,25539.091149832286
200010,43878.016,62324.43241061509
200011,43878.016,47810.013292562166
200012,43878.016,36818.67384682526
200013,43878.016,23024.349053065936
200014,43878.016,60910.03105965951
200015,43878.016,22163.90709514208
200016,43878.016,22415.2130176056
200017,43878.016,16890.663464360347
200018,43878.016,65855.54358160922
200019,43878.016,19783.97774977917
200020,43878.016,27744.426746522226
200021,43878.016,16372.779868339136
200022,43878.016,16010.886966088588
200023,43878.016,47960.24283204901
200024,43878.016,49743.5368264031
200025,43878.016,87265.02181679956
200026,43878.016,77285.81383453138
200027,43878.016,15547.50511819244
200028,43878.016,45356.481390398374
200029,43878.016,11756.50834638727
200030,43878.016,62101.038793948945
200031,43878.016,39696.11122971435
200032,43878.016,36335.75373615396
200033,43878.016,16956.22155172353
200034,43878.016,37568.033966622424
200035,43878.016,42876.98570655208
200036,43878.016,42274.90360675582
200037,43878.016,37802.253502964435
200038,43878.016,7527.8560484029185
200039,43878.016,66355.59188025416
200040,43878.016,53161.33876233094
200041,43878.016,6737.564352067595
200042,43878.016,35631.448568780375
200043,43878.016,12039.850065903693
200044,43878.016,22543.762974259756
200045,43878.016,25017.875991291417
200046,43878.016,14840.84592919862
200047,43878.016,60255.076728089174
200048,43878.016,21349.11394804573
200049,43878.016,18786.598876250653
200050,43878.016,10962.221047043584
200051,43878.016,39768.346641223645
200052,43878.016,52765.22569285058
200053,43878.016,10429.728017973794
200054,43878.016,46111.0828032579
200055,43878.016,117975.88358681473
200056,43878.016,34902.80475726305
200057,43878.016,59861.67749284204
200058,43878.016,46581.99905924818
200059,43878.016,23397.587967970467
200060,43878.016,17018.27407223783
200061,43878.016,17532.084428060265
200062,43878.016,44218.30595277473
200063,43878.016,7677.901269863561
200064,43878.016,20169.962189669543
200065,43878.016,15146.473876221131
200066,43878.016,17634.466739283384
200067,43878.016,56231.00521450846
200068,43878.016,56072.10393151394
200069,43878.016,19368.714499080263
200070,43878.016,43261.77157385912
200071,43878.016,12754.224808401466
200072,43878.016,63122.13721962229
200073,43878.016,24906.455709507023
200074,43878.016,33516.450952439765
200075,43878.016,22506.742728335692
200076,43878.016,17235.50388200878
200077,43878.016,10149.643936859828
200078,43878.016,12772.4963955238
200079,43878.016,13797.713124181364
200080,43878.016,30187.43010994193
200081,43878.016,24530.003847719745
200082,43878.016,57509.08434969947
200083,43878.016,23852.627343990156
200084,43878.016,65020.306952638144
200085,43878.016,20102.70770965707
200086,43878.016,28483.3594239987
200087,43878.016,49239.279669803705
200088,43878.016,9424.969408434712
200089,43878.016,14313.594289419303
200090,43878.016,26416.975602726972
200091,43878.016,10523.134434906544
200092,43878.016,53655.897000520454
200093,43878.016,54839.13361737848
200094,43878.016,35366.01959307164
200095,43878.016,61473.06920666064
200096,43878.016,28042.803543691243
200097,43878.016,24568.777476752923
200098,43878.016,59636.39617424556
200099,43878.016,38355.28480201375
200100,43878.016,30992.30268854422
200101,43878.016,21871.530966570885
200102,43878.016,75763.53029707189
200103,43878.016,54112.595071337164
200104,43878.016,13781.498773570274
200105,43878.016,25025.843658522837
200106,43878.016,28083.065100509677
200107,43878.016,59025.13273104126
200108,43878.016,26778.865464901148
200109,43878.016,53779.53118643437
200110,43878.016,32318.325448569725
200111,43878.016,16213.214481172583
200112,43878.016,67376.92552754312
200113,43878.016,12840.802631417573
200114,43878.016,21687.783376972377
200115,43878.016,32992.41714612221
200116,43878.016,58989.35148586377
200117,43878.016,65767.56911006113
200118,43878.016,26914.04891406854
200119,43878.016,53449.878084404874
200120,43878.016,60368.05325124453
200121,43878.016,37670.77680871274
200122,43878.016,19324.324028446186
200123,43878.016,42800.746329824506
200124,43878.016,62519.33527412472
200125,43878.016,47931.520277221636
200126,43878.016,49921.10261663876
200127,43878.016,10752.442148508704
200128,43878.016,76586.97455337577
200129,43878.016,22301.332826598627
200130,43878.016,20704.990027617383
200131,43878.016,21572.110224836808
200132,43878.016,43983.169382214546
200133,43878.016,33202.32719712285
200134,43878.016,14117.184186239296
200135,43878.016,37846.44463523332
200136,43878.016,31420.957109461153
200137,43878.016,12340.82680978163
200138,43878.016,6754.80693456523
200139,43878.016,30787.641656280386
200140,43878.016,35290.46935307924
200141,43878.016,67345.01132639938
200142,43878.016,32149.370791628724
200143,43878.016,32048.859064715027
200144,43878.016,59061.18725691801
200145,43878.016,44674.96684559886
200146,43878.016,6407.534120488302
200147,43878.016,10601.011080484654
200148,43878.016,37801.77212225584
200149,43878.016,37535.357117719
200150,43878.016,15878.989995962149
200151,43878.016,43706.6162048882
200152,43878.016,13874.625308350393
200153,43878.016,22203.095972233135
200154,43878.016,39180.370823027646
200155,43878.016,34275.60170694452
200156,43878.016,40465.02447845232
200157,43878.016,26660.66801200008
200158,43878.016,33265.587711924796
200159,43878.016,28914.059074940084
200160,43878.016,10472.022689407986
200161,43878.016,22363.190703341643
200162,43878.016,35072.499415250415
200163,43878.016,27868.25692348233
200164,43878.016,36613.42807467945
200165,43878.016,44012.843235186185
200166,43878.016,51595.24319635323
200167,43878.016,42633.8235465613
200168,43878.016,33333.823859889475
200169,43878.016,14410.556519052394
200170,43878.016,10388.202437196394
200171,43878.016,22291.799516293115
200172,43878.016,27991.290229293696
200173,43878.016,63287.80482167608
200174,43878.016,44369.238510254545
200175,43878.016,32483.94294040091
200176,43878.016,18144.48829260563
200177,43878.016,7533.449943099037
200178,43878.016,53733.30185296294
200179,43878.016,33728.342357687754
200180,43878.016,61444.34214947586
200181,43878.016,36455.123897049896
200182,43878.016,54261.739324750284
200183,43878.016,30689.915447532803
200184,43878.016,39730.17132748876
200185,43878.016,47796.5945048025
200186,43878.016,11418.190369429594
200187,43878.016,21608.70849358572
200188,43878.016,40579.860431855064
200189,43878.016,57469.47925288481
200190,43878.016,29513.751892577242
200191,43878.016,61082.74265334974
200192,43878.016,15672.820501225679
200193,43878.016,20232.152229487492
200194,43878.016,54559.41406750241
200195,43878.016,23526.04960591242
200196,43878.016,63970.21762856013
200197,43878.016,21660.015028098234
200198,43878.016,39698.54380290483
200199,43878.016,29207.475835204554
200200,43878.016,30260.673836640468
200201,43878.016,45308.205177531156
200202,43878.016,18034.591587847754
200203,43878.016,14859.582104932411
200204,43878.016,21930.513867603237
200205,43878.016,28850.233598054798
200206,43878.016,10937.337074684525
200207,43878.016,54669.97625642015
200208,43878.016,18215.009486047966
200209,43878.016,33940.40094522212
200210,43878.016,12297.106701571794
200211,43878.016,52444.24003856756
200212,43878.016,21417.403523990273
200213,43878.016,9635.11170559882
200214,43878.016,50285.36802841008
200215,43878.016,58719.61003254996
200216,43878.016,34583.02969568004
200217,43878.016,53564.967351079955
200218,43878.016,37180.108095620366
200219,43878.016,6559.962638511657
200220,43878.016,70957.82179752941
200221,43878.016,36718.13963132779
200222,43878.016,64774.37422858389
200223,43878.016,16973.5060758183
200224,43878.016,41835.41331963713
200225,43878.016,59232.24772433265
200226,43878.016,35985.085620183105
200227,43878.016,23124.33692697985
200228,43878.016,38140.88138779038
200229,43878.016,35248.341361980165
200230,43878.016,22677.904773566675
200231,43878.016,48534.43515886339
200232,43878.016,24360.15459300703
200233,43878.016,19943.360747127557
200234,43878.016,48556.9821199912
200235,43878.016,32053.244551175485
200236,43878.016,43459.345410971095
200237,43878.016,37352.60429881204
200238,43878.016,8671.02489014191
200239,43878.016,41473.348051411725
200240,43878.016,11492.268909759638
200241,43878.016,67883.62776464972
200242,43878.016,21095.079728530694
200243,43878.016,41838.493521549
200244,43878.016,44881.28502678157
200245,43878.016,12628.802205705537
200246,43878.016,23965.43770205427
200247,43878.016,16104.066334727753
200248,43878.016,27830.848708381476
200249,43878.016,10593.699812041681
200250,43878.016,40357.91479191278
200251,43878.016,32046.09571727388
200252,43878.016,21931.380105242933
200253,43878.016,48126.884339362136
200254,43878.016,69036.49030202202
200255,43878.016,29854.413954294912
200256,43878.016,6007.342408130257
200257,43878.016,9207.584356658257
200258,43878.016,16417.57717781807
200259,43878.016,59966.72946414053
200260,43878.016,8530.756696711709
200261,43878.016,66097.58473819398
200262,43878.016,16371.810090193401
200263,43878.016,12799.245596416951
200264,43878.016,92511.11248680155
200265,43878.016,10048.228886534896
200266,43878.016,46403.291172571975
200267,43878.016,52453.73639529066
200268,43878.016,34425.48172979274
200269,43878.016,50480.51362348187
200270,43878.016,24058.27969415159
200271,43878.016,52573.482049834674
200272,43878.016,27579.66905262491
200273,43878.016,63364.11800117017
200274,43878.016,52193.47410258853
200275,43878.016,7506.884449654664
200276,43878.016,45554.99164095421
200277,43878.016,64861.59016174385
200278,43878.016,15261.93226795178
200279,43878.016,83545.89143850657
200280,43878.016,16587.35425641518
200281,43878.016,36338.24764831381
200282,43878.016,19087.813545345158
200283,43878.016,51056.82337539971
200284,43878.016,28340.142669785262
200285,43878.016,13349.313353406531
200286,43878.016,46247.845482445744
200287,43878.016,30434.075551802554
200288,43878.016,36868.11669701193
200289,43878.016,30650.37276851174
200290,43878.016,29603.015990365722
200291,43878.016,27441.68433509615
200292,43878.016,26221.68067441268
200293,43878.016,19938.794795039525
200294,43878.016,28925.669988792008
200295,43878.016,8471.563181172525
200296,43878.016,53337.56185917904
200297,43878.016,44294.457979675266
200298,43878.016,18636.45721618412
200299,43878.016,24036.220795027
200300,43878.016,33764.346978017296
200301,43878.016,43414.800887339195
200302,43878.016,10996.852390344111
200303,43878.016,58409.11814980365
200304,43878.016,50542.964826373674
200305,43878.016,44376.82776172577
200306,43878.016,34049.35887527328
200307,43878.016,25818.84357136198
200308,43878.016,8474.017974845656
200309,43878.016,29556.342333659042
200310,43878.016,19412.09008796185
200311,43878.016,47535.38903104957
200312,43878.016,59221.68671852076
200313,43878.016,22106.342065405202
200314,43878.016,10691.063079488365
200315,43878.016,48556.8295332709
200316,43878.016,31564.33484747464
200317,43878.016,19326.514948852266
200318,43878.016,25968.57377877377
200319,43878.016,39836.87053399326
200320,43878.016,27610.837551081513
200321,43878.016,41503.757152936465
200322,43878.016,13510.06100518984
200323,43878.016,22068.73625123887
200324,43878.016,21372.583471496993
200325,43878.016,17176.232506538945
200326,43878.016,32660.226181052345
200327,43878.016,15229.539106390053
200328,43878.016,62940.50740041243
200329,43878.016,47739.940958677165
200330,43878.016,39538.17436554558
200331,43878.016,22098.2150838191
200332,43878.016,12557.680528633382
200333,43878.016,13328.088414770613
200334,43878.016,39749.12818800009
200335,43878.016,26159.687262713123
200336,43878.016,16235.340010546206
200337,43878.016,13256.478545078971
200338,43878.016,19704.83339329569
200339,43878.016,27395.33813308002
200340,43878.016,19777.084157780206
200341,43878.016,24926.962635798176
200342,43878.016,45702.756021428744
200343,43878.016,12739.774347800401
200344,43878.016,27986.51715664362
200345,43878.016,36589.840215521835
200346,43878.016,10694.238379341148
200347,43878.016,59498.412881877935
200348,43878.016,48961.954561635495
200349,43878.016,62535.04536173211
200350,43878.016,25846.824548824912
200351,43878.016,20885.250354507283
200352,43878.016,22016.475560402894
200353,43878.016,36660.87799700742
200354,43878.016,11796.290301982346
200355,43878.016,35142.53575115604
200356,43878.016,66495.05244652816
200357,43878.016,12234.349786325984
200358,43878.016,66770.13812584768
200359,43878.016,9260.125920557339
200360,43878.016,60951.08797464588
200361,43878.016,14469.262371565037
200362,43878.016,43717.10823846521
200363,43878.016,17009.22324649407
200364,43878.016,52902.579903053986
200365,43878.016,26561.28955407349
200366,43878.016,40526.596659228526
200367,43878.016,16178.77233295434
200368,43878.016,14953.97768716806
200369,43878.016,56380.855659133886
200370,43878.016,54699.626127736585
200371,43878.016,66879.40457772122
200372,43878.016,44431.45189238588
200373,43878.016,18564.115359566455
200374,43878.016,18721.041354703208
200375,43878.016,51139.5730283879
200376,43878.016,58099.43204488128
200377,43878.016,52315.67191218776
200378,43878.016,14386.666957361309
200379,43878.016,17858.190086269507
200380,43878.016,97416.27750493296
200381,43878.016,23691.533906936205
200382,43878.016,57746.41113318319
200383,43878.016,54764.41847548414
200384,43878.016,58336.159141800694
200385,43878.016,41327.14568749271
200386,43878.016,7004.218560278415
200387,43878.016,11877.710024538203
200388,43878.016,45152.85966808081
200389,43878.016,28136.3425066004
200390,43878.016,28837.0275693311
200391,43878.016,57146.43783513924
200392,43878.016,24562.235561746435
200393,43878.016,47147.90414692302
200394,43878.016,41967.92459125452
200395,43878.016,51516.66505671867
200396,43878.016,18258.81614225333
200397,43878.016,30041.22759731432
200398,43878.016,7462.226982237867
200399,43878.016,51753.150824581346
200400,43878.016,15251.580054269802
200401,43878.016,46658.26943451142
200402,43878.016,15877.831080143873
200403,43878.016,40490.739047168914
200404,43878.016,76732.66315753179
200405,43878.016,55010.83112828582
200406,43878.016,82904.21771922988
200407,43878.016,32547.593862023437
200408,43878.016,23456.50534160999
200409,43878.016,21729.863305219944
200410,43878.016,29442.432471453794
200411,43878.016,47739.95514804286
200412,43878.016,40002.34657849443
200413,43878.016,13776.634495156808
200414,43878.016,15272.225251349912
200415,43878.016,6647.810608434305
200416,43878.016,16455.71958641137
200417,43878.016,17302.099304223586
200418,43878.016,26969.377429732504
200419,43878.016,68650.14225196771
200420,43878.016,35946.21000088187
200421,43878.016,10230.32443457675
200422,43878.016,36818.63758255575
200423,43878.016,39194.935505456815
200424,43878.016,35006.457926248186
200425,43878.016,7546.177472055572
200426,43878.016,31484.757350704218
200427,43878.016,8704.739589398007
200428,43878.016,65990.10968359406
200429,43878.016,32607.606063783984
200430,43878.016,27658.084947039242
200431,43878.016,27259.218024682905
200432,43878.016,50556.13320582529
200433,43878.016,48904.065089299605
200434,43878.016,35268.6727598976
200435,43878.016,43030.27549199894
200436,43878.016,7347.485134524805
200437,43878.016,34101.98332720291
200438,43878.016,17330.330247370493
200439,43878.016,22658.790215821435
200440,43878.016,33226.75755521064
200441,43878.016,53822.35019409798
200442,43878.016,40558.04775005787
200443,43878.016,47980.443019614504
200444,43878.016,16016.692321334758
200445,43878.016,36290.502454800124
200446,43878.016,13310.27367293318
200447,43878.016,28599.48597281434
200448,43878.016,52587.90817718072
200449,43878.016,23163.686817420694
200450,43878.016,37307.93912052723
200451,43878.016,56411.99422248634
200452,43878.016,51872.744310693364
200453,43878.016,17353.881124943426
200454,43878.016,14256.378811132721
200455,43878.016,18806.748285473113
200456,43878.016,20570.262863312764
200457,43878.016,48946.11827577117
200458,43878.016,31698.86892561901
200459,43878.016,29532.757794955553
200460,43878.016,14292.047162929966
200461,43878.016,44425.11127234179
200462,43878.016,37010.8036689151
200463,43878.016,33827.617484426504
200464,43878.016,21824.66375349903
200465,43878.016,42143.47480129215
200466,43878.016,61823.199072414114
200467,43878.016,65927.1531458774
200468,43878.016,45592.2732901561
200469,43878.016,32617.988472865738
200470,43878.016,4432.796537388881
200471,43878.016,10663.340700007848
200472,43878.016,56963.39547843712
200473,43878.016,59754.36099430373
200474,43878.016,18175.29696856318
200475,43878.016,12662.367783427404
200476,43878.016,38034.35824856766
200477,43878.016,61074.90267383296
200478,43878.016,44784.80722716521
200479,43878.016,12569.996127446764
200480,43878.016,12584.142141466084
200481,43878.016,31747.64569164005
200482,43878.016,48878.442310258004
200483,43878.016,23335.668705140273
200484,43878.016,17734.94017875012
200485,43878.016,20131.284859635474
200486,43878.016,29371.169379236268
200487,43878.016,13640.306855049465
200488,43878.016,66614.97363757381
200489,43878.016,19525.327836235207
200490,43878.016,27720.008433671803
200491,43878.016,71026.62113893975
200492,43878.016,59677.92867970465
200493,43878.016,12024.751248647655
200494,43878.016,44147.74283910816
200495,43878.016,40779.42242730932
200496,43878.016,39774.10922797407
200497,43878.016,32824.99582501926
200498,43878.016,48147.219256454904
200499,43878.016,27827.72400561603
200500,43878.016,12874.325677954936
200501,43878.016,27917.729798970267
200502,43878.016,27960.05346711871
200503,43878.016,21591.30590696363
200504,43878.016,47894.96745232087
200505,43878.016,31278.456625835384
200506,43878.016,10116.3236677225
200507,43878.016,29270.269594111953
200508,43878.016,29845.202328037987
200509,43878.016,13328.025915240785
200510,43878.016,9353.557098567515
200511,43878.016,38223.019021276974
200512,43878.016,43083.401371900065
200513,43878.016,63069.8924267447
200514,43878.016,16268.743526410975
200515,43878.016,72732.146517574
200516,43878.016,26175.311110297236
200517,43878.016,53259.76841284621
200518,43878.016,48146.76257569093
200519,43878.016,35776.44316810285
200520,43878.016,34955.34849803421
200521,43878.016,27572.19879509164
200522,43878.016,31333.389305392317
200523,43878.016,28712.564616683238
200524,43878.016,75346.03074273067
200525,43878.016,6412.858265259709
200526,43878.016,12071.117816262931
200527,43878.016,25512.45086893716
200528,43878.016,24217.707656948765
200529,43878.016,30928.421251417956
200530,43878.016,45465.64964160192
200531,43878.016,26984.3812163032
200532,43878.016,29280.614233023418
200533,43878.016,72981.80016007663
200534,43878.016,10351.853237485235
200535,43878.016,45479.47970938413
200536,43878.016,26881.168987017478
200537,43878.016,37355.29332263194
200538,43878.016,35758.46330608671
200539,43878.016,21303.06395016998
200540,43878.016,41487.74318560685
200541,43878.016,53709.217218710066
200542,43878.016,8255.914513450218
200543,43878.016,55186.36949450844
200544,43878.016,59175.04813349881
200545,43878.016,14467.68972786163
200546,43878.016,35825.5559592623
200547,43878.016,86016.9865515944
200548,43878.016,32862.23296271204
200549,43878.016,67987.1377230251
200550,43878.016,14114.971789286208
200551,43878.016,29433.17076767132
200552,43878.016,16192.49036260208
200553,43878.016,24544.934752974143
200554,43878.016,11534.51305603696
200555,43878.016,35146.75358148614
200556,43878.016,54489.736199030056
200557,43878.016,25656.023425401214
200558,43878.016,47086.90044599456
200559,43878.016,36930.89851028788
200560,43878.016,49261.15135053262
200561,43878.016,9797.182672238307
200562,43878.016,50693.7940677724
200563,43878.016,35515.49373348302
200564,43878.016,45631.57161898863
200565,43878.016,9623.823373936148
200566,43878.016,52839.037074025946
200567,43878.016,27443.939329515466
200568,43878.016,25275.659397946023
200569,43878.016,49791.69913036435
200570,43878.016,4612.722612222509
200571,43878.016,41496.1691447846
200572,43878.016,51971.045330526475
200573,43878.016,78187.91052065307
200574,43878.016,12435.675420211475
200575,43878.016,62746.56816542396
200576,43878.016,48977.66137207271
200577,43878.016,65538.70654105821
200578,43878.016,15208.19212870047
200579,43878.016,42587.790893143276
200580,43878.016,45570.842620152915
200581,43878.016,22622.027594663108
200582,43878.016,11553.039701948775
200583,43878.016,17392.222488884992
200584,43878.016,15467.02337707241
200585,43878.016,51957.058020485245
200586,43878.016,36646.3093447752
200587,43878.016,7696.281077144637
200588,43878.016,59942.58734571921
200589,43878.016,43052.520581567085
200590,43878.016,35362.833526180286
200591,43878.016,32488.50155723272
200592,43878.016,19334.49772066314
200593,43878.016,31706.80590233848
200594,43878.016,50004.103113555284
200595,43878.016,46293.07412709204
200596,43878.016,13623.397057793794
200597,43878.016,27030.398156006428
200598,43878.016,58316.85075462596
200599,43878.016,77990.96426561661
200600,43878.016,19955.700905022248
200601,43878.016,11511.462462639136
200602,43878.016,9849.684910150865
200603,43878.016,27999.11476884492
200604,43878.016,55195.73387266373
200605,43878.016,35287.57721896278
200606,43878.016,11052.537314874968
200607,43878.016,40999.734891184846
200608,43878.016,13429.499737179936
200609,43878.016,59006.313189961154
200610,43878.016,25396.313670020194
200611,43878.016,39054.451717197706
200612,43878.016,30372.921666310973
200613,43878.016,14109.650636859242
200614,43878.016,59366.28603120203
200615,43878.016,32388.362652775282
200616,43878.016,48900.05767252126
200617,43878.016,43162.96770386881
200618,43878.016,6374.633360741364
200619,43878.016,53569.23762849708
200620,43878.016,30398.34080326749
200621,43878.016,15103.801202237724
200622,43878.016,5701.489650259213
200623,43878.016,36164.16327114841
200624,43878.016,39582.353430452786
200625,43878.016,114906.84324217396
200626,43878.016,8852.026667863145
200627,43878.016,40542.390154979716
200628,43878.016,47468.23542587395
200629,43878.016,6859.954361155971
200630,43878.016,47219.61719314803
200631,43878.016,64366.14145967888
200632,43878.016,44210.50072686939
200633,43878.016,14632.245989260971
200634,43878.016,55498.546090753145
200635,43878.016,58761.999344771255
200636,43878.016,39681.76215303995
200637,43878.016,10485.952250734552
200638,43878.016,73445.52403418614
200639,43878.016,25718.826822133415
200640,43878.016,69366.66572008641
200641,43878.016,11725.955407404112
200642,43878.016,15021.036367881285
200643,43878.016,11909.261320457163
200644,43878.016,54169.66357073684
200645,43878.016,12581.550584638795
200646,43878.016,48454.61278574993
200647,43878.016,15115.487483118786
200648,43878.016,21004.840699029115
200649,43878.016,80374.22161330462
200650,43878.016,69147.01849939112
200651,43878.016,6266.75484483956
200652,43878.016,37083.65790119073
200653,43878.016,34756.128384733565
200654,43878.016,8235.364027672918
200655,43878.016,19945.694413254703
200656,43878.016,69847.56349428599
200657,43878.016,59188.56800251737
200658,43878.016,17506.041160402114
200659,43878.016,15282.53540054922
200660,43878.016,12519.819865766163
200661,43878.016,12129.660217364019
200662,43878.016,20450.404669657695
200663,43878.016,59253.00333881942
200664,43878.016,60825.704119246715
200665,43878.016,4459.194924390208
200666,43878.016,7584.94857459142
200667,43878.016,18161.255277311564
200668,43878.016,28694.76749277093
200669,43878.016,51807.92299488334
200670,43878.016,15963.075088791024
200671,43878.016,66891.65278685697
200672,43878.016,37961.340457476734
200673,43878.016,50453.79252017463
200674,43878.016,55093.8999325623
200675,43878.016,52382.74367211613
200676,43878.016,53646.684479417636
200677,43878.016,22610.303189884748
200678,43878.016,12310.125352797637
200679,43878.016,13929.815876737512
200680,43878.016,49911.43439357306
200681,43878.016,28807.347025422747
200682,43878.016,62187.58098547907
200683,43878.016,111921.63468387663
200684,43878.016,70970.37258770654
200685,43878.016,19746.46150878633
200686,43878.016,14683.261931815194
200687,43878.016,43786.11123074864
200688,43878.016,11983.464724088233
200689,43878.016,52722.52878272449
200690,43878.016,18385.233551176836
200691,43878.016,73736.8643267208
200692,43878.016,11838.9209442982
200693,43878.016,45054.91665482203
200694,43878.016,12411.18092956806
200695,43878.016,15598.23642319202
200696,43878.016,24397.544086329013
200697,43878.016,44703.353146590234
200698,43878.016,48487.71943938699
200699,43878.016,9003.956234367652
200700,43878.016,12667.071899612789
200701,43878.016,56111.02968759354
200702,43878.016,17183.87463887768
200703,43878.016,26076.717029771673
200704,43878.016,35033.25913452053
200705,43878.016,18084.609394967338
200706,43878.016,23968.40511625154
200707,43878.016,88638.9464693221
200708,43878.016,4916.276101989833
200709,43878.016,49551.34970914114
200710,43878.016,43230.98655443792
200711,43878.016,27957.46994459273
200712,43878.016,51610.240621459794
200713,43878.016,24691.50047391324
200714,43878.016,7749.521385047343
200715,43878.016,67582.81926421484
200716,43878.016,17601.756362114855
200717,43878.016,20786.264004608074
200718,43878.016,17848.854758118174
200719,43878.016,55743.539728302814
200720,43878.016,27075.552261155655
200721,43878.016,20531.995934558432
200722,43878.016,22911.764066650314
200723,43878.016,45352.58846656024
200724,43878.016,64395.01068643122
200725,43878.016,27190.121430056082
200726,43878.016,21740.390029674072
200727,43878.016,31901.712945769283
200728,43878.016,22299.094939741975
200729,43878.016,18834.09060417588
200730,43878.016,13456.06179273382
200731,43878.016,41022.83315861073
200732,43878.016,23828.21788787498
200733,43878.016,16933.228792947655
200734,43878.016,56540.05004464971
200735,43878.016,21291.322573652164
200736,43878.016,47715.241116124824
200737,43878.016,32162.421576917237
200738,43878.016,58733.65199080691
200739,43878.016,17622.2351889885
200740,43878.016,48723.609013006695
200741,43878.016,11369.610202271993
200742,43878.016,7488.988025975875
200743,43878.016,63146.212146114754
200744,43878.016,56727.03380319938
200745,43878.016,23960.638871193587
200746,43878.016,55632.47753784078
200747,43878.016,43599.70496847934
200748,43878.016,15902.925817808442
200749,43878.016,44036.6572927747
200750,43878.016,37122.807688425055
200751,43878.016,19172.074919959814
200752,43878.016,27724.660354108593
200753,43878.016,24389.78739724816
200754,43878.016,17370.529776308882
200755,43878.016,15434.106485061426
200756,43878.016,26130.225072258156
200757,43878.016,25481.728124137495
200758,43878.016,36630.725393782275
200759,43878.016,45361.128370879575
200760,43878.016,8054.17881520711
200761,43878.016,28034.799099164957
200762,43878.016,34721.33491252046
200763,43878.016,11172.70512564697
200764,43878.016,58109.38805569612
200765,43878.016,37543.951340166685
200766,43878.016,39018.20658778832
200767,43878.016,7095.068106903426
200768,43878.016,14756.92763930877
200769,43878.016,73973.8944702499
200770,43878.016,35402.34351107045
200771,43878.016,53710.90728973194
200772,43878.016,38160.778216757106
200773,43878.016,4412.179257639319
200774,43878.016,14058.36476769876
200775,43878.016,58403.48460717865
200776,43878.016,23268.229300170304
200777,43878.016,12304.00832837367
200778,43878.016,36984.06213761397
200779,43878.016,43848.804414357764
200780,43878.016,70613.7519745311
200781,43878.016,89764.65525143528
200782,43878.016,31013.126281334724
200783,43878.016,8449.706898002441
200784,43878.016,21397.48910890882
200785,43878.016,74724.87214092421
200786,43878.016,28206.74151945245
200787,43878.016,21445.305628271788
200788,43878.016,6992.323498602848
200789,43878.016,54214.404588487574
200790,43878.016,23177.527875364165
200791,43878.016,54062.538343410226
200792,43878.016,15658.496532762521
200793,43878.016,63545.23197675049
200794,43878.016,10249.855064297482
200795,43878.016,56908.4104544722
200796,43878.016,6574.964481634172
200797,43878.016,41032.545449150704
200798,43878.016,11309.696266766325
200799,43878.016,21591.70529779661
200800,43878.016,28633.012172771363
200801,43878.016,25724.24537448044
200802,43878.016,35968.27631498606
200803,43878.016,29650.883514171157
200804,43878.016,12850.586631263675
200805,43878.016,11978.175290459185
200806,43878.016,9804.043873845754
200807,43878.016,48137.60456640916
200808,43878.016,77249.76590234267
200809,43878.016,30796.363774345627
200810,43878.016,14526.414310965216
200811,43878.016,39620.319484080166
200812,43878.016,53898.74001537297
200813,43878.016,30215.203235137553
200814,43878.016,28926.747415148748
200815,43878.016,32528.394267874133
200816,43878.016,69567.02138520683
200817,43878.016,61695.61557333639
200818,43878.016,13343.06458380356
200819,43878.016,60197.5846952699
200820,43878.016,53501.94901059476
200821,43878.016,18530.85646754084
200822,43878.016,59753.77880413954
200823,43878.016,26301.28184404241
200824,43878.016,74971.99473183311
200825,43878.016,56110.010385497895
200826,43878.016,17430.796779948607
200827,43878.016,59425.88354371247
200828,43878.016,51359.584561974625
200829,43878.016,32773.46139561013
200830,43878.016,29887.218243853684
200831,43878.016,12525.252235370153
200832,43878.016,13925.370479134093
200833,43878.016,66829.1876295208
200834,43878.016,26599.724888099994
200835,43878.016,38275.08259195233
200836,43878.016,9722.784647523029
200837,43878.016,46747.862464195816
200838,43878.016,36842.17967937265
200839,43878.016,39763.5106100414
200840,43878.016,46934.615049095744
200841,43878.016,44553.450543621395
200842,43878.016,23889.401889527417
200843,43878.016,48547.458647822416
200844,43878.016,31741.958287913723
200845,43878.016,23218.824966852033
200846,43878.016,38263.90753625474
200847,43878.016,23320.43212044282
200848,43878.016,13427.901303495391
200849,43878.016,27162.111739282827
200850,43878.016,27067.25506065342
200851,43878.016,30777.71628361128
200852,43878.016,16304.60662123768
200853,43878.016,32258.099868950387
200854,43878.016,44411.24824926281
200855,43878.016,12354.932051049092
200856,43878.016,17343.20013577151
200857,43878.016,10784.080851720908
200858,43878.016,13946.969968783213
200859,43878.016,27689.460952438632
200860,43878.016,48865.445223126924
200861,43878.016,83744.61812764259
200862,43878.016,14776.946638774025
200863,43878.016,35435.45302125856
200864,43878.016,11385.285283138088
200865,43878.016,55179.22513064953
200866,43878.016,32031.708725432523
200867,43878.016,28903.073453111472
200868,43878.016,21324.168261706727
200869,43878.016,13320.48076437358
200870,43878.016,48708.90689413803
200871,43878.016,16123.463405909479
200872,43878.016,23143.101674754613
200873,43878.016,48704.674175258275
200874,43878.016,47824.71887970286
200875,43878.016,15375.849722194156
200876,43878.016,14239.036857375835
200877,43878.016,55984.30883169351
200878,43878.016,26271.225314465155
200879,43878.016,19871.30050973952
200880,43878.016,63947.688310423466
200881,43878.016,9785.633982994914
200882,43878.016,34000.780375791124
200883,43878.016,10194.641326492776
200884,43878.016,43085.11365959343
200885,43878.016,27928.411760075556
200886,43878.016,46058.01786046626
200887,43878.016,38928.0289961928
200888,43878.016,23881.16424840859
200889,43878.016,19750.789604217312
200890,43878.016,38664.68785260381
200891,43878.016,52096.85219003861
200892,43878.016,13797.366556427305
200893,43878.016,44078.438995216755
200894,43878.016,21456.27281725307
200895,43878.016,65205.31940868154
200896,43878.016,29048.309108015474
200897,43878.016,8976.24566844132
200898,43878.016,7419.901006898904
200899,43878.016,22444.69216208568
200900,43878.016,30616.44375718778
200901,43878.016,28837.257939580777
200902,43878.016,60185.920138289395
200903,43878.016,34055.86384005469
200904,43878.016,58697.117206388146
200905,43878.016,51985.66092128363
200906,43878.016,16077.883764256438
200907,43878.016,48787.73131790264
200908,43878.016,9653.734592801471
200909,43878.016,21954.508271127168
200910,43878.016,19249.067042366507
200911,43878.016,29806.604527759544
200912,43878.016,58444.82684669824
200913,43878.016,51291.58607178716
200914,43878.016,33421.763766994845
200915,43878.016,47285.770271121626
200916,43878.016,24895.276856029785
200917,43878.016,54897.84048777813
200918,43878.016,20540.742596892127
200919,43878.016,23345.679292163873
200920,43878.016,24412.526177254345
200921,43878.016,9293.636208301734
200922,43878.016,46578.21630444001
200923,43878.016,36365.38982056907
200924,43878.016,24157.524791243293
200925,43878.016,21288.666978741432
200926,43878.016,42108.37956383424
200927,43878.016,33420.490003271625
200928,43878.016,12908.772709145396
200929,43878.016,16316.2277412352
200930,43878.016,17806.79454173013
200931,43878.016,27890.90062823778
200932,43878.016,12710.051631402905
200933,43878.016,24062.5596216114
200934,43878.016,6545.31934606528
200935,43878.016,23001.076868405085
200936,43878.016,48797.004372679075
200937,43878.016,18070.850125950714
200938,43878.016,26899.99374221242
200939,43878.016,49484.08668944762
200940,43878.016,6275.846825057039
200941,43878.016,13960.777821335423
200942,43878.016,53734.12152423064
200943,43878.016,49481.98701057397
200944,43878.016,44276.275284068346
200945,43878.016,19696.996173966912
200946,43878.016,46674.20090863964
200947,43878.016,11697.981532244276
200948,43878.016,24591.01871309529
200949,43878.016,63325.57767136446
200950,43878.016,64670.95077135941
200951,43878.016,17672.226379550975
200952,43878.016,32352.913664051484
200953,43878.016,28977.410062000672
200954,43878.016,65881.34521705037
200955,43878.016,32759.311652476554
200956,43878.016,58793.68684794346
200957,43878.016,19063.245176968692
200958,43878.016,12531.06697707573
200959,43878.016,22928.054074227173
200960,43878.016,8912.131485380978
200961,43878.016,10893.352168910049
200962,43878.016,10231.437272424659
200963,43878.016,63649.42455412133
200964,43878.016,21982.180833905375
200965,43878.016,27634.934242723062
200966,43878.016,43988.69948611176
200967,43878.016,68103.3052245646
200968,43878.016,34092.9063918095
200969,43878.016,8810.257933730294
200970,43878.016,55472.70582762983
200971,43878.016,9286.106822833368
200972,43878.016,14203.935672611982
200973,43878.016,17321.575758833384
200974,43878.016,48484.58167537652
200975,43878.016,25288.493950639488
200976,43878.016,6599.226133906468
200977,43878.016,22036.244245865877
200978,43878.016,37743.63113420591
200979,43878.016,40257.462767619385
200980,43878.016,54719.01910615463
200981,43878.016,86506.19830698811
200982,43878.016,42712.956979729046
200983,43878.016,45598.33175546274
200984,43878.016,67159.6337442045
200985,43878.016,23093.093785302895
200986,43878.016,33821.23495827896
200987,43878.016,51619.338663931754
200988,43878.016,16023.958432427491
200989,43878.016,47991.22629253726
200990,43878.016,39807.2299117718
200991,43878.016,40883.36006875952
200992,43878.016,14121.728809975248
200993,43878.016,37626.05883810431
200994,43878.016,65225.503217488375
200995,43878.016,33554.323398400586
200996,43878.016,39590.361685187534
200997,43878.016,41492.60920671159
200998,43878.016,59810.80727240676
200999,43878.016,45187.31262424779
201000,43878.016,65380.99067241779
201001,43878.016,36460.86657972789
201002,43878.016,14704.205109400538
201003,43878.016,36870.72947335874
201004,43878.016,14105.090368872912
201005,43878.016,31077.951496932357
201006,43878.016,51832.97242724354
201007,43878.016,67152.36463107335
201008,43878.016,20433.158120557262
201009,43878.016,48760.688944235255
201010,43878.016,9971.182249536421
201011,43878.016,39144.248096119525
201012,43878.016,6030.830236783704
201013,43878.016,69251.32092977522
201014,43878.016,62527.423613675994
201015,43878.016,39424.51224706742
201016,43878.016,11087.675134278676
201017,43878.016,21185.525977629903
201018,43878.016,10576.514727621683
201019,43878.016,10753.699040179448
201020,43878.016,49294.51763259132
201021,43878.016,42174.22612060644
201022,43878.016,72862.9467218669
201023,43878.016,24242.69294185097
201024,43878.016,70180.23374863071
201025,43878.016,42998.971745022835
201026,43878.016,47931.20750745941
201027,43878.016,56165.144729156054
201028,43878.016,61847.545610732996
201029,43878.016,60106.384501907145
201030,43878.016,50926.92718716814
201031,43878.016,15378.60843637287
201032,43878.016,7373.284243729586
201033,43878.016,28812.465215870387
201034,43878.016,12815.340660631166
201035,43878.016,37999.10504673367
201036,43878.016,36073.276126300705
201037,43878.016,55944.714317814585
201038,43878.016,18945.976220284363
201039,43878.016,23369.1538960136
201040,43878.016,50406.56110433992
201041,43878.016,23450.609328205894
201042,43878.016,70780.1150501006
201043,43878.016,11420.100178618337
201044,43878.016,10702.711780444559
201045,43878.016,13166.830894642037
201046,43878.016,35736.80648200333
201047,43878.016,56446.69213581143
201048,43878.016,58575.00428142747
201049,43878.016,20263.76830678343
201050,43878.016,13207.593905779197
201051,43878.016,29194.160222144328
201052,43878.016,78344.11544907889
201053,43878.016,32728.620877966478
201054,43878.016,119319.21782340153
201055,43878.016,20546.514833757683
201056,43878.016,11134.53339247032
201057,43878.016,52688.234365736665
201058,43878.016,40563.75231707335
201059,43878.016,46428.1947430697
201060,43878.016,12839.12006202283
201061,43878.016,43817.88471953406
201062,43878.016,18020.725638662483
201063,43878.016,54141.33073668753
201064,43878.016,47678.925597025234
201065,43878.016,57912.817729003946
201066,43878.016,40568.55131855832
201067,43878.016,35141.57774511353
201068,43878.016,18754.49563127983
201069,43878.016,11638.33022405374
201070,43878.016,17446.131181328852
201071,43878.016,38203.410675834
201072,43878.016,45051.73120148485
201073,43878.016,15478.18686800207
201074,43878.016,12990.083851489702
201075,43878.016,39071.82230823939
201076,43878.016,19830.992973223518
201077,43878.016,8650.773140874797
201078,43878.016,67515.1729892746
201079,43878.016,42788.70773891253
201080,43878.016,47361.60399253169
201081,43878.016,10552.702899081003
201082,43878.016,14267.83150529472
201083,43878.016,7365.508492306166
201084,43878.016,20582.175337539025
201085,43878.016,59137.745426522575
201086,43878.016,74438.63875880018
201087,43878.016,63341.90269232368
201088,43878.016,26446.9151821048
201089,43878.016,38776.067020616625
201090,43878.016,62854.51907429694
201091,43878.016,14084.500552949503
201092,43878.016,37471.73878262833
201093,43878.016,34031.28073705035
201094,43878.016,57760.455483013684
201095,43878.016,10903.491663560655
201096,43878.016,63832.0275277643
201097,43878.016,53386.55275695536
201098,43878.016,103647.34039728019
201099,43878.016,28947.72472276223
201100,43878.016,40292.850942426514
201101,43878.016,29600.236590951594
201102,43878.016,49665.33903421269
201103,43878.016,25860.99140208027
201104,43878.016,11358.432954314936
201105,43878.016,50843.14940562326
201106,43878.016,28535.725768474334
201107,43878.016,39031.8915700969
201108,43878.016,63072.471678685884
201109,43878.016,26065.54377933176
201110,43878.016,14766.402424895381
201111,43878.016,48890.82885798907
201112,43878.016,30403.53652223709
201113,43878.016,39736.59057375284
201114,43878.016,11415.890766128343
201115,43878.016,61934.576110506416
201116,43878.016,5917.976402128071
201117,43878.016,37961.735036478356
201118,43878.016,21538.8908467572
201119,43878.016,7976.32939299122
201120,43878.016,45249.38465784568
201121,43878.016,24710.713003785037
201122,43878.016,23434.80999178632
201123,43878.016,48670.94803612336
201124,43878.016,68103.02705155431
201125,43878.016,17690.86107251427
201126,43878.016,75444.6532151713
201127,43878.016,24020.33374385908
201128,43878.016,46247.56069592992
201129,43878.016,12994.490732011602
201130,43878.016,54471.730649876576
201131,43878.016,25171.35024438119
201132,43878.016,49073.53906275648
201133,43878.016,59547.76261685009
201134,43878.016,51619.38245308038
201135,43878.016,29726.814088198305
201136,43878.016,25719.41453155668
201137,43878.016,10848.631268927114
201138,43878.016,21286.07158920224
201139,43878.016,55159.22268837333
201140,43878.016,53827.1510070475
201141,43878.016,18164.578136425465
201142,43878.016,58739.53571124431
201143,43878.016,8021.573487596603
201144,43878.016,58910.27893907222
201145,43878.016,24842.68868707589
201146,43878.016,28515.205186878935
201147,43878.016,18286.036360954447
201148,43878.016,15847.702799430946
201149,43878.016,15966.13665130654
201150,43878.016,15331.58589438988
201151,43878.016,13029.46709199962
201152,43878.016,53854.44478179351
201153,43878.016,45539.91178615477
201154,43878.016,61952.805759682364
201155,43878.016,26149.441125345715
201156,43878.016,22436.993967312446
201157,43878.016,9607.171727640047
201158,43878.016,25820.736358568745
201159,43878.016,57508.65805790603
201160,43878.016,70114.32120214113
201161,43878.016,8913.111066716609
201162,43878.016,24458.062088465333
201163,43878.016,21872.558809214202
201164,43878.016,51934.75352333558
201165,43878.016,29750.595164111397
201166,43878.016,27453.19641237339
201167,43878.016,20058.332726598037
201168,43878.016,7936.438586171263
201169,43878.016,50273.42077845183
201170,43878.016,52839.644486279816
201171,43878.016,49176.141543991485
201172,43878.016,18222.782134784982
201173,43878.016,55900.80145095746
201174,43878.016,64965.630986697724
201175,43878.016,39622.67393160656
201176,43878.016,55516.96683064326
201177,43878.016,8489.338072226668
201178,43878.016,13818.136054290113
201179,43878.016,52688.865488475014
201180,43878.016,34350.29878682498
201181,43878.016,22797.326804778382
201182,43878.016,29394.322844842787
201183,43878.016,12037.46586621027
201184,43878.016,48265.2203897022
201185,43878.016,24266.118338297172
201186,43878.016,35621.46967883992
201187,43878.016,17511.753867165782
201188,43878.016,47063.945426941274
201189,43878.016,9857.73995031419
201190,43878.016,12015.949262840444
201191,43878.016,23862.793018936558
201192,43878.016,43365.06947754
201193,43878.016,77310.11056160611
201194,43878.016,51155.28538169457
201195,43878.016,65158.77826846879
201196,43878.016,51125.33943446339
201197,43878.016,31336.953892944504
201198,43878.016,67656.76199708995
201199,43878.016,16194.211851099466
201200,43878.016,31495.942471654773
201201,43878.016,46697.66131088721
201202,43878.016,22114.71254298533
201203,43878.016,43158.55255885219
201204,43878.016,16495.888009522336
201205,43878.016,63061.24889358854
201206,43878.016,28260.00717196912
201207,43878.016,65444.260835605
201208,43878.016,28694.01942353597
201209,43878.016,49860.33985407101
201210,43878.016,35507.28132379038
201211,43878.016,47882.98105441587
201212,43878.016,7440.8770085160995
201213,43878.016,18974.895642637723
201214,43878.016,27440.81034745474
201215,43878.016,58499.14851847333
201216,43878.016,40040.171284836324
201217,43878.016,48213.396186278376
201218,43878.016,64847.604917204255
201219,43878.016,35893.26105548539
201220,43878.016,48933.5909967843
201221,43878.016,59959.3208864023
201222,43878.016,18170.452588143497
201223,43878.016,40361.456820531115
201224,43878.016,15590.21527438307
201225,43878.016,31149.48845509258
201226,43878.016,28792.542270176295
201227,43878.016,10620.152501416498
201228,43878.016,14161.309910340702
201229,43878.016,20851.509143903928
201230,43878.016,15399.189155760261
201231,43878.016,7889.45634873172
201232,43878.016,59547.69487008493
201233,43878.016,58942.86426834228
201234,43878.016,40611.07200580909
201235,43878.016,43268.16207830371
201236,43878.016,30900.789703714625
201237,43878.016,13779.617756280326
201238,43878.016,51230.19561508478
201239,43878.016,65427.95458185066
201240,43878.016,34947.7803031179
201241,43878.016,62132.3536409853
201242,43878.016,52653.54862512185
201243,43878.016,24172.719426422602
201244,43878.016,31666.930245889107
201245,43878.016,11905.52006296029
201246,43878.016,37413.15019079298
201247,43878.016,56527.58463378183
201248,43878.016,12696.50673572784
201249,43878.016,32242.002237091972
201250,43878.016,66125.13956050102
201251,43878.016,26171.94885068796
201252,43878.016,10918.324622340358
201253,43878.016,42815.59344811264
201254,43878.016,69408.97036829969
201255,43878.016,25804.178829454206
201256,43878.016,69775.61919063672
201257,43878.016,60616.08977230576
201258,43878.016,9527.858738420136
201259,43878.016,16828.27633212179
201260,43878.016,7477.856074752673
201261,43878.016,22905.27057894483
201262,43878.016,12702.208968782748
201263,43878.016,48542.2893001709
201264,43878.016,32628.872998690113
201265,43878.016,23039.413275067785
201266,43878.016,37867.5031897531
201267,43878.016,33722.12978800124
201268,43878.016,14988.346488949728
201269,43878.016,21219.8477655213
201270,43878.016,20549.482881818763
201271,43878.016,27053.560027768024
201272,43878.016,17813.139003850098
201273,43878.016,36777.84144876457
201274,43878.016,24579.73281781605
201275,43878.016,56759.69558546037
201276,43878.016,17739.493449199825
201277,43878.016,72443.45745522351
201278,43878.016,30168.55666741891
201279,43878.016,10023.975195979441
201280,43878.016,37453.85523801113
201281,43878.016,41497.25561578388
201282,43878.016,46792.41862669485
201283,43878.016,63880.948264405524
201284,43878.016,32329.643626479054
201285,43878.016,27221.31125749708
201286,43878.016,15737.027187962276
201287,43878.016,51769.95190123099
201288,43878.016,12991.97531611999
201289,43878.016,10603.260641203728
201290,43878.016,10414.530986096563
201291,43878.016,55456.02754132806
201292,43878.016,10839.260784596405
201293,43878.016,48247.21015173492
201294,43878.016,46308.592173866986
201295,43878.016,49124.32742524604
201296,43878.016,33789.87747791254
201297,43878.016,29010.904124521974
201298,43878.016,7378.698316959428
201299,43878.016,14109.221984414418
201300,43878.016,70766.59334951559
201301,43878.016,10546.13278400495
201302,43878.016,18048.4655398468
201303,43878.016,28691.649032499663
201304,43878.016,68586.64382041994
201305,43878.016,15855.198682615308
201306,43878.016,16778.90954550127
201307,43878.016,42315.95757808315
201308,43878.016,79404.44749140431
201309,43878.016,45560.71951509434
201310,43878.016,39236.15063522177
201311,43878.016,21157.72276246583
201312,43878.016,8384.683110084234
201313,43878.016,22022.812547752535
201314,43878.016,52682.29682266328
201315,43878.016,14640.009226996259
201316,43878.016,30447.332865818174
201317,43878.016,21103.022378926533
201318,43878.016,31731.548769795845
201319,43878.016,9130.340073208657
201320,43878.016,44318.04628208052
201321,43878.016,47762.47882294224
201322,43878.016,44652.10398955559
201323,43878.016,53735.75027320036
201324,43878.016,37953.39175063906
201325,43878.016,43959.4919730126
201326,43878.016,30024.445757693124
201327,43878.016,18031.568545369882
201328,43878.016,24937.586529378197
201329,43878.016,18940.09810984418
201330,43878.016,49317.419930742224
201331,43878.016,21229.337052136965
201332,43878.016,19298.273431440477
201333,43878.016,55277.687765564064
201334,43878.016,12288.09250820481
201335,43878.016,17029.721231823813
201336,43878.016,15220.212914510414
201337,43878.016,31142.271456096612
201338,43878.016,9454.077123397434
201339,43878.016,28958.260461375878
201340,43878.016,32450.15818615597
201341,43878.016,53213.221644343546
201342,43878.016,8981.16612131196
201343,43878.016,39506.54601396675
201344,43878.016,10179.563173197666
201345,43878.016,76788.423330218
201346,43878.016,15998.373479255204
201347,43878.016,28211.66197803085
201348,43878.016,54775.18919190637
201349,43878.016,81797.20381808585
201350,43878.016,8394.333356099418
201351,43878.016,15315.617184493232
201352,43878.016,65145.451218809154
201353,43878.016,8313.991613916249
201354,43878.016,69887.12296844852
201355,43878.016,37052.45842874426
201356,43878.016,8070.72933707138
201357,43878.016,75151.31851122291
201358,43878.016,13032.11623243572
201359,43878.016,52595.54004557779
201360,43878.016,24031.697514365595
201361,43878.016,35697.72216097103
201362,43878.016,18506.492006712517
201363,43878.016,21403.82205630087
201364,43878.016,20072.001985088937
201365,43878.016,47080.39306010443
201366,43878.016,13490.684907610472
201367,43878.016,30094.678130346725
201368,43878.016,30119.01688835964
201369,43878.016,41715.8006281335
201370,43878.016,14724.317254284506
201371,43878.016,19645.4316478385
201372,43878.016,64070.733289392105
201373,43878.016,24421.21838170561
201374,43878.016,40881.38388572595
201375,43878.016,41055.02764191072
201376,43878.016,22222.79582961798
201377,43878.016,20398.754708933026
201378,43878.016,44550.908175230696
201379,43878.016,33943.59225325019
201380,43878.016,20109.74684780772
201381,43878.016,16122.091278612703
201382,43878.016,43219.352435724075
201383,43878.016,42866.421034147956
201384,43878.016,37307.06819874986
201385,43878.016,47631.46146886034
201386,43878.016,28015.210704995145
201387,43878.016,22541.926002520293
201388,43878.016,9638.772534863332
201389,43878.016,12904.805651904891
201390,43878.016,62344.321091687016
201391,43878.016,5745.340644368811
201392,43878.016,53127.10783564519
201393,43878.016,39425.75914989974
201394,43878.016,33324.300258011914
201395,43878.016,54533.07840720243
201396,43878.016,65301.349166141204
201397,43878.016,59920.68331276187
201398,43878.016,70017.5948096455
201399,43878.016,44282.87939096846
201400,43878.016,41718.51993141021
201401,43878.016,40303.93125267728
201402,43878.016,48440.573025263846
201403,43878.016,9479.923487135293
201404,43878.016,19592.357029709437
201405,43878.016,10656.412326601472
201406,43878.016,18956.792377286325
201407,43878.016,42761.43806266128
201408,43878.016,28123.97108964372
201409,43878.016,10541.503525297132
201410,43878.016,41074.75478895238
201411,43878.016,102079.92118692346
201412,43878.016,11635.074838434995
201413,43878.016,44395.136056152354
201414,43878.016,6461.971016906117
201415,43878.016,27183.933945605837
201416,43878.016,52913.4863933457
201417,43878.016,31807.614201577788
201418,43878.016,51795.65795762327
201419,43878.016,59862.419220984586
201420,43878.016,40344.99585229943
201421,43878.016,16294.194217128166
201422,43878.016,57445.787160319334
201423,43878.016,8823.178092988168
201424,43878.016,26154.713329568873
201425,43878.016,8745.322074363208
201426,43878.016,8105.930241570091
201427,43878.016,13230.621536893572
201428,43878.016,45092.64729308208
201429,43878.016,16786.526095291298
201430,43878.016,11561.306920441426
201431,43878.016,58480.543654883295
201432,43878.016,42036.248039758066
201433,43878.016,12309.923612624667
201434,43878.016,22498.975874028834
201435,43878.016,66003.02092841243
201436,43878.016,20077.6533254818
201437,43878.016,31320.936443208022
201438,43878.016,48298.04084689055
201439,43878.016,17345.172581521187
201440,43878.016,14288.56826792987
201441,43878.016,25245.95100815431
201442,43878.016,11827.806788207548
201443,43878.016,30505.987419215653
201444,43878.016,65659.57735278727
201445,43878.016,14755.991648574034
201446,43878.016,9039.267100024867
201447,43878.016,25244.306824441377
201448,43878.016,14126.910043903841
201449,43878.016,44971.16833230183
201450,43878.016,35851.54379462678
201451,43878.016,54789.81666142408
201452,43878.016,39371.381004178475
201453,43878.016,9093.261991771946
201454,43878.016,45544.281865337965
201455,43878.016,23247.25189021854
201456,43878.016,17190.01110130591
201457,43878.016,57682.7379460845
201458,43878.016,35478.097338004445
201459,43878.016,10387.637503135089
201460,43878.016,29627.138399907493
201461,43878.016,51919.77322227756
201462,43878.016,65125.649853657844
201463,43878.016,19234.44442745677
201464,43878.016,39062.16860508116
201465,43878.016,9811.8625728982
201466,43878.016,23409.355839293108
201467,43878.016,42402.40894953668
201468,43878.016,36338.18801944713
201469,43878.016,13147.527590574937
201470,43878.016,11368.565148342452
201471,43878.016,29283.439622469064
201472,43878.016,57944.479125890255
201473,43878.016,8309.084621345975
201474,43878.016,25641.644435336704
201475,43878.016,36245.07949541406
201476,43878.016,17727.3601034513
201477,43878.016,45489.1632180177
201478,43878.016,22593.722511318952
201479,43878.016,24945.129040129166
201480,43878.016,60400.47213805434
201481,43878.016,58251.520340963296
201482,43878.016,47598.65701252553
201483,43878.016,42065.20249146556
201484,43878.016,11816.141484587679
201485,43878.016,30602.351666135106
201486,43878.016,61883.65304243045
201487,43878.016,22424.302868302195
201488,43878.016,59531.61962598563
201489,43878.016,55626.87070038488
201490,43878.016,103879.66954892955
201491,43878.016,22564.423915406373
201492,43878.016,34836.54413677254
201493,43878.016,73385.89588775062
201494,43878.016,52684.204002935265
201495,43878.016,30411.040010864723
201496,43878.016,10451.828520459127
201497,43878.016,38435.310970912564
201498,43878.016,42419.902497121875
201499,43878.016,59953.57401440191
201500,43878.016,20859.54872658352
201501,43878.016,12923.68295321445
201502,43878.016,37984.88063141361
201503,43878.016,15159.690358220321
201504,43878.016,9090.609556265257
201505,43878.016,9079.907222605581
201506,43878.016,7263.740681300731
201507,43878.016,30642.606712972345
201508,43878.016,24805.889689065672
201509,43878.016,16273.254530328046
201510,43878.016,11842.729433704211
201511,43878.016,24317.643092610837
201512,43878.016,26153.828418893005
201513,43878.016,52001.94877873896
201514,43878.016,69890.63110769077
201515,43878.016,44404.75636937061
201516,43878.016,37537.87183172446
201517,43878.016,19993.751109399942
201518,43878.016,42403.83499312923
201519,43878.016,13783.060782970646
201520,43878.016,38708.778478440574
201521,43878.016,50607.15322996902
201522,43878.016,64704.6191268454
201523,43878.016,14630.053865332244
201524,43878.016,13968.73784904538
201525,43878.016,46395.03875522249
201526,43878.016,22533.303713071797
201527,43878.016,70311.0679945058
201528,43878.016,34248.6051916659
201529,43878.016,59767.448919105926
201530,43878.016,43995.99766981636
201531,43878.016,30020.89486047555
201532,43878.016,31067.724636649084
201533,43878.016,17973.128192707023
201534,43878.016,56741.097156497504
201535,43878.016,55589.77326506933
201536,43878.016,35551.61925852394
201537,43878.016,61902.864991468916
201538,43878.016,37555.242951294786
201539,43878.016,35045.29893848375
201540,43878.016,90605.60698418922
201541,43878.016,67093.35389683866
201542,43878.016,43494.41017446825
201543,43878.016,35874.73680414309
201544,43878.016,12945.295824251474
201545,43878.016,10147.166144730856
201546,43878.016,29304.116682663174
201547,43878.016,58729.33561446641
201548,43878.016,47600.91021689601
201549,43878.016,12190.274349060404
201550,43878.016,14027.193040511705
201551,43878.016,37983.102518153544
201552,43878.016,62371.88059312173
201553,43878.016,43429.0056967119
201554,43878.016,32114.800862133387
201555,43878.016,55083.21401796796
201556,43878.016,23941.06236895933
201557,43878.016,55930.22594763647
201558,43878.016,23384.413894045458
201559,43878.016,19338.590624230827
201560,43878.016,25481.67635971327
201561,43878.016,6922.859971763916
201562,43878.016,32087.794170189813
201563,43878.016,21452.729642751652
201564,43878.016,46055.79723881686
201565,43878.016,28701.11865613515
201566,43878.016,19292.202730562505
201567,43878.016,31005.340988802254
201568,43878.016,98127.84538008724
201569,43878.016,14058.11711670277
201570,43878.016,20584.938654163016
201571,43878.016,31628.328284023315
201572,43878.016,15514.498982504798
201573,43878.016,30845.007351133085
201574,43878.016,42590.7327918604
201575,43878.016,14421.834049728905
201576,43878.016,15101.867012773999
201577,43878.016,57278.6623273099
201578,43878.016,6177.605174692951
201579,43878.016,23046.53735347645
201580,43878.016,51541.85761736844
201581,43878.016,31397.14760887212
201582,43878.016,46540.30171859847
201583,43878.016,52229.330022437025
201584,43878.016,37158.1367094477
201585,43878.016,15518.040940367913
201586,43878.016,63208.71967642366
201587,43878.016,25741.700060871528
201588,43878.016,9159.796557954727
201589,43878.016,62627.96006096283
201590,43878.016,48911.62228947347
201591,43878.016,32224.05148985892
201592,43878.016,65393.04206492071
201593,43878.016,11929.258442900596
201594,43878.016,32092.49093444747
201595,43878.016,20413.12083892996
201596,43878.016,49192.399214478304
201597,43878.016,40925.5741694704
201598,43878.016,58985.63758422005
201599,43878.016,9583.332576739263
201600,43878.016,36713.74781534343
201601,43878.016,27838.570394979175
201602,43878.016,31950.085021230065
201603,43878.016,13318.966046042611
201604,43878.016,43495.55704954627
201605,43878.016,23465.541361261254
201606,43878.016,47606.41687413639
201607,43878.016,41381.168308221095
201608,43878.016,34193.20774551251
201609,43878.016,23511.64431293082
201610,43878.016,21774.96334388233
201611,43878.016,47665.83836360115
201612,43878.016,37799.58571855066
201613,43878.016,26423.40950423643
201614,43878.016,73794.64225481462
201615,43878.016,52697.680772253305
201616,43878.016,4573.834814029643
201617,43878.016,34061.931241351434
201618,43878.016,16306.736564998895
201619,43878.016,38091.22585556336
201620,43878.016,14427.825877279964
201621,43878.016,39159.42924112886
201622,43878.016,85071.70474086984
201623,43878.016,13518.986265791718
201624,43878.016,24710.500437943614
201625,43878.016,29197.368837870014
201626,43878.016,19756.88995807458
201627,43878.016,18584.986817899586
201628,43878.016,24338.632629318057
201629,43878.016,19966.3496798766
201630,43878.016,19252.821983969458
201631,43878.016,35998.85144197994
201632,43878.016,18670.855358506084
201633,43878.016,58664.875973334376
201634,43878.016,37939.39039539949
201635,43878.016,42888.9032458509
201636,43878.016,6826.464195647464
201637,43878.016,60876.513326092936
201638,43878.016,6751.442069402462
201639,43878.016,14465.55282810253
201640,43878.016,39144.19400520299
201641,43878.016,22537.2226775261
201642,43878.016,13745.014841244554
201643,43878.016,46160.95575814134
201644,43878.016,67183.81835187768
201645,43878.016,25841.533085476676
201646,43878.016,15435.88018627087
201647,43878.016,56533.964949832334
201648,43878.016,39881.163555350155
201649,43878.016,4657.323466882628
201650,43878.016,44744.17111036587
201651,43878.016,56926.26761396037
201652,43878.016,41040.12512323152
201653,43878.016,33118.27581772083
201654,43878.016,26073.06916511838
201655,43878.016,24792.196609977615
201656,43878.016,63172.4423527133
201657,43878.016,69367.59958203982
201658,43878.016,50054.11660485877
201659,43878.016,72400.29366973048
201660,43878.016,55661.544835458306
201661,43878.016,21808.36271426168
201662,43878.016,13342.102167895413
201663,43878.016,22240.973922585174
201664,43878.016,7351.146638110315
201665,43878.016,31970.17187953976
201666,43878.016,39788.32133246719
201667,43878.016,44322.73739150141
201668,43878.016,28155.232329128154
201669,43878.016,32807.143348201564
201670,43878.016,22259.942779894325
201671,43878.016,30535.66704379505
201672,43878.016,64092.642640673934
201673,43878.016,57300.563163632876
201674,43878.016,25373.687708975765
201675,43878.016,71337.75138281156
201676,43878.016,24409.04531814688
201677,43878.016,7517.115887325883
201678,43878.016,53891.63200123032
201679,43878.016,44966.0259928333
201680,43878.016,34725.228977898514
201681,43878.016,36132.65055597724
201682,43878.016,34871.98340349678
201683,43878.016,24835.799273012988
201684,43878.016,13600.99039715204
201685,43878.016,50306.33161788096
201686,43878.016,32344.190573009088
201687,43878.016,9264.64712695653
201688,43878.016,64977.86667841437
201689,43878.016,44878.999566811784
201690,43878.016,19742.786445825233
201691,43878.016,29471.00117826114
201692,43878.016,27101.770755746864
201693,43878.016,16615.732643905154
201694,43878.016,7027.706279607396
201695,43878.016,56914.9326336508
201696,43878.016,14560.73924873147
201697,43878.016,31395.22748212821
201698,43878.016,19056.340402975784
201699,43878.016,21099.873703997477
201700,43878.016,21244.746954196893
201701,43878.016,53205.154565624885
201702,43878.016,20617.092995856132
201703,43878.016,41933.2700403721
201704,43878.016,9986.383785020773
201705,43878.016,61883.82833427073
201706,43878.016,7995.366146433056
201707,43878.016,39810.07165325644
201708,43878.016,42108.28339650958
201709,43878.016,60938.75268296129
201710,43878.016,33361.58323814358
201711,43878.016,41041.65373395926
201712,43878.016,47825.7929921519
201713,43878.016,56577.84722230813
201714,43878.016,40889.190911992606
201715,43878.016,69768.05222682608
201716,43878.016,13243.47641118019
201717,43878.016,32478.78294413645
201718,43878.016,67355.29710952308
201719,43878.016,52585.828799430135
201720,43878.016,20996.81195740887
201721,43878.016,56037.223275485805
201722,43878.016,55809.20817986451
201723,43878.016,47528.6057963185
201724,43878.016,39696.48847108337
201725,43878.016,13672.86164295638
201726,43878.016,32171.58063423277
201727,43878.016,27866.432005713148
201728,43878.016,65066.83611417169
201729,43878.016,17684.29786066884
201730,43878.016,43988.97168837098
201731,43878.016,44175.65207265288
201732,43878.016,62157.079634937814
201733,43878.016,17375.879807106754
201734,43878.016,17241.939566145913
201735,43878.016,61923.26364152561
201736,43878.016,60667.965095826905
201737,43878.016,12770.354057797074
201738,43878.016,21644.970467800835
201739,43878.016,24674.689001583352
201740,43878.016,30020.269285719576
201741,43878.016,29656.716123478996
201742,43878.016,28769.648091218427
201743,43878.016,10264.057566336536
201744,43878.016,55270.38620342443
201745,43878.016,53157.67003972503
201746,43878.016,54037.15159752938
201747,43878.016,13470.180184266248
201748,43878.016,52285.576101194034
201749,43878.016,21821.42712845276
201750,43878.016,14164.458219152384
201751,43878.016,15938.889749362483
201752,43878.016,16821.82754945223
201753,43878.016,29259.593716573516
201754,43878.016,40896.123788518
201755,43878.016,63925.858558592765
201756,43878.016,24825.042534075143
201757,43878.016,33815.352490730285
201758,43878.016,43072.132158155044
201759,43878.016,23668.24300242616
201760,43878.016,99440.09491994372
201761,43878.016,30027.404411280553
201762,43878.016,9161.59220152039
201763,43878.016,17073.255110259724
201764,43878.016,13493.914127474376
201765,43878.016,45693.17624017309
201766,43878.016,36261.08373561975
201767,43878.016,17249.41268144244
201768,43878.016,18605.93644467482
201769,43878.016,41860.3761579736
201770,43878.016,36110.84347810092
201771,43878.016,44486.52919958936
201772,43878.016,48924.61467103247
201773,43878.016,34867.54589751768
201774,43878.016,33152.404992970914
201775,43878.016,47664.70661648506
201776,43878.016,30028.960833953137
201777,43878.016,30635.648448609118
201778,43878.016,21797.00742408627
201779,43878.016,8271.229634226183
201780,43878.016,13338.572509704054
201781,43878.016,42848.711157996215
201782,43878.016,17921.91433339862
201783,43878.016,28101.273985299387
201784,43878.016,50751.66560408701
201785,43878.016,87269.90091071196
201786,43878.016,45063.50593512917
201787,43878.016,34601.016976710496
201788,43878.016,9938.312391381272
201789,43878.016,21944.649710014513
201790,43878.016,68012.27540633926
201791,43878.016,60567.24960781014
201792,43878.016,17520.879492574662
201793,43878.016,7351.116890927671
201794,43878.016,58382.55583300058
201795,43878.016,30369.42244851389
201796,43878.016,68837.45703177994
201797,43878.016,9403.337733585458
201798,43878.016,18476.166979475685
201799,43878.016,40911.17063645948
201800,43878.016,27112.313667078542
201801,43878.016,63177.139155385536
201802,43878.016,12090.310988072051
201803,43878.016,68208.81231055198
201804,43878.016,15486.90074668692
201805,43878.016,55120.03417548431
201806,43878.016,19409.155246764272
201807,43878.016,16155.347289803754
201808,43878.016,27166.42341984423
201809,43878.016,13845.480514342175
201810,43878.016,9076.852473196648
201811,43878.016,17807.632005749554
201812,43878.016,52750.576873721555
201813,43878.016,21516.237678015255
201814,43878.016,15853.183454645441
201815,43878.016,37364.40812388431
201816,43878.016,33834.455538156595
201817,43878.016,28170.406458072874
201818,43878.016,45175.565216707735
201819,43878.016,20013.75270231664
201820,43878.016,40945.88043490588
201821,43878.016,32721.560343468333
201822,43878.016,64476.99776815604
201823,43878.016,23446.21452702334
201824,43878.016,31811.24602060528
201825,43878.016,72868.27790929785
201826,43878.016,63052.38296813978
201827,43878.016,37635.664693302526
201828,43878.016,46991.97133078451
201829,43878.016,37300.720406516295
201830,43878.016,14401.482462811882
201831,43878.016,21347.607925644887
201832,43878.016,45179.4350661183
201833,43878.016,27686.189789542907
201834,43878.016,49464.68129496035
201835,43878.016,44146.628172911674
201836,43878.016,32664.01476495875
201837,43878.016,18348.487217037447
201838,43878.016,24791.332006297172
201839,43878.016,29416.662278805074
201840,43878.016,70867.60527947734
201841,43878.016,27441.925626974444
201842,43878.016,39467.55715666303
201843,43878.016,33643.92804114225
201844,43878.016,7401.223199018473
201845,43878.016,17651.769254646384
201846,43878.016,10532.339799677004
201847,43878.016,16017.704972076477
201848,43878.016,42048.333506431656
201849,43878.016,39868.17301718753
201850,43878.016,22170.84816033532
201851,43878.016,14121.29248464648
201852,43878.016,19346.790285910625
201853,43878.016,11088.963093094904
201854,43878.016,32280.14459749732
201855,43878.016,58761.64626448982
201856,43878.016,49015.2394435895
201857,43878.016,30351.043504299145
201858,43878.016,51716.654807827465
201859,43878.016,47222.912665819786
201860,43878.016,24252.770364283988
201861,43878.016,41292.048897327804
201862,43878.016,21523.98859268005
201863,43878.016,17710.84350922297
201864,43878.016,20780.585893436895
201865,43878.016,42836.41215262411
201866,43878.016,33377.33778119364
201867,43878.016,10610.653882667913
201868,43878.016,47196.00411482217
201869,43878.016,24124.989698880472
201870,43878.016,43050.400907776464
201871,43878.016,41648.36633796639
201872,43878.016,62224.00098403846
201873,43878.016,21978.68677386645
201874,43878.016,59008.16338936872
201875,43878.016,32672.704895755505
201876,43878.016,26810.457644505583
201877,43878.016,15236.6302398631
201878,43878.016,22447.848948565403
201879,43878.016,18059.08349869996
201880,43878.016,16666.67628302545
201881,43878.016,27336.56068365499
201882,43878.016,19578.804413884678
201883,43878.016,29634.249066928605
201884,43878.016,54649.05436378872
201885,43878.016,31222.448559345674
201886,43878.016,17423.688418985166
201887,43878.016,37207.56939658201
201888,43878.016,35248.6574092945
201889,43878.016,71006.21179927501
201890,43878.016,23115.827171641402
201891,43878.016,24071.953079383573
201892,43878.016,18095.78571348458
201893,43878.016,6259.860695728226
201894,43878.016,24342.684133347655
201895,43878.016,27852.898746098297
201896,43878.016,78224.19863978642
201897,43878.016,51761.638389065585
201898,43878.016,63170.370631251455
201899,43878.016,11110.84139874142
201900,43878.016,42891.476608574645
201901,43878.016,12148.076265211188
201902,43878.016,29200.52752438634
201903,43878.016,53497.5622644711
201904,43878.016,14798.695255595081
201905,43878.016,31835.62074521737
201906,43878.016,10856.072575166683
201907,43878.016,45045.31137476003
201908,43878.016,29781.962145478938
201909,43878.016,53791.08166650021
201910,43878.016,17133.70239004998
201911,43878.016,77885.61692865985
201912,43878.016,57602.883487435196
201913,43878.016,19953.903181704052
201914,43878.016,78763.81558052443
201915,43878.016,6387.102868969986
201916,43878.016,48922.53090408605
201917,43878.016,49423.75406379161
201918,43878.016,61865.6875571823
201919,43878.016,32719.326219216022
201920,43878.016,51956.613052647415
201921,43878.016,28086.64463816617
201922,43878.016,41959.77417457282
201923,43878.016,27505.325846288524
201924,43878.016,56246.63865279398
201925,43878.016,65649.54614520956
201926,43878.016,18762.883137980818
201927,43878.016,43891.64530495329
201928,43878.016,40196.49194701917
201929,43878.016,78978.05665950508
201930,43878.016,91694.96075387947
201931,43878.016,58523.026532682234
201932,43878.016,17049.657422437394
201933,43878.016,34843.66758793764
201934,43878.016,44381.808179575855
201935,43878.016,54362.76763000176
201936,43878.016,80762.84126136167
201937,43878.016,48785.647693573075
201938,43878.016,31807.621873024236
201939,43878.016,19492.51217643913
201940,43878.016,29903.520894267924
201941,43878.016,56019.85052912115
201942,43878.016,13262.268759217932
201943,43878.016,5796.802619586276
201944,43878.016,69817.29361990081
201945,43878.016,35064.22444825526
201946,43878.016,26608.9781598183
201947,43878.016,23972.037965403022
201948,43878.016,8686.216475052372
201949,43878.016,47046.35490931985
201950,43878.016,25540.675043929677
201951,43878.016,30634.801849997682
201952,43878.016,42787.288032261844
201953,43878.016,20131.88075725823
201954,43878.016,17248.61159453086
201955,43878.016,60322.31236687193
201956,43878.016,12802.410275746684
201957,43878.016,43103.212519743116
201958,43878.016,47178.90721673361
201959,43878.016,21542.542846621323
201960,43878.016,12516.343483795414
201961,43878.016,53941.877550501034
201962,43878.016,13538.239839532434
201963,43878.016,40453.003641645264
201964,43878.016,12646.356990944547
201965,43878.016,60859.45279068099
201966,43878.016,7256.044879887066
201967,43878.016,50199.63818204016
201968,43878.016,15031.042740190176
201969,43878.016,45707.8451390046
201970,43878.016,24153.57849944903
201971,43878.016,21125.989045729868
201972,43878.016,32817.02881813971
201973,43878.016,26841.50798343751
201974,43878.016,40504.79624102663
201975,43878.016,50100.73664657368
201976,43878.016,26725.28639904465
201977,43878.016,10698.882141770042
201978,43878.016,15244.698866910185
201979,43878.016,6600.455234965851
201980,43878.016,16279.728516553996
201981,43878.016,29932.092738208794
201982,43878.016,25325.512725292818
201983,43878.016,46067.050732083764
201984,43878.016,23159.496407850467
201985,43878.016,41872.25801834961
201986,43878.016,26500.689844420864
201987,43878.016,40714.979458961876
201988,43878.016,32838.0800167301
201989,43878.016,14540.962507124248
201990,43878.016,53141.56458428312
201991,43878.016,14566.404566276773
201992,43878.016,72570.85258740539
201993,43878.016,48666.55851174573
201994,43878.016,23400.65223724672
201995,43878.016,52851.91321613897
201996,43878.016,52527.15087386181
201997,43878.016,19868.569221727386
201998,43878.016,17442.90305041856
201999,43878.016,43218.41356829745
202000,43878.016,33020.96211424682
202001,43878.016,52970.91660843143
202002,43878.016,32918.977678122086
202003,43878.016,54878.01105785288
202004,43878.016,9948.17917257908
202005,43878.016,27201.24442426113
202006,43878.016,51175.1810564273
202007,43878.016,57264.623820642475
202008,43878.016,33789.62217117127
202009,43878.016,24275.723529427796
202010,43878.016,25351.114745892104
202011,43878.016,35113.819088900345
202012,43878.016,39536.135533661836
202013,43878.016,43912.45510028594
202014,43878.016,23909.836279636453
202015,43878.016,39853.191347395514
202016,43878.016,27261.548933467988
202017,43878.016,26014.410244321953
202018,43878.016,46021.77929135945
202019,43878.016,44845.5354519514
202020,43878.016,8398.13847004907
202021,43878.016,11947.7092046125
202022,43878.016,30090.823269021028
202023,43878.016,54675.00387781686
202024,43878.016,40216.5007131174
202025,43878.016,21406.32475221519
202026,43878.016,12054.234435511067
202027,43878.016,45035.66159321145
202028,43878.016,54695.05405346019
202029,43878.016,44511.161853604804
202030,43878.016,8250.93552506176
202031,43878.016,26661.688817632727
202032,43878.016,30743.368874177726
202033,43878.016,31612.613726889784
202034,43878.016,19235.262175598433
202035,43878.016,57063.67453457802
202036,43878.016,41711.133515756854
202037,43878.016,29510.600003660435
202038,43878.016,51945.43427528892
202039,43878.016,21956.752891191896
202040,43878.016,35184.51150089246
202041,43878.016,38264.47048430207
202042,43878.016,10220.982848707057
202043,43878.016,45531.48870354316
202044,43878.016,65505.20908272119
202045,43878.016,42043.19130693659
202046,43878.016,13883.426626326504
202047,43878.016,17299.663304861155
202048,43878.016,24657.71408268282
202049,43878.016,50906.528935849055
202050,43878.016,29295.445583643523
202051,43878.016,23661.922863055424
202052,43878.016,11148.461921359072
202053,43878.016,32803.945183703836
202054,43878.016,10951.442834678799
202055,43878.016,17902.177086434454
202056,43878.016,40780.74875454147
202057,43878.016,17126.840096840966
202058,43878.016,17895.46497253842
202059,43878.016,46890.41519716386
202060,43878.016,74120.16778739895
202061,43878.016,21162.1701663915
202062,43878.016,48890.43790643878
202063,43878.016,47265.05934905347
202064,43878.016,12934.819336734563
202065,43878.016,16199.58036604656
202066,43878.016,17728.94041699766
202067,43878.016,11108.80520431803
202068,43878.016,47342.095168721164
202069,43878.016,27947.286957970373
202070,43878.016,27597.856435562637
202071,43878.016,44504.258582075316
202072,43878.016,47828.737304462964
202073,43878.016,19309.46982489911
202074,43878.016,12501.633637769073
202075,43878.016,43448.21371685737
202076,43878.016,38951.934790641215
202077,43878.016,51825.32168551033
202078,43878.016,45887.81753163434
202079,43878.016,15983.232310085757
202080,43878.016,30228.229311989533
202081,43878.016,14226.050051341253
202082,43878.016,65861.20034454344
202083,43878.016,79483.40294223628
202084,43878.016,59428.19419686041
202085,43878.016,53246.79351128626
202086,43878.016,24060.894051428364
202087,43878.016,63491.6182594395
202088,43878.016,27456.631792678538
202089,43878.016,9138.671630371906
202090,43878.016,66477.2543635051
202091,43878.016,26357.301358156405
202092,43878.016,17962.808797054222
202093,43878.016,27172.297429259193
202094,43878.016,74560.59829160663
202095,43878.016,21235.81121306538
202096,43878.016,8424.587028928257
202097,43878.016,66333.53379224472
202098,43878.016,40310.575486813075
202099,43878.016,59264.965589827996
202100,43878.016,23257.975168191497
202101,43878.016,21996.293663894918
202102,43878.016,35135.77296607386
202103,43878.016,57650.28984095548
202104,43878.016,16423.27513181332
202105,43878.016,13179.56249826059
202106,43878.016,25963.980028724036
202107,43878.016,16130.422074816637
202108,43878.016,41697.46009402121
202109,43878.016,26522.050956035124
202110,43878.016,16604.811048764004
202111,43878.016,25062.105245798917
202112,43878.016,104694.28604769187
202113,43878.016,19696.272839367295
202114,43878.016,42176.47187238578
202115,43878.016,53498.367155608816
202116,43878.016,73806.35886584652
202117,43878.016,29361.367888378085
202118,43878.016,67249.46803842387
202119,43878.016,50292.528938821284
202120,43878.016,54984.45527151112
202121,43878.016,11525.148846974489
202122,43878.016,7886.352391487985
202123,43878.016,40893.70764752513
202124,43878.016,48578.33208966317
202125,43878.016,16881.92114265991
202126,43878.016,39377.71626083675
202127,43878.016,26527.07898704234
202128,43878.016,40121.26306917934
202129,43878.016,34691.90982023713
202130,43878.016,13828.096039127135
202131,43878.016,35216.22870750423
202132,43878.016,14306.014589083123
202133,43878.016,27273.85524607741
202134,43878.016,21785.79481811702
202135,43878.016,59795.48234212858
202136,43878.016,31262.354614492946
202137,43878.016,15381.029619858842
202138,43878.016,7752.237044292562
202139,43878.016,19381.151374062145
202140,43878.016,24379.774870525143
202141,43878.016,30135.186932480883
202142,43878.016,9972.382207339022
202143,43878.016,16117.93378529139
202144,43878.016,53303.52151382977
202145,43878.016,14490.461738427166
202146,43878.016,14205.308978916995
202147,43878.016,10388.798494466248
202148,43878.016,14380.547589538071
202149,43878.016,50813.21679937958
202150,43878.016,8182.477907346417
202151,43878.016,20632.21918969908
202152,43878.016,33993.59900142378
202153,43878.016,59391.39327096478
202154,43878.016,47605.56354876565
202155,43878.016,23889.03725031425
202156,43878.016,95579.8577691486
202157,43878.016,14244.89611051475
202158,43878.016,45017.74864939095
202159,43878.016,30630.559638829065
202160,43878.016,18439.939665427853
202161,43878.016,11926.608247581651
202162,43878.016,21191.992491961715
202163,43878.016,19860.020949918897
202164,43878.016,20461.898533196552
202165,43878.016,18088.02393588893
202166,43878.016,56095.67147373154
202167,43878.016,20483.806732947505
202168,43878.016,49517.36292151686
202169,43878.016,25983.558547879584
202170,43878.016,26136.209388691528
202171,43878.016,52802.98728053869
202172,43878.016,42715.25187300085
202173,43878.016,32775.70677724363
202174,43878.016,14802.155307807574
202175,43878.016,8157.089277127164
202176,43878.016,7114.6259648052355
202177,43878.016,7557.484517374403
202178,43878.016,8936.275588520253
202179,43878.016,24418.820945314445
202180,43878.016,27776.345776669124
202181,43878.016,8673.43456593396
202182,43878.016,26203.444441975884
202183,43878.016,13302.19061637394
202184,43878.016,16895.139509057924
202185,43878.016,68828.53128819694
202186,43878.016,16437.055999504948
202187,43878.016,19197.89746759565
202188,43878.016,24614.104250227378
202189,43878.016,67633.17845743225
202190,43878.016,56084.48774179884
202191,43878.016,10313.891040533348
202192,43878.016,33616.63013482195
202193,43878.016,62388.53001830005
202194,43878.016,85347.57813629464
202195,43878.016,29626.2292206477
202196,43878.016,7281.8831851549885
202197,43878.016,63932.830156839234
202198,43878.016,4854.709247400337
202199,43878.016,58845.5127048265
202200,43878.016,35444.95505767111
202201,43878.016,34328.44830693308
202202,43878.016,29277.16136468432
202203,43878.016,29936.6962546165
202204,43878.016,10442.436380674983
202205,43878.016,37692.3649406657
202206,43878.016,32868.51905016569
202207,43878.016,15079.90334056744
202208,43878.016,28556.41361713796
202209,43878.016,5721.744480750808
202210,43878.016,26141.75298264156
202211,43878.016,64163.04539894059
202212,43878.016,95216.49111378497
202213,43878.016,41624.10222047028
202214,43878.016,23570.30810559922
202215,43878.016,23085.639955358653
202216,43878.016,32178.557046355654
202217,43878.016,77805.3491699551
202218,43878.016,41256.08096559868
202219,43878.016,10177.410460720095
202220,43878.016,25180.334501127796
202221,43878.016,17211.024705993404
202222,43878.016,81074.51381829812
202223,43878.016,51899.24533636319
202224,43878.016,37400.391482805935
202225,43878.016,9635.688910898623
202226,43878.016,10917.544002085766
202227,43878.016,18724.463370292906
202228,43878.016,14734.31984563989
202229,43878.016,14319.930794545671
202230,43878.016,65290.11131713732
202231,43878.016,30275.377543030612
202232,43878.016,9812.17625935954
202233,43878.016,7286.875426406959
202234,43878.016,47371.5940228916
202235,43878.016,12330.325289992315
202236,43878.016,25958.19266301216
202237,43878.016,60467.76914913024
202238,43878.016,30533.18541379597
202239,43878.016,17283.35878254106
202240,43878.016,8921.540043384983
202241,43878.016,46116.692356223895
202242,43878.016,29233.414584843224
202243,43878.016,9527.16992873284
202244,43878.016,7399.60035184263
202245,43878.016,6492.429836151758
202246,43878.016,25429.532279887902
202247,43878.016,60845.768175530604
202248,43878.016,18484.869711806685
202249,43878.016,59726.02097358197
202250,43878.016,66256.50577176566
202251,43878.016,40748.88864169062
202252,43878.016,38082.87294913088
202253,43878.016,21352.463471299754
202254,43878.016,49552.61464792983
202255,43878.016,39162.66977609631
202256,43878.016,7502.967916120234
202257,43878.016,42743.16511784155
202258,43878.016,45278.815414444194
202259,43878.016,37613.40098329896
202260,43878.016,26386.509083917066
202261,43878.016,50686.447327148584
202262,43878.016,12790.298103858193
202263,43878.016,33462.87662879505
202264,43878.016,55518.32970481443
202265,43878.016,21556.936890447927
202266,43878.016,80522.58651821621
202267,43878.016,53550.05391819424
202268,43878.016,41458.071409494405
202269,43878.016,3919.4391269286543
202270,43878.016,19948.61231398033
202271,43878.016,25827.473892939943
202272,43878.016,23054.026047475105
202273,43878.016,20325.77833658098
202274,43878.016,50750.376956303866
202275,43878.016,34771.52608810887
202276,43878.016,32130.536484661643
202277,43878.016,6810.360814053504
202278,43878.016,71343.55478374902
202279,43878.016,29553.355991142314
202280,43878.016,54404.16556196118
202281,43878.016,16370.662772807309
202282,43878.016,23121.27284816149
202283,43878.016,39041.908009610386
202284,43878.016,24545.616073151188
202285,43878.016,16810.30053985824
202286,43878.016,48909.89617930774
202287,43878.016,9583.322542364067
202288,43878.016,33470.306194952056
202289,43878.016,44775.771259698166
202290,43878.016,16021.808866504953
202291,43878.016,45046.84961199872
202292,43878.016,48655.19835505446
202293,43878.016,63253.73027871848
202294,43878.016,28396.42519557989
202295,43878.016,61975.86482295383
202296,43878.016,17211.534261542776
202297,43878.016,12026.986862160224
202298,43878.016,49271.95741602183
202299,43878.016,30511.449694691528
202300,43878.016,20412.062423827443
202301,43878.016,57099.8404394238
202302,43878.016,17313.13423657537
202303,43878.016,38958.39987075639
202304,43878.016,48605.939776040126
202305,43878.016,38939.68822250864
202306,43878.016,30539.435025527855
202307,43878.016,32436.834135218654
202308,43878.016,21982.71179492234
202309,43878.016,61422.403746995136
202310,43878.016,57427.66823162503
202311,43878.016,25476.085797486194
202312,43878.016,55965.30832770816
202313,43878.016,75297.69580747494
202314,43878.016,25755.87955334669
202315,43878.016,52483.69480947819
202316,43878.016,11161.27205521311
202317,43878.016,18693.883053261547
202318,43878.016,48878.80325722658
202319,43878.016,43419.21700397185
202320,43878.016,36000.28316645613
202321,43878.016,64228.38060130597
202322,43878.016,19197.900336206487
202323,43878.016,9611.027502987603
202324,43878.016,47876.3475688787
202325,43878.016,61924.379894590595
202326,43878.016,32460.92690662388
202327,43878.016,21259.175065248353
202328,43878.016,42205.75332892917
202329,43878.016,44308.14736120375
202330,43878.016,56222.94257694019
202331,43878.016,17540.54344234757
202332,43878.016,47765.060676417575
202333,43878.016,47609.69915920784
202334,43878.016,20504.210669948403
202335,43878.016,13134.461600425926
202336,43878.016,15396.50420151354
202337,43878.016,31263.473676427933
202338,43878.016,51220.17275342302
202339,43878.016,20571.39582274387
202340,43878.016,16302.082412847561
202341,43878.016,55153.61906544655
202342,43878.016,51808.660680257926
202343,43878.016,60652.83514257561
202344,43878.016,34904.563920997236
202345,43878.016,48041.345094200755
202346,43878.016,44862.55659300907
202347,43878.016,62311.00036803724
202348,43878.016,54061.23849253223
202349,43878.016,46788.84418354073
202350,43878.016,41603.50341876379
202351,43878.016,36798.66414760287
202352,43878.016,36936.62813403828
202353,43878.016,21317.039081254065
202354,43878.016,9337.818453889126
202355,43878.016,9433.008252462787
202356,43878.016,62347.2598057914
202357,43878.016,24410.766826624014
202358,43878.016,77229.66064868677
202359,43878.016,15397.155307745506
202360,43878.016,50269.51742224137
202361,43878.016,16066.059499163077
202362,43878.016,22122.567084488906
202363,43878.016,51865.81537589363
202364,43878.016,37299.34375996936
202365,43878.016,37908.66076470913
202366,43878.016,31837.075038877294
202367,43878.016,49476.31746126873
202368,43878.016,7200.658689052898
202369,43878.016,12076.005251655626
202370,43878.016,17645.37631412495
202371,43878.016,44803.579828609814
202372,43878.016,58558.688091453034
202373,43878.016,5531.691447925577
202374,43878.016,9347.406540027428
202375,43878.016,28182.648277630087
202376,43878.016,54642.24924344239
202377,43878.016,21476.991383448196
202378,43878.016,9847.122521203411
202379,43878.016,17750.24236132092
202380,43878.016,14281.631255482536
202381,43878.016,14855.695786188397
202382,43878.016,40076.40828803653
202383,43878.016,35549.22019959034
202384,43878.016,65892.27641754638
202385,43878.016,25170.03666793694
202386,43878.016,44073.14445959923
202387,43878.016,64902.674081453915
202388,43878.016,15473.131993156274
202389,43878.016,23151.611437395142
202390,43878.016,19590.785793204053
202391,43878.016,23320.27432881614
202392,43878.016,14316.140705292024
202393,43878.016,12345.478578511958
202394,43878.016,16608.910921596547
202395,43878.016,41738.04208946479
202396,43878.016,20753.597008266188
202397,43878.016,55010.895614025874
202398,43878.016,59603.794349774354
202399,43878.016,34545.414188326984
202400,43878.016,60612.00304302853
202401,43878.016,45070.716335491365
202402,43878.016,53972.708795016406
202403,43878.016,35675.36990465418
202404,43878.016,26581.878856670868
202405,43878.016,26278.10975954874
202406,43878.016,12022.729427473156
202407,43878.016,74509.14732002033
202408,43878.016,35844.97769665534
202409,43878.016,61532.986854965566
202410,43878.016,44964.60934099365
202411,43878.016,44345.345649154515
202412,43878.016,34656.30086259733
202413,43878.016,60484.42898401793
202414,43878.016,16271.373156181864
202415,43878.016,12184.81419035284
202416,43878.016,37150.587118687065
202417,43878.016,9903.655125790456
202418,43878.016,15910.15733027772
202419,43878.016,35353.565427382644
202420,43878.016,6999.095812021001
202421,43878.016,50063.41457561922
202422,43878.016,12699.316625083005
202423,43878.016,33933.57280252712
202424,43878.016,27853.523838740806
202425,43878.016,55304.82954626784
202426,43878.016,74083.16509067525
202427,43878.016,15029.611864776718
202428,43878.016,15728.27164081006
202429,43878.016,13388.499521459064
202430,43878.016,24554.603152165608
202431,43878.016,24545.10159330759
202432,43878.016,15028.641677524281
202433,43878.016,54320.55880592402
202434,43878.016,13253.682093811984
202435,43878.016,60671.580658235485
202436,43878.016,49691.15124687178
202437,43878.016,53309.88450375875
202438,43878.016,11314.698838886592
202439,43878.016,23248.303631768864
202440,43878.016,71662.25181014884
202441,43878.016,44418.650942670385
202442,43878.016,78493.1471369693
202443,43878.016,109372.28947672994
202444,43878.016,12292.03307849339
202445,43878.016,48567.44787476149
202446,43878.016,25562.857540116787
202447,43878.016,29592.984466478363
202448,43878.016,29893.27758221713
202449,43878.016,38949.99626504284
202450,43878.016,41525.12058555121
202451,43878.016,51868.43579723606
202452,43878.016,12333.713200279539
202453,43878.016,17912.313561465133
202454,43878.016,36560.910100681
202455,43878.016,28673.72774918881
202456,43878.016,55644.56449563726
202457,43878.016,43394.92556702191
202458,43878.016,50836.82691807143
202459,43878.016,18550.70885553925
202460,43878.016,13358.61517670913
202461,43878.016,14608.755358358238
202462,43878.016,32903.73602473301
202463,43878.016,53538.7559887561
202464,43878.016,46970.010853947504
202465,43878.016,51550.43437535173
202466,43878.016,17672.376634223452
202467,43878.016,9851.593205333807
202468,43878.016,9117.336514944824
202469,43878.016,46303.848234855715
202470,43878.016,51875.59526152909
202471,43878.016,9993.78413807581
202472,43878.016,12738.653250281966
202473,43878.016,34235.121882562824
202474,43878.016,26860.395708347332
202475,43878.016,18459.987060775034
202476,43878.016,22162.207806453658
202477,43878.016,35715.50245669609
202478,43878.016,33757.941617544326
202479,43878.016,39318.148750793865
202480,43878.016,14702.678831808227
202481,43878.016,42454.97356170585
202482,43878.016,53573.13731919132
202483,43878.016,48886.010690536845
202484,43878.016,6344.066221764096
202485,43878.016,98686.44994902787
202486,43878.016,11091.159889982046
202487,43878.016,17839.39014074496
202488,43878.016,22548.028124935077
202489,43878.016,57083.78388071442
202490,43878.016,54776.64693534775
202491,43878.016,49073.05183925758
202492,43878.016,7162.711591970308
202493,43878.016,31123.68231228758
202494,43878.016,12196.212887172143
202495,43878.016,21580.686485569833
202496,43878.016,41056.45836611449
202497,43878.016,21351.96403689329
202498,43878.016,18573.335782435406
202499,43878.016,16398.26968837992
202500,43878.016,62807.14556605968
202501,43878.016,42895.10583968522
202502,43878.016,112526.81779932858
202503,43878.016,20399.007332394074
202504,43878.016,30975.549362217247
202505,43878.016,24494.055811210135
202506,43878.016,10284.910115600247
202507,43878.016,42860.816254451005
202508,43878.016,47879.881918916624
202509,43878.016,34956.53425923627
202510,43878.016,50199.00147601552
202511,43878.016,19328.46810258489
202512,43878.016,36688.84217804996
202513,43878.016,45003.142027431655
202514,43878.016,56026.53918391456
202515,43878.016,23371.093567033764
202516,43878.016,21898.842657681642
202517,43878.016,8247.73558206147
202518,43878.016,21218.241820718064
202519,43878.016,54330.28552149007
202520,43878.016,47499.89386085626
202521,43878.016,20546.767726495156
202522,43878.016,61678.5432400033
202523,43878.016,60082.4242621188
202524,43878.016,15431.32070540726
202525,43878.016,28504.067563838304
202526,43878.016,34428.13418604976
202527,43878.016,30238.571116298965
202528,43878.016,25858.096868818535
202529,43878.016,10921.752627861697
202530,43878.016,41766.78595848023
202531,43878.016,33898.39457266584
202532,43878.016,58853.656128649905
202533,43878.016,55587.181528545225
202534,43878.016,46293.10293231477
202535,43878.016,26831.252537483004
202536,43878.016,17238.56006834365
202537,43878.016,10831.985980112011
202538,43878.016,46366.56594276951
202539,43878.016,23661.082572943214
202540,43878.016,19594.046331191872
202541,43878.016,13750.465421135736
202542,43878.016,13897.76196764665
202543,43878.016,41901.344061980286
202544,43878.016,46483.43469760532
202545,43878.016,11021.222376101477
202546,43878.016,22564.25247816627
202547,43878.016,43238.988976398745
202548,43878.016,9945.591119476152
202549,43878.016,46101.29793519845
202550,43878.016,27206.19864224653
202551,43878.016,39159.24720222461
202552,43878.016,72858.38122804479
202553,43878.016,16005.639463534482
202554,43878.016,22818.598157378117
202555,43878.016,33409.16256719878
202556,43878.016,91409.22523651435
202557,43878.016,35965.75751859586
202558,43878.016,8394.685010853795
202559,43878.016,9715.80619418579
202560,43878.016,8450.07742531647
202561,43878.016,32574.803127883704
202562,43878.016,33580.139914365376
202563,43878.016,37873.305793428764
202564,43878.016,18689.704578665103
202565,43878.016,52522.82244185684
202566,43878.016,21711.49088404105
202567,43878.016,37061.85496117403
202568,43878.016,37699.12675017
202569,43878.016,19419.60516572747
202570,43878.016,15560.022884945052
202571,43878.016,26615.395388431032
202572,43878.016,9634.4505700866
202573,43878.016,15149.867254298324
202574,43878.016,14548.225646368657
202575,43878.016,45107.20443502867
202576,43878.016,17435.604343645973
202577,43878.016,22823.423002796408
202578,43878.016,42261.0765563071
202579,43878.016,15105.462516683883
202580,43878.016,22448.81401145109
202581,43878.016,18164.335890004317
202582,43878.016,28268.378365021897
202583,43878.016,29242.85140556838
202584,43878.016,44227.86414944789
202585,43878.016,33417.4875563783
202586,43878.016,45542.18763086407
202587,43878.016,51520.59006497072
202588,43878.016,28051.40362716898
202589,43878.016,20505.779187394117
202590,43878.016,6563.229276564919
202591,43878.016,62926.74836966174
202592,43878.016,27067.164549790145
202593,43878.016,39371.70239360757
202594,43878.016,32927.78420141517
202595,43878.016,77604.73745867527
202596,43878.016,36492.51809785472
202597,43878.016,34907.81174508335
202598,43878.016,13124.059118166284
202599,43878.016,62199.84521475089
202600,43878.016,71771.24820668738
202601,43878.016,54855.12482466191
202602,43878.016,64042.20003808646
202603,43878.016,7422.223553596582
202604,43878.016,17193.71433823591
202605,43878.016,11668.775123217521
202606,43878.016,14887.542191532455
202607,43878.016,47816.59136714235
202608,43878.016,10384.704931713048
202609,43878.016,31910.278014370022
202610,43878.016,40156.24739191032
202611,43878.016,57012.689882186765
202612,43878.016,11507.328387550915
202613,43878.016,13128.232229292185
202614,43878.016,9695.284385858853
202615,43878.016,32643.94252822505
202616,43878.016,49798.867952697576
202617,43878.016,51220.23274980471
202618,43878.016,41697.080337688465
202619,43878.016,64758.458397821814
202620,43878.016,103121.06459321297
202621,43878.016,66283.06827887292
202622,43878.016,7834.423936771803
202623,43878.016,48549.42067373254
202624,43878.016,16544.889682706205
202625,43878.016,41448.26219687061
202626,43878.016,62783.906202476945
202627,43878.016,30758.77998800152
202628,43878.016,20432.442078817498
202629,43878.016,14219.309261730574
202630,43878.016,11688.259667985465
202631,43878.016,28867.173110022675
202632,43878.016,46335.001027016
202633,43878.016,51322.2799089057
202634,43878.016,17298.77678450211
202635,43878.016,61413.115348980624
202636,43878.016,29142.51914251756
202637,43878.016,24942.638693608656
202638,43878.016,36755.86586347218
202639,43878.016,32373.261339201432
202640,43878.016,22297.054873472014
202641,43878.016,55167.593120403944
202642,43878.016,45821.41824910114
202643,43878.016,26976.033414339327
202644,43878.016,47035.78694121791
202645,43878.016,51725.53409192052
202646,43878.016,48414.59409556112
202647,43878.016,59289.62282633146
202648,43878.016,40116.77892950586
202649,43878.016,24975.84441503276
202650,43878.016,43099.774427467455
202651,43878.016,39258.94445401326
202652,43878.016,46221.644585755006
202653,43878.016,18487.737293457532
202654,43878.016,48801.572492977575
202655,43878.016,42068.22038417917
202656,43878.016,48489.08071499345
202657,43878.016,63216.611927563245
202658,43878.016,24436.700420078458
202659,43878.016,56943.89320468194
202660,43878.016,11642.129136066007
202661,43878.016,40457.04765222983
202662,43878.016,4171.703155931268
202663,43878.016,60045.92015281034
202664,43878.016,6526.729051941263
202665,43878.016,59172.20114264364
202666,43878.016,117344.35854817925
202667,43878.016,46093.33560609904
202668,43878.016,38134.7508555471
202669,43878.016,9811.351318138342
202670,43878.016,28498.904900518824
202671,43878.016,36374.575467865034
202672,43878.016,46840.84301395779
202673,43878.016,40735.365726939264
202674,43878.016,26995.496991935775
202675,43878.016,26537.17955050935
202676,43878.016,43740.68097319417
202677,43878.016,45574.00043140355
202678,43878.016,20009.80127645654
202679,43878.016,11261.600697812033
202680,43878.016,35850.78153800261
202681,43878.016,37476.220249158614
202682,43878.016,11666.110328409612
202683,43878.016,34557.704865743865
202684,43878.016,33567.070548717384
202685,43878.016,30803.223264289754
202686,43878.016,37147.153075191614
202687,43878.016,107646.53255570456
202688,43878.016,58845.44123155371
202689,43878.016,7705.876289584469
202690,43878.016,11369.753417255397
202691,43878.016,32038.667408693716
202692,43878.016,16191.406149234253
202693,43878.016,49802.779234114045
202694,43878.016,23059.11562114884
202695,43878.016,20280.8782147711
202696,43878.016,28350.901727331133
202697,43878.016,24789.138230568886
202698,43878.016,18492.42387128558
202699,43878.016,56815.46779023236
202700,43878.016,40723.319027864985
202701,43878.016,46897.344225174544
202702,43878.016,43852.24114251092
202703,43878.016,41796.701758331124
202704,43878.016,58154.001239774
202705,43878.016,29486.736211860898
202706,43878.016,36816.261046141684
202707,43878.016,23735.4246943133
202708,43878.016,23454.663043929802
202709,43878.016,31604.69130822735
202710,43878.016,16135.37236559282
202711,43878.016,54888.987534003834
202712,43878.016,31718.505453033704
202713,43878.016,45778.43642249967
202714,43878.016,53763.32898971478
202715,43878.016,72769.19853409435
202716,43878.016,37718.86862546545
202717,43878.016,24863.25455769192
202718,43878.016,27341.87193284073
202719,43878.016,24365.910471390427
202720,43878.016,57479.57371729015
202721,43878.016,14111.15067789785
202722,43878.016,10785.400544309477
202723,43878.016,43436.066823923466
202724,43878.016,22334.763903703566
202725,43878.016,50290.16139583649
202726,43878.016,29890.700651333882
202727,43878.016,49549.973879885794
202728,43878.016,47609.3903087749
202729,43878.016,43860.02902670036
202730,43878.016,12578.435636302325
202731,43878.016,10299.835127032464
202732,43878.016,43414.51982714857
202733,43878.016,16731.606452561005
202734,43878.016,10036.496917608121
202735,43878.016,56624.48117372438
202736,43878.016,25228.813333064216
202737,43878.016,12441.139313063597
202738,43878.016,24974.7055447426
202739,43878.016,25087.52931996129
202740,43878.016,19791.41403497503
202741,43878.016,48875.1673443425
202742,43878.016,23326.733639703107
202743,43878.016,38220.02314603115
202744,43878.016,73596.54634363686
202745,43878.016,20352.957501979792
202746,43878.016,22688.31495576059
202747,43878.016,48771.530435413486
202748,43878.016,56159.24979552444
202749,43878.016,14486.778611586225
202750,43878.016,54416.507728580276
202751,43878.016,52327.73633717894
202752,43878.016,7630.495524594209
202753,43878.016,11254.704008219773
202754,43878.016,43407.84857538214
202755,43878.016,37796.93082607369
202756,43878.016,48270.04928294875
202757,43878.016,49308.72068283865
202758,43878.016,15337.987138400584
202759,43878.016,10167.637114270276
202760,43878.016,17895.698870798264
202761,43878.016,31012.2643219907
202762,43878.016,35404.89097270682
202763,43878.016,41466.99118031109
202764,43878.016,25775.07244753022
202765,43878.016,23142.303481714236
202766,43878.016,14944.705495112057
202767,43878.016,23171.034537213876
202768,43878.016,75332.82838821909
202769,43878.016,65149.70219392689
202770,43878.016,41484.740092451764
202771,43878.016,69959.33100263371
202772,43878.016,22926.824926214576
202773,43878.016,51319.44050038173
202774,43878.016,54130.45541958164
202775,43878.016,52435.77736535214
202776,43878.016,48110.8898759839
202777,43878.016,44355.353127586204
202778,43878.016,12475.045253311924
202779,43878.016,21318.834677974133
202780,43878.016,12288.024336704524
202781,43878.016,43040.88196652223
202782,43878.016,71248.1514616558
202783,43878.016,43123.01500600943
202784,43878.016,28132.060784872003
202785,43878.016,31913.35402179159
202786,43878.016,34456.0573538943
202787,43878.016,14977.973786203675
202788,43878.016,65249.27415794726
202789,43878.016,32820.08257061744
202790,43878.016,15574.936823483396
202791,43878.016,30695.981120200824
202792,43878.016,8854.54282679802
202793,43878.016,54648.64215888902
202794,43878.016,8720.320350384829
202795,43878.016,15305.766313548014
202796,43878.016,40062.56054094333
202797,43878.016,15056.879734952832
202798,43878.016,48839.495737052726
202799,43878.016,27095.762137032223
202800,43878.016,23378.0919603369
202801,43878.016,30509.118428885427
202802,43878.016,49214.287500891616
202803,43878.016,9533.982375655023
202804,43878.016,30531.499707558425
202805,43878.016,61729.88945071966
202806,43878.016,9098.368781744311
202807,43878.016,37121.62370779105
202808,43878.016,9893.744425270657
202809,43878.016,26825.062856637353
202810,43878.016,41850.37663055858
202811,43878.016,30690.94826399771
202812,43878.016,67032.02639605042
202813,43878.016,26506.688646809238
202814,43878.016,55606.275228481114
202815,43878.016,17142.012001632127
202816,43878.016,33980.98887675386
202817,43878.016,13754.73209295941
202818,43878.016,21636.27907421737
202819,43878.016,15033.814045520876
202820,43878.016,55058.57155535257
202821,43878.016,39772.2844426467
202822,43878.016,64742.67799686072
202823,43878.016,74273.92172347908
202824,43878.016,78998.18251560343
202825,43878.016,13356.428312628053
202826,43878.016,35635.559465541715
202827,43878.016,16356.94969852564
202828,43878.016,37441.6308657296
202829,43878.016,11522.26750445761
202830,43878.016,14072.286342317797
202831,43878.016,10104.713773376989
202832,43878.016,53242.00210180584
202833,43878.016,15419.858105641033
202834,43878.016,59143.02112065647
202835,43878.016,45524.82614919129
202836,43878.016,57491.49375333682
202837,43878.016,16013.003885205822
202838,43878.016,28086.90688607218
202839,43878.016,57737.615586598804
202840,43878.016,7444.173227013533
202841,43878.016,37437.06103614549
202842,43878.016,54601.17796738138
202843,43878.016,19501.861674028445
202844,43878.016,34768.73015396238
202845,43878.016,11798.089022565793
202846,43878.016,56640.68998884365
202847,43878.016,6651.363060420472
202848,43878.016,41584.469716909254
202849,43878.016,26616.037575010814
202850,43878.016,19700.59905113722
202851,43878.016,29682.530784016828
202852,43878.016,45735.473145859025
202853,43878.016,35692.838606611025
202854,43878.016,41474.83603134713
202855,43878.016,112834.48162586201
202856,43878.016,49827.55797538966
202857,43878.016,39382.98722210697
202858,43878.016,52140.83683121226
202859,43878.016,46834.55099908118
202860,43878.016,43960.49549840599
202861,43878.016,17324.558497797967
202862,43878.016,38059.01573933462
202863,43878.016,56864.0460386219
202864,43878.016,31530.5027905286
202865,43878.016,44132.06184876393
202866,43878.016,46188.52771943199
202867,43878.016,49426.18836066816
202868,43878.016,31568.53455897036
202869,43878.016,32498.324072204177
202870,43878.016,30772.973584027317
202871,43878.016,59964.10720716995
202872,43878.016,35881.44713718254
202873,43878.016,63158.123445526566
202874,43878.016,57300.00669117868
202875,43878.016,65536.66491890379
202876,43878.016,17435.92794195597
202877,43878.016,42528.106938943085
202878,43878.016,48543.69752081776
202879,43878.016,57826.303116928284
202880,43878.016,47980.35594708739
202881,43878.016,14331.521062626272
202882,43878.016,23669.667997681117
202883,43878.016,49302.39617643504
202884,43878.016,14756.365332030284
202885,43878.016,80504.70327338806
202886,43878.016,31687.934426437743
202887,43878.016,40485.48024385439
202888,43878.016,52563.06493747377
202889,43878.016,37477.72419549221
202890,43878.016,50974.578753954745
202891,43878.016,53545.2147228759
202892,43878.016,32566.576384393724
202893,43878.016,12777.524058639712
202894,43878.016,44191.005566876076
202895,43878.016,70245.66332580791
202896,43878.016,8588.35853232867
202897,43878.016,58499.46966822337
202898,43878.016,14557.225095442533
202899,43878.016,28239.256738614462
202900,43878.016,40611.405980310956
202901,43878.016,114801.05636479282
202902,43878.016,15801.088770837972
202903,43878.016,104948.20161155354
202904,43878.016,22359.674328997422
202905,43878.016,17527.495156186433
202906,43878.016,23773.01509026403
202907,43878.016,27687.465375148273
202908,43878.016,46819.36322513277
202909,43878.016,14992.674919436095
202910,43878.016,35722.513141767726
202911,43878.016,66139.2024043269
202912,43878.016,42364.71026161192
202913,43878.016,58251.431656316745
202914,43878.016,86038.89122365868
202915,43878.016,53132.81024728436
202916,43878.016,32606.222469947566
202917,43878.016,20488.509168992732
202918,43878.016,8910.387745176504
202919,43878.016,38780.83480748515
202920,43878.016,21678.88357696159
202921,43878.016,56488.19595431648
202922,43878.016,52367.53377344389
202923,43878.016,34877.77102162416
202924,43878.016,5087.770571652191
202925,43878.016,16458.763413722554
202926,43878.016,44913.39936020177
202927,43878.016,43486.91284216789
202928,43878.016,17641.483577664138
202929,43878.016,8409.936566142762
202930,43878.016,46962.79383561576
202931,43878.016,22019.698319833617
202932,43878.016,57417.80661869746
202933,43878.016,11435.978940656149
202934,43878.016,8223.275552428511
202935,43878.016,36942.99825953632
202936,43878.016,46359.874371438156
202937,43878.016,17786.51734953588
202938,43878.016,35864.53710221712
202939,43878.016,32327.26983708835
202940,43878.016,26864.211092051693
202941,43878.016,12977.505851062502
202942,43878.016,27417.054973601043
202943,43878.016,13474.83625583239
202944,43878.016,29996.455162795086
202945,43878.016,21013.99428375493
202946,43878.016,20566.501855653292
202947,43878.016,8131.980909684538
202948,43878.016,42464.912554794166
202949,43878.016,49574.65958730973
202950,43878.016,19497.445025319746
202951,43878.016,23048.819284908048
202952,43878.016,22777.08159984903
202953,43878.016,23287.995577121445
202954,43878.016,53612.556765849564
202955,43878.016,21423.64320906874
202956,43878.016,24175.47799039901
202957,43878.016,47326.24773622289
202958,43878.016,20011.986640790114
202959,43878.016,54477.20788141392
202960,43878.016,75833.47699951871
202961,43878.016,11988.612750300186
202962,43878.016,46952.02161361908
202963,43878.016,23940.248437028862
202964,43878.016,29248.919177929616
202965,43878.016,41509.67213000153
202966,43878.016,70110.80772476799
202967,43878.016,14163.537676606666
202968,43878.016,16679.30938919122
202969,43878.016,39901.47667373907
202970,43878.016,47200.812514837264
202971,43878.016,34522.88015188496
202972,43878.016,32079.961459458926
202973,43878.016,42899.790399741614
202974,43878.016,47458.50943807188
202975,43878.016,18840.178922980955
202976,43878.016,44809.06584808768
202977,43878.016,13110.560288622837
202978,43878.016,14673.287893750741
202979,43878.016,40581.40169625935
202980,43878.016,16418.21393809091
202981,43878.016,25820.341245266405
202982,43878.016,28234.718491436404
202983,43878.016,48399.87169596395
202984,43878.016,17022.714733507557
202985,43878.016,15695.631350678674
202986,43878.016,44520.874716380524
202987,43878.016,8582.617954466179
202988,43878.016,44499.62383874796
202989,43878.016,26139.523491644755
202990,43878.016,63486.517911929725
202991,43878.016,10556.136651960054
202992,43878.016,16700.551710591462
202993,43878.016,69299.04583768363
202994,43878.016,80845.22961691536
202995,43878.016,58109.00284088746
202996,43878.016,20632.188848805145
202997,43878.016,14595.846123116877
202998,43878.016,19353.1720825928
202999,43878.016,64474.356725882564
203000,43878.016,62474.50702819333
203001,43878.016,51144.25490186383
203002,43878.016,48964.8357959795
203003,43878.016,16734.384461458976
203004,43878.016,33986.7120270459
203005,43878.016,32213.89726761981
203006,43878.016,12006.065002699535
203007,43878.016,90039.06302643829
203008,43878.016,58045.26285349741
203009,43878.016,58273.84409768712
203010,43878.016,37815.58136825686
203011,43878.016,28568.89504508517
203012,43878.016,18409.250701513793
203013,43878.016,14030.397716275578
203014,43878.016,32118.25975523438
203015,43878.016,79613.38324379477
203016,43878.016,49632.72831097869
203017,43878.016,38336.224278170615
203018,43878.016,60857.665431988324
203019,43878.016,13090.55318386013
203020,43878.016,16252.712150857387
203021,43878.016,41561.94803311823
203022,43878.016,7691.965824534984
203023,43878.016,65253.639994402336
203024,43878.016,10941.311123507568
203025,43878.016,9200.10179339381
203026,43878.016,11512.787476149138
203027,43878.016,53660.14532642582
203028,43878.016,30378.700194055826
203029,43878.016,43964.78081696872
203030,43878.016,13938.426693612168
203031,43878.016,12310.701314559905
203032,43878.016,30841.46589316468
203033,43878.016,59566.73770063776
203034,43878.016,32277.853892840565
203035,43878.016,35711.32813732411
203036,43878.016,39354.1864798167
203037,43878.016,84502.41463253995
203038,43878.016,17019.606640981492
203039,43878.016,54295.207338125416
203040,43878.016,16253.319133477191
203041,43878.016,41582.206460150956
203042,43878.016,9084.706957267295
203043,43878.016,13754.434466146326
203044,43878.016,56153.15194107861
203045,43878.016,22474.325104757187
203046,43878.016,61468.56007634713
203047,43878.016,28441.11245458768
203048,43878.016,46086.02490379834
203049,43878.016,25459.640563605095
203050,43878.016,50051.67114546374
203051,43878.016,51295.55469728402
203052,43878.016,18705.110696686468
203053,43878.016,33802.82836812324
203054,43878.016,19390.001070886476
203055,43878.016,19681.241535420035
203056,43878.016,46107.38496544444
203057,43878.016,6847.095321946431
203058,43878.016,56067.506102739
203059,43878.016,53402.37483065278
203060,43878.016,29767.177354651878
203061,43878.016,31181.622390875036
203062,43878.016,22988.6684972665
203063,43878.016,47197.648212891756
203064,43878.016,67916.89392570061
203065,43878.016,50358.276330302135
203066,43878.016,20346.535787907123
203067,43878.016,32196.13833294729
203068,43878.016,55695.14043515874
203069,43878.016,19181.549437792368
203070,43878.016,40490.233926668545
203071,43878.016,27195.960300405193
203072,43878.016,63566.85765608147
203073,43878.016,32591.44951850515
203074,43878.016,16464.80265756156
203075,43878.016,38445.889530912296
203076,43878.016,16569.343832366485
203077,43878.016,14920.354905373419
203078,43878.016,16115.064416884139
203079,43878.016,33557.22255776506
203080,43878.016,11063.17906235644
203081,43878.016,61498.06133296084
203082,43878.016,30633.061987975576
203083,43878.016,34387.167992539195
203084,43878.016,25500.83268806719
203085,43878.016,61333.43224585499
203086,43878.016,64720.68522753351
203087,43878.016,24816.21233863264
203088,43878.016,35679.28870305901
203089,43878.016,45829.73242297835
203090,43878.016,10653.734097294684
203091,43878.016,41480.45060586051
203092,43878.016,52276.90655538337
203093,43878.016,41584.96920978736
203094,43878.016,20505.751785686567
203095,43878.016,33010.374509913956
203096,43878.016,77732.89864385637
203097,43878.016,13154.784897478448
203098,43878.016,27898.809887609932
203099,43878.016,30150.975964975023
203100,43878.016,60047.15225667614
203101,43878.016,22123.286049733186
203102,43878.016,18006.949650365943
203103,43878.016,27857.88812824358
203104,43878.016,52716.639586602825
203105,43878.016,56388.89404964801
203106,43878.016,39887.51836059538
203107,43878.016,26645.98526317613
203108,43878.016,7257.290102793311
203109,43878.016,20165.53093638081
203110,43878.016,39477.65773515257
203111,43878.016,15879.361616758102
203112,43878.016,46410.96516232344
203113,43878.016,16807.347226185742
203114,43878.016,25257.034706220064
203115,43878.016,12076.039973975965
203116,43878.016,6599.662073526893
203117,43878.016,11555.572539580482
203118,43878.016,21228.36338532949
203119,43878.016,44560.180582946006
203120,43878.016,27507.257829541024
203121,43878.016,51971.73051744862
203122,43878.016,66833.51460209186
203123,43878.016,43732.62964631202
203124,43878.016,32598.395518811856
203125,43878.016,15499.787367926145
203126,43878.016,11779.823248388306
203127,43878.016,8276.83364740984
203128,43878.016,53865.7729057804
203129,43878.016,12847.594974204907
203130,43878.016,33974.35296053372
203131,43878.016,28720.947290792432
203132,43878.016,8468.006678499272
203133,43878.016,35817.2990660935
203134,43878.016,75463.41089286651
203135,43878.016,21024.50912244459
203136,43878.016,18807.2753231562
203137,43878.016,23746.910573045723
203138,43878.016,8515.291553887819
203139,43878.016,8680.07370725121
203140,43878.016,24162.80015770293
203141,43878.016,35256.46185874773
203142,43878.016,31233.179280745622
203143,43878.016,29980.57953179716
203144,43878.016,54866.0160648173
203145,43878.016,8388.683711107182
203146,43878.016,40196.322358284204
203147,43878.016,42102.53584699096
203148,43878.016,46646.16702114305
203149,43878.016,42865.52319292261
203150,43878.016,55919.758744038576
203151,43878.016,39792.99775056902
203152,43878.016,8704.522319628108
203153,43878.016,67732.9105237597
203154,43878.016,26079.770553885006
203155,43878.016,44939.050383920534
203156,43878.016,38666.667010203
203157,43878.016,21911.24102400497
203158,43878.016,30437.544772425623
203159,43878.016,31032.00515043944
203160,43878.016,72985.03615469583
203161,43878.016,32239.991660189447
203162,43878.016,47693.6027419858
203163,43878.016,11867.657734538392
203164,43878.016,41562.88500415353
203165,43878.016,5939.502264329177
203166,43878.016,13657.00085567483
203167,43878.016,58439.858100638114
203168,43878.016,40144.98737096592
203169,43878.016,42683.000135131195
203170,43878.016,21467.153706906953
203171,43878.016,54525.32979063067
203172,43878.016,18703.826412006605
203173,43878.016,38746.502854574464
203174,43878.016,54183.080811795335
203175,43878.016,27453.04298037032
203176,43878.016,24213.70393532355
203177,43878.016,42378.08082806419
203178,43878.016,28538.494075837505
203179,43878.016,29294.287759217437
203180,43878.016,52152.25412804665
203181,43878.016,14834.817378282469
203182,43878.016,55586.35680096932
203183,43878.016,46465.207012154315
203184,43878.016,69531.15487189317
203185,43878.016,23074.432286546806
203186,43878.016,23736.87477149834
203187,43878.016,12663.4694334404
203188,43878.016,9988.374021449234
203189,43878.016,37927.826763708465
203190,43878.016,36004.31064880618
203191,43878.016,41338.062345304825
203192,43878.016,13475.018793241765
203193,43878.016,65765.77080992679
203194,43878.016,55503.951319782966
203195,43878.016,84668.63792453759
203196,43878.016,33204.810767620686
203197,43878.016,32188.79052004742
203198,43878.016,11844.78362115066
203199,43878.016,26716.006577090327
203200,43878.016,56509.09064013804
203201,43878.016,63095.34097650507
203202,43878.016,15024.679926020312
203203,43878.016,18615.06647130917
203204,43878.016,10393.547113524226
203205,43878.016,58683.39811205832
203206,43878.016,10976.121861879872
203207,43878.016,52244.937810188756
203208,43878.016,26540.616892917144
203209,43878.016,44700.28985663837
203210,43878.016,42592.95795825197
203211,43878.016,27045.685435042786
203212,43878.016,24664.670245536607
203213,43878.016,27704.912917381655
203214,43878.016,16861.008123127205
203215,43878.016,32174.75798426428
203216,43878.016,57476.571094105726
203217,43878.016,15828.031494680248
203218,43878.016,73785.72630335536
203219,43878.016,49210.59457571419
203220,43878.016,55373.85638072944
203221,43878.016,28563.704670284245
203222,43878.016,63769.11223238815
203223,43878.016,34140.143076638065
203224,43878.016,38042.89645995527
203225,43878.016,15101.43640014393
203226,43878.016,15448.433563782406
203227,43878.016,46116.67110036717
203228,43878.016,11171.22829460661
203229,43878.016,42827.32970601839
203230,43878.016,44003.55470470423
203231,43878.016,46065.52425382658
203232,43878.016,20436.273521626194
203233,43878.016,44632.571445140675
203234,43878.016,11912.952497907498
203235,43878.016,31028.559693722775
203236,43878.016,19382.13618011124
203237,43878.016,22303.008840529925
203238,43878.016,34978.42376233102
203239,43878.016,22264.124549392545
203240,43878.016,69639.3835996771
203241,43878.016,13683.332962602473
203242,43878.016,16681.943382237536
203243,43878.016,11217.344197008055
203244,43878.016,39261.72667754018
203245,43878.016,33464.56362123324
203246,43878.016,9449.073142733969
203247,43878.016,37859.151324724386
203248,43878.016,38698.734834828174
203249,43878.016,9540.098675319541
203250,43878.016,25134.46274998362
203251,43878.016,12972.330713322843
203252,43878.016,34023.13855655705
203253,43878.016,12299.349091364895
203254,43878.016,21398.86040401308
203255,43878.016,64754.44084559454
203256,43878.016,15543.78524539946
203257,43878.016,14985.388104337382
203258,43878.016,33886.551060534555
203259,43878.016,14553.483807866209
203260,43878.016,10583.317734468415
203261,43878.016,77841.80396873709
203262,43878.016,37977.625992468216
203263,43878.016,78424.63340466385
203264,43878.016,31928.03981909555
203265,43878.016,10030.047635743993
203266,43878.016,44891.5445370814
203267,43878.016,63905.83863715482
203268,43878.016,21189.048312818708
203269,43878.016,26700.455757790965
203270,43878.016,18301.60847419498
203271,43878.016,11563.305626785264
203272,43878.016,43930.74623979905
203273,43878.016,37115.39970115308
203274,43878.016,11819.592975236534
203275,43878.016,17575.91715010353
203276,43878.016,9751.591479058618
203277,43878.016,50300.11087237847
203278,43878.016,32355.708527386854
203279,43878.016,7864.545873824357
203280,43878.016,26458.157031811777
203281,43878.016,49070.725001913954
203282,43878.016,42656.59502184189
203283,43878.016,31394.908502058363
203284,43878.016,24630.31366913595
203285,43878.016,25506.50763171075
203286,43878.016,24367.044751076555
203287,43878.016,25533.14339102055
203288,43878.016,10008.851153949245
203289,43878.016,42069.13188319924
203290,43878.016,19511.022973271913
203291,43878.016,15855.855281742037
203292,43878.016,6390.024371106937
203293,43878.016,43099.00965204836
203294,43878.016,11761.872567366796
203295,43878.016,9299.787802285606
203296,43878.016,47753.92558838807
203297,43878.016,25055.306992751648
203298,43878.016,14545.11938918484
203299,43878.016,16401.672382611152
203300,43878.016,24899.17305841303
203301,43878.016,52014.700594583745
203302,43878.016,4819.787015786844
203303,43878.016,60194.325052265565
203304,43878.016,56991.86922188246
203305,43878.016,8798.442019461205
203306,43878.016,32282.395611496242
203307,43878.016,41828.40768811953
203308,43878.016,28136.333621533548
203309,43878.016,52255.427310385705
203310,43878.016,25919.24017476416
203311,43878.016,29584.90860149374
203312,43878.016,34671.19055040361
203313,43878.016,17352.411137284726
203314,43878.016,63300.03124444098
203315,43878.016,18916.29044978414
203316,43878.016,14575.693027297779
203317,43878.016,17770.256715660307
203318,43878.016,26958.333796721367
203319,43878.016,52762.68735034657
203320,43878.016,44427.46243194902
203321,43878.016,11158.821540429019
203322,43878.016,43988.706875081996
203323,43878.016,22985.256524452056
203324,43878.016,8642.6144808126
203325,43878.016,61832.01864845305
203326,43878.016,41376.37670508869
203327,43878.016,23234.36249912051
203328,43878.016,13724.819419157317
203329,43878.016,56939.26786305241
203330,43878.016,16174.551144992312
203331,43878.016,37644.08915740025
203332,43878.016,31893.09715521464
203333,43878.016,30952.33753691295
203334,43878.016,20055.684570774316
203335,43878.016,21314.752957338795
203336,43878.016,65960.53819890149
203337,43878.016,19322.023556021853
203338,43878.016,45975.777109859206
203339,43878.016,78285.77001783918
203340,43878.016,14155.199854285114
203341,43878.016,54212.48907095355
203342,43878.016,19958.556518164238
203343,43878.016,53755.28170754755
203344,43878.016,33614.24104365473
203345,43878.016,42165.814509922144
203346,43878.016,16385.712091427104
203347,43878.016,8951.355630025395
203348,43878.016,13868.209486107768
203349,43878.016,116927.02178980697
203350,43878.016,38814.223071154105
203351,43878.016,43164.28831690609
203352,43878.016,38698.527446409025
203353,43878.016,53091.21293676808
203354,43878.016,28160.108593953155
203355,43878.016,15713.742391058293
203356,43878.016,52303.1621836091
203357,43878.016,24896.391340926755
203358,43878.016,15938.930784234444
203359,43878.016,37794.633815398636
203360,43878.016,27258.76028412849
203361,43878.016,54747.0945811808
203362,43878.016,23546.974466089523
203363,43878.016,37144.919154018
203364,43878.016,45903.45196488383
203365,43878.016,35953.12708891781
203366,43878.016,54236.688110584604
203367,43878.016,36507.241864979136
203368,43878.016,46116.888243579015
203369,43878.016,12922.389969349588
203370,43878.016,24501.959112673245
203371,43878.016,28790.707533309538
203372,43878.016,61852.80581603285
203373,43878.016,32473.14856089582
203374,43878.016,42109.43630236668
203375,43878.016,51002.83710711402
203376,43878.016,44908.993662671644
203377,43878.016,59716.228128892864
203378,43878.016,15303.454682126052
203379,43878.016,61966.73430519217
203380,43878.016,3951.2625806465935
203381,43878.016,7667.997474167005
203382,43878.016,34965.950470653086
203383,43878.016,24817.89805799614
203384,43878.016,56173.95335750869
203385,43878.016,33045.6644864401
203386,43878.016,38924.471242478176
203387,43878.016,27076.17108535441
203388,43878.016,15975.974075779599
203389,43878.016,27016.68100032155
203390,43878.016,17134.31986324971
203391,43878.016,14861.670420019967
203392,43878.016,28809.212367063807
203393,43878.016,9429.056992497917
203394,43878.016,48914.52271823446
203395,43878.016,33242.66756312217
203396,43878.016,45183.46096163015
203397,43878.016,4631.494712920545
203398,43878.016,39014.61640709137
203399,43878.016,15852.604823738453
203400,43878.016,4816.664666720894
203401,43878.016,64921.674417032584
203402,43878.016,50552.232693930295
203403,43878.016,19756.717235574604
203404,43878.016,19424.259252541648
203405,43878.016,36531.60550829707
203406,43878.016,17208.21645509255
203407,43878.016,6538.386810504707
203408,43878.016,47597.10755886416
203409,43878.016,39245.90824632972
203410,43878.016,26473.19333197806
203411,43878.016,8558.70703195124
203412,43878.016,35386.457188849156
203413,43878.016,25200.82621780812
203414,43878.016,46559.269498061294
203415,43878.016,23128.352822761168
203416,43878.016,22025.514772236533
203417,43878.016,18134.866484034694
203418,43878.016,60332.20372887281
203419,43878.016,67810.04550631471
203420,43878.016,10816.762266159769
203421,43878.016,25764.853814229064
203422,43878.016,24101.896048377603
203423,43878.016,17621.40686163485
203424,43878.016,38756.47347610708
203425,43878.016,9312.967929102973
203426,43878.016,54000.85953464812
203427,43878.016,36306.73751625678
203428,43878.016,8139.29804893139
203429,43878.016,21472.440472494647
203430,43878.016,14298.43824197994
203431,43878.016,50291.31669598468
203432,43878.016,37758.56823519843
203433,43878.016,45746.47101755423
203434,43878.016,33911.699742264915
203435,43878.016,43918.44992876245
203436,43878.016,61339.06937885546
203437,43878.016,16889.46210199472
203438,43878.016,8868.655971385535
203439,43878.016,14931.368587239534
203440,43878.016,55166.74733157767
203441,43878.016,61001.26640419999
203442,43878.016,66657.5367945485
203443,43878.016,26097.097533741886
203444,43878.016,21907.737881312572
203445,43878.016,50441.779363897236
203446,43878.016,64936.51265651945
203447,43878.016,55692.09830391899
203448,43878.016,37296.13980239062
203449,43878.016,32038.557285971692
203450,43878.016,61348.87391437143
203451,43878.016,57995.06261312354
203452,43878.016,22896.186861898605
203453,43878.016,13058.148229142074
203454,43878.016,19730.430830611247
203455,43878.016,39046.00091537256
203456,43878.016,16771.791383678752
203457,43878.016,27969.110769466515
203458,43878.016,46994.92850359437
203459,43878.016,44982.27641123023
203460,43878.016,30196.204636904895
203461,43878.016,16467.217208769667
203462,43878.016,56480.13265969101
203463,43878.016,22111.472888689917
203464,43878.016,49513.37272109281
203465,43878.016,15085.824804721202
203466,43878.016,44543.33171361831
203467,43878.016,14864.563643481259
203468,43878.016,13369.722464323522
203469,43878.016,53519.51384612843
203470,43878.016,54249.80290609151
203471,43878.016,12685.051222065642
203472,43878.016,36821.970124630716
203473,43878.016,44399.46210594838
203474,43878.016,20832.463568647145
203475,43878.016,39509.29914278387
203476,43878.016,58790.26998200517
203477,43878.016,68733.11512364006
203478,43878.016,45270.98272038738
203479,43878.016,44356.44795513133
203480,43878.016,25642.90281808226
203481,43878.016,68351.11815200295
203482,43878.016,33676.9263502725
203483,43878.016,50123.8160186953
203484,43878.016,31752.22686666757
203485,43878.016,51966.346002947954
203486,43878.016,34308.735162530145
203487,43878.016,45827.110883202986
203488,43878.016,14644.854114397733
203489,43878.016,64435.55412287866
203490,43878.016,22881.645787797766
203491,43878.016,18151.313589368834
203492,43878.016,54329.060863296625
203493,43878.016,61674.13059176946
203494,43878.016,47400.78045575301
203495,43878.016,31559.05684415068
203496,43878.016,18575.56253043645
203497,43878.016,14853.909245730018
203498,43878.016,39815.83312465301
203499,43878.016,38051.41453063069
203500,43878.016,51964.707840799914
203501,43878.016,58660.897088790814
203502,43878.016,45619.34568245262
203503,43878.016,61628.059035025384
203504,43878.016,34071.35131086522
203505,43878.016,45828.808292864334
203506,43878.016,32289.784276349696
203507,43878.016,5859.021837733827
203508,43878.016,13513.197071557344
203509,43878.016,17708.248295196943
203510,43878.016,47507.55526982374
203511,43878.016,27590.28981427115
203512,43878.016,40090.8775746812
203513,43878.016,44787.83234624867
203514,43878.016,29525.559810430736
203515,43878.016,45925.51095798479
203516,43878.016,33010.22645625548
203517,43878.016,26724.861838529756
203518,43878.016,19842.343487229384
203519,43878.016,48638.2751006679
203520,43878.016,29588.135542454413
203521,43878.016,37196.3037754487
203522,43878.016,13353.737119660389
203523,43878.016,43814.71694221558
203524,43878.016,37478.99788952193
203525,43878.016,74402.7786434479
203526,43878.016,59289.81405029539
203527,43878.016,18936.67496351926
203528,43878.016,38309.56819064445
203529,43878.016,16968.149240139315
203530,43878.016,24185.03007197765
203531,43878.016,51544.57251527938
203532,43878.016,5172.537442963954
203533,43878.016,50689.25621680136
203534,43878.016,32643.372220383262
203535,43878.016,57973.17039687864
203536,43878.016,23490.00332223307
203537,43878.016,6405.589309791725
203538,43878.016,49014.84595112898
203539,43878.016,30751.565416842193
203540,43878.016,20117.696727300736
203541,43878.016,41074.80111065175
203542,43878.016,20829.975820884007
203543,43878.016,21320.68762575718
203544,43878.016,15031.98665417398
203545,43878.016,36409.09067340192
203546,43878.016,11963.574288642716
203547,43878.016,28644.502113949424
203548,43878.016,60034.20355829733
203549,43878.016,43656.25351581492
203550,43878.016,37264.665209554354
203551,43878.016,36305.68340643888
203552,43878.016,10497.649405482925
203553,43878.016,19179.36791928723
203554,43878.016,16433.4033865485
203555,43878.016,38534.61196155043
203556,43878.016,21446.960835151687
203557,43878.016,43288.02706385804
203558,43878.016,23173.193602018
203559,43878.016,56538.44157500619
203560,43878.016,37428.56719304137
203561,43878.016,34392.545110740466
203562,43878.016,19431.562150680566
203563,43878.016,51386.851647743715
203564,43878.016,11459.642548792719
203565,43878.016,20551.864329794564
203566,43878.016,23545.15242624734
203567,43878.016,38099.40246792573
203568,43878.016,24893.46738013188
203569,43878.016,56396.25472135523
203570,43878.016,7535.554627161772
203571,43878.016,34249.32456487074
203572,43878.016,12599.685333341455
203573,43878.016,21080.150082212724
203574,43878.016,13872.550764066387
203575,43878.016,23579.17035093506
203576,43878.016,6221.422907495855
203577,43878.016,30179.592031053322
203578,43878.016,40277.0138764834
203579,43878.016,26117.277716058765
203580,43878.016,50893.0130238894
203581,43878.016,19022.642208091376
203582,43878.016,55106.035019599956
203583,43878.016,30315.151456878826
203584,43878.016,37809.98960806983
203585,43878.016,61573.11225612208
203586,43878.016,21972.83621432397
203587,43878.016,11015.868549548182
203588,43878.016,56364.62690412616
203589,43878.016,12832.333314183485
203590,43878.016,11045.19836826184
203591,43878.016,27734.0019273449
203592,43878.016,54793.15296732009
203593,43878.016,21586.063892801183
203594,43878.016,60326.07455131702
203595,43878.016,8789.407811056253
203596,43878.016,29285.9202569416
203597,43878.016,58335.88790152914
203598,43878.016,11661.921263840708
203599,43878.016,59247.26390641676
203600,43878.016,9556.515876345176
203601,43878.016,119400.54566488179
203602,43878.016,38942.76554393657
203603,43878.016,35114.25065247483
203604,43878.016,22733.401784809248
203605,43878.016,78033.66030381253
203606,43878.016,30851.571299792082
203607,43878.016,47952.62078135153
203608,43878.016,21333.098641553046
203609,43878.016,36887.060604536644
203610,43878.016,9763.268928122545
203611,43878.016,21872.2893285545
203612,43878.016,28041.830924587633
203613,43878.016,20376.903585847784
203614,43878.016,45649.93712175184
203615,43878.016,52919.63874013725
203616,43878.016,42497.52471510057
203617,43878.016,28151.61891170164
203618,43878.016,12725.380419461511
203619,43878.016,100179.08855339873
203620,43878.016,56907.268168347706
203621,43878.016,12048.812531035865
203622,43878.016,16397.619229797183
203623,43878.016,12121.821339277854
203624,43878.016,22153.475559332815
203625,43878.016,48023.33068446702
203626,43878.016,23800.374346672994
203627,43878.016,15985.415505108262
203628,43878.016,66960.1225637826
203629,43878.016,22590.83554910176
203630,43878.016,55536.0016593529
203631,43878.016,63425.7328961264
203632,43878.016,64997.564027969194
203633,43878.016,24953.747941206722
203634,43878.016,23420.44863727429
203635,43878.016,27052.281061076857
203636,43878.016,25004.976917078704
203637,43878.016,12690.613953288394
203638,43878.016,47908.71327892349
203639,43878.016,55303.939001373066
203640,43878.016,11160.33683600003
203641,43878.016,94321.6723184035
203642,43878.016,37259.985709801076
203643,43878.016,38560.52858750726
203644,43878.016,37924.23114281717
203645,43878.016,7129.956869492429
203646,43878.016,29329.668293191437
203647,43878.016,12649.6566541932
203648,43878.016,52621.6053790919
203649,43878.016,33613.657563675675
203650,43878.016,46093.72423729362
203651,43878.016,39454.36685991948
203652,43878.016,88599.6860445892
203653,43878.016,56310.14670522137
203654,43878.016,9583.320679960143
203655,43878.016,53910.40539185025
203656,43878.016,10361.486509272017
203657,43878.016,54610.69636775728
203658,43878.016,29974.18945553195
203659,43878.016,14482.473936119455
203660,43878.016,29608.889638994115
203661,43878.016,55404.45494613587
203662,43878.016,32214.241182686088
203663,43878.016,75232.84704585046
203664,43878.016,57646.60721608348
203665,43878.016,8880.065952192177
203666,43878.016,16541.689318984558
203667,43878.016,15259.431928171916
203668,43878.016,9372.527229616962
203669,43878.016,35290.51201886927
203670,43878.016,19812.813411466064
203671,43878.016,23065.254083910568
203672,43878.016,48298.379835390966
203673,43878.016,26417.632378769522
203674,43878.016,31008.61028571198
203675,43878.016,62392.69573379446
203676,43878.016,25276.942192007653
203677,43878.016,62181.08741622914
203678,43878.016,35227.01165999299
203679,43878.016,42182.33602281904
203680,43878.016,19083.00479500506
203681,43878.016,40878.10588241491
203682,43878.016,24220.06603325678
203683,43878.016,53579.210949090186
203684,43878.016,38570.854159687566
203685,43878.016,21857.300194631403
203686,43878.016,27650.519734924383
203687,43878.016,39698.07593257971
203688,43878.016,6587.879452413095
203689,43878.016,18157.05766267605
203690,43878.016,31041.36629967434
203691,43878.016,47923.579167654934
203692,43878.016,21190.805774606604
203693,43878.016,24075.56630117062
203694,43878.016,13745.862045312868
203695,43878.016,27654.899250517446
203696,43878.016,61351.61443464886
203697,43878.016,12664.172038588535
203698,43878.016,28086.675090076576
203699,43878.016,30814.308071989486
203700,43878.016,61286.49141831619
203701,43878.016,66628.23775267393
203702,43878.016,40401.21733748072
203703,43878.016,15783.687241342626
203704,43878.016,67213.74703647911
203705,43878.016,18749.016666654356
203706,43878.016,28886.611739864
203707,43878.016,22926.763950803586
203708,43878.016,71967.82606162806
203709,43878.016,27707.684365418394
203710,43878.016,27567.139777526172
203711,43878.016,8890.464651600501
203712,43878.016,51595.513155030836
203713,43878.016,51421.05280962109
203714,43878.016,50286.509450693426
203715,43878.016,30300.721838564117
203716,43878.016,59022.948269458146
203717,43878.016,31407.008741171285
203718,43878.016,16771.38299383514
203719,43878.016,20262.46803121572
203720,43878.016,36986.857132525154
203721,43878.016,37267.29428969583
203722,43878.016,12248.378824596546
203723,43878.016,56001.15717510042
203724,43878.016,6430.916022662932
203725,43878.016,61837.218933848846
203726,43878.016,16490.63517193544
203727,43878.016,50488.74691013886
203728,43878.016,28443.39824630977
203729,43878.016,72300.14280828327
203730,43878.016,49290.36686574335
203731,43878.016,5484.90617749431
203732,43878.016,6551.051767110409
203733,43878.016,21303.33634862811
203734,43878.016,48181.936835679466
203735,43878.016,26745.869495879313
203736,43878.016,19916.874660583664
203737,43878.016,48804.59238516788
203738,43878.016,109080.76715501295
203739,43878.016,17649.997101509587
203740,43878.016,42273.17127480606
203741,43878.016,55967.80210973886
203742,43878.016,26747.7866470391
203743,43878.016,10598.114204471067
203744,43878.016,66402.74221308593
203745,43878.016,28031.44385410864
203746,43878.016,33978.02428763911
203747,43878.016,13888.0285083747
203748,43878.016,16467.045540286334
203749,43878.016,36437.854797729466
203750,43878.016,14679.71333640952
203751,43878.016,27435.06347842666
203752,43878.016,54978.769335751065
203753,43878.016,27899.03602046816
203754,43878.016,66298.13780901022
203755,43878.016,18329.90190501887
203756,43878.016,22459.30500101928
203757,43878.016,27498.92638448178
203758,43878.016,26868.32952405348
203759,43878.016,42626.571360026675
203760,43878.016,14138.166902409032
203761,43878.016,23162.290094266195
203762,43878.016,38703.153175440835
203763,43878.016,41062.62619966222
203764,43878.016,26461.169216222985
203765,43878.016,37388.531874544984
203766,43878.016,42057.54068390313
203767,43878.016,39501.05575494683
203768,43878.016,26452.458285332195
203769,43878.016,11407.206149896978
203770,43878.016,28308.136223972546
203771,43878.016,34535.525457298456
203772,43878.016,41287.134273254465
203773,43878.016,55600.84524948482
203774,43878.016,29839.072611973836
203775,43878.016,18928.077503139644
203776,43878.016,40066.51457086333
203777,43878.016,56053.794405072105
203778,43878.016,13576.79964326971
203779,43878.016,39968.804609250656
203780,43878.016,73384.58347587145
203781,43878.016,24740.099095813508
203782,43878.016,46316.375123762526
203783,43878.016,19575.069263119403
203784,43878.016,72671.26032641961
203785,43878.016,20777.02162790334
203786,43878.016,65596.31083764097
203787,43878.016,47965.12370188204
203788,43878.016,41762.01463887524
203789,43878.016,54061.5562324026
203790,43878.016,73684.3903704246
203791,43878.016,79751.74424341577
203792,43878.016,47719.78810879201
203793,43878.016,47259.90759115099
203794,43878.016,21457.70326142542
203795,43878.016,35323.10545882528
203796,43878.016,12327.329652175698
203797,43878.016,36480.931970944184
203798,43878.016,4699.986683319488
203799,43878.016,60395.93770869751
203800,43878.016,50408.39004359824
203801,43878.016,40459.96433794412
203802,43878.016,53012.96767948436
203803,43878.016,21246.92094322646
203804,43878.016,33498.58049199197
203805,43878.016,69952.22752573345
203806,43878.016,13619.21489704625
203807,43878.016,61819.513244625865
203808,43878.016,12319.878114361753
203809,43878.016,24213.662247378597
203810,43878.016,21283.262258512947
203811,43878.016,35951.91478777734
203812,43878.016,73160.08351839428
203813,43878.016,36015.85999322153
203814,43878.016,54884.73569905509
203815,43878.016,49434.7431326564
203816,43878.016,23117.413772943368
203817,43878.016,38720.278559985636
203818,43878.016,25813.872943614417
203819,43878.016,60165.43101155826
203820,43878.016,8818.660697971436
203821,43878.016,32973.09390924917
203822,43878.016,30273.957970506413
203823,43878.016,76613.48216709158
203824,43878.016,53202.96868317537
203825,43878.016,85917.55670221733
203826,43878.016,38120.65065213897
203827,43878.016,14176.806331567072
203828,43878.016,33610.998780700305
203829,43878.016,9557.28395992391
203830,43878.016,46961.593280507404
203831,43878.016,12396.135662563376
203832,43878.016,49743.34698470191
203833,43878.016,53495.56628551011
203834,43878.016,65002.10698658605
203835,43878.016,18803.708691759173
203836,43878.016,49130.52222397931
203837,43878.016,55207.65464963687
203838,43878.016,19519.65574923087
203839,43878.016,64228.46569819483
203840,43878.016,16511.393439355983
203841,43878.016,38868.186559072914
203842,43878.016,65417.16652399293
203843,43878.016,54239.843781201955
203844,43878.016,9706.665931490155
203845,43878.016,17619.387353390015
203846,43878.016,25991.09904748226
203847,43878.016,37836.096286393295
203848,43878.016,50437.06678719954
203849,43878.016,29261.9394771301
203850,43878.016,20495.000395945714
203851,43878.016,11770.525405977407
203852,43878.016,19725.81522896318
203853,43878.016,43598.276295295385
203854,43878.016,30341.383990002007
203855,43878.016,61842.97118423564
203856,43878.016,34677.79814513089
203857,43878.016,35947.97906363794
203858,43878.016,67609.31418036124
203859,43878.016,29393.002243330662
203860,43878.016,59344.73850244934
203861,43878.016,43986.62321260049
203862,43878.016,52330.27000361034
203863,43878.016,56073.81419318315
203864,43878.016,12676.272731224664
203865,43878.016,49682.599624248825
203866,43878.016,7208.065650307074
203867,43878.016,37959.80176915529
203868,43878.016,25683.99409989196
203869,43878.016,39445.943439431205
203870,43878.016,7221.261224200132
203871,43878.016,76830.24746219338
203872,43878.016,17049.914147109528
203873,43878.016,42969.35162663399
203874,43878.016,33785.86200913281
203875,43878.016,15839.396296750554
203876,43878.016,30312.85122213471
203877,43878.016,29613.239660303836
203878,43878.016,59714.79686894701
203879,43878.016,45434.99150426056
203880,43878.016,42410.18000619633
203881,43878.016,48814.81346220616
203882,43878.016,66804.238754959
203883,43878.016,99257.80422023425
203884,43878.016,56778.77129103136
203885,43878.016,65226.19400228655
203886,43878.016,48006.13784794083
203887,43878.016,30108.856046532375
203888,43878.016,6329.073150556898
203889,43878.016,39207.4611708427
203890,43878.016,31154.802700921555
203891,43878.016,44637.3288501666
203892,43878.016,44399.579427644916
203893,43878.016,33513.36930096381
203894,43878.016,28581.871025736884
203895,43878.016,38435.897484951645
203896,43878.016,13545.454755494724
203897,43878.016,61380.56677362604
203898,43878.016,11811.443936888749
203899,43878.016,27684.55726023442
203900,43878.016,44940.697040048355
203901,43878.016,4416.108073872748
203902,43878.016,79012.9795658167
203903,43878.016,45634.55486808814
203904,43878.016,18592.571049943672
203905,43878.016,29469.122500748308
203906,43878.016,12414.774759026934
203907,43878.016,8151.598237093457
203908,43878.016,49981.485191524924
203909,43878.016,86653.33555690301
203910,43878.016,61112.33893403772
203911,43878.016,51089.086996154125
203912,43878.016,12662.107820090758
203913,43878.016,52884.61034016637
203914,43878.016,50573.13017106005
203915,43878.016,40693.288309189316
203916,43878.016,33985.2545277916
203917,43878.016,14131.747951100651
203918,43878.016,8606.649838255013
203919,43878.016,39826.062706620054
203920,43878.016,27073.756036353352
203921,43878.016,23272.016043995263
203922,43878.016,42709.97223268606
203923,43878.016,13038.915949842565
203924,43878.016,16851.099993251562
203925,43878.016,53244.07492311468
203926,43878.016,57408.32646199773
203927,43878.016,34527.83898016328
203928,43878.016,62287.62261356041
203929,43878.016,25925.680331981785
203930,43878.016,52594.16099177106
203931,43878.016,18836.404395358928
203932,43878.016,46088.28419797471
203933,43878.016,38598.27390588247
203934,43878.016,39466.8302593601
203935,43878.016,13483.8353875515
203936,43878.016,23902.15759593355
203937,43878.016,49682.73403158287
203938,43878.016,55048.47874145141
203939,43878.016,31741.97392952661
203940,43878.016,54819.185535880046
203941,43878.016,29793.137125568377
203942,43878.016,32320.59025072966
203943,43878.016,16347.034508032313
203944,43878.016,22831.573342652577
203945,43878.016,18406.99130443233
203946,43878.016,11232.343591920606
203947,43878.016,46244.7132275146
203948,43878.016,65888.13947770916
203949,43878.016,25304.931265828516
203950,43878.016,28576.371712696797
203951,43878.016,32106.320788232533
203952,43878.016,10484.535476750229
203953,43878.016,39018.459310023456
203954,43878.016,70433.84888671896
203955,43878.016,30453.043041603858
203956,43878.016,18334.64462237651
203957,43878.016,43614.035418774634
203958,43878.016,38079.88324477659
203959,43878.016,43872.75149416981
203960,43878.016,36499.52040895825
203961,43878.016,11220.283071158947
203962,43878.016,62975.37581415011
203963,43878.016,12332.569247031086
203964,43878.016,19861.189951777927
203965,43878.016,51563.17210356557
203966,43878.016,68364.65031156833
203967,43878.016,67162.85284712294
203968,43878.016,57993.16360249254
203969,43878.016,9272.924592698308
203970,43878.016,29367.786984481034
203971,43878.016,4775.588232071191
203972,43878.016,69933.11679727487
203973,43878.016,43719.998965959036
203974,43878.016,13716.795798416602
203975,43878.016,24719.31746005652
203976,43878.016,8899.465116146104
203977,43878.016,45578.82426187
203978,43878.016,19351.904807698204
203979,43878.016,9352.90226462742
203980,43878.016,33048.10138254134
203981,43878.016,74556.86999348506
203982,43878.016,34211.67305107148
203983,43878.016,33342.96046662075
203984,43878.016,28707.86198276544
203985,43878.016,6816.976171221824
203986,43878.016,12316.565575919463
203987,43878.016,15966.391553338877
203988,43878.016,32662.610588143747
203989,43878.016,58071.040806712044
203990,43878.016,44380.937214664526
203991,43878.016,52551.50112359283
203992,43878.016,40479.75783617634
203993,43878.016,28324.47938059795
203994,43878.016,33452.22082307078
203995,43878.016,20925.11251640289
203996,43878.016,19273.833749601465
203997,43878.016,45469.944141250504
203998,43878.016,78795.51646568638
203999,43878.016,14190.954188804199
204000,43878.016,18243.92926193029
204001,43878.016,8655.275963192333
204002,43878.016,12519.293305228159
204003,43878.016,56329.80928915421
204004,43878.016,36244.7313966301
204005,43878.016,39250.450296340845
204006,43878.016,29706.560826695302
204007,43878.016,14552.632340478429
204008,43878.016,34281.12061464301
204009,43878.016,65322.154491123634
204010,43878.016,20437.983152693814
204011,43878.016,20211.643847229992
204012,43878.016,49405.70489657481
204013,43878.016,23156.151350384036
204014,43878.016,37815.64633113557
204015,43878.016,64770.979969211876
204016,43878.016,33451.46091883047
204017,43878.016,8811.748705088547
204018,43878.016,15039.640301727357
204019,43878.016,47894.327127243094
204020,43878.016,26590.661178892817
204021,43878.016,53829.01568345698
204022,43878.016,5677.685632685738
204023,43878.016,65317.909091256566
204024,43878.016,47329.68360146828
204025,43878.016,56473.543181010566
204026,43878.016,8032.513779791434
204027,43878.016,20786.728640578825
204028,43878.016,36404.27261461729
204029,43878.016,57989.92329904081
204030,43878.016,43896.67459491082
204031,43878.016,9415.21450300357
204032,43878.016,45104.52708420317
204033,43878.016,20863.016412359215
204034,43878.016,10305.366046248557
204035,43878.016,48282.54499777651
204036,43878.016,69760.50155248545
204037,43878.016,50536.78972668944
204038,43878.016,14493.688962364311
204039,43878.016,30718.119890664682
204040,43878.016,31443.70546018044
204041,43878.016,26147.683633283334
204042,43878.016,34147.14164351595
204043,43878.016,16670.40338616278
204044,43878.016,51835.10804354853
204045,43878.016,11689.047972458427
204046,43878.016,71365.44132708866
204047,43878.016,49250.39504967096
204048,43878.016,19831.38468276061
204049,43878.016,17681.85026014547
204050,43878.016,14011.28756024444
204051,43878.016,40316.17912963298
204052,43878.016,22066.70107772167
204053,43878.016,17336.415461166205
204054,43878.016,17646.047970917167
204055,43878.016,56465.7234892033
204056,43878.016,4562.090887008411
204057,43878.016,8732.633772407693
204058,43878.016,15175.477822625897
204059,43878.016,32792.826196475115
204060,43878.016,42738.89211666513
204061,43878.016,10282.531449602455
204062,43878.016,25262.207707868576
204063,43878.016,50267.74847026474
204064,43878.016,11143.212279726442
204065,43878.016,23737.198816525564
204066,43878.016,66595.35584080055
204067,43878.016,69127.52442855082
204068,43878.016,38122.41784602413
204069,43878.016,59976.18462647301
204070,43878.016,30840.624234912313
204071,43878.016,34896.41040608446
204072,43878.016,41637.551126011895
204073,43878.016,7762.1139108807
204074,43878.016,61921.74170690411
204075,43878.016,16155.116194676018
204076,43878.016,29628.827373287044
204077,43878.016,69892.00065348738
204078,43878.016,63067.09391898132
204079,43878.016,48860.09107040026
204080,43878.016,29883.40514136672
204081,43878.016,42625.83856053447
204082,43878.016,7213.835774271143
204083,43878.016,67637.89439640727
204084,43878.016,43798.69954918622
204085,43878.016,44456.68387241182
204086,43878.016,59246.892610872
204087,43878.016,10571.801107318923
204088,43878.016,29784.1439804928
204089,43878.016,32584.914067623064
204090,43878.016,50981.42812055192
204091,43878.016,23008.32310240453
204092,43878.016,11619.637372625895
204093,43878.016,33721.74529375837
204094,43878.016,16101.014781810627
204095,43878.016,18408.03290238293
204096,43878.016,33638.678016523336
204097,43878.016,90839.38857175663
204098,43878.016,17154.788966484924
204099,43878.016,32628.646511209343
204100,43878.016,49950.651350117325
204101,43878.016,23063.86523186764
204102,43878.016,37915.297177705645
204103,43878.016,50871.715222515275
204104,43878.016,59012.564372676905
204105,43878.016,28324.09811599509
204106,43878.016,52893.57862256156
204107,43878.016,12246.435469068982
204108,43878.016,34093.06361551983
204109,43878.016,35510.833971108805
204110,43878.016,18573.093675213135
204111,43878.016,30791.008103089618
204112,43878.016,29788.195371453145
204113,43878.016,12913.450827620829
204114,43878.016,43161.60695524814
204115,43878.016,40227.33272409296
204116,43878.016,49386.066488740165
204117,43878.016,74439.20234125295
204118,43878.016,7883.702146275588
204119,43878.016,16080.122027767835
204120,43878.016,57630.857691481906
204121,43878.016,14308.084968984558
204122,43878.016,57159.346348586725
204123,43878.016,44033.44100560809
204124,43878.016,13443.360531285962
204125,43878.016,24676.90897927531
204126,43878.016,54028.121899172445
204127,43878.016,8845.390096871108
204128,43878.016,18057.303983383063
204129,43878.016,13828.005202110984
204130,43878.016,48606.17351244743
204131,43878.016,29096.218259445923
204132,43878.016,59312.90485862145
204133,43878.016,54662.42145495837
204134,43878.016,15688.549401324073
204135,43878.016,22589.925005772584
204136,43878.016,74452.10429650315
204137,43878.016,49787.53232376612
204138,43878.016,40965.04781863995
204139,43878.016,40563.14157065202
204140,43878.016,12661.003490188497
204141,43878.016,25107.474071263434
204142,43878.016,31380.5433357441
204143,43878.016,24742.7352857731
204144,43878.016,27498.223342403002
204145,43878.016,53537.22564646497
204146,43878.016,7485.604126760905
204147,43878.016,47165.645538609795
204148,43878.016,36910.2873625619
204149,43878.016,50744.6907400629
204150,43878.016,20115.28517214647
204151,43878.016,17591.078929230247
204152,43878.016,49992.1534880356
204153,43878.016,62964.07841070831
204154,43878.016,28937.5089843672
204155,43878.016,60683.32988530417
204156,43878.016,34970.01049938663
204157,43878.016,29908.92843287108
204158,43878.016,18990.086844936395
204159,43878.016,18473.484397679134
204160,43878.016,15108.864667761334
204161,43878.016,48968.043220133244
204162,43878.016,12488.069734413133
204163,43878.016,14872.216463458628
204164,43878.016,14989.405008810298
204165,43878.016,62217.589072194285
204166,43878.016,104801.94370648364
204167,43878.016,44651.52630047304
204168,43878.016,28470.905381654444
204169,43878.016,33746.41944328795
204170,43878.016,33722.888288311144
204171,43878.016,45467.053370981106
204172,43878.016,51306.97922951375
204173,43878.016,44624.62785430608
204174,43878.016,40034.14997320203
204175,43878.016,26514.982622670326
204176,43878.016,28390.638484913903
204177,43878.016,38533.620523248384
204178,43878.016,19449.147572083977
204179,43878.016,64726.26011203069
204180,43878.016,48759.16069636772
204181,43878.016,32673.42359380418
204182,43878.016,35383.31445307111
204183,43878.016,20906.739860782644
204184,43878.016,45250.85653547288
204185,43878.016,42599.880784106324
204186,43878.016,40976.44943125856
204187,43878.016,56969.130674083426
204188,43878.016,14376.547489070124
204189,43878.016,45290.68693938042
204190,43878.016,8477.104972522087
204191,43878.016,44997.12397246276
204192,43878.016,24622.317283731874
204193,43878.016,36667.908677530875
204194,43878.016,14688.836894723507
204195,43878.016,33176.50354799598
204196,43878.016,13492.937930540476
204197,43878.016,49834.37755958537
204198,43878.016,45662.44930723941
204199,43878.016,53917.939285391556
204200,43878.016,65454.78394840385
204201,43878.016,41508.060091703155
204202,43878.016,39987.99754844408
204203,43878.016,32547.402928798718
204204,43878.016,8021.214144039705
204205,43878.016,38576.37958089883
204206,43878.016,33146.06719492043
204207,43878.016,26932.227148259608
204208,43878.016,35514.00410171103
204209,43878.016,31174.90310255212
204210,43878.016,66095.30105950241
204211,43878.016,48798.512796172574
204212,43878.016,57909.239776978146
204213,43878.016,8844.092638713957
204214,43878.016,31008.89241831526
204215,43878.016,28910.28810522523
204216,43878.016,11804.678559719974
204217,43878.016,22046.372329280173
204218,43878.016,5787.184283433305
204219,43878.016,24041.845043657966
204220,43878.016,11809.007654887899
204221,43878.016,59946.568486149066
204222,43878.016,19481.542966546578
204223,43878.016,39409.91041888412
204224,43878.016,20531.7413137438
204225,43878.016,49543.58716378024
204226,43878.016,79877.24715768949
204227,43878.016,37453.28662757816
204228,43878.016,22418.215072026764
204229,43878.016,25360.59082472822
204230,43878.016,12956.721601454185
204231,43878.016,40819.719039254676
204232,43878.016,23545.411867885647
204233,43878.016,51446.74223602776
204234,43878.016,77221.78360243305
204235,43878.016,33044.10588307902
204236,43878.016,66659.47461315252
204237,43878.016,15209.399019402044
204238,43878.016,15301.234161970218
204239,43878.016,50874.41444737156
204240,43878.016,10312.812168839655
204241,43878.016,81650.43791436509
204242,43878.016,60187.69628938259
204243,43878.016,54406.09521343367
204244,43878.016,47898.112611024335
204245,43878.016,52488.82249537764
204246,43878.016,16145.430504361118
204247,43878.016,14558.521119738867
204248,43878.016,24061.701145232295
204249,43878.016,47332.94038003118
204250,43878.016,32984.19886407477
204251,43878.016,71538.679921062
204252,43878.016,11148.622238941598
204253,43878.016,77182.21562709076
204254,43878.016,56197.95732857231
204255,43878.016,51295.346055231515
204256,43878.016,43945.52530297536
204257,43878.016,21889.586800791487
204258,43878.016,65127.36516955579
204259,43878.016,20022.2167921326
204260,43878.016,26315.047334733
204261,43878.016,18817.450668405098
204262,43878.016,19142.714560436845
204263,43878.016,4784.095378374689
204264,43878.016,52398.20295225031
204265,43878.016,13947.614702393417
204266,43878.016,7282.503873313621
204267,43878.016,42421.41298267049
204268,43878.016,46309.29055984605
204269,43878.016,79105.87110334635
204270,43878.016,18115.682429813634
204271,43878.016,73409.67947416005
204272,43878.016,6947.3453935203015
204273,43878.016,23793.693327668538
204274,43878.016,72787.2491823156
204275,43878.016,11163.26426633608
204276,43878.016,31397.07871065806
204277,43878.016,31767.79106413235
204278,43878.016,51013.94784696891
204279,43878.016,17166.713794682335
204280,43878.016,28879.530965574013
204281,43878.016,27366.73213115956
204282,43878.016,24457.619199086497
204283,43878.016,90094.34260253583
204284,43878.016,11142.222384730432
204285,43878.016,46169.376359406044
204286,43878.016,18128.23276760342
204287,43878.016,12890.734626599613
204288,43878.016,19403.29330869605
204289,43878.016,33902.165632629825
204290,43878.016,59873.78993123732
204291,43878.016,16258.883401251045
204292,43878.016,45574.56675267235
204293,43878.016,36320.28852622892
204294,43878.016,21803.318556585775
204295,43878.016,16695.046261942374
204296,43878.016,11960.187469460065
204297,43878.016,11496.179858443718
204298,43878.016,35817.93194867338
204299,43878.016,25165.960816748997
204300,43878.016,40792.533173958655
204301,43878.016,22016.67501591379
204302,43878.016,44362.47208966356
204303,43878.016,18013.941764924173
204304,43878.016,47525.032623258216
204305,43878.016,18996.745230260934
204306,43878.016,55157.13158362469
204307,43878.016,28303.271121932834
204308,43878.016,25162.967464855705
204309,43878.016,53614.98207148885
204310,43878.016,21038.54581506711
204311,43878.016,43431.85051277441
204312,43878.016,29001.919657386083
204313,43878.016,59075.282020751874
204314,43878.016,17934.411153211102
204315,43878.016,51600.430868316915
204316,43878.016,45188.88348816658
204317,43878.016,45167.165174752095
204318,43878.016,39529.540005295275
204319,43878.016,39954.80032796195
204320,43878.016,44320.56450960797
204321,43878.016,14078.848055561528
204322,43878.016,12891.918862050261
204323,43878.016,10947.492470404231
204324,43878.016,40439.45082937154
204325,43878.016,12076.220490511016
204326,43878.016,12484.999874278978
204327,43878.016,52630.88125885602
204328,43878.016,42098.258648319745
204329,43878.016,8206.374687489868
204330,43878.016,39569.81824850305
204331,43878.016,21873.521219674585
204332,43878.016,12713.274975390694
204333,43878.016,8083.306051505904
204334,43878.016,7924.0399249851525
204335,43878.016,48747.42427151886
204336,43878.016,11389.192631891035
204337,43878.016,24660.861058857296
204338,43878.016,15795.032476716413
204339,43878.016,50352.78303787498
204340,43878.016,60888.576488227714
204341,43878.016,47955.905497145744
204342,43878.016,59956.10067366312
204343,43878.016,33261.279439006306
204344,43878.016,27545.31691442344
204345,43878.016,20424.827211720014
204346,43878.016,13161.278368962465
204347,43878.016,34878.05934710944
204348,43878.016,20463.84073354371
204349,43878.016,17094.522229874463
204350,43878.016,23982.02011096215
204351,43878.016,6883.680300732769
204352,43878.016,18666.55054018995
204353,43878.016,32985.21470889188
204354,43878.016,46626.97283841987
204355,43878.016,15210.601914340978
204356,43878.016,30274.627781386196
204357,43878.016,14274.976693920258
204358,43878.016,15838.018565718883
204359,43878.016,32255.26127277167
204360,43878.016,16076.23500885226
204361,43878.016,13989.2086527324
204362,43878.016,46558.7162937608
204363,43878.016,30237.00103445706
204364,43878.016,57847.99628046692
204365,43878.016,68619.01118597531
204366,43878.016,10132.197325726396
204367,43878.016,49858.35424742636
204368,43878.016,41869.349758548175
204369,43878.016,44130.41305556878
204370,43878.016,9481.536745360701
204371,43878.016,38077.50224319979
204372,43878.016,49447.88715658415
204373,43878.016,28475.56266803359
204374,43878.016,23739.007064891037
204375,43878.016,61506.3588835092
204376,43878.016,14430.91277536388
204377,43878.016,42133.84982357019
204378,43878.016,44055.88662334941
204379,43878.016,18137.886961505126
204380,43878.016,78346.14948555587
204381,43878.016,60111.984387336575
204382,43878.016,17947.712713666035
204383,43878.016,10157.50620616125
204384,43878.016,40647.50471969739
204385,43878.016,73004.59663671104
204386,43878.016,35462.03055227133
204387,43878.016,41087.64325696514
204388,43878.016,40071.28291308225
204389,43878.016,11218.963717908973
204390,43878.016,9824.705897995189
204391,43878.016,28894.381914917816
204392,43878.016,56485.347829451115
204393,43878.016,34777.63390143343
204394,43878.016,20468.550968177187
204395,43878.016,43233.893957146516
204396,43878.016,26677.356505357464
204397,43878.016,19016.01922168262
204398,43878.016,54579.11712598576
204399,43878.016,36404.94202706026
204400,43878.016,63405.72045411888
204401,43878.016,64315.42899326794
204402,43878.016,8956.07265100817
204403,43878.016,55075.47811080796
204404,43878.016,40956.5559324356
204405,43878.016,11025.944455083294
204406,43878.016,65780.34647522071
204407,43878.016,28331.057886274364
204408,43878.016,68360.43261529398
204409,43878.016,75774.97584011697
204410,43878.016,26371.407405976475
204411,43878.016,50755.975855055854
204412,43878.016,41523.79786026034
204413,43878.016,61883.862634386314
204414,43878.016,27666.845935054473
204415,43878.016,56579.76622932416
204416,43878.016,51143.93748908971
204417,43878.016,46405.108270557
204418,43878.016,11405.964400461695
204419,43878.016,34297.660935900014
204420,43878.016,9097.959950501523
204421,43878.016,27741.271877051277
204422,43878.016,18405.932555472682
204423,43878.016,48557.51618885484
204424,43878.016,41813.905861785075
204425,43878.016,39890.318439378556
204426,43878.016,57959.248069892354
204427,43878.016,66959.30706620202
204428,43878.016,35726.39257072033
204429,43878.016,34882.09405650876
204430,43878.016,41925.882932373126
204431,43878.016,63834.364042292094
204432,43878.016,25849.435136835782
204433,43878.016,22458.719066637936
204434,43878.016,53824.273279520436
204435,43878.016,27779.277615518335
204436,43878.016,45112.713548153086
204437,43878.016,28717.377438907293
204438,43878.016,37168.40013280312
204439,43878.016,55869.84485151044
204440,43878.016,57624.78691413921
204441,43878.016,20925.593448329997
204442,43878.016,21008.63064214757
204443,43878.016,21571.47929518772
204444,43878.016,47333.423612592065
204445,43878.016,46879.58376111872
204446,43878.016,8631.601629964
204447,43878.016,63408.23761394333
204448,43878.016,59492.13921561965
204449,43878.016,38797.39452790547
204450,43878.016,11030.851259999714
204451,43878.016,43301.4914765479
204452,43878.016,33370.162279714525
204453,43878.016,35692.54238083449
204454,43878.016,45420.91648465053
204455,43878.016,40968.09589072482
204456,43878.016,46530.505937816684
204457,43878.016,17730.290275772168
204458,43878.016,24821.69148883894
204459,43878.016,54051.26801930988
204460,43878.016,16760.98111852212
204461,43878.016,26132.83813299087
204462,43878.016,46542.69945068066
204463,43878.016,38853.71486675343
204464,43878.016,14655.217140403265
204465,43878.016,12655.676984566564
204466,43878.016,45787.40658631854
204467,43878.016,14959.531933987773
204468,43878.016,28019.52536111236
204469,43878.016,66420.67747091674
204470,43878.016,57944.96500166594
204471,43878.016,36851.219908533516
204472,43878.016,47903.35274035765
204473,43878.016,25476.793148366007
204474,43878.016,37983.38166924001
204475,43878.016,45975.4158432392
204476,43878.016,77331.11181963587
204477,43878.016,24909.23242142192
204478,43878.016,52543.711596869114
204479,43878.016,12803.205254323764
204480,43878.016,51404.66534138093
204481,43878.016,16464.418539827977
204482,43878.016,35795.80310584559
204483,43878.016,58781.255888992964
204484,43878.016,42134.57598642797
204485,43878.016,54158.704436281805
204486,43878.016,45681.97059206236
204487,43878.016,22194.796772431448
204488,43878.016,14898.244436097832
204489,43878.016,78401.6401294114
204490,43878.016,16062.336340073078
204491,43878.016,40709.77098253674
204492,43878.016,60720.49336439754
204493,43878.016,17475.010053860886
204494,43878.016,64680.33848767977
204495,43878.016,61851.12737811293
204496,43878.016,31845.35522277844
204497,43878.016,20164.737679758116
204498,43878.016,22515.51090994811
204499,43878.016,13688.287468421719
204500,43878.016,70708.56341761263
204501,43878.016,23510.877512172512
204502,43878.016,10947.02551522269
204503,43878.016,50756.8763235658
204504,43878.016,56388.41622870195
204505,43878.016,20127.364375431538
204506,43878.016,29519.766022182375
204507,43878.016,16114.516112075898
204508,43878.016,14144.348258400785
204509,43878.016,7074.169309541767
204510,43878.016,26192.254300126842
204511,43878.016,65124.15473172473
204512,43878.016,45651.05388055286
204513,43878.016,19867.956180933434
204514,43878.016,28637.837818159416
204515,43878.016,41567.54114172572
204516,43878.016,23132.829734009436
204517,43878.016,69228.21825249908
204518,43878.016,36045.76457602793
204519,43878.016,41461.495713656324
204520,43878.016,30939.40583155846
204521,43878.016,49724.89841230642
204522,43878.016,19564.00576303777
204523,43878.016,12701.041167771456
204524,43878.016,27112.369316576955
204525,43878.016,35355.091870532
204526,43878.016,45105.48537241722
204527,43878.016,38784.31261986994
204528,43878.016,27439.46819885416
204529,43878.016,9757.932940312641
204530,43878.016,14730.151272972462
204531,43878.016,20635.08406015226
204532,43878.016,9429.75858172699
204533,43878.016,30881.234491507814
204534,43878.016,36558.66946671756
204535,43878.016,55284.73238189471
204536,43878.016,30605.827581467605
204537,43878.016,12128.045723477071
204538,43878.016,15316.313172780887
204539,43878.016,39065.643704381546
204540,43878.016,81674.50771012533
204541,43878.016,28672.891559804804
204542,43878.016,57387.426064404965
204543,43878.016,61786.26124869727
204544,43878.016,30127.955989098577
204545,43878.016,28396.859754885394
204546,43878.016,36154.00374394784
204547,43878.016,27777.220023328915
204548,43878.016,39366.159503479015
204549,43878.016,66904.53616010967
204550,43878.016,23432.576971220697
204551,43878.016,43667.48576242899
204552,43878.016,49011.62925671818
204553,43878.016,34337.419771347726
204554,43878.016,31646.18454486921
204555,43878.016,13519.336099629629
204556,43878.016,28341.657803826925
204557,43878.016,21118.005529665294
204558,43878.016,20215.374557431955
204559,43878.016,44902.01684099442
204560,43878.016,57048.154775220406
204561,43878.016,18041.733233564653
204562,43878.016,51875.82229510939
204563,43878.016,59708.26187223204
204564,43878.016,8901.685959390206
204565,43878.016,23171.74691648604
204566,43878.016,44619.30075193525
204567,43878.016,16197.712153901432
204568,43878.016,13708.208953293595
204569,43878.016,24580.744648105872
204570,43878.016,11622.488449206185
204571,43878.016,17493.00639318767
204572,43878.016,25862.56305686405
204573,43878.016,36768.757600338955
204574,43878.016,14606.025606682057
204575,43878.016,60521.77071239866
204576,43878.016,7015.795767648718
204577,43878.016,74544.3720794907
204578,43878.016,43997.30245905876
204579,43878.016,8680.353446692921
204580,43878.016,56944.57647573343
204581,43878.016,31337.553566813418
204582,43878.016,67979.20599671896
204583,43878.016,8274.407283049874
204584,43878.016,20567.38981557017
204585,43878.016,54506.458584012806
204586,43878.016,33977.2271959321
204587,43878.016,18796.512809818243
204588,43878.016,44780.10994472157
204589,43878.016,52082.06496188186
204590,43878.016,26190.88753647845
204591,43878.016,37498.87960890709
204592,43878.016,61038.20029372137
204593,43878.016,10260.91750343859
204594,43878.016,29591.288220512797
204595,43878.016,11208.252712836096
204596,43878.016,16996.704699308702
204597,43878.016,34474.181626809695
204598,43878.016,28842.727184963584
204599,43878.016,33498.539487853945
204600,43878.016,42730.93306302466
204601,43878.016,14353.13730865348
204602,43878.016,9244.04676131165
204603,43878.016,9305.312017656539
204604,43878.016,17547.98964312126
204605,43878.016,16590.734774389814
204606,43878.016,58712.00440598279
204607,43878.016,5263.869163459436
204608,43878.016,24144.833330605445
204609,43878.016,25508.215100339625
204610,43878.016,37857.32129700076
204611,43878.016,40830.04925836504
204612,43878.016,67262.82861128746
204613,43878.016,10870.800001622585
204614,43878.016,66492.71488215723
204615,43878.016,16064.371169912538
204616,43878.016,31265.612083525662
204617,43878.016,16626.400362865512
204618,43878.016,26290.131343790563
204619,43878.016,20286.964895266985
204620,43878.016,17796.884774120022
204621,43878.016,11332.295836484758
204622,43878.016,46946.73704720827
204623,43878.016,19814.16789381305
204624,43878.016,63717.67076793345
204625,43878.016,12987.85416694094
204626,43878.016,54521.01597547241
204627,43878.016,22780.49725125736
204628,43878.016,59373.92865742364
204629,43878.016,36336.909032192256
204630,43878.016,8216.154462995122
204631,43878.016,37876.99949197525
204632,43878.016,12222.961110600318
204633,43878.016,19595.33673688549
204634,43878.016,36828.878047948936
204635,43878.016,53627.660537666015
204636,43878.016,57745.138456187626
204637,43878.016,31532.945832108977
204638,43878.016,59734.415520086775
204639,43878.016,20833.697549162036
204640,43878.016,21394.30851182491
204641,43878.016,38896.006288020064
204642,43878.016,28466.474825107187
204643,43878.016,66869.56963104004
204644,43878.016,15486.176641319951
204645,43878.016,41653.94246735154
204646,43878.016,30143.82430065656
204647,43878.016,17521.15031279024
204648,43878.016,16761.989615302413
204649,43878.016,35447.03961528099
204650,43878.016,16226.48639117307
204651,43878.016,13953.061165432027
204652,43878.016,36817.74354364889
204653,43878.016,49859.64841768478
204654,43878.016,15274.738079287114
204655,43878.016,8174.0115688508695
204656,43878.016,50461.12726552763
204657,43878.016,43477.32617612474
204658,43878.016,30692.190090721928
204659,43878.016,22132.132600330202
204660,43878.016,34625.98686505154
204661,43878.016,11795.028325695544
204662,43878.016,14752.950504827484
204663,43878.016,68381.95636254207
204664,43878.016,6937.880515511605
204665,43878.016,32958.24859044402
204666,43878.016,46483.89498655446
204667,43878.016,50220.68968668858
204668,43878.016,46656.165277300264
204669,43878.016,22882.603788886976
204670,43878.016,59542.99765405514
204671,43878.016,36396.61830902408
204672,43878.016,15492.530364881692
204673,43878.016,18809.724843549997
204674,43878.016,25932.03977142585
204675,43878.016,58300.331405344245
204676,43878.016,52660.088246705935
204677,43878.016,43169.75062829585
204678,43878.016,16119.403938789876
204679,43878.016,13009.012320962585
204680,43878.016,24622.64021337717
204681,43878.016,66131.32486485694
204682,43878.016,10481.284065831243
204683,43878.016,47839.53318574627
204684,43878.016,47063.53400795431
204685,43878.016,72269.85115921655
204686,43878.016,56411.15346422149
204687,43878.016,28899.796393638913
204688,43878.016,53631.98080645666
204689,43878.016,22008.511040308615
204690,43878.016,6772.7517554309925
204691,43878.016,46512.84375564635
204692,43878.016,42903.55170062859
204693,43878.016,34635.22772455843
204694,43878.016,56452.44290212675
204695,43878.016,29986.587370980273
204696,43878.016,52923.08016254384
204697,43878.016,30395.558497955684
204698,43878.016,42864.94205231989
204699,43878.016,24233.287815534444
204700,43878.016,19006.69775548732
204701,43878.016,29886.287994933708
204702,43878.016,8352.377534385076
204703,43878.016,51671.164311004606
204704,43878.016,56280.4406930523
204705,43878.016,38961.852504403316
204706,43878.016,23822.389713514815
204707,43878.016,15025.549629085981
204708,43878.016,13294.311512233935
204709,43878.016,41922.16599671237
204710,43878.016,22053.048766717257
204711,43878.016,30340.771550194266
204712,43878.016,21839.638449361188
204713,43878.016,45587.38698016157
204714,43878.016,9063.31061119141
204715,43878.016,43912.670444098185
204716,43878.016,17359.4381445663
204717,43878.016,29158.875803278923
204718,43878.016,29961.02634431503
204719,43878.016,16739.58052753208
204720,43878.016,33052.04480860824
204721,43878.016,12971.841702479172
204722,43878.016,39898.49321789895
204723,43878.016,10153.570555228947
204724,43878.016,46730.35209433931
204725,43878.016,49033.078824045886
204726,43878.016,46761.379900918044
204727,43878.016,9738.942512172804
204728,43878.016,15148.851728346332
204729,43878.016,7013.803660989075
204730,43878.016,19743.36341923551
204731,43878.016,25903.98587412261
204732,43878.016,32365.889696614282
204733,43878.016,46920.33773692641
204734,43878.016,17492.805529317702
204735,43878.016,51084.17376171603
204736,43878.016,15868.276133384386
204737,43878.016,61463.535479832
204738,43878.016,45066.70725723361
204739,43878.016,48654.42088838044
204740,43878.016,22562.13660590575
204741,43878.016,58655.61082314304
204742,43878.016,25726.181924227887
204743,43878.016,32625.667440954447
204744,43878.016,5361.929756535051
204745,43878.016,64626.238019334894
204746,43878.016,6317.350254538356
204747,43878.016,14490.958125817408
204748,43878.016,40717.8575125902
204749,43878.016,45759.3146858152
204750,43878.016,60696.36335123709
204751,43878.016,20013.89207134354
204752,43878.016,17878.618278180522
204753,43878.016,53934.61050504318
204754,43878.016,13290.623209367972
204755,43878.016,22463.881433410334
204756,43878.016,27739.372517952066
204757,43878.016,21454.611208401395
204758,43878.016,32598.531375955255
204759,43878.016,66705.15243288148
204760,43878.016,58534.2943286708
204761,43878.016,86116.18845467812
204762,43878.016,24120.444033803553
204763,43878.016,51482.8730965733
204764,43878.016,28445.271638166683
204765,43878.016,38313.50519559856
204766,43878.016,38196.31075158335
204767,43878.016,48886.495962655885
204768,43878.016,37213.84894541173
204769,43878.016,41196.29919821786
204770,43878.016,20482.09411023312
204771,43878.016,70250.18007645097
204772,43878.016,10429.77134366041
204773,43878.016,96043.28080239816
204774,43878.016,92542.95848148128
204775,43878.016,58903.352483796705
204776,43878.016,9579.134146625562
204777,43878.016,36282.2409311812
204778,43878.016,24759.756483333225
204779,43878.016,43899.10974676982
204780,43878.016,21627.522803890068
204781,43878.016,39341.56307421017
204782,43878.016,20106.986611225027
204783,43878.016,45765.76953047392
204784,43878.016,66029.258881861
204785,43878.016,36105.19629179591
204786,43878.016,8837.463337886908
204787,43878.016,41464.4811785616
204788,43878.016,21640.84390321251
204789,43878.016,20905.236844606934
204790,43878.016,20274.258639356267
204791,43878.016,12987.523943648926
204792,43878.016,11796.693962200896
204793,43878.016,61079.551825744085
204794,43878.016,15164.617329750768
204795,43878.016,64849.828045218404
204796,43878.016,33459.09001785736
204797,43878.016,26631.80528489015
204798,43878.016,15279.650352865878
204799,43878.016,26345.420255313613
204800,43878.016,54173.830261582334
204801,43878.016,16674.185644702942
204802,43878.016,29878.455403054748
204803,43878.016,12978.878750721991
204804,43878.016,37903.058597935196
204805,43878.016,25971.93866302382
204806,43878.016,23396.761306215554
204807,43878.016,33213.88304206611
204808,43878.016,61374.246869305025
204809,43878.016,9005.462345845026
204810,43878.016,45953.502507286896
204811,43878.016,25398.923090691133
204812,43878.016,18475.795929554315
204813,43878.016,12383.94820421444
204814,43878.016,14921.032152025065
204815,43878.016,12020.922948516962
204816,43878.016,44955.11063151907
204817,43878.016,53422.00115359932
204818,43878.016,57603.399494865465
204819,43878.016,60132.07754005788
204820,43878.016,16025.419499596084
204821,43878.016,50100.471742660055
204822,43878.016,10989.340719814316
204823,43878.016,74845.37528471832
204824,43878.016,20672.755185875165
204825,43878.016,29180.10013120759
204826,43878.016,14167.059208070934
204827,43878.016,60756.574013179474
204828,43878.016,9971.892861887794
204829,43878.016,32733.66190756331
204830,43878.016,40028.80304980117
204831,43878.016,42039.81578805089
204832,43878.016,31320.828354802703
204833,43878.016,21499.113842223906
204834,43878.016,8113.459308924351
204835,43878.016,58011.22530291929
204836,43878.016,25687.09962094074
204837,43878.016,24059.55828112707
204838,43878.016,7800.251981819177
204839,43878.016,8789.978163688334
204840,43878.016,44782.928112174006
204841,43878.016,36878.3691312673
204842,43878.016,49695.718812598854
204843,43878.016,25757.13772678887
204844,43878.016,17587.67858331642
204845,43878.016,39111.39673975096
204846,43878.016,74198.8105875958
204847,43878.016,9546.749291918868
204848,43878.016,28577.49132038913
204849,43878.016,23484.202887628366
204850,43878.016,41220.83008694972
204851,43878.016,26498.306297486408
204852,43878.016,11963.40831965864
204853,43878.016,55789.87534770529
204854,43878.016,12610.349363765283
204855,43878.016,36907.26291781275
204856,43878.016,47613.40098473486
204857,43878.016,10269.398804745204
204858,43878.016,18238.160373313014
204859,43878.016,2611.1309597020663
204860,43878.016,10285.111186260936
204861,43878.016,45074.88529239872
204862,43878.016,15958.968596769759
204863,43878.016,53839.88482780778
204864,43878.016,63226.73098047152
204865,43878.016,9755.836475767746
204866,43878.016,6989.84713742309
204867,43878.016,34705.234801574115
204868,43878.016,33887.53519444376
204869,43878.016,29985.531148357426
204870,43878.016,22199.601188427147
204871,43878.016,57051.224851094026
204872,43878.016,54865.218407547625
204873,43878.016,11302.00527646405
204874,43878.016,34352.38313712542
204875,43878.016,51569.700012331254
204876,43878.016,33048.51939206136
204877,43878.016,63921.48299446785
204878,43878.016,16239.272544401589
204879,43878.016,7863.080907623217
204880,43878.016,20741.196765490207
204881,43878.016,37936.97462170534
204882,43878.016,31671.730814192728
204883,43878.016,9476.107515000958
204884,43878.016,24633.359576437142
204885,43878.016,11694.209580127688
204886,43878.016,74947.88541927918
204887,43878.016,57350.13281728529
204888,43878.016,86152.45428854725
204889,43878.016,14104.616637068564
204890,43878.016,76491.03526325569
204891,43878.016,11173.453181713969
204892,43878.016,43313.54600604659
204893,43878.016,60191.699211075094
204894,43878.016,59627.907708332874
204895,43878.016,38162.69972441414
204896,43878.016,44019.85223936167
204897,43878.016,25014.96871436806
204898,43878.016,30933.17220262389
204899,43878.016,11969.669434505562
204900,43878.016,18427.440503674497
204901,43878.016,16052.536642595875
204902,43878.016,56211.379658622194
204903,43878.016,28300.463768746875
204904,43878.016,62646.52267616257
204905,43878.016,26061.143274119975
204906,43878.016,14128.049779854084
204907,43878.016,15212.368432326184
204908,43878.016,58554.272934213346
204909,43878.016,13929.691494607361
204910,43878.016,27299.026190074404
204911,43878.016,37508.12951375498
204912,43878.016,8413.382269802118
204913,43878.016,20683.792327745992
204914,43878.016,63482.23734709267
204915,43878.016,34588.525256681845
204916,43878.016,40285.87139014416
204917,43878.016,76827.42765607862
204918,43878.016,24370.281507122392
204919,43878.016,17745.05599288375
204920,43878.016,35325.023687646695
204921,43878.016,10827.16371200319
204922,43878.016,75065.49528437709
204923,43878.016,43443.87442415074
204924,43878.016,55093.949334586825
204925,43878.016,49396.03179008
204926,43878.016,57852.722378552186
204927,43878.016,10254.95192013036
204928,43878.016,65378.84509447342
204929,43878.016,21037.27615368402
204930,43878.016,39658.8950432848
204931,43878.016,5839.912622445391
204932,43878.016,11434.277063698759
204933,43878.016,52046.75964613506
204934,43878.016,11769.878095132468
204935,43878.016,46613.42626857334
204936,43878.016,12990.542172439638
204937,43878.016,15607.874816226134
204938,43878.016,27118.49394861694
204939,43878.016,14960.622764221607
204940,43878.016,9921.485132115153
204941,43878.016,35162.3682499502
204942,43878.016,62021.98722381095
204943,43878.016,39373.82679949997
204944,43878.016,9434.469847849783
204945,43878.016,23270.700268544835
204946,43878.016,39845.356652966264
204947,43878.016,91437.19963857175
204948,43878.016,73172.33867408634
204949,43878.016,34925.96630923527
204950,43878.016,8083.525180381688
204951,43878.016,72020.8538360071
204952,43878.016,54375.087446694466
204953,43878.016,57344.992554616816
204954,43878.016,17274.654083716887
204955,43878.016,53633.33772945787
204956,43878.016,19156.237098855167
204957,43878.016,8807.413846327861
204958,43878.016,53830.116148060806
204959,43878.016,57470.20543857649
204960,43878.016,51328.49246327111
204961,43878.016,58240.53587033865
204962,43878.016,11829.228714658195
204963,43878.016,41612.875281404595
204964,43878.016,11834.646012138051
204965,43878.016,65817.47407570525
204966,43878.016,36133.03952199342
204967,43878.016,53391.69044552862
204968,43878.016,79925.96026857488
204969,43878.016,11187.93391747856
204970,43878.016,19042.60239367576
204971,43878.016,32166.117919742723
204972,43878.016,43323.378360205534
204973,43878.016,31597.41091733184
204974,43878.016,31777.02327901515
204975,43878.016,42351.205734854375
204976,43878.016,8003.186886404014
204977,43878.016,46389.634140008326
204978,43878.016,14377.553757239288
204979,43878.016,31469.560036033556
204980,43878.016,16374.08410267128
204981,43878.016,36689.970592737984
204982,43878.016,47745.79738128537
204983,43878.016,13111.208814446594
204984,43878.016,36639.244911623995
204985,43878.016,21278.324599498214
204986,43878.016,17244.530657231146
204987,43878.016,19381.43405939838
204988,43878.016,13255.116793685844
204989,43878.016,16653.3517735692
204990,43878.016,21342.509550714498
204991,43878.016,10214.648980825605
204992,43878.016,10764.672359538756
204993,43878.016,21684.539537305063
204994,43878.016,14020.906990013144
204995,43878.016,32399.823641510236
204996,43878.016,43720.42827796361
204997,43878.016,17135.021244345684
204998,43878.016,54189.99561334554
204999,43878.016,50832.86231022283
205000,43878.016,48042.176750520535
205001,43878.016,50459.10911442316
205002,43878.016,12606.79420465463
205003,43878.016,59407.391440145286
205004,43878.016,12749.755325948632
205005,43878.016,22827.445553373436
205006,43878.016,35968.31774991957
205007,43878.016,30456.282124087942
205008,43878.016,75213.81638573593
205009,43878.016,12180.304201372763
205010,43878.016,10823.547711304665
205011,43878.016,47404.21743044536
205012,43878.016,63054.596759664746
205013,43878.016,22450.11047610872
205014,43878.016,27564.697463428816
205015,43878.016,55787.17089272143
205016,43878.016,37366.02378440395
205017,43878.016,39734.39798172786
205018,43878.016,49263.48484482728
205019,43878.016,65886.65854865775
205020,43878.016,21105.87088927845
205021,43878.016,26392.676602973803
205022,43878.016,11258.411315893114
205023,43878.016,5438.268650493235
205024,43878.016,49688.89585275557
205025,43878.016,8734.7760049831
205026,43878.016,50232.382612144174
205027,43878.016,55545.83330392024
205028,43878.016,10917.320718034229
205029,43878.016,47236.521985378415
205030,43878.016,29886.81720984393
205031,43878.016,39495.322263916285
205032,43878.016,12297.611263696253
205033,43878.016,8138.953392970244
205034,43878.016,57825.09066708154
205035,43878.016,17662.878079139962
205036,43878.016,16744.731587626575
205037,43878.016,41561.30557181307
205038,43878.016,46987.28981776282
205039,43878.016,29379.138956482
205040,43878.016,17248.7571571744
205041,43878.016,26985.50075425119
205042,43878.016,16375.005353558414
205043,43878.016,7635.516481727028
205044,43878.016,14544.330544845396
205045,43878.016,8058.068874582225
205046,43878.016,41121.96366413018
205047,43878.016,53654.713977181375
205048,43878.016,36206.139728322916
205049,43878.016,46051.42648984716
205050,43878.016,22273.339615416302
205051,43878.016,12910.734770858187
205052,43878.016,13350.147762145447
205053,43878.016,24322.567671308392
205054,43878.016,47753.14628827961
205055,43878.016,47157.29234455082
205056,43878.016,30740.003191099313
205057,43878.016,53373.219764473404
205058,43878.016,18125.444166153222
205059,43878.016,44063.647776458005
205060,43878.016,6554.824578760577
205061,43878.016,87030.82013132503
205062,43878.016,27477.151859108522
205063,43878.016,39906.82039825675
205064,43878.016,19412.994060081535
205065,43878.016,33094.47505737084
205066,43878.016,28656.57542492202
205067,43878.016,14717.001622961414
205068,43878.016,23727.51974120553
205069,43878.016,48694.3202522929
205070,43878.016,10820.975640107174
205071,43878.016,16251.729812738984
205072,43878.016,42522.52646737914
205073,43878.016,42612.9905619574
205074,43878.016,6406.410189479048
205075,43878.016,62845.44265434279
205076,43878.016,7188.837834692839
205077,43878.016,44221.39346112677
205078,43878.016,17173.077832639156
205079,43878.016,32950.95718095111
205080,43878.016,70033.98397950635
205081,43878.016,73608.45264641302
205082,43878.016,28732.455964472527
205083,43878.016,12037.165452963345
205084,43878.016,31699.488914621103
205085,43878.016,69529.8131149554
205086,43878.016,8915.291319787384
205087,43878.016,62146.013695358604
205088,43878.016,23509.48297771877
205089,43878.016,15690.207155134553
205090,43878.016,25114.580190907316
205091,43878.016,35534.633751899804
205092,43878.016,12236.850843359323
205093,43878.016,9078.41099407548
205094,43878.016,13097.62851101565
205095,43878.016,55153.52647222037
205096,43878.016,74483.04166085944
205097,43878.016,14565.946791093527
205098,43878.016,24637.803869106345
205099,43878.016,15444.65998218125
205100,43878.016,52093.85286477216
205101,43878.016,52100.27502578159
205102,43878.016,21717.854822120888
205103,43878.016,29079.15419247033
205104,43878.016,13217.026540824469
205105,43878.016,15856.034764136763
205106,43878.016,10924.49405699505
205107,43878.016,47237.77465075781
205108,43878.016,27933.978467038847
205109,43878.016,21837.78631122995
205110,43878.016,69807.74115438372
205111,43878.016,6218.41875034707
205112,43878.016,63631.65820290703
205113,43878.016,47462.721887040425
205114,43878.016,67373.8759477171
205115,43878.016,18917.326610384567
205116,43878.016,10387.416570849768
205117,43878.016,61855.54730924904
205118,43878.016,8744.867841860098
205119,43878.016,8686.313088405968
205120,43878.016,19338.386513817928
205121,43878.016,54007.31685216211
205122,43878.016,41724.60444514371
205123,43878.016,12045.00674654824
205124,43878.016,50242.24345281937
205125,43878.016,47272.49849584743
205126,43878.016,48349.061515783505
205127,43878.016,63525.31503876411
205128,43878.016,16391.220994263094
205129,43878.016,59316.00106239421
205130,43878.016,37670.260198484175
205131,43878.016,7554.402506585227
205132,43878.016,47070.78437960412
205133,43878.016,27602.505367287213
205134,43878.016,25716.129084121327
205135,43878.016,77000.90431114307
205136,43878.016,38665.87570462488
205137,43878.016,31030.91729769507
205138,43878.016,43979.71116726175
205139,43878.016,67515.60425684444
205140,43878.016,43590.55489592931
205141,43878.016,13561.59824862552
205142,43878.016,58586.18136431676
205143,43878.016,8697.083809897551
205144,43878.016,18417.553403693175
205145,43878.016,34791.30430120094
205146,43878.016,52589.16497994565
205147,43878.016,12430.18545944144
205148,43878.016,21075.317818000985
205149,43878.016,20234.305168154857
205150,43878.016,13101.516776230354
205151,43878.016,43387.11321956906
205152,43878.016,76415.88509030298
205153,43878.016,43422.24470257145
205154,43878.016,11175.699837850985
205155,43878.016,51290.80532054706
205156,43878.016,28871.92308832937
205157,43878.016,7483.7475123422955
205158,43878.016,46967.5511082133
205159,43878.016,10616.621523299838
205160,43878.016,20459.143411449175
205161,43878.016,29587.576370446317
205162,43878.016,9362.825167727995
205163,43878.016,19631.35629384137
205164,43878.016,15491.035470745142
205165,43878.016,49058.92363899466
205166,43878.016,19247.78292974226
205167,43878.016,14991.231139354542
205168,43878.016,14134.34577951042
205169,43878.016,22028.862477853003
205170,43878.016,52988.826497910726
205171,43878.016,33824.64017916177
205172,43878.016,53427.788176773705
205173,43878.016,45283.0134546399
205174,43878.016,11687.552208869774
205175,43878.016,16123.379679944628
205176,43878.016,34861.8071257012
205177,43878.016,25749.643529061937
205178,43878.016,13527.954203005156
205179,43878.016,46690.2789023854
205180,43878.016,29405.031217855547
205181,43878.016,76876.86648959146
205182,43878.016,10228.633450032923
205183,43878.016,41836.787287924315
205184,43878.016,46135.53692427882
205185,43878.016,53611.188992500574
205186,43878.016,51540.486718367734
205187,43878.016,51581.26337541977
205188,43878.016,30685.040320913155
205189,43878.016,67801.62783668932
205190,43878.016,26133.38583830864
205191,43878.016,8558.012764986217
205192,43878.016,47632.423608449004
205193,43878.016,23900.346647809234
205194,43878.016,38903.91001677801
205195,43878.016,12296.433537218707
205196,43878.016,15218.848527380265
205197,43878.016,30624.53638347053
205198,43878.016,30543.995809003896
205199,43878.016,20123.632346893362
205200,43878.016,27110.79253607523
205201,43878.016,56745.81849104866
205202,43878.016,38186.09128812887
205203,43878.016,17418.368356436626
205204,43878.016,10751.699051624208
205205,43878.016,46135.02390689928
205206,43878.016,29790.044299320045
205207,43878.016,38201.99444703211
205208,43878.016,40738.31189230322
205209,43878.016,23210.97909490299
205210,43878.016,53563.294699645296
205211,43878.016,31987.08808402191
205212,43878.016,36406.84434733685
205213,43878.016,37032.23792830409
205214,43878.016,65810.32085263396
205215,43878.016,51361.5613966407
205216,43878.016,54289.94446076327
205217,43878.016,26161.725226846163
205218,43878.016,39583.81187968479
205219,43878.016,31201.54258323094
205220,43878.016,21830.28715326263
205221,43878.016,11883.260556495941
205222,43878.016,58625.30053552407
205223,43878.016,50283.74884520885
205224,43878.016,83807.85492784412
205225,43878.016,59829.71243804022
205226,43878.016,33445.83617069009
205227,43878.016,66121.23121762015
205228,43878.016,46990.271688563225
205229,43878.016,28256.65725302307
205230,43878.016,44894.5335721454
205231,43878.016,47602.99453322094
205232,43878.016,35810.0868185217
205233,43878.016,10615.932054549683
205234,43878.016,30474.392352111758
205235,43878.016,50205.7509292756
205236,43878.016,42630.126130033364
205237,43878.016,22745.812730137506
205238,43878.016,35103.333944252896
205239,43878.016,29620.031878920938
205240,43878.016,13458.790577951004
205241,43878.016,40037.23012682436
205242,43878.016,17619.341009015698
205243,43878.016,27599.520397915203
205244,43878.016,8919.585157907466
205245,43878.016,69636.36651577876
205246,43878.016,9855.379707789249
205247,43878.016,24911.969708576533
205248,43878.016,14155.19280773405
205249,43878.016,15122.097012388478
205250,43878.016,10772.175198225068
205251,43878.016,21871.65280323628
205252,43878.016,43168.47712070735
205253,43878.016,32483.541568867724
205254,43878.016,16364.554918348667
205255,43878.016,54251.86081354041
205256,43878.016,18974.267492918814
205257,43878.016,44473.65719940717
205258,43878.016,16890.500889132898
205259,43878.016,24683.306325095946
205260,43878.016,23476.44278697944
205261,43878.016,37758.133610877565
205262,43878.016,24393.75051163349
205263,43878.016,21583.12216569257
205264,43878.016,37684.80082834937
205265,43878.016,11510.74015690133
205266,43878.016,53935.585036150376
205267,43878.016,33904.38506493785
205268,43878.016,29748.279115064426
205269,43878.016,30847.801919064055
205270,43878.016,41002.31695519345
205271,43878.016,44382.741817747745
205272,43878.016,21460.535335988352
205273,43878.016,41286.70735105353
205274,43878.016,48068.22266367557
205275,43878.016,31028.655785608695
205276,43878.016,36581.80190963656
205277,43878.016,39859.84047351857
205278,43878.016,54849.8185911509
205279,43878.016,32534.5030536875
205280,43878.016,19124.962525360927
205281,43878.016,9075.832392006561
205282,43878.016,43394.68993130368
205283,43878.016,27068.580683497203
205284,43878.016,33768.73781960121
205285,43878.016,58664.50828187946
205286,43878.016,60499.42933286601
205287,43878.016,53973.68916135096
205288,43878.016,13131.961992362238
205289,43878.016,17541.382957629718
205290,43878.016,61803.7536846102
205291,43878.016,30573.963033878004
205292,43878.016,18588.70877568129
205293,43878.016,16801.618707414433
205294,43878.016,46391.2311350187
205295,43878.016,42256.678147014565
205296,43878.016,7478.805922445319
205297,43878.016,21397.175694762424
205298,43878.016,38947.563858245405
205299,43878.016,29428.50516569068
205300,43878.016,15181.967940061102
205301,43878.016,49241.93697852146
205302,43878.016,32030.443552280427
205303,43878.016,51311.90717818161
205304,43878.016,19387.49126108661
205305,43878.016,38513.87628338051
205306,43878.016,14707.890909615728
205307,43878.016,84989.39120036815
205308,43878.016,12774.128393503377
205309,43878.016,32487.691381876302
205310,43878.016,35560.50228412086
205311,43878.016,10762.427509117124
205312,43878.016,10643.233503101128
205313,43878.016,32163.893987786923
205314,43878.016,35456.2299183389
205315,43878.016,21709.076035873397
205316,43878.016,12170.43913219605
205317,43878.016,5447.7726431916335
205318,43878.016,63072.78079710733
205319,43878.016,119912.5391880006
205320,43878.016,13562.97555478454
205321,43878.016,40993.581724535085
205322,43878.016,28419.550254778893
205323,43878.016,67437.44002240774
205324,43878.016,35114.22358282101
205325,43878.016,59349.9280290386
205326,43878.016,40864.105361967224
205327,43878.016,34033.85832757672
205328,43878.016,38009.3095491847
205329,43878.016,11046.654199643455
205330,43878.016,21576.528620087814
205331,43878.016,13805.725143585893
205332,43878.016,75607.48484838617
205333,43878.016,60048.1140194341
205334,43878.016,56475.956507958355
205335,43878.016,44786.70843092258
205336,43878.016,59461.8327295537
205337,43878.016,60256.30848854081
205338,43878.016,63815.565671544326
205339,43878.016,14525.595444663082
205340,43878.016,43664.88770442983
205341,43878.016,49800.719757939834
205342,43878.016,58274.59823814253
205343,43878.016,35458.809629891985
205344,43878.016,39615.65261570507
205345,43878.016,19965.333555441335
205346,43878.016,46939.71330653276
205347,43878.016,30911.333006732155
205348,43878.016,45038.98186362681
205349,43878.016,54784.884860346276
205350,43878.016,58416.32849201129
205351,43878.016,33786.861057202295
205352,43878.016,62775.76969019635
205353,43878.016,9288.062807162776
205354,43878.016,22047.954941662803
205355,43878.016,35820.704634506474
205356,43878.016,32005.774495857997
205357,43878.016,27088.085145647383
205358,43878.016,34019.17941269047
205359,43878.016,20064.570397574837
205360,43878.016,36231.007346839775
205361,43878.016,50227.72964877364
205362,43878.016,18603.022071784464
205363,43878.016,20243.251498012203
205364,43878.016,20694.653444023636
205365,43878.016,63774.56877282966
205366,43878.016,52688.545987680205
205367,43878.016,29390.8478400586
205368,43878.016,33852.19881577986
205369,43878.016,22423.531173433952
205370,43878.016,87541.38139282436
205371,43878.016,28007.858068086
205372,43878.016,36399.4669128253
205373,43878.016,39051.46783445359
205374,43878.016,5996.821986457087
205375,43878.016,63455.40527630006
205376,43878.016,31781.041415252974
205377,43878.016,18260.17698808221
205378,43878.016,46924.85989477277
205379,43878.016,46955.87745385368
205380,43878.016,29912.204381248295
205381,43878.016,15479.08347263132
205382,43878.016,54436.32892315139
205383,43878.016,54683.642718519346
205384,43878.016,27043.69787119188
205385,43878.016,39935.74511148758
205386,43878.016,71342.04100958112
205387,43878.016,14981.106507348492
205388,43878.016,55337.53367094699
205389,43878.016,75091.29892685826
205390,43878.016,39526.68561519641
205391,43878.016,19119.32864850169
205392,43878.016,32860.07246931438
205393,43878.016,11381.388714755374
205394,43878.016,41475.24934413126
205395,43878.016,13512.876481857063
205396,43878.016,10202.557903273482
205397,43878.016,43053.720774527785
205398,43878.016,35371.894521447386
205399,43878.016,43017.31020372443
205400,43878.016,26579.27094676409
205401,43878.016,55474.823213943026
205402,43878.016,19520.794488976142
205403,43878.016,20956.09261768018
205404,43878.016,71923.2482443268
205405,43878.016,17822.559624144444
205406,43878.016,26510.54922358682
205407,43878.016,19612.2975363058
205408,43878.016,50361.24433382003
205409,43878.016,14512.097001168033
205410,43878.016,25631.123248905264
205411,43878.016,10037.937808670466
205412,43878.016,29555.26382968487
205413,43878.016,34187.474453973504
205414,43878.016,26231.05148789348
205415,43878.016,35854.15067528331
205416,43878.016,41662.673638067776
205417,43878.016,37994.233421552904
205418,43878.016,24958.47757887412
205419,43878.016,47481.064979299335
205420,43878.016,45058.11823499527
205421,43878.016,10297.64464086264
205422,43878.016,38281.56097432754
205423,43878.016,24275.426368325905
205424,43878.016,6985.749956365735
205425,43878.016,38285.70555458472
205426,43878.016,35880.57659300626
205427,43878.016,34005.74173298144
205428,43878.016,22445.977566714704
205429,43878.016,9301.096582191045
205430,43878.016,54850.14674014445
205431,43878.016,11924.881439762654
205432,43878.016,22648.803911288574
205433,43878.016,47735.33012437214
205434,43878.016,32055.959649726356
205435,43878.016,38284.631852585335
205436,43878.016,31132.807434618204
205437,43878.016,31413.757606786916
205438,43878.016,24981.538899524916
205439,43878.016,10526.547827593286
205440,43878.016,45835.100684111734
205441,43878.016,46972.88049860294
205442,43878.016,22779.07908626281
205443,43878.016,27922.338986011884
205444,43878.016,19588.83441314661
205445,43878.016,17282.837392905698
205446,43878.016,56362.66724712869
205447,43878.016,14790.502697802722
205448,43878.016,11818.101785146402
205449,43878.016,17625.70968492652
205450,43878.016,17951.15338220068
205451,43878.016,9522.65468850209
205452,43878.016,47937.764576522975
205453,43878.016,27975.259801902987
205454,43878.016,53223.417927668255
205455,43878.016,45560.895828050976
205456,43878.016,62517.21105058023
205457,43878.016,12645.582240507607
205458,43878.016,56111.79023416453
205459,43878.016,8030.854397658371
205460,43878.016,44341.52718376944
205461,43878.016,6330.4802583944675
205462,43878.016,37657.58817743063
205463,43878.016,26911.297501053483
205464,43878.016,58823.184301314745
205465,43878.016,40037.03299541633
205466,43878.016,23407.4271310538
205467,43878.016,31267.329829861625
205468,43878.016,29960.22111045018
205469,43878.016,54306.4028307036
205470,43878.016,6784.212778381786
205471,43878.016,13625.53319123424
205472,43878.016,33041.11454647523
205473,43878.016,10092.493680399071
205474,43878.016,11123.314053052227
205475,43878.016,25285.154350742327
205476,43878.016,38498.93291861404
205477,43878.016,6461.814785980508
205478,43878.016,17751.00708717848
205479,43878.016,11915.451950937537
205480,43878.016,36437.97691349156
205481,43878.016,15186.104682916313
205482,43878.016,55182.10595181935
205483,43878.016,67663.39263622946
205484,43878.016,72883.8160567047
205485,43878.016,51518.851644183254
205486,43878.016,17151.85755308583
205487,43878.016,57001.46538588229
205488,43878.016,23843.4450888962
205489,43878.016,19753.698770223975
205490,43878.016,5674.197578856375
205491,43878.016,11627.568793582956
205492,43878.016,19712.831168538607
205493,43878.016,18464.50251502219
205494,43878.016,26509.823495332075
205495,43878.016,36850.97748496239
205496,43878.016,17693.452168904405
205497,43878.016,61362.85672378123
205498,43878.016,30389.917221660384
205499,43878.016,76369.8882276547
205500,43878.016,57713.709167885216
205501,43878.016,37892.218947005764
205502,43878.016,11230.132940964224
205503,43878.016,57677.83988264396
205504,43878.016,86745.79564531916
205505,43878.016,30252.197529654954
205506,43878.016,25948.90356356632
205507,43878.016,26048.75048884017
205508,43878.016,20905.28030169397
205509,43878.016,49485.04476383482
205510,43878.016,28451.95259609909
205511,43878.016,14576.478231948136
205512,43878.016,14373.11132891525
205513,43878.016,36100.272402105984
205514,43878.016,17702.02507621535
205515,43878.016,36829.17783833836
205516,43878.016,59676.8207463538
205517,43878.016,77247.57798824401
205518,43878.016,34074.31966937164
205519,43878.016,57998.736120523485
205520,43878.016,29719.84534507678
205521,43878.016,33850.179672841354
205522,43878.016,18257.619622170558
205523,43878.016,23714.734252162012
205524,43878.016,57590.30436458306
205525,43878.016,12114.105612308027
205526,43878.016,10140.113799638237
205527,43878.016,11665.070470069766
205528,43878.016,27265.256196639984
205529,43878.016,37236.3814897925
205530,43878.016,8694.671872246683
205531,43878.016,27629.806472050204
205532,43878.016,20422.09591413158
205533,43878.016,35548.613764021946
205534,43878.016,31426.883557443834
205535,43878.016,10263.032691679644
205536,43878.016,28544.908680362696
205537,43878.016,41017.85218104606
205538,43878.016,57860.82106131226
205539,43878.016,46537.86806872743
205540,43878.016,26932.403513652134
205541,43878.016,105940.64370415658
205542,43878.016,19907.9829412341
205543,43878.016,46057.446695093866
205544,43878.016,61089.5708012764
205545,43878.016,35191.87270477955
205546,43878.016,38501.04650004213
205547,43878.016,61208.51878545582
205548,43878.016,27386.185103321313
205549,43878.016,30779.160916385114
205550,43878.016,53732.33881908455
205551,43878.016,18247.8229900215
205552,43878.016,45022.18765491412
205553,43878.016,7509.9621471558385
205554,43878.016,44495.97082517515
205555,43878.016,48598.77447326387
205556,43878.016,27523.40027432674
205557,43878.016,38163.1099906197
205558,43878.016,13429.026006316564
205559,43878.016,51923.23762235533
205560,43878.016,15022.90836368204
205561,43878.016,58971.472161086705
205562,43878.016,73153.1696939122
205563,43878.016,27247.480375963198
205564,43878.016,31163.606940295635
205565,43878.016,41969.442813003116
205566,43878.016,28410.657131212385
205567,43878.016,27922.716443225203
205568,43878.016,53532.88545749786
205569,43878.016,8533.321504680496
205570,43878.016,67928.73639314724
205571,43878.016,45544.39093214028
205572,43878.016,47912.272592779365
205573,43878.016,75067.41199239637
205574,43878.016,25750.191142931126
205575,43878.016,49120.4463632166
205576,43878.016,23543.493450891114
205577,43878.016,75334.39910615576
205578,43878.016,20179.356604578155
205579,43878.016,68449.04234745052
205580,43878.016,53148.76301186211
205581,43878.016,41451.780025400396
205582,43878.016,8702.790641910815
205583,43878.016,27352.48018612921
205584,43878.016,57712.526173842074
205585,43878.016,18666.835263116987
205586,43878.016,29753.979375421455
205587,43878.016,53315.401193703925
205588,43878.016,48873.569493847295
205589,43878.016,15757.702503109393
205590,43878.016,50527.951368369104
205591,43878.016,18786.98023798677
205592,43878.016,55479.88326532064
205593,43878.016,47424.10246784325
205594,43878.016,29312.914917911832
205595,43878.016,10233.658287021262
205596,43878.016,29003.116651888595
205597,43878.016,25187.419956461188
205598,43878.016,30332.875073168543
205599,43878.016,35255.63781873378
205600,43878.016,38026.12957093411
205601,43878.016,12803.959872484616
205602,43878.016,28859.568720218194
205603,43878.016,45767.296242842065
205604,43878.016,15686.359921518591
205605,43878.016,39832.51585969713
205606,43878.016,9492.270030591362
205607,43878.016,15267.546681076132
205608,43878.016,55288.21853339799
205609,43878.016,26321.47698166541
205610,43878.016,34737.97391164312
205611,43878.016,34946.70310577676
205612,43878.016,20274.267796689684
205613,43878.016,3719.5122306637886
205614,43878.016,54812.534095006624
205615,43878.016,37727.04179163703
205616,43878.016,38536.938112252734
205617,43878.016,44086.585366414634
205618,43878.016,56172.12223938981
205619,43878.016,14975.827388732108
205620,43878.016,56298.23239752918
205621,43878.016,26892.50938850964
205622,43878.016,11312.319971147843
205623,43878.016,31789.223420575036
205624,43878.016,20786.763114100184
205625,43878.016,8945.959097727145
205626,43878.016,11335.316654547716
205627,43878.016,14020.812867927627
205628,43878.016,35795.98674525966
205629,43878.016,7540.209661018103
205630,43878.016,27719.495939719483
205631,43878.016,15368.840809820693
205632,43878.016,27212.598536325473
205633,43878.016,35062.785547051826
205634,43878.016,73802.8458031642
205635,43878.016,19276.139290426156
205636,43878.016,17678.218173066736
205637,43878.016,46307.12885041916
205638,43878.016,63354.730911996725
205639,43878.016,9350.5528246378
205640,43878.016,27343.335014780838
205641,43878.016,18558.356618291942
205642,43878.016,14156.978801547579
205643,43878.016,31141.974521384098
205644,43878.016,33154.17731098585
205645,43878.016,14980.603707752756
205646,43878.016,33829.340000740754
205647,43878.016,13810.927867100601
205648,43878.016,49653.71185846466
205649,43878.016,11463.070260064203
205650,43878.016,16541.249599640272
205651,43878.016,10926.461365375293
205652,43878.016,37623.86359156653
205653,43878.016,5958.782553903115
205654,43878.016,48424.04437523746
205655,43878.016,45579.111708192824
205656,43878.016,19921.331322480255
205657,43878.016,16928.619402183333
205658,43878.016,20716.91715709887
205659,43878.016,22193.93426659869
205660,43878.016,68681.41424036841
205661,43878.016,61664.75155811453
205662,43878.016,14822.715615121302
205663,43878.016,36872.317150058225
205664,43878.016,14870.511017192775
205665,43878.016,9559.797079621647
205666,43878.016,68690.96291320484
205667,43878.016,8620.413788855167
205668,43878.016,96148.261201761
205669,43878.016,17798.43041350203
205670,43878.016,38949.728865112345
205671,43878.016,48461.55224728584
205672,43878.016,15975.251426243833
205673,43878.016,19521.824061685224
205674,43878.016,26956.52119008092
205675,43878.016,19214.570490612943
205676,43878.016,20374.45671722713
205677,43878.016,16000.52901084957
205678,43878.016,32080.123533830203
205679,43878.016,8261.28146180154
205680,43878.016,51088.16223918883
205681,43878.016,15479.689646341581
205682,43878.016,47589.55923885159
205683,43878.016,34688.19150234095
205684,43878.016,16425.421930549877
205685,43878.016,42170.13384248894
205686,43878.016,6469.172562238058
205687,43878.016,58555.24940602267
205688,43878.016,29048.340409594533
205689,43878.016,56928.37674741762
205690,43878.016,4424.628365032137
205691,43878.016,18486.119447702593
205692,43878.016,34476.87175985192
205693,43878.016,6888.493848403899
205694,43878.016,9982.241926482024
205695,43878.016,17780.03250246687
205696,43878.016,23564.844586748386
205697,43878.016,52733.324492512824
205698,43878.016,64696.4461245955
205699,43878.016,10559.284249257507
205700,43878.016,8871.069969961965
205701,43878.016,19472.092832312865
205702,43878.016,60796.24573246675
205703,43878.016,71173.32487960247
205704,43878.016,22257.794679525534
205705,43878.016,23395.19084936759
205706,43878.016,28990.886145834476
205707,43878.016,22856.679249497287
205708,43878.016,13384.963648172792
205709,43878.016,32431.45257332421
205710,43878.016,16411.732636512566
205711,43878.016,12389.989043438336
205712,43878.016,15700.802997831637
205713,43878.016,26054.530079469096
205714,43878.016,22286.443255848088
205715,43878.016,36410.670078605835
205716,43878.016,49932.46793676041
205717,43878.016,77349.7333909339
205718,43878.016,59366.6501489573
205719,43878.016,71047.10118551533
205720,43878.016,26098.04717811424
205721,43878.016,61081.942196453885
205722,43878.016,58174.87469064369
205723,43878.016,55086.008485990125
205724,43878.016,40854.53594479916
205725,43878.016,11491.018978307544
205726,43878.016,9689.712856488264
205727,43878.016,13289.042448399065
205728,43878.016,23000.343501791867
205729,43878.016,68803.91156747767
205730,43878.016,40851.11448125097
205731,43878.016,59737.00271282585
205732,43878.016,62050.830993174604
205733,43878.016,17782.41804250074
205734,43878.016,47135.42294703661
205735,43878.016,32043.695532522193
205736,43878.016,57551.52145151137
205737,43878.016,11845.640794928515
205738,43878.016,30563.71811542516
205739,43878.016,46833.23245129458
205740,43878.016,25646.1251817526
205741,43878.016,62679.552528518274
205742,43878.016,43527.28589027047
205743,43878.016,24830.378803124604
205744,43878.016,30849.212287815146
205745,43878.016,21623.348539994553
205746,43878.016,24232.781821993434
205747,43878.016,25029.686039621538
205748,43878.016,66631.23855757974
205749,43878.016,16615.594629194322
205750,43878.016,53404.40514344463
205751,43878.016,54835.872957426975
205752,43878.016,30717.10471853236
205753,43878.016,44931.52076841106
205754,43878.016,16952.816678343097
205755,43878.016,53498.1073448278
205756,43878.016,22261.112768814823
205757,43878.016,26435.668982982144
205758,43878.016,17262.156230745262
205759,43878.016,17052.686502320303
205760,43878.016,39124.74503314544
205761,43878.016,31238.273318677122
205762,43878.016,15532.758843304468
205763,43878.016,32601.325362080115
205764,43878.016,24888.54631874501
205765,43878.016,26695.719465608254
205766,43878.016,9951.847333780974
205767,43878.016,18793.806919781706
205768,43878.016,18615.880281273607
205769,43878.016,6155.976888596488
205770,43878.016,34868.85671573607
205771,43878.016,31233.46733085782
205772,43878.016,58932.5514709331
205773,43878.016,24777.66750457215
205774,43878.016,53087.044929987416
205775,43878.016,62476.94840289349
205776,43878.016,30477.38107867203
205777,43878.016,42764.56951662181
205778,43878.016,10748.061744156983
205779,43878.016,36474.92651038364
205780,43878.016,35869.680393447234
205781,43878.016,63240.69408272463
205782,43878.016,62902.473224542
205783,43878.016,48693.55648063689
205784,43878.016,40649.10122173324
205785,43878.016,43458.949131517635
205786,43878.016,22958.689210829547
205787,43878.016,66865.13370752672
205788,43878.016,8495.9365944536
205789,43878.016,45204.854220298344
205790,43878.016,16794.908770240632
205791,43878.016,51813.43413195929
205792,43878.016,23390.354212484464
205793,43878.016,73705.7283604038
205794,43878.016,46056.82579377383
205795,43878.016,56547.69894924484
205796,43878.016,13878.916476999191
205797,43878.016,39798.9679047397
205798,43878.016,40105.12026218777
205799,43878.016,53015.53618458901
205800,43878.016,78208.50898764205
205801,43878.016,44158.92598599274
205802,43878.016,9159.71233687474
205803,43878.016,36514.84995452702
205804,43878.016,17160.929076715936
205805,43878.016,14438.575579938286
205806,43878.016,9604.055031799848
205807,43878.016,31205.63889348
205808,43878.016,56282.205831725085
205809,43878.016,24347.986384448766
205810,43878.016,18742.18127943648
205811,43878.016,24014.254252175702
205812,43878.016,15365.283039478049
205813,43878.016,15045.885719327094
205814,43878.016,53596.77663125494
205815,43878.016,20326.541443560454
205816,43878.016,27740.75284876794
205817,43878.016,56610.82974223625
205818,43878.016,43395.02927437263
205819,43878.016,30954.770192674216
205820,43878.016,27368.360106319207
205821,43878.016,44167.20376703144
205822,43878.016,34532.119323438026
205823,43878.016,75825.09319646422
205824,43878.016,40661.23513925362
205825,43878.016,56600.29024226562
205826,43878.016,44909.81655404679
205827,43878.016,22108.859731892913
205828,43878.016,35112.22592207848
205829,43878.016,15993.155549489184
205830,43878.016,30228.70269409509
205831,43878.016,25700.236233725365
205832,43878.016,12147.844433710176
205833,43878.016,19791.80121924675
205834,43878.016,25630.51172522245
205835,43878.016,23846.8714932159
205836,43878.016,14701.547530700249
205837,43878.016,55613.78019249695
205838,43878.016,94990.96782940894
205839,43878.016,33034.75880399467
205840,43878.016,26159.075405832995
205841,43878.016,15479.840093297005
205842,43878.016,61617.27402107379
205843,43878.016,36518.887749590125
205844,43878.016,110831.78987706051
205845,43878.016,86943.03931866722
205846,43878.016,56776.53438646771
205847,43878.016,51202.720455287774
205848,43878.016,46020.1056071921
205849,43878.016,48192.52345497332
205850,43878.016,39642.67819080657
205851,43878.016,35851.95968443847
205852,43878.016,55670.80808768073
205853,43878.016,28778.20134762067
205854,43878.016,20106.959629225104
205855,43878.016,31345.09906431674
205856,43878.016,16217.141252375244
205857,43878.016,23741.555122119615
205858,43878.016,13966.310715102627
205859,43878.016,33801.27985824051
205860,43878.016,36529.0075928885
205861,43878.016,36935.52977234256
205862,43878.016,45228.28457496487
205863,43878.016,61960.15491091332
205864,43878.016,45057.33705048102
205865,43878.016,52365.569240311605
205866,43878.016,15847.398885764393
205867,43878.016,15769.691141046378
205868,43878.016,6513.710005179779
205869,43878.016,40775.68162892306
205870,43878.016,22673.304896715734
205871,43878.016,18876.758278185127
205872,43878.016,45282.31197626252
205873,43878.016,66003.38058621064
205874,43878.016,45279.96962053
205875,43878.016,29157.893427855073
205876,43878.016,22333.21718002715
205877,43878.016,54849.78408330716
205878,43878.016,34435.34844689862
205879,43878.016,59540.97281612616
205880,43878.016,25051.532684924223
205881,43878.016,39283.85854642659
205882,43878.016,15231.090902639546
205883,43878.016,20532.008251032497
205884,43878.016,53776.15313851435
205885,43878.016,9837.450749642087
205886,43878.016,47318.967253221716
205887,43878.016,15861.50912022634
205888,43878.016,26808.510990048897
205889,43878.016,8384.490422405594
205890,43878.016,30972.97988721255
205891,43878.016,10908.479987542582
205892,43878.016,52755.54266279005
205893,43878.016,75676.1636604083
205894,43878.016,42369.7078281273
205895,43878.016,28798.01589449598
205896,43878.016,18811.48291769571
205897,43878.016,25250.71823855045
205898,43878.016,35552.499665102834
205899,43878.016,45467.53196871771
205900,43878.016,41947.65490703253
205901,43878.016,46334.11270486889
205902,43878.016,46903.56423033427
205903,43878.016,14151.041748762053
205904,43878.016,21702.150994774798
205905,43878.016,78128.20945750977
205906,43878.016,65183.969266326145
205907,43878.016,32168.03354718533
205908,43878.016,12401.713702862176
205909,43878.016,39979.09682239959
205910,43878.016,64499.27195517676
205911,43878.016,17490.856962663074
205912,43878.016,70433.71175068493
205913,43878.016,12555.701143204313
205914,43878.016,30208.008411854145
205915,43878.016,23207.204868919245
205916,43878.016,27332.246257676084
205917,43878.016,57144.539625262834
205918,43878.016,8479.635505995704
205919,43878.016,21110.353350436577
205920,43878.016,43246.00268767107
205921,43878.016,49226.13387745392
205922,43878.016,39324.42929377279
205923,43878.016,16042.984717210491
205924,43878.016,16085.851691257854
205925,43878.016,15994.878535984972
205926,43878.016,29613.187972512387
205927,43878.016,9156.72115408552
205928,43878.016,50819.38994340341
205929,43878.016,25189.38832265504
205930,43878.016,65257.52291957126
205931,43878.016,44813.75394361971
205932,43878.016,10206.631585391233
205933,43878.016,41762.36861769284
205934,43878.016,70528.55220642131
205935,43878.016,40760.06156754616
205936,43878.016,52535.151577068806
205937,43878.016,42145.11863103402
205938,43878.016,59559.50508153023
205939,43878.016,67889.9499097935
205940,43878.016,46978.5002000772
205941,43878.016,37125.23190027369
205942,43878.016,20202.069304652905
205943,43878.016,41788.830317180254
205944,43878.016,48997.03933848401
205945,43878.016,30534.25949952462
205946,43878.016,27362.245624127976
205947,43878.016,29120.89464281189
205948,43878.016,30850.105175658486
205949,43878.016,51720.86802512591
205950,43878.016,56144.66522315011
205951,43878.016,30609.978062751554
205952,43878.016,18092.339065386495
205953,43878.016,33697.85517512222
205954,43878.016,39455.59657236691
205955,43878.016,30089.238135997144
205956,43878.016,23119.22445030674
205957,43878.016,24712.275579154855
205958,43878.016,26683.642864329293
205959,43878.016,59307.03898630005
205960,43878.016,50699.92185355271
205961,43878.016,20262.593087603116
205962,43878.016,83421.50613978885
205963,43878.016,43541.77300056729
205964,43878.016,24544.102806745363
205965,43878.016,16326.072004765743
205966,43878.016,17242.880395409284
205967,43878.016,32537.89989799816
205968,43878.016,43912.91738058445
205969,43878.016,45283.00693616251
205970,43878.016,34719.3212961929
205971,43878.016,35832.50030573392
205972,43878.016,34561.10159579665
205973,43878.016,14523.730554571663
205974,43878.016,42538.80363570461
205975,43878.016,83799.45755183048
205976,43878.016,28655.951706836666
205977,43878.016,7897.921853947906
205978,43878.016,11965.920010697735
205979,43878.016,35222.39688184753
205980,43878.016,25477.160302584638
205981,43878.016,79894.72668895082
205982,43878.016,44031.75906683342
205983,43878.016,10705.226013785621
205984,43878.016,23260.9488896006
205985,43878.016,19313.384388096787
205986,43878.016,10770.484601583255
205987,43878.016,56772.90732426699
205988,43878.016,27841.175096675008
205989,43878.016,34697.10043968975
205990,43878.016,40153.9923116524
205991,43878.016,49103.13188581679
205992,43878.016,11431.134578428226
205993,43878.016,16256.57399121354
205994,43878.016,31725.421566811325
205995,43878.016,63702.93257956784
205996,43878.016,51761.13579571515
205997,43878.016,17737.44712623936
205998,43878.016,13173.99755593446
205999,43878.016,24111.353458076566
206000,43878.016,11477.681197451113
206001,43878.016,51735.02774114955
206002,43878.016,50005.7113636609
206003,43878.016,34349.50468797544
206004,43878.016,30894.099361324388
206005,43878.016,53038.58761270546
206006,43878.016,27699.437893730617
206007,43878.016,14659.915780006895
206008,43878.016,20885.501919911407
206009,43878.016,23011.86010650099
206010,43878.016,48088.16315394415
206011,43878.016,28802.090694040555
206012,43878.016,39862.90144463981
206013,43878.016,56918.76281216264
206014,43878.016,57420.75538426043
206015,43878.016,21304.51448929829
206016,43878.016,46865.252689817295
206017,43878.016,9612.038025959979
206018,43878.016,20758.05291083601
206019,43878.016,58404.79458402326
206020,43878.016,74528.27902051756
206021,43878.016,68748.53373305869
206022,43878.016,24818.831865249173
206023,43878.016,74772.18288636916
206024,43878.016,10461.353589449203
206025,43878.016,21094.460695181806
206026,43878.016,13605.2625230527
206027,43878.016,57816.74158932401
206028,43878.016,29449.097786592985
206029,43878.016,42728.04143586014
206030,43878.016,30738.650250382998
206031,43878.016,14460.988800390609
206032,43878.016,11442.804339969614
206033,43878.016,67747.08180478822
206034,43878.016,18690.188507788193
206035,43878.016,15685.980400261951
206036,43878.016,45095.715296922215
206037,43878.016,28194.093821997674
206038,43878.016,19317.952896719253
206039,43878.016,67809.49487243901
206040,43878.016,39149.737590405726
206041,43878.016,26459.957763680333
206042,43878.016,19914.012765891744
206043,43878.016,13705.677846186736
206044,43878.016,53387.49826862162
206045,43878.016,34289.10123635944
206046,43878.016,19551.540603260404
206047,43878.016,44777.85323821855
206048,43878.016,11131.79553523886
206049,43878.016,12255.350507431262
206050,43878.016,44479.009240749554
206051,43878.016,50587.3520664951
206052,43878.016,28796.574073628064
206053,43878.016,37123.039368286525
206054,43878.016,12479.726377784364
206055,43878.016,50391.33328833824
206056,43878.016,22828.75548522938
206057,43878.016,64416.97985402396
206058,43878.016,25607.631251255465
206059,43878.016,48806.16280343368
206060,43878.016,22639.509667886072
206061,43878.016,41668.87448221481
206062,43878.016,41052.53391689358
206063,43878.016,46420.46840736821
206064,43878.016,54577.51685776035
206065,43878.016,12578.246059042882
206066,43878.016,17908.11882695377
206067,43878.016,20176.998463985838
206068,43878.016,46737.850240361615
206069,43878.016,31004.949968882796
206070,43878.016,36993.30342966457
206071,43878.016,32935.07624384644
206072,43878.016,34796.71426505763
206073,43878.016,19210.491700493178
206074,43878.016,41627.65475566339
206075,43878.016,58894.74945226603
206076,43878.016,71786.3805838878
206077,43878.016,15079.61586306974
206078,43878.016,20889.614245837867
206079,43878.016,33835.69735840776
206080,43878.016,28385.0420630738
206081,43878.016,62266.29632957299
206082,43878.016,37021.281511957684
206083,43878.016,49844.798530139975
206084,43878.016,28911.721052864246
206085,43878.016,10310.62606802939
206086,43878.016,47941.83627783408
206087,43878.016,53561.63332166482
206088,43878.016,67391.22519151763
206089,43878.016,62581.41249439039
206090,43878.016,67652.17730040364
206091,43878.016,25147.692182003746
206092,43878.016,59609.179566933344
206093,43878.016,17596.123767923178
206094,43878.016,7887.473819052914
206095,43878.016,46243.93169342451
206096,43878.016,4532.228801999599
206097,43878.016,9849.545264687393
206098,43878.016,17569.257430458863
206099,43878.016,42941.640127745195
206100,43878.016,35346.33186560881
206101,43878.016,52852.339152129396
206102,43878.016,12264.372334363352
206103,43878.016,47758.79031457299
206104,43878.016,50877.4084629967
206105,43878.016,44044.68133373623
206106,43878.016,42470.538695149924
206107,43878.016,47361.802482262276
206108,43878.016,58417.89777370443
206109,43878.016,42823.35426206693
206110,43878.016,16308.511715405428
206111,43878.016,65044.333540941894
206112,43878.016,10515.842677893454
206113,43878.016,50390.98016824469
206114,43878.016,42056.16058570893
206115,43878.016,11941.760453279223
206116,43878.016,38389.378291337234
206117,43878.016,71919.34974477596
206118,43878.016,42854.815259191775
206119,43878.016,60542.95617152579
206120,43878.016,31877.887706321013
206121,43878.016,10982.598124400198
206122,43878.016,8330.34688692866
206123,43878.016,67261.55152622596
206124,43878.016,10838.506654376984
206125,43878.016,62064.95131464884
206126,43878.016,47213.57475434237
206127,43878.016,7032.960577840942
206128,43878.016,61224.39750141276
206129,43878.016,23161.32346978625
206130,43878.016,46629.69284081219
206131,43878.016,47982.298272446045
206132,43878.016,10338.78706094768
206133,43878.016,34173.040522413336
206134,43878.016,32429.33839492102
206135,43878.016,35421.72782257776
206136,43878.016,28642.686105948334
206137,43878.016,45989.04542247936
206138,43878.016,72584.08972594385
206139,43878.016,22006.076734388826
206140,43878.016,13850.35721136057
206141,43878.016,34718.795410342114
206142,43878.016,75118.98362235668
206143,43878.016,50858.145711501216
206144,43878.016,15421.557070390038
206145,43878.016,17197.94741394198
206146,43878.016,13185.366645284987
206147,43878.016,15659.496289621293
206148,43878.016,20763.067408651976
206149,43878.016,20350.531151862087
206150,43878.016,22012.468348554674
206151,43878.016,38987.07011813548
206152,43878.016,17194.576819993254
206153,43878.016,12517.849559029857
206154,43878.016,54100.764154953176
206155,43878.016,79603.19223037468
206156,43878.016,14661.47762958009
206157,43878.016,10897.8041723489
206158,43878.016,31765.117412952513
206159,43878.016,95010.29587157023
206160,43878.016,31462.4960656476
206161,43878.016,17563.433279702862
206162,43878.016,41946.369664455466
206163,43878.016,14460.344055264102
206164,43878.016,15678.081771541905
206165,43878.016,20027.514036428754
206166,43878.016,26336.60761628088
206167,43878.016,56043.619190113925
206168,43878.016,40199.54206044852
206169,43878.016,36052.10404820497
206170,43878.016,20519.268348808975
206171,43878.016,46184.30957603685
206172,43878.016,45216.6544772732
206173,43878.016,34172.426281742606
206174,43878.016,23585.487391082836
206175,43878.016,30904.307153791095
206176,43878.016,16999.52358570301
206177,43878.016,43590.6036641678
206178,43878.016,47441.86130936004
206179,43878.016,22821.317414524976
206180,43878.016,15826.028260207779
206181,43878.016,44235.23429510548
206182,43878.016,15475.133711335067
206183,43878.016,50619.39253520615
206184,43878.016,17638.339951461196
206185,43878.016,31683.15247152626
206186,43878.016,35086.65383437575
206187,43878.016,57052.77728937728
206188,43878.016,37957.33738902338
206189,43878.016,19949.42188604667
206190,43878.016,64975.172852218966
206191,43878.016,13694.49525905019
206192,43878.016,23110.40069574516
206193,43878.016,59253.94806598526
206194,43878.016,17420.908430442192
206195,43878.016,13991.277051673458
206196,43878.016,17939.704769415624
206197,43878.016,22762.901813079796
206198,43878.016,38739.63065437518
206199,43878.016,52888.24859521759
206200,43878.016,43796.68678286013
206201,43878.016,32010.438912095542
206202,43878.016,62632.20473820469
206203,43878.016,31166.02459450663
206204,43878.016,29976.378470027736
206205,43878.016,12892.454465116421
206206,43878.016,24078.681729456035
206207,43878.016,40823.23362145332
206208,43878.016,18027.883244262543
206209,43878.016,18116.910881895605
206210,43878.016,40806.806112366416
206211,43878.016,31769.422217986626
206212,43878.016,8813.04029640399
206213,43878.016,16763.798331426537
206214,43878.016,15630.295839714903
206215,43878.016,40529.72627722996
206216,43878.016,46958.314469778496
206217,43878.016,29844.23826971916
206218,43878.016,62064.42140462342
206219,43878.016,11581.575841311269
206220,43878.016,10710.247739304461
206221,43878.016,14805.471600219282
206222,43878.016,15666.912388258015
206223,43878.016,54240.26440268457
206224,43878.016,15042.883459635774
206225,43878.016,29697.294493846886
206226,43878.016,27227.849423994445
206227,43878.016,26595.317510867535
206228,43878.016,44867.17606791429
206229,43878.016,42507.86053563372
206230,43878.016,50755.783838137
206231,43878.016,18258.118593004172
206232,43878.016,59450.724501640805
206233,43878.016,93571.44509131309
206234,43878.016,21279.406495202136
206235,43878.016,32589.292291983493
206236,43878.016,59290.5378279459
206237,43878.016,36243.78212528468
206238,43878.016,55475.94882960991
206239,43878.016,41578.855844928665
206240,43878.016,29429.640583925924
206241,43878.016,44103.70826228966
206242,43878.016,36614.8499387056
206243,43878.016,7197.216506491979
206244,43878.016,54787.84831278133
206245,43878.016,29332.53841668475
206246,43878.016,8890.07558890617
206247,43878.016,36775.180593061945
206248,43878.016,13311.489258883701
206249,43878.016,41120.61020103548
206250,43878.016,15443.203622707219
206251,43878.016,16495.361831336835
206252,43878.016,9874.75398118045
206253,43878.016,33446.90633632486
206254,43878.016,44996.632057910065
206255,43878.016,41219.21146593779
206256,43878.016,67827.29428926218
206257,43878.016,18852.46859068341
206258,43878.016,64243.7948979224
206259,43878.016,68280.2584726758
206260,43878.016,9954.225571767882
206261,43878.016,42104.15726186192
206262,43878.016,14681.04135964973
206263,43878.016,24165.8728020425
206264,43878.016,39505.10951313686
206265,43878.016,68455.12947365698
206266,43878.016,24567.815125818084
206267,43878.016,41212.4920521403
206268,43878.016,75706.3194806535
206269,43878.016,9087.348094175863
206270,43878.016,15597.30223445122
206271,43878.016,17350.23017852146
206272,43878.016,49311.976483292165
206273,43878.016,27912.36015272647
206274,43878.016,72105.33649639472
206275,43878.016,51142.964841039146
206276,43878.016,44459.694357243076
206277,43878.016,11718.67513661187
206278,43878.016,45465.584777621014
206279,43878.016,22136.17218024623
206280,43878.016,70580.03476826716
206281,43878.016,73534.77786750892
206282,43878.016,15200.958957183604
206283,43878.016,45535.95668215416
206284,43878.016,23897.273838300003
206285,43878.016,9836.784916146129
206286,43878.016,55491.49069778133
206287,43878.016,51098.89035120763
206288,43878.016,25575.158503093433
206289,43878.016,69436.03981384348
206290,43878.016,5546.291653361152
206291,43878.016,26550.5611192426
206292,43878.016,27077.456920200824
206293,43878.016,27816.759342010748
206294,43878.016,53394.251792518
206295,43878.016,11350.066454128175
206296,43878.016,62460.58078365843
206297,43878.016,58177.051382853344
206298,43878.016,57584.05199572029
206299,43878.016,62273.44546320507
206300,43878.016,30412.334878698057
206301,43878.016,42301.59345028898
206302,43878.016,27520.54731504065
206303,43878.016,12302.150919432628
206304,43878.016,41029.545573460775
206305,43878.016,20007.826354500725
206306,43878.016,20464.880919329866
206307,43878.016,37303.03138375503
206308,43878.016,23616.997556798106
206309,43878.016,20127.659303691875
206310,43878.016,31841.944055479857
206311,43878.016,42499.22097748392
206312,43878.016,22086.779649368957
206313,43878.016,118156.03975449981
206314,43878.016,38207.72869295424
206315,43878.016,43788.902316209904
206316,43878.016,38578.28162635258
206317,43878.016,18040.96351437544
206318,43878.016,39560.52209470202
206319,43878.016,37959.199405665306
206320,43878.016,22095.743322433773
206321,43878.016,42186.33718355872
206322,43878.016,47442.71737507537
206323,43878.016,45119.54668579985
206324,43878.016,29381.936035256167
206325,43878.016,61363.327385560144
206326,43878.016,61960.85732469111
206327,43878.016,22338.976792485086
206328,43878.016,43540.465549642875
206329,43878.016,24221.41078267667
206330,43878.016,17516.383596042502
206331,43878.016,43592.20232932092
206332,43878.016,22063.03874062304
206333,43878.016,13125.833299321868
206334,43878.016,45720.22252726899
206335,43878.016,29484.35557638453
206336,43878.016,9774.754651497946
206337,43878.016,49034.29439095031
206338,43878.016,43082.824531266764
206339,43878.016,62926.20780869214
206340,43878.016,40674.213360294176
206341,43878.016,31458.736405683885
206342,43878.016,40290.009135758744
206343,43878.016,47850.10969201653
206344,43878.016,43069.32875258333
206345,43878.016,17174.145056988335
206346,43878.016,10883.205863068752
206347,43878.016,29178.51687810234
206348,43878.016,47467.636369758104
206349,43878.016,55181.759131467115
206350,43878.016,81140.6693947875
206351,43878.016,46066.19837292496
206352,43878.016,11638.78525218003
206353,43878.016,74098.12195764427
206354,43878.016,37940.986178454565
206355,43878.016,15634.381384593711
206356,43878.016,28829.068562738175
206357,43878.016,47818.04179272369
206358,43878.016,22145.278922745532
206359,43878.016,19689.888578217044
206360,43878.016,9360.913271622705
206361,43878.016,15495.511983029499
206362,43878.016,36092.179668883204
206363,43878.016,12993.540775404024
206364,43878.016,26782.041145920215
206365,43878.016,27057.349364610276
206366,43878.016,39243.69851568895
206367,43878.016,15246.931596148834
206368,43878.016,34119.80753160637
206369,43878.016,27044.878936414752
206370,43878.016,55468.12202376879
206371,43878.016,74243.3294651823
206372,43878.016,14278.493668336772
206373,43878.016,25238.21178830412
206374,43878.016,38127.94085285614
206375,43878.016,12623.357655227794
206376,43878.016,37864.39976342952
206377,43878.016,60672.83916727784
206378,43878.016,18213.18070757921
206379,43878.016,22448.292570009075
206380,43878.016,50905.9520750863
206381,43878.016,29511.608601557982
206382,43878.016,67320.90662058398
206383,43878.016,32722.120914503812
206384,43878.016,55138.022742036
206385,43878.016,11533.73280091887
206386,43878.016,26875.175434401877
206387,43878.016,24786.665782036012
206388,43878.016,53252.85005114502
206389,43878.016,45923.83569964722
206390,43878.016,36526.93128222124
206391,43878.016,11451.330161544887
206392,43878.016,13633.016185925651
206393,43878.016,23242.47570755938
206394,43878.016,10144.791180380904
206395,43878.016,27408.322062678388
206396,43878.016,18562.696951271526
206397,43878.016,65818.62430695511
206398,43878.016,21194.035204654127
206399,43878.016,40532.14881993466
206400,43878.016,40215.59048080394
206401,43878.016,13202.404221874
206402,43878.016,5880.522453245505
206403,43878.016,17573.37952779853
206404,43878.016,31007.174214617873
206405,43878.016,24291.838444098896
206406,43878.016,41034.64588490564
206407,43878.016,12046.307879511192
206408,43878.016,50078.7660458268
206409,43878.016,52487.13723839442
206410,43878.016,10657.567039639302
206411,43878.016,43943.84008313352
206412,43878.016,68101.95880796616
206413,43878.016,75863.44892509156
206414,43878.016,47554.666489175084
206415,43878.016,29593.304499474896
206416,43878.016,18991.568033592604
206417,43878.016,14323.886896174841
206418,43878.016,27176.721845461878
206419,43878.016,48665.6745207577
206420,43878.016,9924.768919063825
206421,43878.016,15065.550516644498
206422,43878.016,9992.693515611036
206423,43878.016,4952.8142636198245
206424,43878.016,36064.98434089478
206425,43878.016,32730.78301378158
206426,43878.016,33031.177713837256
206427,43878.016,34077.24021974204
206428,43878.016,48752.829618001684
206429,43878.016,47365.04096081178
206430,43878.016,18365.306232899846
206431,43878.016,53982.823021456956
206432,43878.016,42687.59042837225
206433,43878.016,61040.125846062285
206434,43878.016,47454.06030803437
206435,43878.016,49779.8509534576
206436,43878.016,28827.52934820451
206437,43878.016,56804.41001585991
206438,43878.016,32383.272370722687
206439,43878.016,12674.793029715067
206440,43878.016,38880.50349245507
206441,43878.016,64852.067301068986
206442,43878.016,70369.66894484204
206443,43878.016,26851.388640674457
206444,43878.016,32437.79355181323
206445,43878.016,27961.438165755768
206446,43878.016,23312.385612711736
206447,43878.016,46588.16881237101
206448,43878.016,20851.989644187935
206449,43878.016,28237.236336143127
206450,43878.016,38593.6873406377
206451,43878.016,24267.977456624543
206452,43878.016,29050.746568195224
206453,43878.016,15088.83202906489
206454,43878.016,52272.86254538936
206455,43878.016,34716.42397213837
206456,43878.016,33934.140015548815
206457,43878.016,68716.16116540716
206458,43878.016,46887.09542679072
206459,43878.016,6802.980087386636
206460,43878.016,17466.72924860576
206461,43878.016,13603.42517112696
206462,43878.016,61408.19831315319
206463,43878.016,6580.368904212389
206464,43878.016,57977.21148850657
206465,43878.016,24747.751261177746
206466,43878.016,65088.71624867634
206467,43878.016,29293.59747953648
206468,43878.016,74015.82935382813
206469,43878.016,10808.527627602889
206470,43878.016,26433.193221646772
206471,43878.016,11038.290689848078
206472,43878.016,59153.806380356415
206473,43878.016,26735.245440693827
206474,43878.016,83414.91645615979
206475,43878.016,22287.981751608742
206476,43878.016,30737.967943201606
206477,43878.016,10294.146310648843
206478,43878.016,41045.65445864525
206479,43878.016,16761.75456522844
206480,43878.016,23882.871758062982
206481,43878.016,30963.625405973842
206482,43878.016,26868.170050719134
206483,43878.016,37462.51880548534
206484,43878.016,31904.821618214108
206485,43878.016,47190.974144470696
206486,43878.016,44702.58727040489
206487,43878.016,37078.562843233994
206488,43878.016,50177.557156266455
206489,43878.016,21935.859401697704
206490,43878.016,36016.933688070436
206491,43878.016,48436.222508510284
206492,43878.016,33169.39156393576
206493,43878.016,30392.266092310165
206494,43878.016,32563.671989719325
206495,43878.016,53735.67621690378
206496,43878.016,18440.726742776358
206497,43878.016,41135.78546525008
206498,43878.016,47134.077126854405
206499,43878.016,29320.320419141473
206500,43878.016,26803.55295544946
206501,43878.016,16346.374765770883
206502,43878.016,58391.414339550916
206503,43878.016,8941.185292913191
206504,43878.016,12760.283989930216
206505,43878.016,9298.622052185365
206506,43878.016,43465.52601757077
206507,43878.016,39560.17756484018
206508,43878.016,63220.91054696665
206509,43878.016,15662.649669677865
206510,43878.016,39150.71462687446
206511,43878.016,35563.2379625962
206512,43878.016,51379.45224795159
206513,43878.016,31641.356101546105
206514,43878.016,30890.033873859793
206515,43878.016,52316.09773279641
206516,43878.016,21814.403003947944
206517,43878.016,11896.901574042131
206518,43878.016,22300.175746109297
206519,43878.016,14037.740613084541
206520,43878.016,29243.770585037855
206521,43878.016,16215.214177537213
206522,43878.016,22847.041160196288
206523,43878.016,66306.39047634133
206524,43878.016,52422.91201759337
206525,43878.016,60763.68682055299
206526,43878.016,60460.28494641499
206527,43878.016,27329.497241872163
206528,43878.016,27600.745290747294
206529,43878.016,14413.070576580483
206530,43878.016,28481.893166491336
206531,43878.016,43469.33877933132
206532,43878.016,62521.31319066418
206533,43878.016,37764.32112849289
206534,43878.016,10826.338825631152
206535,43878.016,46613.05714814328
206536,43878.016,20333.39951272511
206537,43878.016,10734.903724950482
206538,43878.016,52057.96966599936
206539,43878.016,31559.091309884723
206540,43878.016,25791.174725302837
206541,43878.016,54594.22601741117
206542,43878.016,7409.693513959107
206543,43878.016,21479.884982018928
206544,43878.016,105371.28063566226
206545,43878.016,50865.282188017016
206546,43878.016,21343.964828550143
206547,43878.016,41505.59495561953
206548,43878.016,26399.474750200086
206549,43878.016,64636.819972893034
206550,43878.016,43618.89065110149
206551,43878.016,26251.049740813683
206552,43878.016,12378.474220822007
206553,43878.016,79231.08160383697
206554,43878.016,55803.27172834374
206555,43878.016,10321.799062967342
206556,43878.016,25784.816642040798
206557,43878.016,65369.38300949521
206558,43878.016,32732.620894131494
206559,43878.016,12807.403831890855
206560,43878.016,38115.196966315576
206561,43878.016,12116.105711156973
206562,43878.016,65965.24941244739
206563,43878.016,47979.476821440265
206564,43878.016,15552.432710895797
206565,43878.016,7055.64853553879
206566,43878.016,28428.14366302853
206567,43878.016,10291.28270540701
206568,43878.016,15179.665141574867
206569,43878.016,59613.71532049519
206570,43878.016,20344.45958515217
206571,43878.016,39251.70475618567
206572,43878.016,37455.36710467874
206573,43878.016,62993.37494447469
206574,43878.016,36739.32127125376
206575,43878.016,26925.459175630454
206576,43878.016,8112.9290024933925
206577,43878.016,61152.44357865289
206578,43878.016,60804.41015147311
206579,43878.016,19655.417962858985
206580,43878.016,62575.778571493494
206581,43878.016,45586.366294774234
206582,43878.016,25767.3884882526
206583,43878.016,15434.38948116189
206584,43878.016,32785.718808400256
206585,43878.016,53492.317712754404
206586,43878.016,71387.19867811067
206587,43878.016,25356.83474134835
206588,43878.016,33127.16104821027
206589,43878.016,47533.24583462688
206590,43878.016,23146.121057583092
206591,43878.016,63417.359083083364
206592,43878.016,16122.177111067647
206593,43878.016,8395.034379676465
206594,43878.016,38435.93196327838
206595,43878.016,35985.36858174516
206596,43878.016,67171.9124605491
206597,43878.016,29834.36595707993
206598,43878.016,26640.792390195962
206599,43878.016,26261.081153408268
206600,43878.016,51541.430367373
206601,43878.016,27462.850550661864
206602,43878.016,17597.47773387899
206603,43878.016,35973.0738595912
206604,43878.016,7991.564392240377
206605,43878.016,12321.452882853255
206606,43878.016,19623.764379816752
206607,43878.016,21069.024188159234
206608,43878.016,36603.76377908916
206609,43878.016,19256.096770424232
206610,43878.016,11575.454117700476
206611,43878.016,15274.995782195281
206612,43878.016,7259.222493899549
206613,43878.016,28604.320635682885
206614,43878.016,21312.54895678296
206615,43878.016,50528.37731784427
206616,43878.016,14239.292242303225
206617,43878.016,12131.180923678132
206618,43878.016,26173.249164458906
206619,43878.016,37824.640532783844
206620,43878.016,27602.34748436153
206621,43878.016,11803.49532703257
206622,43878.016,10701.766245593211
206623,43878.016,38973.077900566015
206624,43878.016,36108.47408479311
206625,43878.016,15435.344900008673
206626,43878.016,49487.51111230247
206627,43878.016,55721.52343913458
206628,43878.016,18782.643206690103
206629,43878.016,15733.758505066724
206630,43878.016,37803.65453017902
206631,43878.016,43551.374242127335
206632,43878.016,43258.00555257935
206633,43878.016,18779.592022805045
206634,43878.016,49766.16773638848
206635,43878.016,24064.514904333737
206636,43878.016,9091.304683679053
206637,43878.016,27901.875863758043
206638,43878.016,22262.411793855677
206639,43878.016,22139.531555588128
206640,43878.016,65582.86238958527
206641,43878.016,29199.303692790236
206642,43878.016,18203.66454306811
206643,43878.016,8901.292821189934
206644,43878.016,48408.08882621021
206645,43878.016,28271.469788731378
206646,43878.016,13682.922040074987
206647,43878.016,15388.675823265221
206648,43878.016,24817.881103229178
206649,43878.016,47068.2062295364
206650,43878.016,14656.899065344573
206651,43878.016,33805.642880149666
206652,43878.016,27940.969939631163
206653,43878.016,10258.647246848937
206654,43878.016,16690.41127832313
206655,43878.016,72800.22075432354
206656,43878.016,28200.01014320494
206657,43878.016,49638.494949843516
206658,43878.016,12335.056342665197
206659,43878.016,49778.46563949434
206660,43878.016,18007.738079698138
206661,43878.016,16798.737687280027
206662,43878.016,12196.239224155506
206663,43878.016,19955.418099873732
206664,43878.016,36670.770995747735
206665,43878.016,66803.82323466467
206666,43878.016,39366.18619181211
206667,43878.016,49922.480740941
206668,43878.016,32129.216413962404
206669,43878.016,47821.27621371898
206670,43878.016,45554.96881790035
206671,43878.016,13671.164179324041
206672,43878.016,46680.95210327611
206673,43878.016,39594.49850583696
206674,43878.016,55378.11474081059
206675,43878.016,28099.581149707312
206676,43878.016,22168.648046742604
206677,43878.016,21391.120496935666
206678,43878.016,80752.1314123419
206679,43878.016,81257.68383610033
206680,43878.016,10659.04938964775
206681,43878.016,25740.812808648774
206682,43878.016,29395.475480842182
206683,43878.016,34643.26007062568
206684,43878.016,26639.770143141333
206685,43878.016,29240.50965173404
206686,43878.016,52150.9272094258
206687,43878.016,37001.4579286686
206688,43878.016,57447.149845327556
206689,43878.016,55863.47018129683
206690,43878.016,50505.803515721
206691,43878.016,49602.17870104367
206692,43878.016,31108.697335222165
206693,43878.016,28450.264825520564
206694,43878.016,54607.63733461116
206695,43878.016,43187.96696541518
206696,43878.016,33276.71109897614
206697,43878.016,19789.917982141353
206698,43878.016,44840.06125464529
206699,43878.016,80904.39517439413
206700,43878.016,43860.95866530864
206701,43878.016,62406.56097225515
206702,43878.016,35781.60330050777
206703,43878.016,67655.74586819929
206704,43878.016,24835.734669679987
206705,43878.016,23207.457845195484
206706,43878.016,43333.97476833931
206707,43878.016,46179.18820779919
206708,43878.016,37511.004069444316
206709,43878.016,13988.679827432168
206710,43878.016,29043.175468074416
206711,43878.016,22707.966312037523
206712,43878.016,35695.636803985646
206713,43878.016,14499.652265722472
206714,43878.016,23245.88443298701
206715,43878.016,48281.392867757175
206716,43878.016,59099.40647231212
206717,43878.016,16146.676549222075
206718,43878.016,22918.839009429696
206719,43878.016,18726.96750960454
206720,43878.016,14353.746267062848
206721,43878.016,32295.39698989704
206722,43878.016,15391.738287513856
206723,43878.016,41020.76039180095
206724,43878.016,40626.528559931736
206725,43878.016,47534.79584333986
206726,43878.016,14521.677186515879
206727,43878.016,36011.82420146948
206728,43878.016,56159.50120523903
206729,43878.016,49158.183474587204
206730,43878.016,43284.65822149945
206731,43878.016,44252.858360313476
206732,43878.016,13794.925673030733
206733,43878.016,13981.783575183159
206734,43878.016,51450.261828598756
206735,43878.016,51674.777852698564
206736,43878.016,63343.45790801815
206737,43878.016,20287.36298084603
206738,43878.016,59602.88717365573
206739,43878.016,19606.94994188498
206740,43878.016,16700.360038722632
206741,43878.016,21170.739272560455
206742,43878.016,13568.011357201498
206743,43878.016,63139.203742783095
206744,43878.016,8226.125647726078
206745,43878.016,41938.16709966434
206746,43878.016,55509.31252185497
206747,43878.016,15906.698596327518
206748,43878.016,16700.575668397352
206749,43878.016,62043.25837736534
206750,43878.016,25169.35813598058
206751,43878.016,10596.92193267589
206752,43878.016,18073.42757959289
206753,43878.016,12389.954042445235
206754,43878.016,58981.810218643564
206755,43878.016,44848.81321725823
206756,43878.016,29426.986605429614
206757,43878.016,27869.433766363567
206758,43878.016,9375.275053896547
206759,43878.016,26321.914654306453
206760,43878.016,31094.003047916674
206761,43878.016,9442.133408123222
206762,43878.016,8482.244668859397
206763,43878.016,23482.67480239601
206764,43878.016,22847.110604543665
206765,43878.016,52301.70416725684
206766,43878.016,20034.303488130154
206767,43878.016,33172.059359376944
206768,43878.016,34293.40051293726
206769,43878.016,70868.77962429516
206770,43878.016,9270.730232628126
206771,43878.016,46093.10687708819
206772,43878.016,54585.185242835796
206773,43878.016,23103.655728763562
206774,43878.016,27242.199319547646
206775,43878.016,21612.169082853372
206776,43878.016,9997.61538065088
206777,43878.016,29453.67364873816
206778,43878.016,40375.19256856163
206779,43878.016,38254.676768274956
206780,43878.016,49665.94676788948
206781,43878.016,18643.96751405092
206782,43878.016,23654.958859979935
206783,43878.016,25446.931556950727
206784,43878.016,20902.13346916155
206785,43878.016,12259.698057674459
206786,43878.016,15785.350176767448
206787,43878.016,37087.69796931412
206788,43878.016,11591.484093485768
206789,43878.016,47041.69056412725
206790,43878.016,42198.53721147954
206791,43878.016,52126.3570182431
206792,43878.016,80679.683789458
206793,43878.016,17152.467276872296
206794,43878.016,61378.22356423791
206795,43878.016,57829.375417786505
206796,43878.016,66816.94522108069
206797,43878.016,55114.64672746157
206798,43878.016,34790.42510625843
206799,43878.016,57583.12259575943
206800,43878.016,25490.70952263663
206801,43878.016,77696.72181178503
206802,43878.016,23176.45335406075
206803,43878.016,33783.31201778433
206804,43878.016,34144.46986057888
206805,43878.016,72748.11253655062
206806,43878.016,26980.421404293265
206807,43878.016,11427.030753712286
206808,43878.016,27985.979749974038
206809,43878.016,42708.90892362896
206810,43878.016,26505.279186771328
206811,43878.016,42285.0543947303
206812,43878.016,32662.791958443995
206813,43878.016,6018.528100301584
206814,43878.016,69935.76856804923
206815,43878.016,15174.794585908965
206816,43878.016,53538.06479768354
206817,43878.016,50316.931573810376
206818,43878.016,9151.468805795083
206819,43878.016,54718.31792084363
206820,43878.016,43849.60644687715
206821,43878.016,10186.784199808038
206822,43878.016,50155.03466424747
206823,43878.016,20826.131520399187
206824,43878.016,38915.06104784979
206825,43878.016,43871.88239491861
206826,43878.016,42669.179472148186
206827,43878.016,10513.406082055903
206828,43878.016,63726.151769864904
206829,43878.016,16441.32709232007
206830,43878.016,37366.16080623761
206831,43878.016,34535.079333739166
206832,43878.016,90004.89977599311
206833,43878.016,18794.654641449324
206834,43878.016,53305.72715158806
206835,43878.016,64895.388163167845
206836,43878.016,47071.80116954499
206837,43878.016,22354.396708738346
206838,43878.016,79498.86626963147
206839,43878.016,11581.519444629579
206840,43878.016,45911.243045392664
206841,43878.016,43306.10144644412
206842,43878.016,14436.506326700563
206843,43878.016,13146.17549116773
206844,43878.016,48718.89051753861
206845,43878.016,19650.627254641713
206846,43878.016,28973.521858055195
206847,43878.016,22097.55991849549
206848,43878.016,28077.251791732717
206849,43878.016,76853.87536995529
206850,43878.016,61728.68064268166
206851,43878.016,43722.18303100043
206852,43878.016,10865.748999500762
206853,43878.016,36645.33388272316
206854,43878.016,19970.698308905467
206855,43878.016,70688.2162499917
206856,43878.016,57537.249248885826
206857,43878.016,22686.555465606176
206858,43878.016,36598.11373623178
206859,43878.016,57312.68982615551
206860,43878.016,62755.46709844706
206861,43878.016,9608.590681425763
206862,43878.016,14397.405250869051
206863,43878.016,17608.780946480234
206864,43878.016,18350.401434851377
206865,43878.016,30070.073143251375
206866,43878.016,45262.0726298067
206867,43878.016,8765.815563007081
206868,43878.016,13628.656425765443
206869,43878.016,40126.28985213259
206870,43878.016,18508.35528398547
206871,43878.016,14539.626257101745
206872,43878.016,18517.7213342141
206873,43878.016,35962.57195996392
206874,43878.016,37071.971340710275
206875,43878.016,45563.88790434343
206876,43878.016,54523.747896096196
206877,43878.016,22536.816563538945
206878,43878.016,19038.527565653716
206879,43878.016,46240.1128124438
206880,43878.016,41528.14028794445
206881,43878.016,63724.63207033694
206882,43878.016,10682.004649608318
206883,43878.016,42868.13560941467
206884,43878.016,34271.767272377205
206885,43878.016,24018.938100498803
206886,43878.016,28725.220894185626
206887,43878.016,11688.573252705512
206888,43878.016,18404.205795590246
206889,43878.016,11670.024025661382
206890,43878.016,33270.24787977196
206891,43878.016,29927.752225743094
206892,43878.016,44267.748933187795
206893,43878.016,29032.274535500357
206894,43878.016,12053.283234379936
206895,43878.016,11332.590445102956
206896,43878.016,19033.203569144993
206897,43878.016,7515.8609573407075
206898,43878.016,16095.38822607866
206899,43878.016,47896.72073033434
206900,43878.016,41442.86872822229
206901,43878.016,46057.28513796652
206902,43878.016,20071.310077240407
206903,43878.016,77959.15760953816
206904,43878.016,21186.636947848638
206905,43878.016,40441.792011142476
206906,43878.016,37489.49645907264
206907,43878.016,12033.891673007362
206908,43878.016,33875.24204903248
206909,43878.016,24167.416763117853
206910,43878.016,16528.4149994893
206911,43878.016,48205.73056700531
206912,43878.016,27734.771721585807
206913,43878.016,11182.031744762477
206914,43878.016,36968.45640433612
206915,43878.016,48274.628816501085
206916,43878.016,41235.84853822588
206917,43878.016,17852.583553819015
206918,43878.016,36561.11939258913
206919,43878.016,19788.666238822996
206920,43878.016,13687.580349583353
206921,43878.016,41890.39551677433
206922,43878.016,42453.57867212168
206923,43878.016,50636.668972471256
206924,43878.016,43080.22096267274
206925,43878.016,14966.432540929653
206926,43878.016,51661.34750161259
206927,43878.016,17349.514161168303
206928,43878.016,25353.49443025149
206929,43878.016,10471.029589010415
206930,43878.016,54678.79989790054
206931,43878.016,26855.01535341986
206932,43878.016,29734.15486618747
206933,43878.016,53881.42164558556
206934,43878.016,10928.978680793944
206935,43878.016,56568.94180134531
206936,43878.016,34488.187390120285
206937,43878.016,7652.8832413689315
206938,43878.016,16967.131368038845
206939,43878.016,48370.47000981447
206940,43878.016,54444.173845231264
206941,43878.016,9625.438410484247
206942,43878.016,27530.761001314208
206943,43878.016,39096.20987456274
206944,43878.016,46096.10043536317
206945,43878.016,30359.948755051057
206946,43878.016,34921.629269517995
206947,43878.016,46957.033053424704
206948,43878.016,106017.36050126652
206949,43878.016,12064.029909429488
206950,43878.016,27188.634533029457
206951,43878.016,15331.532799695266
206952,43878.016,40819.88500599977
206953,43878.016,14248.550971223867
206954,43878.016,29055.857080940783
206955,43878.016,49694.62616197678
206956,43878.016,11639.229592467571
206957,43878.016,52431.64034023057
206958,43878.016,48070.177420735316
206959,43878.016,47095.388201634254
206960,43878.016,11644.957229205633
206961,43878.016,47219.2577592665
206962,43878.016,46210.56115996012
206963,43878.016,40210.1792570896
206964,43878.016,26573.747646889915
206965,43878.016,71710.8858169013
206966,43878.016,38954.53984144689
206967,43878.016,30883.826591742043
206968,43878.016,10991.428074412368
206969,43878.016,14207.11334395728
206970,43878.016,19320.763269087478
206971,43878.016,35274.604633682946
206972,43878.016,11798.571421833103
206973,43878.016,31301.711739287977
206974,43878.016,41818.70837254931
206975,43878.016,53121.18676046139
206976,43878.016,37828.19347583828
206977,43878.016,75191.42668014797
206978,43878.016,37842.76119146592
206979,43878.016,14969.882739397166
206980,43878.016,12473.75051253555
206981,43878.016,14625.895927272175
206982,43878.016,53265.24804397521
206983,43878.016,56709.92874523698
206984,43878.016,6677.998268026313
206985,43878.016,14575.368875486516
206986,43878.016,6714.065381970425
206987,43878.016,63883.17969210837
206988,43878.016,29483.944246876756
206989,43878.016,68942.5429127731
206990,43878.016,35720.460743144555
206991,43878.016,26884.155629757217
206992,43878.016,53046.53759288932
206993,43878.016,25063.29522887182
206994,43878.016,27124.35606423655
206995,43878.016,17714.6025900218
206996,43878.016,22367.12708413811
206997,43878.016,45779.91618098369
206998,43878.016,14214.59333148196
206999,43878.016,10958.488699149031
207000,43878.016,53122.96478700585
207001,43878.016,25492.041719107827
207002,43878.016,8902.554147142464
207003,43878.016,32116.457903818184
207004,43878.016,61850.94091486738
207005,43878.016,10074.012582680003
207006,43878.016,11396.061395598286
207007,43878.016,28654.820164356363
207008,43878.016,61416.41470454234
207009,43878.016,29208.202147367178
207010,43878.016,42893.66389249309
207011,43878.016,39335.86593821166
207012,43878.016,35680.04665251283
207013,43878.016,31545.492620925514
207014,43878.016,15387.994110323032
207015,43878.016,54790.85239405248
207016,43878.016,23435.04869238282
207017,43878.016,12211.569543736687
207018,43878.016,41788.170916746865
207019,43878.016,12203.744264701209
207020,43878.016,73780.1930493108
207021,43878.016,19942.831335753053
207022,43878.016,19101.565550221923
207023,43878.016,15733.159439043024
207024,43878.016,21892.4488404333
207025,43878.016,39975.03913196145
207026,43878.016,68027.71474144135
207027,43878.016,62612.570747848564
207028,43878.016,24733.74833897388
207029,43878.016,19340.640096376414
207030,43878.016,49943.051779957226
207031,43878.016,45368.782499199275
207032,43878.016,3392.0757914547576
207033,43878.016,24641.615988518744
207034,43878.016,43343.994088640015
207035,43878.016,55474.39891669614
207036,43878.016,38374.88590950709
207037,43878.016,15943.660814448946
207038,43878.016,58366.48758423215
207039,43878.016,11681.504816004624
207040,43878.016,44298.011170681646
207041,43878.016,11601.64285597327
207042,43878.016,33197.884363571815
207043,43878.016,33737.37690904568
207044,43878.016,13017.306686167607
207045,43878.016,30150.589566471117
207046,43878.016,73080.12252886464
207047,43878.016,52555.87524216289
207048,43878.016,30264.68675478176
207049,43878.016,57071.77770230444
207050,43878.016,24245.65124863272
207051,43878.016,36397.71725096014
207052,43878.016,9952.89370340042
207053,43878.016,28822.590618945076
207054,43878.016,28779.158573690736
207055,43878.016,55569.844387766636
207056,43878.016,37775.40652225215
207057,43878.016,56253.35652406956
207058,43878.016,12585.461070844474
207059,43878.016,29401.802895074332
207060,43878.016,52377.21701546051
207061,43878.016,69983.75302122696
207062,43878.016,66126.53269592613
207063,43878.016,26078.805762590455
207064,43878.016,49664.26245155455
207065,43878.016,39217.36410909597
207066,43878.016,67100.15890421411
207067,43878.016,31684.907811074074
207068,43878.016,34378.88283457865
207069,43878.016,45448.631073431425
207070,43878.016,55572.501390260564
207071,43878.016,44569.7742172445
207072,43878.016,22337.998388720836
207073,43878.016,39583.10028068063
207074,43878.016,66730.51139715094
207075,43878.016,52681.82898931998
207076,43878.016,8869.449474538078
207077,43878.016,58290.557856922176
207078,43878.016,36374.086057745975
207079,43878.016,33319.68297419579
207080,43878.016,28176.77637486402
207081,43878.016,23506.658104580303
207082,43878.016,35176.67726258641
207083,43878.016,48177.64160590128
207084,43878.016,17254.858930650757
207085,43878.016,43804.39584836306
207086,43878.016,113817.94711932837
207087,43878.016,24381.83856607634
207088,43878.016,38226.69948161433
207089,43878.016,32045.114631053704
207090,43878.016,56354.93983369602
207091,43878.016,61591.56524604705
207092,43878.016,12607.363932228216
207093,43878.016,52515.67564628625
207094,43878.016,60374.709662653426
207095,43878.016,17131.11753741255
207096,43878.016,47192.42306174894
207097,43878.016,27261.880510157043
207098,43878.016,8200.14738003356
207099,43878.016,16325.214385412986
207100,43878.016,8596.294709545336
207101,43878.016,45154.442767794164
207102,43878.016,18889.564869880047
207103,43878.016,50849.099619221
207104,43878.016,52812.86427785927
207105,43878.016,29785.208594823158
207106,43878.016,51399.89620306577
207107,43878.016,62926.36351284933
207108,43878.016,23663.56438450538
207109,43878.016,50955.20416820558
207110,43878.016,20610.204148086035
207111,43878.016,43114.794236048416
207112,43878.016,14773.489279689853
207113,43878.016,52398.101657160805
207114,43878.016,12776.402465825291
207115,43878.016,40747.00442958198
207116,43878.016,25200.58520142958
207117,43878.016,18385.86020232016
207118,43878.016,14010.85980849639
207119,43878.016,22317.168244667773
207120,43878.016,40449.20087747261
207121,43878.016,61084.735386225235
207122,43878.016,16614.241284889147
207123,43878.016,21225.037956203196
207124,43878.016,54845.05485489716
207125,43878.016,26389.738682968124
207126,43878.016,46135.709946620605
207127,43878.016,13232.562556183157
207128,43878.016,60756.5270837747
207129,43878.016,21918.74699814981
207130,43878.016,16264.032903881503
207131,43878.016,63955.350060742654
207132,43878.016,45635.36644657856
207133,43878.016,55524.90490993514
207134,43878.016,39868.56357209877
207135,43878.016,41629.25824215887
207136,43878.016,49574.588485839326
207137,43878.016,61261.5422095288
207138,43878.016,14999.518444697287
207139,43878.016,56867.54282021061
207140,43878.016,85341.221512897
207141,43878.016,18199.285890790437
207142,43878.016,62928.923155207296
207143,43878.016,12637.232926693601
207144,43878.016,21270.011612800805
207145,43878.016,31503.49264790621
207146,43878.016,22871.863104339005
207147,43878.016,26986.579668975297
207148,43878.016,12017.772135369065
207149,43878.016,12733.66885116493
207150,43878.016,32560.612065115776
207151,43878.016,33725.97344018189
207152,43878.016,31878.02085741453
207153,43878.016,35563.87187341405
207154,43878.016,15981.153893836998
207155,43878.016,11620.042840124608
207156,43878.016,16308.127370073587
207157,43878.016,36350.449615776415
207158,43878.016,43977.54923714478
207159,43878.016,31758.38191542418
207160,43878.016,45869.8581769447
207161,43878.016,54133.94987734627
207162,43878.016,25005.241764338723
207163,43878.016,20122.26519757001
207164,43878.016,14393.247946469464
207165,43878.016,34043.1418726476
207166,43878.016,79984.6602987103
207167,43878.016,72815.52849318384
207168,43878.016,54200.982657719665
207169,43878.016,74646.68724352421
207170,43878.016,14218.882231402744
207171,43878.016,58511.68216960458
207172,43878.016,28028.71085618472
207173,43878.016,17813.612590689867
207174,43878.016,52025.36811722698
207175,43878.016,25985.188853396427
207176,43878.016,70104.88375669108
207177,43878.016,12737.019281222945
207178,43878.016,52499.55038640477
207179,43878.016,51999.07532880946
207180,43878.016,21303.384000662532
207181,43878.016,45607.65403369317
207182,43878.016,31869.989780890835
207183,43878.016,33054.11698561665
207184,43878.016,62596.76450057066
207185,43878.016,21840.2618715213
207186,43878.016,65881.93174477691
207187,43878.016,29656.394278742755
207188,43878.016,16948.14572578321
207189,43878.016,8787.57928382962
207190,43878.016,29187.758325273364
207191,43878.016,54616.052752992524
207192,43878.016,35977.010871718885
207193,43878.016,17504.307890520788
207194,43878.016,22154.865655780734
207195,43878.016,39671.9954433982
207196,43878.016,14866.600507507179
207197,43878.016,43484.08827888982
207198,43878.016,75716.93740231292
207199,43878.016,49120.381304694485
207200,43878.016,57563.92535050539
207201,43878.016,22859.93676460803
207202,43878.016,35604.9094668761
207203,43878.016,25600.51541564002
207204,43878.016,12277.45769319144
207205,43878.016,23924.11082245715
207206,43878.016,42288.493954471356
207207,43878.016,48641.97843363991
207208,43878.016,45771.956026748536
207209,43878.016,45336.099883010436
207210,43878.016,34116.76756201902
207211,43878.016,7569.029993417762
207212,43878.016,33115.39009565008
207213,43878.016,25094.165061751042
207214,43878.016,34735.295701449046
207215,43878.016,44928.94178613019
207216,43878.016,15291.298818301522
207217,43878.016,20065.801007006543
207218,43878.016,43412.02151316542
207219,43878.016,35276.31038042568
207220,43878.016,51432.18767260844
207221,43878.016,58667.68392251821
207222,43878.016,48334.77583205906
207223,43878.016,7021.377208396185
207224,43878.016,35729.710341345184
207225,43878.016,51298.035591898464
207226,43878.016,25069.61119577097
207227,43878.016,51660.5028016958
207228,43878.016,47535.286153824556
207229,43878.016,22163.404591867813
207230,43878.016,31609.681330963213
207231,43878.016,31550.06527933933
207232,43878.016,59571.80457990823
207233,43878.016,32655.818979919797
207234,43878.016,35980.607766259986
207235,43878.016,35596.243595763946
207236,43878.016,45790.07786653159
207237,43878.016,9564.727092407304
207238,43878.016,54281.14956537659
207239,43878.016,15677.17628193434
207240,43878.016,18337.88400459438
207241,43878.016,18048.852153289004
207242,43878.016,18748.874962289654
207243,43878.016,39779.89481754592
207244,43878.016,45847.54795335677
207245,43878.016,54779.4926049969
207246,43878.016,42009.88962294087
207247,43878.016,35060.36315443176
207248,43878.016,20961.699299134303
207249,43878.016,11104.964784815027
207250,43878.016,8598.17547119371
207251,43878.016,45252.356274466954
207252,43878.016,39951.886584503525
207253,43878.016,48895.21396030655
207254,43878.016,8992.918050842472
207255,43878.016,62759.25122486577
207256,43878.016,36455.72447646333
207257,43878.016,48144.12083391029
207258,43878.016,49412.24159053293
207259,43878.016,11247.513757730092
207260,43878.016,39411.44622789212
207261,43878.016,62277.033593074084
207262,43878.016,71435.29765325956
207263,43878.016,20590.938261880754
207264,43878.016,49307.48525497521
207265,43878.016,21595.34579302303
207266,43878.016,29788.61383013832
207267,43878.016,41799.87509124314
207268,43878.016,22022.90949301756
207269,43878.016,27302.876963386723
207270,43878.016,20770.211328093483
207271,43878.016,27229.456667041493
207272,43878.016,62525.64444871142
207273,43878.016,20728.877711355963
207274,43878.016,30592.91762883263
207275,43878.016,29027.501026496597
207276,43878.016,33047.86577183349
207277,43878.016,35806.394221511575
207278,43878.016,70600.00940114165
207279,43878.016,18825.071039695715
207280,43878.016,56694.32009072412
207281,43878.016,16656.277893985778
207282,43878.016,38008.34153762648
207283,43878.016,23367.47770690737
207284,43878.016,33936.52987622992
207285,43878.016,20802.25216251947
207286,43878.016,39014.78672024081
207287,43878.016,58590.904232987574
207288,43878.016,82047.03895572716
207289,43878.016,52741.64282751464
207290,43878.016,31144.759493630187
207291,43878.016,44130.905842035994
207292,43878.016,38167.606292206234
207293,43878.016,46561.6653874162
207294,43878.016,37760.94254582847
207295,43878.016,8585.41680001148
207296,43878.016,47504.33115981662
207297,43878.016,66121.02660605677
207298,43878.016,68207.42083187163
207299,43878.016,56587.60255568885
207300,43878.016,35503.26514009112
207301,43878.016,30048.5178507248
207302,43878.016,16924.319359490215
207303,43878.016,52341.72946818112
207304,43878.016,54541.81671694491
207305,43878.016,37519.93293042809
207306,43878.016,62372.5294227288
207307,43878.016,38927.571146392
207308,43878.016,31042.246323477604
207309,43878.016,38443.1713418293
207310,43878.016,44498.19779701778
207311,43878.016,14025.228032123996
207312,43878.016,16411.00229704034
207313,43878.016,53707.68437255666
207314,43878.016,16150.837227957405
207315,43878.016,64147.31430245363
207316,43878.016,19387.378678792775
207317,43878.016,22603.689349442488
207318,43878.016,25461.788266324642
207319,43878.016,51237.447788951
207320,43878.016,21223.127748918847
207321,43878.016,50751.91327711512
207322,43878.016,41051.76444863624
207323,43878.016,37617.90587004357
207324,43878.016,61643.40882165335
207325,43878.016,34921.31482802989
207326,43878.016,10087.070669118702
207327,43878.016,37097.454397707996
207328,43878.016,9590.003620280298
207329,43878.016,50052.78837049763
207330,43878.016,12974.335276280111
207331,43878.016,54399.43446840237
207332,43878.016,24380.24393070259
207333,43878.016,8598.319084804869
207334,43878.016,36842.61685741772
207335,43878.016,20543.76814081477
207336,43878.016,19562.17539855964
207337,43878.016,54177.016348744364
207338,43878.016,45328.602287283735
207339,43878.016,63030.063373586214
207340,43878.016,22582.45690255064
207341,43878.016,50365.82136295149
207342,43878.016,35526.68370543654
207343,43878.016,32646.748833020185
207344,43878.016,5701.922700734912
207345,43878.016,65613.25444026488
207346,43878.016,43356.52282681858
207347,43878.016,15254.589936683968
207348,43878.016,27796.36666938645
207349,43878.016,34302.202053956375
207350,43878.016,77309.71343391498
207351,43878.016,24141.54550067858
207352,43878.016,43218.315934834565
207353,43878.016,29702.743430328374
207354,43878.016,18285.49266913175
207355,43878.016,56922.145830484085
207356,43878.016,45681.769768857266
207357,43878.016,24748.551703605015
207358,43878.016,15568.020380453368
207359,43878.016,27193.57576711365
207360,43878.016,78574.70860308739
207361,43878.016,22240.280370012784
207362,43878.016,43781.01111801282
207363,43878.016,49795.30770951502
207364,43878.016,42173.699654893666
207365,43878.016,48083.45352417133
207366,43878.016,22023.878120014342
207367,43878.016,26487.60467189129
207368,43878.016,6835.849777985992
207369,43878.016,25789.601381897195
207370,43878.016,18728.859809146077
207371,43878.016,26658.91474473669
207372,43878.016,24945.208724190637
207373,43878.016,43558.110095049065
207374,43878.016,18739.411164782065
207375,43878.016,28654.01687994779
207376,43878.016,34222.96389336226
207377,43878.016,34678.94151352405
207378,43878.016,20932.200933703964
207379,43878.016,36976.281590839295
207380,43878.016,13492.200654333086
207381,43878.016,50269.93628330053
207382,43878.016,21106.309609886623
207383,43878.016,13630.788624891757
207384,43878.016,15702.531700995485
207385,43878.016,29462.318884747263
207386,43878.016,28341.077099098227
207387,43878.016,35585.48287505555
207388,43878.016,69410.47812511555
207389,43878.016,20049.040884013288
207390,43878.016,18343.82125731721
207391,43878.016,28715.99129322614
207392,43878.016,30475.111925152916
207393,43878.016,51104.638844543915
207394,43878.016,49218.82802648175
207395,43878.016,20552.149854075134
207396,43878.016,53120.11266234644
207397,43878.016,46740.85419284258
207398,43878.016,33909.541787505885
207399,43878.016,35814.41831160396
207400,43878.016,9283.204914733797
207401,43878.016,36968.97568547748
207402,43878.016,48690.61900056765
207403,43878.016,7512.632795274374
207404,43878.016,68671.21805853165
207405,43878.016,32815.41753227408
207406,43878.016,75132.05836343892
207407,43878.016,31580.597847452107
207408,43878.016,47932.88821830762
207409,43878.016,77429.23411085892
207410,43878.016,30341.833959298587
207411,43878.016,15170.030789700444
207412,43878.016,20736.30053535824
207413,43878.016,24054.96925886541
207414,43878.016,42047.492915393465
207415,43878.016,33108.62721087641
207416,43878.016,56022.27916255181
207417,43878.016,10826.180534937877
207418,43878.016,30478.402874534277
207419,43878.016,36575.072408630265
207420,43878.016,44443.12284879308
207421,43878.016,26647.873899393315
207422,43878.016,15710.572340541818
207423,43878.016,46043.43352759086
207424,43878.016,33856.59469300218
207425,43878.016,14203.215249018895
207426,43878.016,17468.825835653006
207427,43878.016,44392.99468923704
207428,43878.016,61995.51577352383
207429,43878.016,15659.452480085412
207430,43878.016,59403.01966515916
207431,43878.016,21575.290133603434
207432,43878.016,30470.527822600438
207433,43878.016,17451.426666513515
207434,43878.016,74263.18571352218
207435,43878.016,24119.72049925893
207436,43878.016,52943.723360427975
207437,43878.016,47573.98678394115
207438,43878.016,35016.23207860247
207439,43878.016,5489.162092982781
207440,43878.016,6238.517894982911
207441,43878.016,77342.64841304695
207442,43878.016,27636.74629754149
207443,43878.016,29421.54679490737
207444,43878.016,50203.53500717789
207445,43878.016,51536.8520718405
207446,43878.016,37577.57210223233
207447,43878.016,44429.47818963443
207448,43878.016,63176.88076032087
207449,43878.016,22914.328160877423
207450,43878.016,71678.78005352577
207451,43878.016,69839.06089749146
207452,43878.016,39967.72351233099
207453,43878.016,60975.60095266545
207454,43878.016,37860.708688211394
207455,43878.016,11186.464804850042
207456,43878.016,11876.496049058627
207457,43878.016,21232.87189877227
207458,43878.016,44903.30646079519
207459,43878.016,31086.01924713982
207460,43878.016,12004.684319078922
207461,43878.016,44821.21719031956
207462,43878.016,21078.165978013047
207463,43878.016,27643.33417538389
207464,43878.016,9528.5925637118
207465,43878.016,26286.03593178625
207466,43878.016,48239.12356524656
207467,43878.016,51480.125555630955
207468,43878.016,54057.66512275396
207469,43878.016,15037.241139146974
207470,43878.016,12057.856377048067
207471,43878.016,27787.33267362399
207472,43878.016,32638.870711476804
207473,43878.016,13974.811957328719
207474,43878.016,27960.952917469156
207475,43878.016,40225.22729705882
207476,43878.016,15678.246009705068
207477,43878.016,37561.11448555
207478,43878.016,49898.07711266808
207479,43878.016,28422.741000509162
207480,43878.016,48615.82507488928
207481,43878.016,20846.788473444558
207482,43878.016,57583.61376682871
207483,43878.016,10330.713158332524
207484,43878.016,45412.81943325693
207485,43878.016,39890.2416939027
207486,43878.016,36899.462949865665
207487,43878.016,9054.623030115064
207488,43878.016,35702.33646807526
207489,43878.016,22842.57420076594
207490,43878.016,18165.407334854805
207491,43878.016,58415.50701529391
207492,43878.016,58355.209972874436
207493,43878.016,54041.07848352055
207494,43878.016,42741.04981748669
207495,43878.016,35448.44811389669
207496,43878.016,29112.918529292358
207497,43878.016,66385.81181985112
207498,43878.016,13028.570755678371
207499,43878.016,47691.56883294914
207500,43878.016,24110.300091286415
207501,43878.016,20009.37112946661
207502,43878.016,27776.80854093595
207503,43878.016,89595.73972636969
207504,43878.016,41143.073802801504
207505,43878.016,24898.089329722705
207506,43878.016,25243.774070773223
207507,43878.016,21486.998156511418
207508,43878.016,31315.35105048299
207509,43878.016,41362.27379177109
207510,43878.016,51754.82543726163
207511,43878.016,35794.593515800545
207512,43878.016,14227.38163768208
207513,43878.016,39626.05198922175
207514,43878.016,74781.26921594815
207515,43878.016,29154.56492499394
207516,43878.016,24174.643548830038
207517,43878.016,46229.679259498356
207518,43878.016,23369.79870555859
207519,43878.016,64004.417655641984
207520,43878.016,8434.512289370117
207521,43878.016,13956.742112402753
207522,43878.016,9852.358376673092
207523,43878.016,53893.37925927626
207524,43878.016,24196.17180211387
207525,43878.016,23488.041171716042
207526,43878.016,10332.927429575493
207527,43878.016,7667.170633241161
207528,43878.016,8820.091970135889
207529,43878.016,30270.178765437966
207530,43878.016,31316.91449991372
207531,43878.016,31789.754247919947
207532,43878.016,77175.59126541419
207533,43878.016,9863.696237395056
207534,43878.016,30029.72029630958
207535,43878.016,19197.01716213113
207536,43878.016,13039.51138753233
207537,43878.016,18286.60430750385
207538,43878.016,32748.2659214811
207539,43878.016,48262.21820445556
207540,43878.016,33066.04929300212
207541,43878.016,30034.956437159908
207542,43878.016,29792.834412948927
207543,43878.016,17412.47115901699
207544,43878.016,70868.07483778433
207545,43878.016,15152.122479476764
207546,43878.016,41539.02884167644
207547,43878.016,27413.943943850285
207548,43878.016,14084.407847578123
207549,43878.016,31554.925410629032
207550,43878.016,34596.659172261825
207551,43878.016,7365.949283492459
207552,43878.016,15365.417647512251
207553,43878.016,11278.96157748328
207554,43878.016,29859.4818727895
207555,43878.016,46475.35677103609
207556,43878.016,35869.25289683231
207557,43878.016,9792.717718204123
207558,43878.016,13969.531443228694
207559,43878.016,44826.85260929426
207560,43878.016,60646.08148963499
207561,43878.016,36469.56314661749
207562,43878.016,16642.673396775168
207563,43878.016,76812.65676552328
207564,43878.016,33063.34988265521
207565,43878.016,43820.86541770474
207566,43878.016,74210.0399366413
207567,43878.016,70213.24457159021
207568,43878.016,8223.924343420154
207569,43878.016,32290.73296988055
207570,43878.016,45679.76434135305
207571,43878.016,46127.410028796614
207572,43878.016,36253.160097868815
207573,43878.016,29328.29532597239
207574,43878.016,15231.998574689469
207575,43878.016,26175.340086835655
207576,43878.016,44370.807694467425
207577,43878.016,56713.28554849723
207578,43878.016,20716.23530677331
207579,43878.016,26229.95057600455
207580,43878.016,9682.88601654305
207581,43878.016,29693.51572457534
207582,43878.016,54205.827391213235
207583,43878.016,8521.307639075063
207584,43878.016,13044.877819326852
207585,43878.016,16553.385368866857
207586,43878.016,29863.346071229025
207587,43878.016,12375.261837026266
207588,43878.016,24341.679626719648
207589,43878.016,51226.486590327826
207590,43878.016,26472.449001932833
207591,43878.016,13843.60216380822
207592,43878.016,23651.325506918205
207593,43878.016,32898.9112808358
207594,43878.016,16376.081341991314
207595,43878.016,29605.258661078868
207596,43878.016,17718.70304391248
207597,43878.016,44272.88824844745
207598,43878.016,57517.12929156221
207599,43878.016,60638.08143562297
207600,43878.016,41942.5403967046
207601,43878.016,26485.207575953846
207602,43878.016,44451.324192369706
207603,43878.016,32120.09383985803
207604,43878.016,41566.27037595012
207605,43878.016,15167.750743542309
207606,43878.016,49644.52803694378
207607,43878.016,27359.668640569103
207608,43878.016,10236.167849399097
207609,43878.016,46833.42276552876
207610,43878.016,19020.058900465603
207611,43878.016,49630.137206156774
207612,43878.016,31490.629433638856
207613,43878.016,29216.129629168714
207614,43878.016,35979.086110556535
207615,43878.016,13601.045428060717
207616,43878.016,25506.631021758614
207617,43878.016,30171.7399710256
207618,43878.016,10842.945551138526
207619,43878.016,55001.95361858492
207620,43878.016,47677.33849519982
207621,43878.016,47160.268043745054
207622,43878.016,5372.259373034738
207623,43878.016,63928.80757960512
207624,43878.016,21280.369906990592
207625,43878.016,45240.273216146226
207626,43878.016,11684.95674694471
207627,43878.016,17747.755722114598
207628,43878.016,17111.46385034371
207629,43878.016,12139.738473653757
207630,43878.016,63309.65554827068
207631,43878.016,26019.892801072823
207632,43878.016,25478.601581613962
207633,43878.016,41556.054495854405
207634,43878.016,40453.06930001325
207635,43878.016,60590.73915013007
207636,43878.016,23178.608696332914
207637,43878.016,13694.61152159192
207638,43878.016,47618.7131791287
207639,43878.016,4189.778585048356
207640,43878.016,37283.000423578116
207641,43878.016,17054.228130321608
207642,43878.016,37292.30406881503
207643,43878.016,41291.54681463381
207644,43878.016,66514.02050048835
207645,43878.016,55774.12735390129
207646,43878.016,48013.138035658965
207647,43878.016,20216.381909240245
207648,43878.016,10867.144460395366
207649,43878.016,22591.79099648727
207650,43878.016,49160.26444018072
207651,43878.016,23530.94360969073
207652,43878.016,20431.818639090943
207653,43878.016,29828.12109139736
207654,43878.016,28296.337432266788
207655,43878.016,44633.093248797406
207656,43878.016,10831.302322489353
207657,43878.016,53057.14642052999
207658,43878.016,41028.76370122776
207659,43878.016,71182.53071477311
207660,43878.016,14327.601102795536
207661,43878.016,53753.23293562983
207662,43878.016,64336.605701141794
207663,43878.016,43548.129185355785
207664,43878.016,12769.959096605724
207665,43878.016,9492.084423623015
207666,43878.016,26712.266270416454
207667,43878.016,59653.923834810696
207668,43878.016,79833.73335257209
207669,43878.016,10089.173004761626
207670,43878.016,50454.45916028141
207671,43878.016,37114.43740796943
207672,43878.016,37422.01010134431
207673,43878.016,39143.28023130346
207674,43878.016,22102.21387114028
207675,43878.016,52506.074213609594
207676,43878.016,10477.792126234952
207677,43878.016,12537.381599723256
207678,43878.016,29014.37826768758
207679,43878.016,49737.81139824395
207680,43878.016,9836.301895107847
207681,43878.016,38583.708180546455
207682,43878.016,21221.92504559597
207683,43878.016,46472.638204911775
207684,43878.016,51654.58227451148
207685,43878.016,16519.306755924837
207686,43878.016,9733.664983183025
207687,43878.016,7806.481444631641
207688,43878.016,48374.29608416433
207689,43878.016,68003.96304060867
207690,43878.016,54288.50985471117
207691,43878.016,26466.802067188233
207692,43878.016,18970.06413786946
207693,43878.016,17013.360397145152
207694,43878.016,125909.6708635228
207695,43878.016,40025.858643434185
207696,43878.016,33554.35031674409
207697,43878.016,13769.009601377244
207698,43878.016,38067.72002969467
207699,43878.016,61813.17676970965
207700,43878.016,30255.046184441933
207701,43878.016,42382.990852326424
207702,43878.016,23721.520088600904
207703,43878.016,25256.24504444244
207704,43878.016,16113.825798072148
207705,43878.016,56125.16587899719
207706,43878.016,50254.51595777796
207707,43878.016,11520.339414230655
207708,43878.016,8834.96188059064
207709,43878.016,66114.77521280418
207710,43878.016,56242.41063915903
207711,43878.016,7165.921456120247
207712,43878.016,22209.85690894661
207713,43878.016,62825.89176207184
207714,43878.016,43604.26485961579
207715,43878.016,58978.37847001505
207716,43878.016,25990.82874492126
207717,43878.016,25542.137930863464
207718,43878.016,46658.539935139524
207719,43878.016,54624.19426484808
207720,43878.016,58474.476420218874
207721,43878.016,20164.495162511575
207722,43878.016,21332.544862562983
207723,43878.016,13971.935848927444
207724,43878.016,9693.548939107375
207725,43878.016,31280.204027364103
207726,43878.016,31930.42023373982
207727,43878.016,18379.269566456478
207728,43878.016,119044.45013988043
207729,43878.016,32308.634976433772
207730,43878.016,23439.837554107973
207731,43878.016,14438.69571150356
207732,43878.016,45957.91085664615
207733,43878.016,49743.01533709705
207734,43878.016,21605.217144537444
207735,43878.016,22544.881835298012
207736,43878.016,21179.019085066306
207737,43878.016,14365.752365494458
207738,43878.016,10090.578519190705
207739,43878.016,28320.051735871464
207740,43878.016,24211.274478737945
207741,43878.016,40001.71225791307
207742,43878.016,15001.642258063599
207743,43878.016,16737.711820361055
207744,43878.016,11502.589982140797
207745,43878.016,61270.471849710404
207746,43878.016,40302.8121830062
207747,43878.016,61603.485908212526
207748,43878.016,52068.44070272075
207749,43878.016,37572.47333697663
207750,43878.016,71332.48962157381
207751,43878.016,35123.82410180569
207752,43878.016,10349.08554023715
207753,43878.016,17046.801949275407
207754,43878.016,21692.729606921945
207755,43878.016,38151.73719461053
207756,43878.016,42571.8795843483
207757,43878.016,37856.19168438486
207758,43878.016,35996.61670545146
207759,43878.016,33173.67095221996
207760,43878.016,25454.63547970092
207761,43878.016,23448.82652899645
207762,43878.016,25059.057959294223
207763,43878.016,36819.94355167519
207764,43878.016,57760.24821240946
207765,43878.016,34799.83698429921
207766,43878.016,19186.464167473172
207767,43878.016,45737.717560326804
207768,43878.016,46109.92853448126
207769,43878.016,45845.30338473318
207770,43878.016,31906.41023241683
207771,43878.016,48898.51374074952
207772,43878.016,57209.900521512
207773,43878.016,93708.69508150498
207774,43878.016,57010.81227760243
207775,43878.016,26791.50833387497
207776,43878.016,71594.61927914848
207777,43878.016,41149.84338474334
207778,43878.016,7841.64634726349
207779,43878.016,60661.10764070931
207780,43878.016,43643.08313904478
207781,43878.016,39894.7915387034
207782,43878.016,19262.192032574505
207783,43878.016,40807.93657292733
207784,43878.016,28096.04408577161
207785,43878.016,25640.20256854871
207786,43878.016,117805.01269049918
207787,43878.016,16153.14556895452
207788,43878.016,42871.12802040761
207789,43878.016,8176.321622436355
207790,43878.016,45990.875367994384
207791,43878.016,14120.78795432963
207792,43878.016,31495.908982794335
207793,43878.016,47048.106921597726
207794,43878.016,20282.733620459225
207795,43878.016,58059.615601929036
207796,43878.016,25373.783074444927
207797,43878.016,29205.69753853873
207798,43878.016,65115.269168897066
207799,43878.016,40821.326232289044
207800,43878.016,30839.441033835625
207801,43878.016,62197.059175582726
207802,43878.016,5988.825560821145
207803,43878.016,13159.311194675192
207804,43878.016,23891.29953350376
207805,43878.016,58285.69834174911
207806,43878.016,55592.32499577576
207807,43878.016,51689.426800703746
207808,43878.016,27935.594795395806
207809,43878.016,39940.31345893464
207810,43878.016,22042.98854678883
207811,43878.016,49751.52002831185
207812,43878.016,28243.54510891267
207813,43878.016,38129.372197402896
207814,43878.016,10870.741932247985
207815,43878.016,6971.6394013840845
207816,43878.016,16139.192147116935
207817,43878.016,16679.829244837743
207818,43878.016,22181.111590183253
207819,43878.016,60853.531958902706
207820,43878.016,17827.309119845482
207821,43878.016,34233.09831555263
207822,43878.016,59233.19983188328
207823,43878.016,26404.406956060087
207824,43878.016,77623.01302524414
207825,43878.016,26193.63571034261
207826,43878.016,36018.96991929778
207827,43878.016,38425.98129204518
207828,43878.016,59996.40010899678
207829,43878.016,7044.94965081831
207830,43878.016,6271.222231649499
207831,43878.016,64039.13251909067
207832,43878.016,53370.440179463985
207833,43878.016,21382.913215237746
207834,43878.016,44291.31390735869
207835,43878.016,12069.775034898063
207836,43878.016,26791.405221963483
207837,43878.016,10635.690510002774
207838,43878.016,55742.66086699911
207839,43878.016,37069.95930019864
207840,43878.016,27130.765774755757
207841,43878.016,36853.254040635664
207842,43878.016,30939.969127919314
207843,43878.016,23731.454139339323
207844,43878.016,63544.1439260834
207845,43878.016,22648.83025656155
207846,43878.016,70608.50995316345
207847,43878.016,45174.86616021456
207848,43878.016,46136.83551810446
207849,43878.016,28085.291295507617
207850,43878.016,21252.80199397095
207851,43878.016,29490.32833580224
207852,43878.016,41403.41959620644
207853,43878.016,33191.56540030245
207854,43878.016,64606.87489903651
207855,43878.016,31347.704087692233
207856,43878.016,38504.51425632295
207857,43878.016,42400.754853561484
207858,43878.016,69405.91613289827
207859,43878.016,15379.286946090113
207860,43878.016,9818.05523728378
207861,43878.016,21978.843623378296
207862,43878.016,32534.519989934208
207863,43878.016,36306.807430297304
207864,43878.016,48219.22997981755
207865,43878.016,36663.102875700504
207866,43878.016,39515.69832820638
207867,43878.016,28428.70992230579
207868,43878.016,10480.305107818358
207869,43878.016,56226.11297455454
207870,43878.016,65792.10984500845
207871,43878.016,54956.65469138509
207872,43878.016,12152.706271945031
207873,43878.016,36646.748698255185
207874,43878.016,27477.46342704191
207875,43878.016,51195.68582149233
207876,43878.016,60545.126429277996
207877,43878.016,46236.78497154632
207878,43878.016,46965.49275771424
207879,43878.016,38131.459819981
207880,43878.016,31225.131481605546
207881,43878.016,37771.87584834465
207882,43878.016,41484.06275965866
207883,43878.016,17710.34458379859
207884,43878.016,26009.851518146992
207885,43878.016,35615.14757459693
207886,43878.016,32976.55519703585
207887,43878.016,18424.064994280463
207888,43878.016,58682.189538964674
207889,43878.016,36189.99270257254
207890,43878.016,11082.72365847665
207891,43878.016,74726.19786690647
207892,43878.016,46636.36854571797
207893,43878.016,34872.61477992601
207894,43878.016,14534.893819038245
207895,43878.016,79069.94763863455
207896,43878.016,43361.7240155632
207897,43878.016,10141.142786330103
207898,43878.016,42145.5425846526
207899,43878.016,54376.337972524314
207900,43878.016,13344.107907043726
207901,43878.016,19455.05229824601
207902,43878.016,40994.62526787654
207903,43878.016,53809.542465262566
207904,43878.016,18283.10105831823
207905,43878.016,16548.246505086787
207906,43878.016,62676.25078998297
207907,43878.016,38640.28555223117
207908,43878.016,52601.87526715191
207909,43878.016,20491.89530459395
207910,43878.016,40584.89315285079
207911,43878.016,27427.934061593915
207912,43878.016,25489.592850783563
207913,43878.016,47688.38481278516
207914,43878.016,66141.4979684828
207915,43878.016,53681.645853663904
207916,43878.016,69676.8843863265
207917,43878.016,40951.83910489642
207918,43878.016,21601.02938682883
207919,43878.016,49740.24700020697
207920,43878.016,51288.23763797278
207921,43878.016,71947.88261887355
207922,43878.016,7356.597480419011
207923,43878.016,53522.972274634456
207924,43878.016,16257.567448657644
207925,43878.016,17491.52518108209
207926,43878.016,19970.52111186775
207927,43878.016,37869.782360735546
207928,43878.016,43866.865201841974
207929,43878.016,35358.68944894631
207930,43878.016,37484.01074352362
207931,43878.016,12564.50838052208
207932,43878.016,74492.08704172625
207933,43878.016,39057.019798105604
207934,43878.016,50321.81770580213
207935,43878.016,52574.59377195104
207936,43878.016,59846.20506672681
207937,43878.016,45785.61009155816
207938,43878.016,18407.663624658526
207939,43878.016,49513.784837310326
207940,43878.016,10539.417025472054
207941,43878.016,28478.727611471084
207942,43878.016,11635.58308491855
207943,43878.016,44892.56724944291
207944,43878.016,67538.77897040974
207945,43878.016,22453.84561268985
207946,43878.016,16120.40266527387
207947,43878.016,22098.819527795175
207948,43878.016,45715.28201089476
207949,43878.016,42351.082395409474
207950,43878.016,56914.19685210956
207951,43878.016,55801.08120277853
207952,43878.016,24229.12485927705
207953,43878.016,34108.87718050061
207954,43878.016,61561.93799218911
207955,43878.016,7114.0674290605275
207956,43878.016,20947.418648677034
207957,43878.016,16434.695769815855
207958,43878.016,10501.751277413983
207959,43878.016,14461.038793631269
207960,43878.016,31861.550089878485
207961,43878.016,35827.829660634234
207962,43878.016,9131.366553293758
207963,43878.016,39959.853102830115
207964,43878.016,32550.688402578915
207965,43878.016,10996.654931846611
207966,43878.016,6239.4801809010005
207967,43878.016,33136.70649302062
207968,43878.016,36632.44652433558
207969,43878.016,20118.535173902856
207970,43878.016,61761.148121788916
207971,43878.016,35275.11440173472
207972,43878.016,22481.497652988553
207973,43878.016,56608.76206850192
207974,43878.016,5208.37843278681
207975,43878.016,16419.741324775394
207976,43878.016,37137.65301996435
207977,43878.016,48730.55919525636
207978,43878.016,10820.136187208891
207979,43878.016,18092.74601572757
207980,43878.016,44556.78446163589
207981,43878.016,55066.8297152156
207982,43878.016,24878.531014153963
207983,43878.016,20855.86318861224
207984,43878.016,49186.0994410044
207985,43878.016,14362.377037226486
207986,43878.016,83366.30255790763
207987,43878.016,24578.570023134194
207988,43878.016,40558.95141499682
207989,43878.016,11974.105746583233
207990,43878.016,35242.95651048608
207991,43878.016,28116.758028867647
207992,43878.016,28581.14484470143
207993,43878.016,6317.486790147675
207994,43878.016,63650.95220509106
207995,43878.016,28990.23916381865
207996,43878.016,55129.96974149298
207997,43878.016,45301.407689382395
207998,43878.016,16743.961602572963
207999,43878.016,30720.26760794006
208000,43878.016,13145.971267847523
208001,43878.016,2664.1541567059344
208002,43878.016,24690.679083368308
208003,43878.016,10936.775046721054
208004,43878.016,68322.62425728003
208005,43878.016,37787.65488185235
208006,43878.016,8882.621662844369
208007,43878.016,47833.279159631056
208008,43878.016,39168.50121517442
208009,43878.016,63789.06665811015
208010,43878.016,15791.19022115894
208011,43878.016,14740.157728878723
208012,43878.016,39172.81048208243
208013,43878.016,40902.018979014116
208014,43878.016,14620.90781230912
208015,43878.016,35080.61569484069
208016,43878.016,18606.0017902166
208017,43878.016,17004.588695904356
208018,43878.016,29240.0418077731
208019,43878.016,52744.73714730282
208020,43878.016,26433.855576876427
208021,43878.016,27067.64724225339
208022,43878.016,41556.119584741304
208023,43878.016,15071.670899171806
208024,43878.016,46379.843965964355
208025,43878.016,54039.68197174233
208026,43878.016,16994.48726486269
208027,43878.016,13863.433640950378
208028,43878.016,70347.9017419516
208029,43878.016,71728.47400223374
208030,43878.016,17562.91638970883
208031,43878.016,32563.287964395142
208032,43878.016,31070.249639420763
208033,43878.016,6338.213086008075
208034,43878.016,9072.222651735448
208035,43878.016,42625.395729795746
208036,43878.016,33110.72926494983
208037,43878.016,4580.961656890467
208038,43878.016,19460.348128741116
208039,43878.016,6684.120754314212
208040,43878.016,30262.98029195152
208041,43878.016,15655.38237645452
208042,43878.016,56451.73298239528
208043,43878.016,4947.344830217988
208044,43878.016,69334.40230698661
208045,43878.016,74701.33061803972
208046,43878.016,15075.116236767324
208047,43878.016,8654.080952988754
208048,43878.016,24529.34460031787
208049,43878.016,81914.24078098037
208050,43878.016,23309.465118024567
208051,43878.016,54227.31476585631
208052,43878.016,72054.86472857713
208053,43878.016,58698.99282359408
208054,43878.016,57685.76493009598
208055,43878.016,8503.519325872263
208056,43878.016,19100.40414199022
208057,43878.016,52561.02190966662
208058,43878.016,5987.439568976317
208059,43878.016,16056.071226131387
208060,43878.016,20095.26061946614
208061,43878.016,17457.08322273401
208062,43878.016,66138.68575991393
208063,43878.016,62188.37827132388
208064,43878.016,57973.2425979242
208065,43878.016,18992.089739122966
208066,43878.016,8317.359760861582
208067,43878.016,23120.87463193203
208068,43878.016,72214.04920154874
208069,43878.016,52087.735320124746
208070,43878.016,23507.089460253985
208071,43878.016,41543.85251152312
208072,43878.016,10827.08307285629
208073,43878.016,41802.44097134398
208074,43878.016,42569.4471329026
208075,43878.016,18790.645561353926
208076,43878.016,22017.54886154563
208077,43878.016,10828.572979165969
208078,43878.016,39361.68177021849
208079,43878.016,58680.29885296246
208080,43878.016,50275.73904134111
208081,43878.016,53781.295044682694
208082,43878.016,20693.66098071176
208083,43878.016,42028.85221327246
208084,43878.016,45100.24606838447
208085,43878.016,10807.553761813702
208086,43878.016,35764.33447764028
208087,43878.016,10072.577840759785
208088,43878.016,23858.926710685224
208089,43878.016,60584.09114291149
208090,43878.016,20324.52710285491
208091,43878.016,8212.018170942947
208092,43878.016,42916.78989169723
208093,43878.016,6727.456122622966
208094,43878.016,43921.33022633745
208095,43878.016,9120.31757385274
208096,43878.016,60857.0815197983
208097,43878.016,5735.74852511068
208098,43878.016,45056.677181817184
208099,43878.016,78342.12917690972
208100,43878.016,118659.60011129922
208101,43878.016,28981.58552363443
208102,43878.016,13713.875942319457
208103,43878.016,26501.79710213059
208104,43878.016,12686.131224106648
208105,43878.016,70144.97541292025
208106,43878.016,13174.934864961166
208107,43878.016,25569.35802173204
208108,43878.016,28514.251882336426
208109,43878.016,39011.3133321309
208110,43878.016,35137.50645763853
208111,43878.016,55094.16401625273
208112,43878.016,17520.431227494435
208113,43878.016,60408.84633470509
208114,43878.016,33627.79936017964
208115,43878.016,20759.893961062775
208116,43878.016,25626.20912331799
208117,43878.016,36049.089524028524
208118,43878.016,14692.52637619037
208119,43878.016,56532.309967586974
208120,43878.016,33900.91272965653
208121,43878.016,19869.46038592422
208122,43878.016,42705.53132592136
208123,43878.016,48040.35259690506
208124,43878.016,73360.08924690832
208125,43878.016,32645.47011145731
208126,43878.016,72037.90647418833
208127,43878.016,59480.93961876706
208128,43878.016,20104.456064681453
208129,43878.016,17697.965685989002
208130,43878.016,37640.94497193026
208131,43878.016,63381.10243604237
208132,43878.016,6858.365102794877
208133,43878.016,34184.640790349426
208134,43878.016,61392.84573411308
208135,43878.016,16556.0151158186
208136,43878.016,20561.789237539422
208137,43878.016,32188.16741880791
208138,43878.016,30219.56765916461
208139,43878.016,46528.49326783216
208140,43878.016,9835.054207482894
208141,43878.016,34610.08265602398
208142,43878.016,13297.05952643388
208143,43878.016,46686.43184831751
208144,43878.016,62219.00489339492
208145,43878.016,40990.48560869547
208146,43878.016,21125.30777534416
208147,43878.016,18954.06246158485
208148,43878.016,30782.023330385073
208149,43878.016,14155.768485083663
208150,43878.016,48178.56119096596
208151,43878.016,52388.79745153586
208152,43878.016,32034.904550360792
208153,43878.016,17536.41502479658
208154,43878.016,41607.17149164883
208155,43878.016,27025.033961506273
208156,43878.016,58528.67378717117
208157,43878.016,19804.786931867693
208158,43878.016,30953.907350013986
208159,43878.016,17307.10054425667
208160,43878.016,31963.5012217677
208161,43878.016,37791.069340095935
208162,43878.016,4576.556004417208
208163,43878.016,31127.912791100458
208164,43878.016,24417.738959851988
208165,43878.016,32706.13343242727
208166,43878.016,39738.888370099914
208167,43878.016,47936.70038290944
208168,43878.016,40953.35863880093
208169,43878.016,46636.23419875118
208170,43878.016,10040.68636956423
208171,43878.016,74220.25098453816
208172,43878.016,54728.06927540262
208173,43878.016,73929.9641880601
208174,43878.016,20541.403590071874
208175,43878.016,35047.58289640349
208176,43878.016,42996.73193806014
208177,43878.016,5448.6707820527745
208178,43878.016,23849.4892379886
208179,43878.016,39944.2812496239
208180,43878.016,15925.108267021615
208181,43878.016,37573.86162494897
208182,43878.016,37613.741920122295
208183,43878.016,11980.176548546646
208184,43878.016,10512.595585504574
208185,43878.016,43360.80831856703
208186,43878.016,40601.83254939636
208187,43878.016,34194.12193994447
208188,43878.016,8529.08621338186
208189,43878.016,41030.85977883959
208190,43878.016,23398.774848193658
208191,43878.016,40922.75656259725
208192,43878.016,41642.407394409005
208193,43878.016,39333.349069566255
208194,43878.016,21442.42429712757
208195,43878.016,15575.791628076387
208196,43878.016,48940.982638980204
208197,43878.016,47105.443106171864
208198,43878.016,15136.477347654141
208199,43878.016,24161.512511667443
208200,43878.016,28300.223888939545
208201,43878.016,42132.430760904965
208202,43878.016,42367.251705725044
208203,43878.016,12277.33078355135
208204,43878.016,57957.71863180777
208205,43878.016,9825.720264557265
208206,43878.016,20324.661407709697
208207,43878.016,24521.27083698714
208208,43878.016,24040.23663667697
208209,43878.016,26078.47249930656
208210,43878.016,19563.09185244434
208211,43878.016,14069.410323504339
208212,43878.016,27439.157387632284
208213,43878.016,60420.68948410175
208214,43878.016,28414.35644567269
208215,43878.016,77453.61117257448
208216,43878.016,7698.171585003963
208217,43878.016,19444.77122261538
208218,43878.016,18508.44946133091
208219,43878.016,75391.78956351642
208220,43878.016,23668.092479544655
208221,43878.016,56809.91856159414
208222,43878.016,10513.31214441784
208223,43878.016,54358.223513304976
208224,43878.016,71243.9384298044
208225,43878.016,25167.534322227846
208226,43878.016,14817.190377679795
208227,43878.016,47211.59774548597
208228,43878.016,48592.54815647187
208229,43878.016,51284.714225703945
208230,43878.016,20904.202265652246
208231,43878.016,27366.831250780957
208232,43878.016,28046.337183574058
208233,43878.016,36860.3215300012
208234,43878.016,43331.09854615407
208235,43878.016,20396.837681295747
208236,43878.016,27994.019365753837
208237,43878.016,22793.16366429116
208238,43878.016,41746.68010861862
208239,43878.016,51177.50436457408
208240,43878.016,66357.96370633149
208241,43878.016,81067.95421294693
208242,43878.016,45961.63421804689
208243,43878.016,24549.103967737097
208244,43878.016,15232.755124187366
208245,43878.016,10376.436779509584
208246,43878.016,8647.008976449782
208247,43878.016,16570.770666051314
208248,43878.016,47642.42856735205
208249,43878.016,21859.571430754106
208250,43878.016,56776.660365379525
208251,43878.016,63777.21557224041
208252,43878.016,23580.90346054902
208253,43878.016,38447.80260958915
208254,43878.016,27849.57047275589
208255,43878.016,52744.5079283092
208256,43878.016,36064.45884827532
208257,43878.016,54117.15036351157
208258,43878.016,15682.708596711704
208259,43878.016,68156.16846123638
208260,43878.016,36970.87008002394
208261,43878.016,30074.727360176985
208262,43878.016,35234.59742020513
208263,43878.016,64822.7996166014
208264,43878.016,10480.679809047111
208265,43878.016,86036.2406157935
208266,43878.016,10944.446364401645
208267,43878.016,33779.55496440666
208268,43878.016,46820.933916411486
208269,43878.016,43437.22354052387
208270,43878.016,69643.10637227359
208271,43878.016,45732.2967843219
208272,43878.016,78033.85394769645
208273,43878.016,26008.714410810964
208274,43878.016,45803.24582344387
208275,43878.016,22766.86208308605
208276,43878.016,37367.812637774005
208277,43878.016,7743.26646086813
208278,43878.016,24871.7048537214
208279,43878.016,59321.67415522666
208280,43878.016,12017.06634239452
208281,43878.016,12686.389281844009
208282,43878.016,56863.56164587495
208283,43878.016,19346.666840935788
208284,43878.016,51703.04569441473
208285,43878.016,30817.616099613693
208286,43878.016,80599.83858151236
208287,43878.016,23108.168721667906
208288,43878.016,7501.877386537904
208289,43878.016,36289.09746918924
208290,43878.016,19465.820408334053
208291,43878.016,16450.83943312573
208292,43878.016,34060.740292388735
208293,43878.016,15057.268604322635
208294,43878.016,51590.114501829165
208295,43878.016,29853.52475613157
208296,43878.016,53146.098846803274
208297,43878.016,46658.537721051434
208298,43878.016,56604.129614496385
208299,43878.016,48239.93549293555
208300,43878.016,56871.66292731516
208301,43878.016,5910.117076199572
208302,43878.016,46174.85956204796
208303,43878.016,20979.06402388086
208304,43878.016,44165.349972552896
208305,43878.016,67650.80071638085
208306,43878.016,71280.11180865599
208307,43878.016,18031.20487384404
208308,43878.016,13448.530528647385
208309,43878.016,44793.344669737366
208310,43878.016,36256.22883464094
208311,43878.016,59622.2919567475
208312,43878.016,17805.398741163386
208313,43878.016,26909.08866213356
208314,43878.016,13633.879306695577
208315,43878.016,72999.61348002021
208316,43878.016,21979.52832833348
208317,43878.016,21580.72511197113
208318,43878.016,11650.445684082724
208319,43878.016,22638.588776566692
208320,43878.016,74060.16934347899
208321,43878.016,7139.81284518171
208322,43878.016,20113.418357756855
208323,43878.016,8683.909427863946
208324,43878.016,36347.43531700835
208325,43878.016,69046.87448965444
208326,43878.016,18140.192651678168
208327,43878.016,38452.330621495756
208328,43878.016,32707.59894427506
208329,43878.016,52864.77298042433
208330,43878.016,46254.323313666515
208331,43878.016,49440.516794781535
208332,43878.016,62475.897778230916
208333,43878.016,48289.58327466303
208334,43878.016,36488.34509908289
208335,43878.016,16435.116002087514
208336,43878.016,43318.80147478156
208337,43878.016,29020.357048920716
208338,43878.016,46722.87641811949
208339,43878.016,24161.590608004306
208340,43878.016,54816.89375399883
208341,43878.016,45171.493133428645
208342,43878.016,10797.398242499607
208343,43878.016,56524.982059108275
208344,43878.016,22284.801766861692
208345,43878.016,56870.816829491174
208346,43878.016,25061.47688646966
208347,43878.016,13021.328061830834
208348,43878.016,22233.51059719793
208349,43878.016,38849.86664239009
208350,43878.016,19597.838075908814
208351,43878.016,38347.75347200615
208352,43878.016,52572.721277281176
208353,43878.016,23468.019077100143
208354,43878.016,59220.63233519877
208355,43878.016,24903.17157693139
208356,43878.016,47706.006040947956
208357,43878.016,13354.617282685293
208358,43878.016,61370.98025001543
208359,43878.016,17781.972163828836
208360,43878.016,78121.75874898271
208361,43878.016,39743.14152344756
208362,43878.016,43318.96326712624
208363,43878.016,25296.479042338753
208364,43878.016,53374.726171154114
208365,43878.016,75165.07530755026
208366,43878.016,17438.65897133098
208367,43878.016,42749.943306218585
208368,43878.016,64357.52009600974
208369,43878.016,20058.549247583356
208370,43878.016,15274.513042712593
208371,43878.016,43585.195971880625
208372,43878.016,41517.963271715234
208373,43878.016,22380.78929554297
208374,43878.016,37609.33901551933
208375,43878.016,6877.063065661791
208376,43878.016,15682.083783792332
208377,43878.016,29154.86414009602
208378,43878.016,27835.328581832706
208379,43878.016,37866.899375496665
208380,43878.016,8065.560973999792
208381,43878.016,50642.74109587613
208382,43878.016,23534.674312383824
208383,43878.016,7597.367531761569
208384,43878.016,20805.62167024168
208385,43878.016,46166.56321571134
208386,43878.016,16330.922698629198
208387,43878.016,28054.847342279518
208388,43878.016,49484.33044397827
208389,43878.016,29394.38973423585
208390,43878.016,11456.485659145475
208391,43878.016,53720.46504438528
208392,43878.016,14563.524909540924
208393,43878.016,31705.771556973774
208394,43878.016,20352.797428544123
208395,43878.016,54550.318312864525
208396,43878.016,38309.50725708265
208397,43878.016,36323.567849518746
208398,43878.016,48959.03185176593
208399,43878.016,59436.65731359943
208400,43878.016,43187.77588607057
208401,43878.016,21655.067295405683
208402,43878.016,46368.11803656538
208403,43878.016,56932.707505768754
208404,43878.016,30905.800452209416
208405,43878.016,47718.29125810978
208406,43878.016,10308.71237179397
208407,43878.016,22998.005413876028
208408,43878.016,12828.77478995892
208409,43878.016,10865.27437281188
208410,43878.016,59307.127420131954
208411,43878.016,6686.713589269627
208412,43878.016,25370.449872801742
208413,43878.016,42426.26345120388
208414,43878.016,46094.29801199831
208415,43878.016,13954.897010624265
208416,43878.016,22991.784346502776
208417,43878.016,4223.030461939041
208418,43878.016,22469.77287170017
208419,43878.016,17149.14357047595
208420,43878.016,36714.93289114031
208421,43878.016,43915.48161087643
208422,43878.016,32104.64912811427
208423,43878.016,57715.858515225926
208424,43878.016,51041.35589950748
208425,43878.016,22732.866969554754
208426,43878.016,20473.517089195906
208427,43878.016,45441.59686937587
208428,43878.016,19480.21025709378
208429,43878.016,37369.989467062915
208430,43878.016,16210.787424722697
208431,43878.016,27253.10143752
208432,43878.016,28593.130633606892
208433,43878.016,32402.139351842034
208434,43878.016,45032.11748227577
208435,43878.016,54059.86902422922
208436,43878.016,67526.35257739002
208437,43878.016,10408.88111805199
208438,43878.016,18731.124558215193
208439,43878.016,37114.3363035859
208440,43878.016,12541.038853153263
208441,43878.016,57995.63824598593
208442,43878.016,18405.451093862375
208443,43878.016,23535.186781476226
208444,43878.016,61659.45327711603
208445,43878.016,63182.40026827968
208446,43878.016,53813.40987625258
208447,43878.016,13944.326910313059
208448,43878.016,62771.42720020059
208449,43878.016,63811.072166520484
208450,43878.016,14270.179690170284
208451,43878.016,19577.949937314595
208452,43878.016,44331.88463955167
208453,43878.016,62500.605158720304
208454,43878.016,35826.393975022824
208455,43878.016,18011.357178996313
208456,43878.016,32777.95171042981
208457,43878.016,32934.34106487642
208458,43878.016,54934.10596933039
208459,43878.016,14222.278343360314
208460,43878.016,7213.4750228452895
208461,43878.016,41919.889524025784
208462,43878.016,9849.511049280052
208463,43878.016,18556.53714838445
208464,43878.016,60308.943636200675
208465,43878.016,13855.997668965241
208466,43878.016,43578.30341859815
208467,43878.016,47245.87287032428
208468,43878.016,33163.15107611065
208469,43878.016,44897.26987647362
208470,43878.016,35079.65558984368
208471,43878.016,23961.748589546263
208472,43878.016,6600.755921428196
208473,43878.016,20608.688735396467
208474,43878.016,44631.17264603258
208475,43878.016,56512.588521637015
208476,43878.016,51132.960968386345
208477,43878.016,50962.66260661778
208478,43878.016,42173.870426875896
208479,43878.016,62385.93886119077
208480,43878.016,39081.34989050494
208481,43878.016,13606.635821793328
208482,43878.016,53770.89332083045
208483,43878.016,12718.575773470131
208484,43878.016,60335.51653065677
208485,43878.016,43930.9978623324
208486,43878.016,25595.884424104494
208487,43878.016,33759.55823950954
208488,43878.016,15712.040286889489
208489,43878.016,42707.6557074746
208490,43878.016,19623.342102709044
208491,43878.016,33326.97009098231
208492,43878.016,42986.310318070085
208493,43878.016,55109.92089306171
208494,43878.016,62406.35453598864
208495,43878.016,62035.602227534124
208496,43878.016,52400.80171773938
208497,43878.016,36645.22973985526
208498,43878.016,24323.688529584662
208499,43878.016,44760.769866826115
208500,43878.016,50806.344328455976
208501,43878.016,61461.61087808114
208502,43878.016,21715.576462656325
208503,43878.016,42222.364034487764
208504,43878.016,46515.06836528465
208505,43878.016,49178.06011985608
208506,43878.016,57874.311747923406
208507,43878.016,23600.580741823218
208508,43878.016,8341.014819112104
208509,43878.016,33107.1352124119
208510,43878.016,33307.820394955386
208511,43878.016,64064.45331247492
208512,43878.016,13190.636501676874
208513,43878.016,9429.445900269739
208514,43878.016,56467.12794259669
208515,43878.016,21609.796854255317
208516,43878.016,26245.79262665805
208517,43878.016,14028.094614437234
208518,43878.016,53876.22218169956
208519,43878.016,26635.9722513429
208520,43878.016,26534.23778743598
208521,43878.016,22933.84451403331
208522,43878.016,14907.584179673659
208523,43878.016,59421.961431241405
208524,43878.016,3357.5099884506676
208525,43878.016,12570.77535755492
208526,43878.016,56922.4854567548
208527,43878.016,18658.5624542106
208528,43878.016,39025.73882313027
208529,43878.016,14384.844944969765
208530,43878.016,36941.70284877282
208531,43878.016,24446.63100167163
208532,43878.016,29795.314983906384
208533,43878.016,26869.772532412448
208534,43878.016,21991.721054144786
208535,43878.016,60440.18956462509
208536,43878.016,14201.568298239812
208537,43878.016,44967.20474976153
208538,43878.016,49887.52460432108
208539,43878.016,18269.753662402032
208540,43878.016,45149.336227491454
208541,43878.016,47099.848283012514
208542,43878.016,69064.23419333206
208543,43878.016,15078.076677591818
208544,43878.016,24958.789714136725
208545,43878.016,53252.71716456851
208546,43878.016,55160.307826400225
208547,43878.016,57783.62277044417
208548,43878.016,14702.352763028059
208549,43878.016,49056.69579679486
208550,43878.016,13271.513024495005
208551,43878.016,63003.326157652715
208552,43878.016,42240.90555835442
208553,43878.016,25218.977343874238
208554,43878.016,10050.950893779658
208555,43878.016,73010.06199635298
208556,43878.016,41317.107407547046
208557,43878.016,14262.856629883621
208558,43878.016,42194.96795082477
208559,43878.016,51546.679135322855
208560,43878.016,18409.115260348583
208561,43878.016,16751.011406657126
208562,43878.016,9116.169065349066
208563,43878.016,31268.38189181773
208564,43878.016,36566.664698889894
208565,43878.016,49963.511825388094
208566,43878.016,80584.32009619522
208567,43878.016,6153.925267258294
208568,43878.016,39248.44108642804
208569,43878.016,10981.981390793037
208570,43878.016,28821.774536680205
208571,43878.016,37306.519747165046
208572,43878.016,30952.156752390587
208573,43878.016,38215.31971080061
208574,43878.016,37104.25312651407
208575,43878.016,32407.96433869149
208576,43878.016,26170.97348062683
208577,43878.016,39805.723821491745
208578,43878.016,24514.783130328105
208579,43878.016,13753.778033097475
208580,43878.016,40160.780167272314
208581,43878.016,40699.847007942844
208582,43878.016,37736.07645810271
208583,43878.016,59865.80712129014
208584,43878.016,32110.355479196147
208585,43878.016,56282.595265221826
208586,43878.016,85585.50519142908
208587,43878.016,10736.393073276724
208588,43878.016,45646.9926507484
208589,43878.016,43449.67029372025
208590,43878.016,54942.83119108138
208591,43878.016,45579.391252864945
208592,43878.016,15693.698269458047
208593,43878.016,50659.56961770154
208594,43878.016,8926.142383938195
208595,43878.016,28869.40352224541
208596,43878.016,18459.177364588704
208597,43878.016,35987.59142009699
208598,43878.016,63268.70946171429
208599,43878.016,26160.971941068125
208600,43878.016,26470.233528457185
208601,43878.016,76842.77619801255
208602,43878.016,50175.17234378675
208603,43878.016,46516.41315867174
208604,43878.016,12955.035661228989
208605,43878.016,34195.70886157396
208606,43878.016,27868.197700503784
208607,43878.016,15217.900340762366
208608,43878.016,10053.52543789106
208609,43878.016,27511.645337227194
208610,43878.016,34007.29200411063
208611,43878.016,32810.45465662161
208612,43878.016,30947.535387627708
208613,43878.016,46350.86924898801
208614,43878.016,69720.6643722908
208615,43878.016,33740.005955179324
208616,43878.016,62176.36441006044
208617,43878.016,18999.439103375535
208618,43878.016,77813.8744614076
208619,43878.016,30637.332317901757
208620,43878.016,14753.71219221972
208621,43878.016,20371.005880968445
208622,43878.016,53825.5438764111
208623,43878.016,32391.200172640307
208624,43878.016,26697.651605342573
208625,43878.016,13382.630826605518
208626,43878.016,43679.38048724033
208627,43878.016,59830.78153977006
208628,43878.016,15271.910155217443
208629,43878.016,35379.71163717817
208630,43878.016,10853.662951048536
208631,43878.016,44695.139790905305
208632,43878.016,33351.699078830585
208633,43878.016,27931.56831552993
208634,43878.016,24192.93535194479
208635,43878.016,26029.031272811924
208636,43878.016,63087.04958883477
208637,43878.016,31929.784245741797
208638,43878.016,72859.82316445801
208639,43878.016,23418.437820120336
208640,43878.016,32051.878457226943
208641,43878.016,33859.7727411862
208642,43878.016,12100.238742726322
208643,43878.016,39311.0984036501
208644,43878.016,26032.945698420066
208645,43878.016,28285.07383845824
208646,43878.016,12733.936993745341
208647,43878.016,29634.23013890798
208648,43878.016,19038.582485523508
208649,43878.016,31599.689659010943
208650,43878.016,50838.74298994723
208651,43878.016,23056.133057990395
208652,43878.016,48709.2777016538
208653,43878.016,41787.5310007711
208654,43878.016,37542.78054584451
208655,43878.016,9364.211804208924
208656,43878.016,42982.985181898446
208657,43878.016,25559.350838812745
208658,43878.016,11364.345620132843
208659,43878.016,28998.778175457297
208660,43878.016,47557.01172023897
208661,43878.016,35417.08932975381
208662,43878.016,22191.919096820908
208663,43878.016,28760.598766309307
208664,43878.016,34463.412019380514
208665,43878.016,17562.675496587628
208666,43878.016,52516.856729671
208667,43878.016,35519.97630311003
208668,43878.016,86630.5289739877
208669,43878.016,27234.8876053585
208670,43878.016,22928.360660107213
208671,43878.016,81051.97307193196
208672,43878.016,34118.84017231866
208673,43878.016,50967.95216505191
208674,43878.016,50709.15531476458
208675,43878.016,35126.057466251346
208676,43878.016,8771.740468784934
208677,43878.016,42613.58339747169
208678,43878.016,29837.451790544474
208679,43878.016,56382.938733877076
208680,43878.016,50239.81080228971
208681,43878.016,29120.615898511045
208682,43878.016,36630.8160031922
208683,43878.016,7765.230284958182
208684,43878.016,16059.433332938703
208685,43878.016,6404.967314914795
208686,43878.016,32128.07811909917
208687,43878.016,10441.08427719681
208688,43878.016,64933.49585632338
208689,43878.016,68941.65812596591
208690,43878.016,35323.97066701071
208691,43878.016,23245.266289259278
208692,43878.016,17408.913557914144
208693,43878.016,51737.945773948835
208694,43878.016,24127.950956369572
208695,43878.016,28404.12406933515
208696,43878.016,53783.272887903055
208697,43878.016,39494.44375608134
208698,43878.016,75220.11195397361
208699,43878.016,13483.670148567497
208700,43878.016,30219.71914567486
208701,43878.016,47493.595216985705
208702,43878.016,38491.73411387647
208703,43878.016,74833.55649651107
208704,43878.016,46054.96827654398
208705,43878.016,49174.83539724972
208706,43878.016,9303.710521962015
208707,43878.016,73844.34650098253
208708,43878.016,39482.30654350876
208709,43878.016,21554.816475944248
208710,43878.016,35622.734175189915
208711,43878.016,74576.84580265588
208712,43878.016,41344.75084312964
208713,43878.016,54975.97197431357
208714,43878.016,65151.41256193075
208715,43878.016,7742.43993350988
208716,43878.016,26292.8628783514
208717,43878.016,59149.89321375293
208718,43878.016,50839.329122708376
208719,43878.016,15174.327901503231
208720,43878.016,17650.789614517118
208721,43878.016,32705.981072595172
208722,43878.016,5446.969066550775
208723,43878.016,23041.49407872321
208724,43878.016,40969.97854726762
208725,43878.016,51208.51672351117
208726,43878.016,52702.35938196414
208727,43878.016,23072.39492492965
208728,43878.016,36490.421537144306
208729,43878.016,59214.197561782996
208730,43878.016,15878.990582346783
208731,43878.016,46174.1605752692
208732,43878.016,9388.14750764416
208733,43878.016,35812.13030256464
208734,43878.016,64060.988637331364
208735,43878.016,67639.2542858418
208736,43878.016,7455.757394114745
208737,43878.016,25184.247360563342
208738,43878.016,49345.78297287908
208739,43878.016,32071.124778872298
208740,43878.016,11371.055061714444
208741,43878.016,27590.246360578545
208742,43878.016,29934.076588908105
208743,43878.016,38026.92804656786
208744,43878.016,44850.15129142773
208745,43878.016,20702.531091182085
208746,43878.016,25973.794991915212
208747,43878.016,35114.53683803146
208748,43878.016,31975.042811007293
208749,43878.016,56995.291335784816
208750,43878.016,58533.495177189005
208751,43878.016,16954.66377255126
208752,43878.016,8638.293625009068
208753,43878.016,66334.91937182158
208754,43878.016,48836.33654335278
208755,43878.016,63864.39508202826
208756,43878.016,57415.012659516615
208757,43878.016,65770.53499573612
208758,43878.016,53050.15048514813
208759,43878.016,20481.155137162725
208760,43878.016,9616.149745672554
208761,43878.016,30553.37247196087
208762,43878.016,22440.874816894444
208763,43878.016,23118.712261561657
208764,43878.016,42328.73995678905
208765,43878.016,63630.032692682544
208766,43878.016,24586.550557561648
208767,43878.016,12535.184117783832
208768,43878.016,12870.73551468929
208769,43878.016,7777.801438812059
208770,43878.016,28557.693374691404
208771,43878.016,19141.38887701968
208772,43878.016,17414.368945049526
208773,43878.016,23619.039857308744
208774,43878.016,49777.84790183873
208775,43878.016,30262.581390067597
208776,43878.016,65063.95846524254
208777,43878.016,15012.660091092404
208778,43878.016,44595.44462759231
208779,43878.016,22931.98237568362
208780,43878.016,66745.20941043217
208781,43878.016,51700.19149612844
208782,43878.016,11593.076550570027
208783,43878.016,62417.299652319794
208784,43878.016,31999.56296687658
208785,43878.016,33983.73102768539
208786,43878.016,28089.494318790166
208787,43878.016,20857.27670422904
208788,43878.016,61758.34825729169
208789,43878.016,72217.32639645413
208790,43878.016,75438.34100612527
208791,43878.016,17914.08891587476
208792,43878.016,47314.731906174035
208793,43878.016,6329.46309218967
208794,43878.016,68811.73515756593
208795,43878.016,40530.785466898524
208796,43878.016,85578.78807536062
208797,43878.016,41785.378552012684
208798,43878.016,5927.212733448689
208799,43878.016,32603.224857141708
208800,43878.016,26951.124596788886
208801,43878.016,64038.228067354
208802,43878.016,42601.35092629417
208803,43878.016,21726.142535185423
208804,43878.016,36528.81135373136
208805,43878.016,22523.18428074536
208806,43878.016,23781.62446265581
208807,43878.016,22847.531644648836
208808,43878.016,17466.043859897156
208809,43878.016,7374.175243720235
208810,43878.016,54712.77675913094
208811,43878.016,56162.26868112241
208812,43878.016,9092.37072927382
208813,43878.016,13576.317374141583
208814,43878.016,34613.26090728159
208815,43878.016,6897.60799516794
208816,43878.016,23804.838985015154
208817,43878.016,52226.657758570385
208818,43878.016,11595.315345054947
208819,43878.016,30998.526712279734
208820,43878.016,70264.1061458623
208821,43878.016,52379.88476268665
208822,43878.016,22662.23324313622
208823,43878.016,9873.17696442167
208824,43878.016,50665.80600205223
208825,43878.016,30921.415338296472
208826,43878.016,26187.405235381935
208827,43878.016,27528.58316959315
208828,43878.016,28316.342842435326
208829,43878.016,16846.28227743282
208830,43878.016,44716.20053389671
208831,43878.016,13950.055255952162
208832,43878.016,42915.99965479392
208833,43878.016,53353.18005369401
208834,43878.016,42253.763256022896
208835,43878.016,45376.279106105685
208836,43878.016,24655.44416744634
208837,43878.016,38372.39386214643
208838,43878.016,16097.288638181439
208839,43878.016,51702.87762507552
208840,43878.016,22581.818499860343
208841,43878.016,23548.086808134518
208842,43878.016,49405.79650726577
208843,43878.016,14711.899073443996
208844,43878.016,14243.774546738703
208845,43878.016,46436.57614851457
208846,43878.016,29453.83495729513
208847,43878.016,44923.851096244005
208848,43878.016,48454.19641951059
208849,43878.016,46176.13663224692
208850,43878.016,46998.480315135384
208851,43878.016,65339.5577344917
208852,43878.016,19923.60366980852
208853,43878.016,44266.37453570919
208854,43878.016,34655.06150625345
208855,43878.016,32159.854056711385
208856,43878.016,30260.996555139765
208857,43878.016,35876.543205770715
208858,43878.016,41094.034335907665
208859,43878.016,58018.24160433535
208860,43878.016,16570.183601726483
208861,43878.016,26835.909209876812
208862,43878.016,16264.648580630997
208863,43878.016,34001.87233490942
208864,43878.016,35650.22462173771
208865,43878.016,30803.767638362355
208866,43878.016,17837.285073302017
208867,43878.016,47797.69516161065
208868,43878.016,14608.596711094802
208869,43878.016,23420.030043693114
208870,43878.016,49117.17587773663
208871,43878.016,30865.52763237935
208872,43878.016,36646.995515451905
208873,43878.016,24350.70697789519
208874,43878.016,5818.143014211526
208875,43878.016,27034.192141576816
208876,43878.016,8588.47508995526
208877,43878.016,42790.64817059246
208878,43878.016,41280.99014699086
208879,43878.016,12358.508201974966
208880,43878.016,8128.942440211951
208881,43878.016,26629.703586219228
208882,43878.016,45099.98843894519
208883,43878.016,8705.064268403652
208884,43878.016,22304.891492818944
208885,43878.016,45515.55364856082
208886,43878.016,32506.286189107755
208887,43878.016,30695.299323992618
208888,43878.016,22557.282354888277
208889,43878.016,24692.116351357872
208890,43878.016,45966.25757319343
208891,43878.016,15550.491107485548
208892,43878.016,18311.264563141263
208893,43878.016,12806.493207057689
208894,43878.016,34825.65814861896
208895,43878.016,66654.46406870446
208896,43878.016,10098.040804699078
208897,43878.016,26347.943455823246
208898,43878.016,15913.343270805028
208899,43878.016,11332.179552918948
208900,43878.016,28664.126550320496
208901,43878.016,48044.25425307237
208902,43878.016,42776.429728968375
208903,43878.016,17727.932358774746
208904,43878.016,11918.381274704725
208905,43878.016,75338.72437540129
208906,43878.016,28170.12009452441
208907,43878.016,62013.46408912617
208908,43878.016,29342.65085600325
208909,43878.016,77690.90031386001
208910,43878.016,44246.37224072198
208911,43878.016,63927.107765078006
208912,43878.016,4669.89611254563
208913,43878.016,17147.20678009792
208914,43878.016,41177.20448532436
208915,43878.016,13673.051688256315
208916,43878.016,18593.93012758158
208917,43878.016,58042.398921721695
208918,43878.016,59741.77419707412
208919,43878.016,19447.74946767064
208920,43878.016,55737.346808442024
208921,43878.016,16044.692290231289
208922,43878.016,46626.66242503923
208923,43878.016,18110.42651800711
208924,43878.016,51780.641003861274
208925,43878.016,11259.384452802533
208926,43878.016,12753.339674986466
208927,43878.016,19809.68937620942
208928,43878.016,30969.616650071206
208929,43878.016,29089.95295741424
208930,43878.016,25468.810800831434
208931,43878.016,28059.27059716884
208932,43878.016,11228.924688710407
208933,43878.016,27166.633235298454
208934,43878.016,49815.25920252842
208935,43878.016,33960.159616330355
208936,43878.016,19393.706422529045
208937,43878.016,52671.51662272208
208938,43878.016,38089.81455165253
208939,43878.016,14581.377021980792
208940,43878.016,57723.01621275214
208941,43878.016,23393.35086548303
208942,43878.016,14439.830978912685
208943,43878.016,55115.4259914219
208944,43878.016,52712.43964033035
208945,43878.016,42478.0599524067
208946,43878.016,10706.98796901959
208947,43878.016,44832.15669000666
208948,43878.016,9924.380847526223
208949,43878.016,36403.32563382947
208950,43878.016,20241.94222540619
208951,43878.016,7469.26587050578
208952,43878.016,44697.50060771194
208953,43878.016,59349.43164833253
208954,43878.016,35267.60922952198
208955,43878.016,42350.862261603535
208956,43878.016,39899.17204738836
208957,43878.016,27102.62134525238
208958,43878.016,54495.9815481727
208959,43878.016,4171.576798045261
208960,43878.016,27290.777530098952
208961,43878.016,32574.724828425817
208962,43878.016,31517.579111825205
208963,43878.016,31010.438117540572
208964,43878.016,46972.32417100752
208965,43878.016,50377.21341928028
208966,43878.016,47661.67017257062
208967,43878.016,14432.558137798576
208968,43878.016,11534.820701894258
208969,43878.016,25370.977256342885
208970,43878.016,42913.47464292812
208971,43878.016,60104.81492848309
208972,43878.016,53526.18674885268
208973,43878.016,35949.60220613958
208974,43878.016,8806.953856307931
208975,43878.016,16723.590183840777
208976,43878.016,10760.074017432253
208977,43878.016,49656.196732231765
208978,43878.016,42610.60448106385
208979,43878.016,25164.289210324267
208980,43878.016,54669.165944142056
208981,43878.016,3260.657197702774
208982,43878.016,44498.64176423441
208983,43878.016,21890.042043653662
208984,43878.016,60533.23432473195
208985,43878.016,30204.21700385974
208986,43878.016,83591.69611576507
208987,43878.016,18382.240885598974
208988,43878.016,35201.23987775148
208989,43878.016,60584.87661078721
208990,43878.016,32074.907144334815
208991,43878.016,22777.909679434448
208992,43878.016,30800.589303062276
208993,43878.016,47973.27778078048
208994,43878.016,56785.37115000461
208995,43878.016,30294.970581057478
208996,43878.016,32381.669302376904
208997,43878.016,70218.40207908525
208998,43878.016,12593.586032872547
208999,43878.016,17366.30160378051
209000,43878.016,42388.35292611108
209001,43878.016,9945.891061213702
209002,43878.016,22347.22303467585
209003,43878.016,31504.34398710142
209004,43878.016,90252.14557597268
209005,43878.016,35699.32564854449
209006,43878.016,33743.087928091576
209007,43878.016,46457.423379460226
209008,43878.016,49834.81850629839
209009,43878.016,19567.073359320744
209010,43878.016,27893.874095735184
209011,43878.016,74068.19166392724
209012,43878.016,35865.01443831091
209013,43878.016,41747.29664230615
209014,43878.016,15945.075900688891
209015,43878.016,70138.261590351
209016,43878.016,47366.63275582934
209017,43878.016,16492.091592159042
209018,43878.016,23821.503338278522
209019,43878.016,7129.821778483031
209020,43878.016,37055.433977443055
209021,43878.016,13349.420810371252
209022,43878.016,47942.804695398896
209023,43878.016,17634.95253108766
209024,43878.016,7468.876510362936
209025,43878.016,35274.43684736608
209026,43878.016,19106.76103236675
209027,43878.016,30670.923791736757
209028,43878.016,39227.369260229374
209029,43878.016,60000.1422656155
209030,43878.016,55619.761139604605
209031,43878.016,29194.339025270532
209032,43878.016,18760.925628457997
209033,43878.016,14091.766789401825
209034,43878.016,43039.153144749
209035,43878.016,69275.48385739233
209036,43878.016,47782.76054301451
209037,43878.016,41325.555253505314
209038,43878.016,23386.56859744726
209039,43878.016,57443.162239403915
209040,43878.016,49927.68217144517
209041,43878.016,11241.454974858365
209042,43878.016,34151.565760569916
209043,43878.016,27556.438962910608
209044,43878.016,11932.128255412015
209045,43878.016,23981.531685098314
209046,43878.016,41789.57613942632
209047,43878.016,43350.0259596837
209048,43878.016,18955.12297639144
209049,43878.016,28365.860910499054
209050,43878.016,13495.90827315531
209051,43878.016,5910.9727403483985
209052,43878.016,30012.859998932014
209053,43878.016,20701.203514027282
209054,43878.016,59817.53249152817
209055,43878.016,53130.02448561713
209056,43878.016,28626.09852972081
209057,43878.016,30858.195074997224
209058,43878.016,65697.93640414873
209059,43878.016,62678.255857516044
209060,43878.016,56419.39589904039
209061,43878.016,39792.41865859122
209062,43878.016,11382.818711719186
209063,43878.016,29873.04927691096
209064,43878.016,62591.63205598741
209065,43878.016,45583.008682266875
209066,43878.016,31925.920685105288
209067,43878.016,54487.22610778701
209068,43878.016,57437.36011961183
209069,43878.016,47071.486642853066
209070,43878.016,31266.360048142502
209071,43878.016,65527.97044106271
209072,43878.016,27936.291829380534
209073,43878.016,7899.379039600666
209074,43878.016,49122.77089927481
209075,43878.016,27977.892635155084
209076,43878.016,43730.200593652364
209077,43878.016,16095.2261669938
209078,43878.016,36979.005317670504
209079,43878.016,33163.00707806356
209080,43878.016,25809.592348291655
209081,43878.016,56432.673430302784
209082,43878.016,52265.54425348275
209083,43878.016,30784.14228184371
209084,43878.016,49384.638219511966
209085,43878.016,43019.638980477466
209086,43878.016,22624.900434316984
209087,43878.016,15169.368572451542
209088,43878.016,44085.20352790421
209089,43878.016,51096.648688235415
209090,43878.016,11763.19749186148
209091,43878.016,56382.355673297156
209092,43878.016,23989.228979396652
209093,43878.016,14777.901226403434
209094,43878.016,61742.90434311319
209095,43878.016,17303.735353512227
209096,43878.016,45442.52266919676
209097,43878.016,34579.3543474517
209098,43878.016,16434.563953812612
209099,43878.016,12276.405014020256
209100,43878.016,13890.700191811326
209101,43878.016,30064.764552504632
209102,43878.016,48587.39500130713
209103,43878.016,31618.9332809512
209104,43878.016,44238.66350198899
209105,43878.016,58785.290995891686
209106,43878.016,47278.86824248012
209107,43878.016,11978.397570363628
209108,43878.016,37461.47996291826
209109,43878.016,28412.474695033576
209110,43878.016,45335.32717956086
209111,43878.016,34387.112987936634
209112,43878.016,29299.088507234188
209113,43878.016,13953.58147492177
209114,43878.016,68862.9620127713
209115,43878.016,55390.41989632985
209116,43878.016,53002.8406111423
209117,43878.016,30323.69023279941
209118,43878.016,26457.129391249822
209119,43878.016,52064.19161749008
209120,43878.016,34242.30725267313
209121,43878.016,35999.24917920946
209122,43878.016,64523.310901455436
209123,43878.016,18581.97337723015
209124,43878.016,28886.29758550783
209125,43878.016,31115.147443848713
209126,43878.016,8062.803801896101
209127,43878.016,26115.632916869417
209128,43878.016,36424.78309632967
209129,43878.016,64138.32409284205
209130,43878.016,19924.527429828744
209131,43878.016,59422.45829727737
209132,43878.016,6502.236103871021
209133,43878.016,117743.66541577988
209134,43878.016,22553.162696018706
209135,43878.016,11944.421466445316
209136,43878.016,27572.69608492962
209137,43878.016,6589.1286643713465
209138,43878.016,12383.831363633055
209139,43878.016,30705.91767155618
209140,43878.016,7890.449122380891
209141,43878.016,31962.795589881986
209142,43878.016,13269.98120749662
209143,43878.016,16068.364284742913
209144,43878.016,85259.85619934431
209145,43878.016,27336.822846287683
209146,43878.016,92738.78179525319
209147,43878.016,29132.961325465734
209148,43878.016,15668.09107072271
209149,43878.016,37776.29211589062
209150,43878.016,56524.44874866471
209151,43878.016,13712.4843510141
209152,43878.016,6308.471156231355
209153,43878.016,27980.123805553114
209154,43878.016,12019.138758760995
209155,43878.016,3109.3683118312397
209156,43878.016,85320.67394600746
209157,43878.016,38683.36640433058
209158,43878.016,64651.50884634932
209159,43878.016,22226.803541579986
209160,43878.016,16973.0406042633
209161,43878.016,26665.451626630726
209162,43878.016,7133.624869895951
209163,43878.016,33034.007642437085
209164,43878.016,93111.72672999886
209165,43878.016,21931.638867068148
209166,43878.016,22973.534655316354
209167,43878.016,21755.917290536796
209168,43878.016,46790.99787447939
209169,43878.016,50681.13987688862
209170,43878.016,18299.953231588854
209171,43878.016,24849.614634829988
209172,43878.016,25601.669027167278
209173,43878.016,7653.823610262271
209174,43878.016,29014.491418041653
209175,43878.016,35350.22041059765
209176,43878.016,41210.370512461224
209177,43878.016,13437.575929837923
209178,43878.016,13136.131941496978
209179,43878.016,71430.72425665426
209180,43878.016,20303.199184311048
209181,43878.016,34779.16214007743
209182,43878.016,20955.39902995983
209183,43878.016,41016.85656220427
209184,43878.016,13033.863880271885
209185,43878.016,24880.873893335156
209186,43878.016,13981.709870301564
209187,43878.016,24223.321114168833
209188,43878.016,42002.22678437661
209189,43878.016,35094.00812060863
209190,43878.016,13492.271626625174
209191,43878.016,32602.592539367968
209192,43878.016,10639.463833952432
209193,43878.016,76171.44002070234
209194,43878.016,16018.365198700922
209195,43878.016,34963.234572211746
209196,43878.016,50347.44078681665
209197,43878.016,41814.474208739
209198,43878.016,22337.580023005783
209199,43878.016,59238.58024615906
209200,43878.016,57901.71546186101
209201,43878.016,12306.975085715634
209202,43878.016,26254.07928543033
209203,43878.016,33636.741067480965
209204,43878.016,9466.416482248289
209205,43878.016,14613.66718331136
209206,43878.016,71283.33779465673
209207,43878.016,51690.80226290162
209208,43878.016,22906.886615612464
209209,43878.016,27015.770119055484
209210,43878.016,21096.84804165306
209211,43878.016,44304.31476607897
209212,43878.016,16759.833596287706
209213,43878.016,30402.213533975675
209214,43878.016,19111.289747159288
209215,43878.016,27197.739222517568
209216,43878.016,46379.42858596666
209217,43878.016,17174.187864631425
209218,43878.016,9186.434396985338
209219,43878.016,55617.83369704078
209220,43878.016,27598.276888625012
209221,43878.016,5485.514639958627
209222,43878.016,22344.93294787041
209223,43878.016,42738.88507844411
209224,43878.016,6504.207119531149
209225,43878.016,9823.749218265404
209226,43878.016,8734.88155515304
209227,43878.016,28631.514020821793
209228,43878.016,18242.787415634313
209229,43878.016,61515.831004629654
209230,43878.016,58011.53758771946
209231,43878.016,24887.235484565317
209232,43878.016,21703.798545936665
209233,43878.016,33795.93834661109
209234,43878.016,58298.23896019628
209235,43878.016,8675.578411558921
209236,43878.016,59897.57443396302
209237,43878.016,15464.769884133342
209238,43878.016,38770.578778777635
209239,43878.016,62698.47362925256
209240,43878.016,21505.104413435107
209241,43878.016,36387.884378727016
209242,43878.016,40684.10713561129
209243,43878.016,30832.00224694741
209244,43878.016,22279.058684840395
209245,43878.016,36094.48978052674
209246,43878.016,87426.97656182467
209247,43878.016,9084.903374264948
209248,43878.016,18955.191520121036
209249,43878.016,25026.848764660288
209250,43878.016,41825.15341124457
209251,43878.016,17794.91938231315
209252,43878.016,56356.54772150595
209253,43878.016,9056.686573529325
209254,43878.016,10542.100244721654
209255,43878.016,61948.96843987231
209256,43878.016,16801.981984224913
209257,43878.016,57806.04452107727
209258,43878.016,54652.23030378803
209259,43878.016,31595.041639930605
209260,43878.016,63503.833722373274
209261,43878.016,57135.66102432157
209262,43878.016,26535.280699745832
209263,43878.016,55111.74124958784
209264,43878.016,6631.015640396159
209265,43878.016,17711.9201561125
209266,43878.016,46045.06860528813
209267,43878.016,65540.57993696432
209268,43878.016,10341.393174787714
209269,43878.016,14231.13552135911
209270,43878.016,37708.96404658142
209271,43878.016,10267.106061041946
209272,43878.016,31729.86832889314
209273,43878.016,15287.59285140016
209274,43878.016,22869.151959666484
209275,43878.016,39611.32008585558
209276,43878.016,29821.34564395675
209277,43878.016,29259.940120729618
209278,43878.016,26029.156532491194
209279,43878.016,14220.867882304921
209280,43878.016,45279.06015405712
209281,43878.016,39350.06437699404
209282,43878.016,17705.36476064025
209283,43878.016,24389.634671748147
209284,43878.016,30010.874261290814
209285,43878.016,59828.556439083215
209286,43878.016,15402.434408126175
209287,43878.016,35509.89182072031
209288,43878.016,45138.160890139574
209289,43878.016,45056.29224102437
209290,43878.016,18235.314969552917
209291,43878.016,37011.31837511076
209292,43878.016,56022.2721586257
209293,43878.016,11516.291077974562
209294,43878.016,37819.37964699108
209295,43878.016,30343.30591535214
209296,43878.016,37542.47327643376
209297,43878.016,120447.36261637324
209298,43878.016,21724.672430923947
209299,43878.016,14111.034443098617
209300,43878.016,52217.039232179435
209301,43878.016,11545.97699992933
209302,43878.016,32486.19932565091
209303,43878.016,37393.82462022225
209304,43878.016,61756.37782613909
209305,43878.016,31470.47451632147
209306,43878.016,8363.824537422943
209307,43878.016,82343.82209078991
209308,43878.016,9090.271722474234
209309,43878.016,71862.36622581353
209310,43878.016,36648.640046794586
209311,43878.016,28238.783964368457
209312,43878.016,22941.371119691332
209313,43878.016,34225.742571400006
209314,43878.016,63836.73674854225
209315,43878.016,73841.7255338726
209316,43878.016,33256.54480771049
209317,43878.016,28495.212285836216
209318,43878.016,53618.90665803292
209319,43878.016,12840.645911995789
209320,43878.016,13385.711840200769
209321,43878.016,36465.67637890247
209322,43878.016,59152.38951327696
209323,43878.016,21459.324480821906
209324,43878.016,63359.96302003215
209325,43878.016,42787.46084040044
209326,43878.016,26814.350065217353
209327,43878.016,21141.814398783474
209328,43878.016,11078.230089650162
209329,43878.016,47179.7424256329
209330,43878.016,27880.98093048745
209331,43878.016,18138.958400611074
209332,43878.016,44484.355469749185
209333,43878.016,16695.237156031697
209334,43878.016,36447.69062625786
209335,43878.016,39180.29927599048
209336,43878.016,65265.77544018261
209337,43878.016,44712.01307491431
209338,43878.016,9842.562072748777
209339,43878.016,39416.49574359891
209340,43878.016,22678.017698454543
209341,43878.016,71892.85549236534
209342,43878.016,9580.076715365536
209343,43878.016,35665.39255051992
209344,43878.016,118248.57411418774
209345,43878.016,49260.1493565731
209346,43878.016,52981.47022081837
209347,43878.016,22214.297429337566
209348,43878.016,28586.2036972685
209349,43878.016,11831.247701519158
209350,43878.016,36470.50672236294
209351,43878.016,9630.829273950721
209352,43878.016,38668.36162949998
209353,43878.016,43418.20559520685
209354,43878.016,53509.7521012777
209355,43878.016,80005.93496173275
209356,43878.016,57105.00695042533
209357,43878.016,12015.505066030284
209358,43878.016,56324.15103270841
209359,43878.016,31346.242063181882
209360,43878.016,11991.783838469872
209361,43878.016,36269.83089842024
209362,43878.016,38629.89709864179
209363,43878.016,41909.983855482475
209364,43878.016,29668.57503684833
209365,43878.016,38536.46919898659
209366,43878.016,30362.63416308769
209367,43878.016,29680.76437923336
209368,43878.016,18753.403177464315
209369,43878.016,35981.50188251611
209370,43878.016,22952.818649885055
209371,43878.016,40651.323397311215
209372,43878.016,11484.127335252499
209373,43878.016,14609.66668798063
209374,43878.016,21978.52335137409
209375,43878.016,78936.18398979564
209376,43878.016,20987.427695905455
209377,43878.016,54061.59948780155
209378,43878.016,20848.642861592656
209379,43878.016,36932.2154163425
209380,43878.016,45864.495258478055
209381,43878.016,22341.430502060033
209382,43878.016,8626.049045929078
209383,43878.016,54952.75544391613
209384,43878.016,40154.47193441613
209385,43878.016,26218.56812746221
209386,43878.016,14900.80440120384
209387,43878.016,20663.46454823133
209388,43878.016,40959.561528227525
209389,43878.016,47335.25192896312
209390,43878.016,14381.61490911526
209391,43878.016,59799.558448984404
209392,43878.016,9401.83340327804
209393,43878.016,38518.74026156913
209394,43878.016,27345.488988195462
209395,43878.016,53835.16131197698
209396,43878.016,39688.356487200064
209397,43878.016,53272.05240627836
209398,43878.016,10021.85218468572
209399,43878.016,26744.58243507414
209400,43878.016,34256.83497714565
209401,43878.016,22242.934068752602
209402,43878.016,28276.45736327254
209403,43878.016,26214.555739969444
209404,43878.016,62989.407760529364
209405,43878.016,22776.259318605807
209406,43878.016,36152.801866223126
209407,43878.016,28390.40891133865
209408,43878.016,43015.241319637964
209409,43878.016,49656.96657910862
209410,43878.016,10661.358695428946
209411,43878.016,14395.182954225944
209412,43878.016,13659.589469995643
209413,43878.016,47052.34738329181
209414,43878.016,22226.906308643458
209415,43878.016,34397.413028078096
209416,43878.016,21964.78053867553
209417,43878.016,33009.425273326626
209418,43878.016,8321.493066960802
209419,43878.016,11504.242039487293
209420,43878.016,9125.542762537923
209421,43878.016,36676.001039722476
209422,43878.016,72110.51671862569
209423,43878.016,48972.20926296472
209424,43878.016,39762.58223750671
209425,43878.016,61792.25190916584
209426,43878.016,24709.887594423693
209427,43878.016,31811.766627902234
209428,43878.016,49415.5555526273
209429,43878.016,43589.86584614304
209430,43878.016,10663.372711432514
209431,43878.016,62342.27542541659
209432,43878.016,37189.74507713789
209433,43878.016,37527.090686584816
209434,43878.016,39012.63058798885
209435,43878.016,17771.094532574694
209436,43878.016,17118.365729061767
209437,43878.016,51172.381097965736
209438,43878.016,9348.737758807927
209439,43878.016,24621.374894380537
209440,43878.016,61008.33039762116
209441,43878.016,12654.117766768068
209442,43878.016,72261.51324692246
209443,43878.016,13005.254060751427
209444,43878.016,41274.15466575191
209445,43878.016,11342.428344990534
209446,43878.016,27171.87173503271
209447,43878.016,13533.935326050656
209448,43878.016,55778.42799342933
209449,43878.016,11942.113579219675
209450,43878.016,31264.612048762516
209451,43878.016,25863.28653387026
209452,43878.016,7046.852442669209
209453,43878.016,32022.7394013325
209454,43878.016,16223.900637516368
209455,43878.016,31640.638656741277
209456,43878.016,58498.40429907239
209457,43878.016,47747.49048857401
209458,43878.016,39114.45486613631
209459,43878.016,10255.82524973314
209460,43878.016,66749.28754916761
209461,43878.016,35866.55665005464
209462,43878.016,12724.413533105848
209463,43878.016,10156.264054867994
209464,43878.016,45782.47381915925
209465,43878.016,72987.3812175832
209466,43878.016,43205.457138601436
209467,43878.016,16353.27020488079
209468,43878.016,13175.7408327811
209469,43878.016,43433.46913145828
209470,43878.016,54458.34509864918
209471,43878.016,48812.41988186245
209472,43878.016,7675.512652611749
209473,43878.016,30140.983749495143
209474,43878.016,25984.859117169126
209475,43878.016,35829.085356582094
209476,43878.016,24188.994942299643
209477,43878.016,11379.410532397535
209478,43878.016,21881.987638939994
209479,43878.016,22717.086251065404
209480,43878.016,81694.92794617268
209481,43878.016,32406.022359175564
209482,43878.016,25827.244582964573
209483,43878.016,25865.843850952922
209484,43878.016,42274.32378127808
209485,43878.016,34318.10771805789
209486,43878.016,83717.89077845443
209487,43878.016,52915.17605692834
209488,43878.016,41791.032665407336
209489,43878.016,49079.19742201621
209490,43878.016,7379.2443814490925
209491,43878.016,32652.599590264163
209492,43878.016,37637.751988878765
209493,43878.016,17814.301482198865
209494,43878.016,55166.07766973263
209495,43878.016,64087.84361697635
209496,43878.016,62001.40742294155
209497,43878.016,30787.572950509282
209498,43878.016,20261.791166913477
209499,43878.016,32239.37428889015
209500,43878.016,64412.75856964606
209501,43878.016,42918.33026657351
209502,43878.016,45970.78215643474
209503,43878.016,27033.92290864401
209504,43878.016,65551.84353409463
209505,43878.016,41128.80249225767
209506,43878.016,49367.74463039032
209507,43878.016,9965.356353746956
209508,43878.016,18915.309954511875
209509,43878.016,34671.93521842556
209510,43878.016,64558.628147062074
209511,43878.016,61200.31566672708
209512,43878.016,39495.022136973734
209513,43878.016,68693.68300876135
209514,43878.016,40103.412096620086
209515,43878.016,90562.6504901556
209516,43878.016,56923.21332876807
209517,43878.016,61218.23099971948
209518,43878.016,43998.58275938188
209519,43878.016,21645.400215876987
209520,43878.016,12333.43220908069
209521,43878.016,33551.358540792935
209522,43878.016,10058.063254995803
209523,43878.016,47243.39689486292
209524,43878.016,22974.22648191895
209525,43878.016,44569.651397252586
209526,43878.016,10824.286960572852
209527,43878.016,42889.65517100846
209528,43878.016,47818.37939411644
209529,43878.016,12046.14489880191
209530,43878.016,38851.867509924436
209531,43878.016,33099.25351905951
209532,43878.016,56286.74106535151
209533,43878.016,33411.184711008245
209534,43878.016,19946.434504561807
209535,43878.016,10243.265986233404
209536,43878.016,44008.20465902603
209537,43878.016,62319.65247464346
209538,43878.016,49427.56341618932
209539,43878.016,15211.27368360683
209540,43878.016,31681.799369585806
209541,43878.016,6356.519025266999
209542,43878.016,13911.055405359823
209543,43878.016,58152.57371129417
209544,43878.016,23617.467490880917
209545,43878.016,13163.95652366954
209546,43878.016,32486.021099843223
209547,43878.016,42955.81546272899
209548,43878.016,19708.668316907813
209549,43878.016,59942.08872103541
209550,43878.016,8086.812449880005
209551,43878.016,37664.27036689224
209552,43878.016,41475.13837984676
209553,43878.016,13259.485657618703
209554,43878.016,48400.1039439393
209555,43878.016,36369.76498495858
209556,43878.016,47332.9904437218
209557,43878.016,28370.09193858638
209558,43878.016,39295.98622939232
209559,43878.016,12728.31137758274
209560,43878.016,9488.708527133342
209561,43878.016,35938.050668438955
209562,43878.016,10165.75418121853
209563,43878.016,59463.47433281907
209564,43878.016,13259.577987562912
209565,43878.016,47710.09536901296
209566,43878.016,62559.4718296115
209567,43878.016,65303.38666964139
209568,43878.016,30282.859912539254
209569,43878.016,18570.119794063645
209570,43878.016,54769.087562940964
209571,43878.016,52707.47645085155
209572,43878.016,16000.42899335604
209573,43878.016,40708.32625154039
209574,43878.016,16098.401706178556
209575,43878.016,19937.72101171373
209576,43878.016,5116.89465714462
209577,43878.016,50200.9429005897
209578,43878.016,36105.567415822494
209579,43878.016,26907.996518112
209580,43878.016,6673.695473287291
209581,43878.016,20366.330662743865
209582,43878.016,56441.14374946434
209583,43878.016,45034.57528960297
209584,43878.016,26616.36799452156
209585,43878.016,64257.976229992826
209586,43878.016,23064.18148046717
209587,43878.016,23083.097085431902
209588,43878.016,13728.965014245525
209589,43878.016,49583.89604506944
209590,43878.016,38330.99528552714
209591,43878.016,13545.252368971409
209592,43878.016,13100.610228184143
209593,43878.016,66793.55936813835
209594,43878.016,25793.63014015764
209595,43878.016,29027.399556067467
209596,43878.016,52546.354444111326
209597,43878.016,17138.83292186442
209598,43878.016,10358.447625989456
209599,43878.016,40520.77900547838
209600,43878.016,25648.298740035883
209601,43878.016,59679.50245567088
209602,43878.016,34267.159549516735
209603,43878.016,25750.109197621958
209604,43878.016,10988.572616285954
209605,43878.016,7671.254470577245
209606,43878.016,18603.47951604274
209607,43878.016,58221.6977516889
209608,43878.016,25359.509933015386
209609,43878.016,19113.54503226205
209610,43878.016,37975.60945952608
209611,43878.016,10783.340028706234
209612,43878.016,23001.76591926762
209613,43878.016,19009.27759840514
209614,43878.016,46656.690308461286
209615,43878.016,12758.180213158954
209616,43878.016,44831.864258478025
209617,43878.016,19529.598044033806
209618,43878.016,37203.90557212647
209619,43878.016,44444.14737760634
209620,43878.016,33337.48491288869
209621,43878.016,14686.878762329965
209622,43878.016,47177.450700958245
209623,43878.016,15244.005409146475
209624,43878.016,11286.643581105796
209625,43878.016,47446.80289455959
209626,43878.016,24231.90207790868
209627,43878.016,12292.363156485828
209628,43878.016,28866.539706636515
209629,43878.016,63147.18174224174
209630,43878.016,59805.44248384898
209631,43878.016,41837.32696339477
209632,43878.016,81706.43888379287
209633,43878.016,52213.40459394257
209634,43878.016,25111.63571093954
209635,43878.016,15588.979997267636
209636,43878.016,70953.33432473284
209637,43878.016,48302.531022169765
209638,43878.016,44880.505765172726
209639,43878.016,11220.74933810827
209640,43878.016,12370.830818005523
209641,43878.016,22402.756972688374
209642,43878.016,15992.17319874416
209643,43878.016,11140.379171524866
209644,43878.016,29245.50159816711
209645,43878.016,33469.80456723407
209646,43878.016,4403.076569085607
209647,43878.016,38151.590737929226
209648,43878.016,63879.92669348579
209649,43878.016,36119.10727282183
209650,43878.016,42193.96509193961
209651,43878.016,50061.28228512598
209652,43878.016,60038.11270403295
209653,43878.016,33820.81211889146
209654,43878.016,12623.650472787902
209655,43878.016,10478.418819740198
209656,43878.016,42095.997753972166
209657,43878.016,45534.40965079502
209658,43878.016,54663.82827755262
209659,43878.016,14217.98374461716
209660,43878.016,37138.73595677162
209661,43878.016,21084.062120086932
209662,43878.016,39489.93642090393
209663,43878.016,39038.14382601089
209664,43878.016,21462.03642620632
209665,43878.016,29216.398099886315
209666,43878.016,9148.816222750529
209667,43878.016,13746.4234487817
209668,43878.016,42279.20717573208
209669,43878.016,16223.3084662209
209670,43878.016,61403.21973033169
209671,43878.016,35100.06610981341
209672,43878.016,9558.676567944774
209673,43878.016,52891.845606001414
209674,43878.016,40805.30588863726
209675,43878.016,19211.06341075341
209676,43878.016,21448.644669959394
209677,43878.016,14358.016444852092
209678,43878.016,15257.393409337616
209679,43878.016,10946.80619974161
209680,43878.016,33266.55112474581
209681,43878.016,10166.674775468695
209682,43878.016,14619.395441000752
209683,43878.016,59452.0158330049
209684,43878.016,32860.28588692275
209685,43878.016,53844.6511857986
209686,43878.016,11482.817516157915
209687,43878.016,58017.59764641953
209688,43878.016,55327.06127592185
209689,43878.016,56159.68705893516
209690,43878.016,10551.413992628204
209691,43878.016,40806.644071442875
209692,43878.016,27030.66132688054
209693,43878.016,24006.99650673161
209694,43878.016,49017.409997513365
209695,43878.016,39902.555100441605
209696,43878.016,6408.057996451271
209697,43878.016,44716.58020477926
209698,43878.016,14205.361112075756
209699,43878.016,18638.886478163793
209700,43878.016,26342.830348153988
209701,43878.016,53822.31316690157
209702,43878.016,49429.53766584978
209703,43878.016,24613.65280622877
209704,43878.016,59563.67612348121
209705,43878.016,25417.7042246963
209706,43878.016,17677.13797612137
209707,43878.016,52082.7339543619
209708,43878.016,49645.45095063714
209709,43878.016,26167.378606124184
209710,43878.016,27647.558308027656
209711,43878.016,29784.484005407914
209712,43878.016,8712.523798059925
209713,43878.016,20629.736188009123
209714,43878.016,32709.73963458311
209715,43878.016,44309.00043837033
209716,43878.016,36982.44471835002
209717,43878.016,25548.920654135563
209718,43878.016,16765.13587049563
209719,43878.016,43192.13063221784
209720,43878.016,31497.618532849963
209721,43878.016,11909.399157635491
209722,43878.016,39979.363206966984
209723,43878.016,14156.141436817925
209724,43878.016,40528.03903752437
209725,43878.016,54722.59252474495
209726,43878.016,12109.150505566871
209727,43878.016,64525.3944757028
209728,43878.016,14148.925206681957
209729,43878.016,41911.4374397897
209730,43878.016,31645.960976074348
209731,43878.016,21474.980477870373
209732,43878.016,26063.185968864538
209733,43878.016,59905.39989799574
209734,43878.016,51944.36581394486
209735,43878.016,38246.73908580617
209736,43878.016,45101.09881260521
209737,43878.016,27430.994293027892
209738,43878.016,11978.661434582878
209739,43878.016,27796.486291856814
209740,43878.016,48297.761553755045
209741,43878.016,56865.37938632937
209742,43878.016,56212.71911838475
209743,43878.016,53087.35797027882
209744,43878.016,18085.91185700497
209745,43878.016,38040.075173384685
209746,43878.016,52534.81191567843
209747,43878.016,24715.23058257449
209748,43878.016,31074.247033224034
209749,43878.016,40805.3576386571
209750,43878.016,10666.990065054299
209751,43878.016,45423.63490954308
209752,43878.016,22701.28495334633
209753,43878.016,47303.80599773337
209754,43878.016,46232.209025554825
209755,43878.016,65347.92765764355
209756,43878.016,12975.8927936107
209757,43878.016,32937.85075862705
209758,43878.016,31150.871435092522
209759,43878.016,31497.40739207678
209760,43878.016,41728.3911234871
209761,43878.016,37409.84641391383
209762,43878.016,40745.98398105466
209763,43878.016,24045.015663464943
209764,43878.016,59482.58163819838
209765,43878.016,23441.48854333471
209766,43878.016,21084.393000441592
209767,43878.016,29915.111831481736
209768,43878.016,13675.584811676888
209769,43878.016,40229.84065650134
209770,43878.016,25595.698703973336
209771,43878.016,48438.705112720345
209772,43878.016,45049.2252567454
209773,43878.016,52992.4096795867
209774,43878.016,59335.78408188819
209775,43878.016,6493.942739277052
209776,43878.016,24121.839829275377
209777,43878.016,56964.04685548145
209778,43878.016,17748.723710882914
209779,43878.016,53732.86563694997
209780,43878.016,47147.51327774967
209781,43878.016,12815.061094458057
209782,43878.016,32951.786918158956
209783,43878.016,40052.174556213286
209784,43878.016,35525.47050539438
209785,43878.016,43327.43031106117
209786,43878.016,17184.238705873748
209787,43878.016,30299.888084704704
209788,43878.016,34268.634811893826
209789,43878.016,49772.279515490794
209790,43878.016,47572.6441782041
209791,43878.016,19343.911537126096
209792,43878.016,26795.332722277264
209793,43878.016,48925.585422935736
209794,43878.016,51848.269230897524
209795,43878.016,34642.31613880549
209796,43878.016,53484.70534053907
209797,43878.016,27199.27724850136
209798,43878.016,15353.491027747292
209799,43878.016,12789.8773601308
209800,43878.016,78329.35768323635
209801,43878.016,25126.800499472993
209802,43878.016,40445.44102893291
209803,43878.016,25199.77444975538
209804,43878.016,66704.48907664623
209805,43878.016,14116.122683094265
209806,43878.016,19885.383333058337
209807,43878.016,41408.485513663225
209808,43878.016,56633.404043331895
209809,43878.016,29728.656526218558
209810,43878.016,44595.49802406757
209811,43878.016,53679.01377352877
209812,43878.016,25778.4861458161
209813,43878.016,11724.422556988915
209814,43878.016,28039.41535202351
209815,43878.016,12307.860610991123
209816,43878.016,6026.411704225755
209817,43878.016,63394.519409767985
209818,43878.016,49665.53369260931
209819,43878.016,48430.563696147605
209820,43878.016,45805.909087420834
209821,43878.016,20480.873547701693
209822,43878.016,49178.32752303204
209823,43878.016,33065.69745383256
209824,43878.016,67022.85234609798
209825,43878.016,39318.290075010445
209826,43878.016,90641.15634347359
209827,43878.016,32459.01497377067
209828,43878.016,51081.26018987039
209829,43878.016,37091.05029127733
209830,43878.016,19038.15143952261
209831,43878.016,48431.98547214062
209832,43878.016,17398.35276479191
209833,43878.016,12776.741412168187
209834,43878.016,14710.972248448534
209835,43878.016,47174.47050758999
209836,43878.016,58614.86729462217
209837,43878.016,27933.580484540653
209838,43878.016,20953.491857433604
209839,43878.016,28998.94357805142
209840,43878.016,49807.26963179988
209841,43878.016,21858.03513652375
209842,43878.016,42627.01821806033
209843,43878.016,53771.819443468274
209844,43878.016,45733.39571163608
209845,43878.016,18248.555413250466
209846,43878.016,22303.844344823436
209847,43878.016,15987.748651863538
209848,43878.016,32430.23317091903
209849,43878.016,11654.560525994259
209850,43878.016,24920.918442628143
209851,43878.016,66725.60973732291
209852,43878.016,27167.750420743672
209853,43878.016,57053.34351228661
209854,43878.016,34798.15915690441
209855,43878.016,7317.342594551284
209856,43878.016,27463.8033110311
209857,43878.016,38313.461218580655
209858,43878.016,47276.801822761205
209859,43878.016,24959.60168400176
209860,43878.016,51437.64254692795
209861,43878.016,51033.086576921894
209862,43878.016,34364.376030447056
209863,43878.016,8061.112590943979
209864,43878.016,28856.01431534189
209865,43878.016,38946.65024913858
209866,43878.016,41246.79879953502
209867,43878.016,12280.532813158747
209868,43878.016,24389.74682765943
209869,43878.016,57410.484670417674
209870,43878.016,13139.22070646901
209871,43878.016,55709.7842040309
209872,43878.016,59356.63084704523
209873,43878.016,41430.301219058834
209874,43878.016,56191.04207298358
209875,43878.016,35735.66947020022
209876,43878.016,29707.234403098355
209877,43878.016,48265.672493121594
209878,43878.016,15170.770888055311
209879,43878.016,30152.290587808653
209880,43878.016,37368.3827993491
209881,43878.016,65999.0488475424
209882,43878.016,57611.92700702853
209883,43878.016,29903.38542735848
209884,43878.016,10512.565012135627
209885,43878.016,40334.12128479899
209886,43878.016,41752.013094789254
209887,43878.016,41427.45359462916
209888,43878.016,39734.72108969594
209889,43878.016,35299.954679039
209890,43878.016,12693.650941943526
209891,43878.016,21082.372366728632
209892,43878.016,36906.723196944484
209893,43878.016,35072.085927520675
209894,43878.016,53824.37174378788
209895,43878.016,12594.441638268418
209896,43878.016,37868.09053011295
209897,43878.016,17283.105869104824
209898,43878.016,40750.07447896023
209899,43878.016,51253.17323004692
209900,43878.016,9597.450265571457
209901,43878.016,12504.358907375168
209902,43878.016,11529.516683764938
209903,43878.016,51880.53733959842
209904,43878.016,18980.37036374248
209905,43878.016,22108.805004464644
209906,43878.016,22196.029752928138
209907,43878.016,59879.08604350121
209908,43878.016,14891.268078442645
209909,43878.016,29542.981824883154
209910,43878.016,33595.58951863348
209911,43878.016,52020.006536238936
209912,43878.016,44872.25843105235
209913,43878.016,18807.40975642838
209914,43878.016,57720.88168408065
209915,43878.016,14101.475359996335
209916,43878.016,35418.04909310072
209917,43878.016,19503.034313299464
209918,43878.016,36184.24335826222
209919,43878.016,25561.28536280845
209920,43878.016,38394.702295221316
209921,43878.016,32983.303742921045
209922,43878.016,16862.928573396213
209923,43878.016,14509.894272783242
209924,43878.016,27256.768962348004
209925,43878.016,34268.35348437013
209926,43878.016,11767.856369751089
209927,43878.016,50687.02444340068
209928,43878.016,24599.452618620944
209929,43878.016,19647.07748324513
209930,43878.016,23289.797822474677
209931,43878.016,27601.61598250945
209932,43878.016,30125.804393226474
209933,43878.016,45888.76282799665
209934,43878.016,15721.885192631311
209935,43878.016,34803.57808222164
209936,43878.016,22828.24901342672
209937,43878.016,52978.85027336294
209938,43878.016,13596.357672492986
209939,43878.016,16120.724121101504
209940,43878.016,31413.67651166463
209941,43878.016,56233.80558412445
209942,43878.016,45718.83799747677
209943,43878.016,56282.37816101535
209944,43878.016,13346.184305840437
209945,43878.016,72758.51662282158
209946,43878.016,54569.41527939167
209947,43878.016,18052.560517416845
209948,43878.016,13279.524917221743
209949,43878.016,31325.200089088907
209950,43878.016,48497.58553894756
209951,43878.016,42130.29279020815
209952,43878.016,22942.93012603521
209953,43878.016,17834.899502629767
209954,43878.016,76316.32757132984
209955,43878.016,53535.96136357574
209956,43878.016,59904.19920847874
209957,43878.016,33148.349833158056
209958,43878.016,36634.591629673734
209959,43878.016,61386.196487594454
209960,43878.016,16255.61056206994
209961,43878.016,30970.6348133527
209962,43878.016,10447.001256874575
209963,43878.016,42596.803056636
209964,43878.016,65314.230784534244
209965,43878.016,52186.675329174075
209966,43878.016,54531.89458934906
209967,43878.016,7449.995326576674
209968,43878.016,52329.98442744965
209969,43878.016,48209.645424576534
209970,43878.016,5952.563221615848
209971,43878.016,56043.07873481392
209972,43878.016,16095.402686828058
209973,43878.016,26217.080265702127
209974,43878.016,100294.3528048518
209975,43878.016,85416.88323252775
209976,43878.016,61519.10409882803
209977,43878.016,16124.687599342507
209978,43878.016,72345.20927382559
209979,43878.016,31666.328669726012
209980,43878.016,21488.582203062146
209981,43878.016,49198.01051070317
209982,43878.016,43707.86902637622
209983,43878.016,34122.59453148715
209984,43878.016,9455.019487416183
209985,43878.016,54569.98195320426
209986,43878.016,11947.390981054263
209987,43878.016,38955.71963797893
209988,43878.016,32962.350578639736
209989,43878.016,74891.48401550572
209990,43878.016,21777.546023536343
209991,43878.016,13873.67398271139
209992,43878.016,29729.819901229228
209993,43878.016,23927.940946887447
209994,43878.016,41620.3147044424
209995,43878.016,49905.26116154715
209996,43878.016,12023.215276106308
209997,43878.016,12159.540012816331
209998,43878.016,56181.58724018477
209999,43878.016,78583.76846176898
210000,43878.016,47989.73522528656
210001,43878.016,14432.961290610358
210002,43878.016,52663.35937019801
210003,43878.016,6129.710588002
210004,43878.016,28397.240183165526
210005,43878.016,21582.602255809565
210006,43878.016,18810.014038724075
210007,43878.016,18566.435363456927
210008,43878.016,30927.70978822851
210009,43878.016,17524.178941989943
210010,43878.016,55007.010046601856
210011,43878.016,9676.38342511079
210012,43878.016,29687.66911990359
210013,43878.016,51120.16310764264
210014,43878.016,32598.99070150842
210015,43878.016,32259.26144013193
210016,43878.016,56567.988060466756
210017,43878.016,36593.37748199845
210018,43878.016,32818.84244296186
210019,43878.016,26670.50563219023
210020,43878.016,36679.737321900066
210021,43878.016,56752.48715359296
210022,43878.016,62656.88870265905
210023,43878.016,73357.21785052717
210024,43878.016,8436.989415298714
210025,43878.016,27689.44935302475
210026,43878.016,54410.894015344675
210027,43878.016,17084.871393875623
210028,43878.016,15346.609049746012
210029,43878.016,31086.61199770034
210030,43878.016,10302.906581291656
210031,43878.016,16662.60617519925
210032,43878.016,45937.64070084558
210033,43878.016,56141.154598206755
210034,43878.016,13316.349616894076
210035,43878.016,37583.76923962646
210036,43878.016,10756.670782078665
210037,43878.016,64048.53974895501
210038,43878.016,48948.63684871307
210039,43878.016,24513.868159786605
210040,43878.016,32453.123784568168
210041,43878.016,102824.35100170116
210042,43878.016,8314.656805426252
210043,43878.016,56986.68468155926
210044,43878.016,35990.034694265065
210045,43878.016,50044.13997523914
210046,43878.016,6520.6741903766
210047,43878.016,16076.361702000919
210048,43878.016,62672.54487298765
210049,43878.016,19544.741227123992
210050,43878.016,36616.54533230265
210051,43878.016,17770.205619422424
210052,43878.016,85456.30350786574
210053,43878.016,39098.32842498372
210054,43878.016,30158.603520219865
210055,43878.016,30239.05774715817
210056,43878.016,24232.08997962376
210057,43878.016,40232.60195408066
210058,43878.016,13175.42657309336
210059,43878.016,28769.632522491276
210060,43878.016,12158.084854535256
210061,43878.016,49175.370604249285
210062,43878.016,38309.766130572265
210063,43878.016,78314.35799822769
210064,43878.016,35556.064372018285
210065,43878.016,61245.01171694799
210066,43878.016,29264.78104461749
210067,43878.016,31911.469715203923
210068,43878.016,21713.486214261644
210069,43878.016,18361.662877010454
210070,43878.016,53711.61438557289
210071,43878.016,61553.71863110053
210072,43878.016,72660.45805739738
210073,43878.016,62670.69789228226
210074,43878.016,18261.51956052199
210075,43878.016,26259.466870185912
210076,43878.016,26901.50678912188
210077,43878.016,11337.2533047001
210078,43878.016,18037.93699616658
210079,43878.016,33382.01664586933
210080,43878.016,29680.366120782426
210081,43878.016,19567.811173042355
210082,43878.016,38561.91549736704
210083,43878.016,18784.176701724133
210084,43878.016,95192.37225294238
210085,43878.016,22440.062780827306
210086,43878.016,21575.839006084112
210087,43878.016,25898.843379263795
210088,43878.016,58594.3342854488
210089,43878.016,31974.597934521804
210090,43878.016,40434.25060641889
210091,43878.016,51645.23158045194
210092,43878.016,38698.29756076418
210093,43878.016,18239.880411240385
210094,43878.016,44304.43739357971
210095,43878.016,49535.052567378625
210096,43878.016,28910.601204927523
210097,43878.016,36722.60256519742
210098,43878.016,21250.8429433686
210099,43878.016,23005.585689423715
210100,43878.016,48506.045680088704
210101,43878.016,49771.54136086407
210102,43878.016,35558.26485764875
210103,43878.016,24178.366724059117
210104,43878.016,23653.814528131086
210105,43878.016,30881.74823522318
210106,43878.016,28660.50500204871
210107,43878.016,7481.575866370455
210108,43878.016,47880.99346232843
210109,43878.016,36498.97305441005
210110,43878.016,76030.89445705395
210111,43878.016,52041.30304032015
210112,43878.016,46863.82524240621
210113,43878.016,44451.65409594048
210114,43878.016,38258.4506002743
210115,43878.016,17266.08885578613
210116,43878.016,52381.186804294
210117,43878.016,16705.697345264998
210118,43878.016,67730.33658746345
210119,43878.016,57683.93733237333
210120,43878.016,37549.09489143009
210121,43878.016,79710.56415329107
210122,43878.016,31211.767744663168
210123,43878.016,19759.4661517049
210124,43878.016,13750.135526682596
210125,43878.016,12089.877468777486
210126,43878.016,20761.585163899646
210127,43878.016,67015.57526117051
210128,43878.016,19713.775157472748
210129,43878.016,44231.69765719247
210130,43878.016,11497.522762527455
210131,43878.016,59307.70984706348
210132,43878.016,8035.872781832206
210133,43878.016,40764.06520990698
210134,43878.016,22486.514492269354
210135,43878.016,13396.846479804988
210136,43878.016,16448.966332454525
210137,43878.016,22755.63019687334
210138,43878.016,23471.154852555523
210139,43878.016,29870.340149830303
210140,43878.016,19631.08883527626
210141,43878.016,14561.718566836686
210142,43878.016,14944.194143423978
210143,43878.016,15641.106251654965
210144,43878.016,15105.853647933382
210145,43878.016,11999.69827154877
210146,43878.016,37950.08282712864
210147,43878.016,23470.70297022702
210148,43878.016,37346.27423499456
210149,43878.016,27840.771225398377
210150,43878.016,77532.20822398414
210151,43878.016,42306.31158759347
210152,43878.016,34654.39237423218
210153,43878.016,75679.0766246737
210154,43878.016,15407.067256258519
210155,43878.016,53283.793182992136
210156,43878.016,23212.576102352454
210157,43878.016,23843.73396620698
210158,43878.016,68401.59185872921
210159,43878.016,44355.46213134571
210160,43878.016,47450.818115080394
210161,43878.016,20806.082093854126
210162,43878.016,36897.62535324809
210163,43878.016,31688.408775376764
210164,43878.016,11569.518085277068
210165,43878.016,56373.12064762515
210166,43878.016,24197.08205505568
210167,43878.016,19030.16856525688
210168,43878.016,71605.90293899055
210169,43878.016,12945.920742342663
210170,43878.016,47713.76910209505
210171,43878.016,28649.893457349455
210172,43878.016,78020.52556255415
210173,43878.016,52902.538828065226
210174,43878.016,45934.34908864826
210175,43878.016,14488.842775271427
210176,43878.016,66580.3799253815
210177,43878.016,23227.027599398174
210178,43878.016,20063.176601346142
210179,43878.016,18745.710770223694
210180,43878.016,18148.519354547258
210181,43878.016,31819.98612432114
210182,43878.016,38152.115471440266
210183,43878.016,24493.650940169937
210184,43878.016,13642.40889403767
210185,43878.016,23137.087676190138
210186,43878.016,49903.32387878563
210187,43878.016,56515.86532570245
210188,43878.016,58306.3654740446
210189,43878.016,46855.4247268174
210190,43878.016,40516.17852375756
210191,43878.016,55359.3975340454
210192,43878.016,38572.44777640633
210193,43878.016,31247.67167439364
210194,43878.016,12192.414189715088
210195,43878.016,37678.060142252674
210196,43878.016,13203.480032889714
210197,43878.016,14753.357071498604
210198,43878.016,21954.97329469869
210199,43878.016,11618.889733429529
210200,43878.016,33740.9901832926
210201,43878.016,21965.695715826405
210202,43878.016,34634.81987844478
210203,43878.016,18431.446193652566
210204,43878.016,8525.645612900167
210205,43878.016,14246.45335074654
210206,43878.016,37461.63718581692
210207,43878.016,12535.26554112838
210208,43878.016,54068.980067755874
210209,43878.016,23710.225488102446
210210,43878.016,13739.595366134223
210211,43878.016,43813.788797036854
210212,43878.016,6078.962730472236
210213,43878.016,15258.203587454642
210214,43878.016,26567.116960268904
210215,43878.016,7698.740247234082
210216,43878.016,61970.5465849946
210217,43878.016,35456.859451642915
210218,43878.016,8874.001038812397
210219,43878.016,7934.596843166953
210220,43878.016,29040.901769786247
210221,43878.016,56315.76198453194
210222,43878.016,48007.3282698396
210223,43878.016,15058.626556731073
210224,43878.016,10090.76809620735
210225,43878.016,55988.033344315794
210226,43878.016,29581.868705576377
210227,43878.016,21289.51010154593
210228,43878.016,10887.740937099663
210229,43878.016,47195.45158313852
210230,43878.016,18347.295214683007
210231,43878.016,50080.184476406
210232,43878.016,24716.632371037016
210233,43878.016,22346.487416845957
210234,43878.016,52040.97574502609
210235,43878.016,11164.373346284096
210236,43878.016,24111.367806806276
210237,43878.016,64215.7334599431
210238,43878.016,25316.16467827538
210239,43878.016,11512.811936551167
210240,43878.016,38162.579036564
210241,43878.016,47968.2613162188
210242,43878.016,26784.213013139914
210243,43878.016,22820.212762726653
210244,43878.016,51501.99242768317
210245,43878.016,8636.5470074194
210246,43878.016,9852.395059427521
210247,43878.016,10385.91371479852
210248,43878.016,33241.94988072542
210249,43878.016,23423.583581929404
210250,43878.016,47446.159245678115
210251,43878.016,20929.58393012201
210252,43878.016,36485.6531649035
210253,43878.016,22599.03199912629
210254,43878.016,10734.00592638096
210255,43878.016,12857.25992778421
210256,43878.016,22852.75142728991
210257,43878.016,31621.16586785479
210258,43878.016,24086.25183386538
210259,43878.016,14402.52352895559
210260,43878.016,17609.13364737427
210261,43878.016,29655.962283684657
210262,43878.016,35274.20795426126
210263,43878.016,59997.6054041788
210264,43878.016,51785.42829198104
210265,43878.016,32386.4318030204
210266,43878.016,37528.855503585844
210267,43878.016,34212.80418518223
210268,43878.016,20851.468091884668
210269,43878.016,42162.73870224573
210270,43878.016,45222.8425048606
210271,43878.016,25770.02534605386
210272,43878.016,35972.07869299849
210273,43878.016,47971.48310381597
210274,43878.016,21319.23696757113
210275,43878.016,45753.35936003117
210276,43878.016,29410.167758529806
210277,43878.016,15359.661479173628
210278,43878.016,23811.380616971088
210279,43878.016,23560.595731400157
210280,43878.016,58129.37175168609
210281,43878.016,31518.69581031099
210282,43878.016,66410.85611746102
210283,43878.016,44243.47645944911
210284,43878.016,46103.409759643735
210285,43878.016,49232.4694721098
210286,43878.016,76322.6726187675
210287,43878.016,18704.30770819137
210288,43878.016,15333.528273237318
210289,43878.016,68279.21012204047
210290,43878.016,62985.83122180367
210291,43878.016,10356.747099790873
210292,43878.016,64176.59583071067
210293,43878.016,38468.3143855348
210294,43878.016,57274.96666192372
210295,43878.016,50334.85848183388
210296,43878.016,7372.529915737039
210297,43878.016,22844.926318371534
210298,43878.016,93172.87134557716
210299,43878.016,50322.15721773454
210300,43878.016,24835.098654350906
210301,43878.016,32644.297804864735
210302,43878.016,21892.406724928558
210303,43878.016,11611.765925199521
210304,43878.016,13856.504581798521
210305,43878.016,32178.564235562768
210306,43878.016,56847.24065742301
210307,43878.016,42906.83326466425
210308,43878.016,45077.30043911183
210309,43878.016,50489.300315520435
210310,43878.016,42731.081221938264
210311,43878.016,49914.60109039135
210312,43878.016,28571.95659512872
210313,43878.016,9532.961315356644
210314,43878.016,12552.73208986834
210315,43878.016,15345.00479570578
210316,43878.016,25544.609343766286
210317,43878.016,22213.211423780074
210318,43878.016,28825.904996641897
210319,43878.016,22797.153349783417
210320,43878.016,21435.340682679736
210321,43878.016,42174.34552422618
210322,43878.016,40905.89153356789
210323,43878.016,15818.215745918053
210324,43878.016,27141.442368695356
210325,43878.016,23683.084185999858
210326,43878.016,47680.462848207266
210327,43878.016,31484.72994002144
210328,43878.016,58010.42076399496
210329,43878.016,8774.444065525437
210330,43878.016,75855.73305866797
210331,43878.016,51026.22309223507
210332,43878.016,10614.724361380055
210333,43878.016,124010.55522516236
210334,43878.016,44153.70106089003
210335,43878.016,7584.190222492355
210336,43878.016,18450.197103720002
210337,43878.016,28875.539750485244
210338,43878.016,41533.086741861225
210339,43878.016,17331.881107298395
210340,43878.016,48420.82928627094
210341,43878.016,27195.42502268219
210342,43878.016,52287.49390327365
210343,43878.016,59046.1533850911
210344,43878.016,10945.131338772411
210345,43878.016,25722.63349971985
210346,43878.016,19441.52228020308
210347,43878.016,9645.091685793956
210348,43878.016,14558.718290824521
210349,43878.016,23613.328637801784
210350,43878.016,47222.026038297176
210351,43878.016,24562.463194270455
210352,43878.016,33993.12146763164
210353,43878.016,8924.197576177225
210354,43878.016,35622.86622859703
210355,43878.016,4363.752190975678
210356,43878.016,28600.952015722993
210357,43878.016,56630.7153743678
210358,43878.016,37386.05796752692
210359,43878.016,12311.911075355474
210360,43878.016,23383.65234317415
210361,43878.016,65554.45281141052
210362,43878.016,73050.17362465736
210363,43878.016,14365.655748209216
210364,43878.016,19737.248889041843
210365,43878.016,31818.45003457494
210366,43878.016,35831.05748771271
210367,43878.016,10971.567421697544
210368,43878.016,52488.04699851458
210369,43878.016,17524.796078529915
210370,43878.016,44708.06392229578
210371,43878.016,26879.921571783827
210372,43878.016,13062.479330516175
210373,43878.016,24367.87121702166
210374,43878.016,22863.7955782991
210375,43878.016,42995.01198817007
210376,43878.016,51463.59287544837
210377,43878.016,54144.899739627304
210378,43878.016,38829.83566318918
210379,43878.016,10770.757190997288
210380,43878.016,41936.8569380337
210381,43878.016,38874.16468014369
210382,43878.016,42799.289699453184
210383,43878.016,73323.2457571929
210384,43878.016,62822.34348768685
210385,43878.016,20074.925158353868
210386,43878.016,8613.468510111139
210387,43878.016,31074.08065935875
210388,43878.016,31794.45260971644
210389,43878.016,17707.01330023722
210390,43878.016,32547.65006861804
210391,43878.016,15849.930302154897
210392,43878.016,52612.08420373437
210393,43878.016,22718.601254425597
210394,43878.016,41856.1207663405
210395,43878.016,52965.48755755433
210396,43878.016,30678.694072706043
210397,43878.016,26163.734381736736
210398,43878.016,18490.550849264557
210399,43878.016,42514.00812286209
210400,43878.016,30221.497638729874
210401,43878.016,13307.592756864888
210402,43878.016,49546.5821304495
210403,43878.016,17053.008993721083
210404,43878.016,39554.53712768441
210405,43878.016,41042.92462632116
210406,43878.016,39362.898888387754
210407,43878.016,25595.5912698862
210408,43878.016,41895.62695917731
210409,43878.016,49024.31445946222
210410,43878.016,22755.125540905534
210411,43878.016,47600.98651926287
210412,43878.016,36986.57592391288
210413,43878.016,45813.62088918147
210414,43878.016,10068.294860748203
210415,43878.016,60241.66968352763
210416,43878.016,16878.445359475423
210417,43878.016,53969.829126362114
210418,43878.016,64462.85172583749
210419,43878.016,26674.734276902072
210420,43878.016,12004.122789451496
210421,43878.016,15553.136598637147
210422,43878.016,20678.442471756673
210423,43878.016,27559.348193077712
210424,43878.016,54018.596940872696
210425,43878.016,37650.880570394824
210426,43878.016,48914.159173802764
210427,43878.016,24797.91857894814
210428,43878.016,31664.15646713111
210429,43878.016,21361.288155705442
210430,43878.016,28650.208186659776
210431,43878.016,6849.120470906594
210432,43878.016,39684.34813863184
210433,43878.016,38746.28421293164
210434,43878.016,33942.25745813789
210435,43878.016,24733.7010929385
210436,43878.016,44236.65726038341
210437,43878.016,49062.11440181496
210438,43878.016,7775.665028851815
210439,43878.016,17289.676131543474
210440,43878.016,73477.12414382525
210441,43878.016,61369.56371590625
210442,43878.016,13586.358680374693
210443,43878.016,34623.85655334539
210444,43878.016,6338.692185384812
210445,43878.016,28898.090967466567
210446,43878.016,52274.832814110065
210447,43878.016,40778.70030427981
210448,43878.016,34915.74061912929
210449,43878.016,6929.963645839403
210450,43878.016,33345.20872502146
210451,43878.016,78110.9930452793
210452,43878.016,26294.63174739416
210453,43878.016,18222.26904865495
210454,43878.016,16941.45117853252
210455,43878.016,21287.211712692282
210456,43878.016,13152.958379613432
210457,43878.016,45955.99209186699
210458,43878.016,32369.989115944398
210459,43878.016,16064.61320441938
210460,43878.016,16275.403372140448
210461,43878.016,16526.468063785847
210462,43878.016,10981.546145647155
210463,43878.016,9911.677645213138
210464,43878.016,13068.520196202337
210465,43878.016,40358.34401294765
210466,43878.016,34203.89075563815
210467,43878.016,22894.66091591224
210468,43878.016,54385.40637106126
210469,43878.016,57111.55280604261
210470,43878.016,62293.56321208036
210471,43878.016,31257.458998977225
210472,43878.016,29637.038522918727
210473,43878.016,49323.90394243766
210474,43878.016,39403.79205937555
210475,43878.016,34133.236459514184
210476,43878.016,25839.783354951905
210477,43878.016,15468.098752096985
210478,43878.016,48980.45624927466
210479,43878.016,10284.558956157447
210480,43878.016,91036.52770078612
210481,43878.016,35446.08240272978
210482,43878.016,53123.66635431472
210483,43878.016,18427.969150362944
210484,43878.016,15050.96385629852
210485,43878.016,14125.688626708641
210486,43878.016,61055.09370238588
210487,43878.016,64744.82020246333
210488,43878.016,6858.254253048869
210489,43878.016,30432.54841668173
210490,43878.016,59197.39844239362
210491,43878.016,45438.874872529814
210492,43878.016,36910.85994743093
210493,43878.016,54236.758258522445
210494,43878.016,39670.52434550914
210495,43878.016,10847.168275162481
210496,43878.016,28879.781704134308
210497,43878.016,20146.02641978089
210498,43878.016,78964.4299676385
210499,43878.016,70011.59439679328
210500,43878.016,37496.997876618654
210501,43878.016,21586.789919054998
210502,43878.016,25516.712593991633
210503,43878.016,53403.41120648053
210504,43878.016,44974.63163151864
210505,43878.016,57725.810495980935
210506,43878.016,60724.65073636639
210507,43878.016,46254.77655284341
210508,43878.016,23288.633896401578
210509,43878.016,28490.309624002402
210510,43878.016,51824.10603097606
210511,43878.016,15081.550222210011
210512,43878.016,9761.069400383312
210513,43878.016,30272.95169104776
210514,43878.016,52217.10085014517
210515,43878.016,23855.319667868243
210516,43878.016,19142.43804067424
210517,43878.016,52326.09604175172
210518,43878.016,49971.36133668261
210519,43878.016,61259.46122664909
210520,43878.016,55428.03099717453
210521,43878.016,46828.24199540718
210522,43878.016,15402.997325674765
210523,43878.016,27504.03186121892
210524,43878.016,30845.183892633286
210525,43878.016,33464.439290888244
210526,43878.016,16704.92958306143
210527,43878.016,35487.64349439232
210528,43878.016,21324.46222660876
210529,43878.016,35369.481796819455
210530,43878.016,55634.04732935679
210531,43878.016,30145.582698808856
210532,43878.016,18475.829120086324
210533,43878.016,60252.47872569974
210534,43878.016,59488.59107379329
210535,43878.016,16856.124980912264
210536,43878.016,38471.6356575052
210537,43878.016,14747.00207986811
210538,43878.016,28056.760970415766
210539,43878.016,13317.747959253298
210540,43878.016,14378.195221460446
210541,43878.016,15174.460831566075
210542,43878.016,29810.789892739052
210543,43878.016,39055.14804297101
210544,43878.016,12543.411499768175
210545,43878.016,60170.764243501144
210546,43878.016,40676.84333877349
210547,43878.016,27187.33529519235
210548,43878.016,114436.59826394152
210549,43878.016,69950.38778000041
210550,43878.016,57689.74180668128
210551,43878.016,31965.97271412629
210552,43878.016,9851.931284653116
210553,43878.016,11750.01753531607
210554,43878.016,47703.512516355586
210555,43878.016,87221.27877945152
210556,43878.016,46726.37217793035
210557,43878.016,15679.365690749019
210558,43878.016,58697.50798851669
210559,43878.016,26968.52198980014
210560,43878.016,18204.639397879826
210561,43878.016,43454.26767589057
210562,43878.016,54045.701428616005
210563,43878.016,84272.27503054436
210564,43878.016,12368.502552783595
210565,43878.016,36704.41959390208
210566,43878.016,43155.550863626355
210567,43878.016,33846.88434110912
210568,43878.016,50797.70669403289
210569,43878.016,21542.402949312083
210570,43878.016,26598.62052407169
210571,43878.016,18814.839573035253
210572,43878.016,29096.098792499022
210573,43878.016,65192.913066413894
210574,43878.016,8238.129469293404
210575,43878.016,19709.614567357592
210576,43878.016,58957.21599915099
210577,43878.016,23040.719923860077
210578,43878.016,76725.05033661204
210579,43878.016,32418.587793122082
210580,43878.016,46633.906717082966
210581,43878.016,10129.380899111326
210582,43878.016,45757.99254214387
210583,43878.016,43254.19863039736
210584,43878.016,27402.79315088205
210585,43878.016,56348.30788028347
210586,43878.016,7550.653807720274
210587,43878.016,13977.111932167209
210588,43878.016,48860.172994259505
210589,43878.016,31849.45249949593
210590,43878.016,26685.09437906108
210591,43878.016,32113.50361314178
210592,43878.016,9904.889418773892
210593,43878.016,25519.2730557284
210594,43878.016,19998.221470821238
210595,43878.016,63888.060683523
210596,43878.016,21011.3740703682
210597,43878.016,23891.380102421306
210598,43878.016,23993.057241143455
210599,43878.016,51085.44870973486
210600,43878.016,45561.89508213553
210601,43878.016,50198.95457378801
210602,43878.016,50847.404819386604
210603,43878.016,7261.600152862718
210604,43878.016,72380.95928952891
210605,43878.016,48887.78363427195
210606,43878.016,46066.40480696825
210607,43878.016,10975.433470570399
210608,43878.016,45823.64315476737
210609,43878.016,24228.045096673355
210610,43878.016,21893.4685248686
210611,43878.016,23655.619861418378
210612,43878.016,40313.523918577
210613,43878.016,27081.947695101917
210614,43878.016,15378.125134393511
210615,43878.016,44314.57547921621
210616,43878.016,65045.90078112605
210617,43878.016,19566.131992685892
210618,43878.016,14135.103697935863
210619,43878.016,13737.528094060739
210620,43878.016,29071.29806094358
210621,43878.016,43911.02819228019
210622,43878.016,53999.51567268413
210623,43878.016,19227.986114384446
210624,43878.016,59949.09010580194
210625,43878.016,30225.445394097835
210626,43878.016,21268.597593557402
210627,43878.016,60158.255242887026
210628,43878.016,40107.503684551666
210629,43878.016,16169.780901774368
210630,43878.016,43256.356715006805
210631,43878.016,9539.149771756063
210632,43878.016,28344.87157097225
210633,43878.016,46267.04584936101
210634,43878.016,29668.433115510066
210635,43878.016,36209.30567760524
210636,43878.016,15063.199375295906
210637,43878.016,16494.55729087299
210638,43878.016,30007.5044985409
210639,43878.016,7337.734973962924
210640,43878.016,51409.71251001552
210641,43878.016,34581.747084802424
210642,43878.016,6185.451676533086
210643,43878.016,66732.40355778781
210644,43878.016,53684.65529897311
210645,43878.016,45617.1862190079
210646,43878.016,15317.149381957943
210647,43878.016,17906.711460023376
210648,43878.016,53485.23655460254
210649,43878.016,56356.882227071634
210650,43878.016,32650.609751504413
210651,43878.016,27878.51984300114
210652,43878.016,13634.357048938191
210653,43878.016,46825.76511155801
210654,43878.016,43679.28443625533
210655,43878.016,10534.289278452492
210656,43878.016,56796.19143807514
210657,43878.016,21361.872837849958
210658,43878.016,23602.523485691047
210659,43878.016,22408.731318454233
210660,43878.016,54736.5049883329
210661,43878.016,9594.177213529383
210662,43878.016,44300.949778719754
210663,43878.016,36539.003978841916
210664,43878.016,24045.022273772272
210665,43878.016,41862.345536351
210666,43878.016,54979.11639482552
210667,43878.016,69361.2287036911
210668,43878.016,49134.43797161141
210669,43878.016,8594.567586789603
210670,43878.016,47639.77012687052
210671,43878.016,46849.435597335694
210672,43878.016,54546.59800567484
210673,43878.016,29771.513672416564
210674,43878.016,30748.01899917022
210675,43878.016,44065.238258993275
210676,43878.016,12947.348356824152
210677,43878.016,23204.00489728922
210678,43878.016,35698.74136003521
210679,43878.016,64261.700161417626
210680,43878.016,29107.235909847284
210681,43878.016,35654.497862438635
210682,43878.016,42720.484902365
210683,43878.016,29586.33557380294
210684,43878.016,16338.871000681556
210685,43878.016,42573.521486984
210686,43878.016,57861.58043475076
210687,43878.016,55830.37304264918
210688,43878.016,81463.30513037244
210689,43878.016,75527.58271642655
210690,43878.016,12049.425808149384
210691,43878.016,76505.6077536233
210692,43878.016,50398.47991136604
210693,43878.016,20922.289091423645
210694,43878.016,14342.834769696434
210695,43878.016,38970.38004047322
210696,43878.016,59809.002636421064
210697,43878.016,15166.818100386501
210698,43878.016,37610.963971302306
210699,43878.016,29756.433314489244
210700,43878.016,46876.042827491525
210701,43878.016,41013.20877286073
210702,43878.016,30860.752243070303
210703,43878.016,16024.497923569805
210704,43878.016,27725.56312981954
210705,43878.016,19437.166836879554
210706,43878.016,6481.787309398227
210707,43878.016,23813.731535327464
210708,43878.016,39826.1543331615
210709,43878.016,22393.898292895414
210710,43878.016,52003.24672578903
210711,43878.016,55868.324950070586
210712,43878.016,58722.715749215786
210713,43878.016,48093.97444989403
210714,43878.016,17311.538931483938
210715,43878.016,17991.644687180913
210716,43878.016,62537.02093554639
210717,43878.016,94999.66260945413
210718,43878.016,51080.52528254899
210719,43878.016,29450.309410418293
210720,43878.016,38637.11156704324
210721,43878.016,10884.071446451735
210722,43878.016,28831.087360520844
210723,43878.016,56424.77289885403
210724,43878.016,56041.34736563739
210725,43878.016,44637.63258327148
210726,43878.016,63135.020629312574
210727,43878.016,43441.17524611084
210728,43878.016,29757.680592893837
210729,43878.016,44313.50479333583
210730,43878.016,36433.28484548497
210731,43878.016,48945.2095046326
210732,43878.016,21153.700008416814
210733,43878.016,71156.44571232647
210734,43878.016,48143.00124612549
210735,43878.016,118689.11192104022
210736,43878.016,75517.77698265649
210737,43878.016,56945.971062391436
210738,43878.016,14953.090456165073
210739,43878.016,39000.19071111066
210740,43878.016,38837.5133891555
210741,43878.016,45543.800692452
210742,43878.016,36547.25028856907
210743,43878.016,24109.963079715744
210744,43878.016,37451.81504152941
210745,43878.016,19725.161606596346
210746,43878.016,21435.540938673443
210747,43878.016,50948.389663767724
210748,43878.016,46088.391378459586
210749,43878.016,48162.21549579735
210750,43878.016,50289.9767277437
210751,43878.016,69914.81851807995
210752,43878.016,35330.46340351713
210753,43878.016,14755.903031883421
210754,43878.016,8031.889373386203
210755,43878.016,36128.31205595761
210756,43878.016,40811.878546957996
210757,43878.016,27609.01868651416
210758,43878.016,49443.54694989861
210759,43878.016,48752.9778623168
210760,43878.016,56610.575243427724
210761,43878.016,38836.6350629937
210762,43878.016,70397.87390641635
210763,43878.016,20105.724304513435
210764,43878.016,63453.73992748368
210765,43878.016,53698.82464197963
210766,43878.016,19937.84311551407
210767,43878.016,106625.9796203269
210768,43878.016,14578.827168806802
210769,43878.016,37284.9139088662
210770,43878.016,22817.30051368481
210771,43878.016,14153.464902437903
210772,43878.016,56597.12144852858
210773,43878.016,44398.0954334733
210774,43878.016,12042.47609726596
210775,43878.016,58735.70161725801
210776,43878.016,18552.835666907802
210777,43878.016,79318.17881997715
210778,43878.016,38385.98956116652
210779,43878.016,32463.607852012676
210780,43878.016,22000.84444185374
210781,43878.016,10673.089142251736
210782,43878.016,54450.58250198263
210783,43878.016,31521.563004973632
210784,43878.016,77237.3869951219
210785,43878.016,18426.690369497603
210786,43878.016,13727.326374334798
210787,43878.016,8314.875385454714
210788,43878.016,44557.706095938716
210789,43878.016,42581.17834758507
210790,43878.016,56663.97732434679
210791,43878.016,20208.76190808801
210792,43878.016,30572.082657445746
210793,43878.016,51981.23510013162
210794,43878.016,20068.247218338234
210795,43878.016,13537.879886900586
210796,43878.016,53864.523745511
210797,43878.016,54765.37540716543
210798,43878.016,64212.47771077938
210799,43878.016,10122.996657688536
210800,43878.016,47310.01553560281
210801,43878.016,28268.23659235993
210802,43878.016,9869.016944218756
210803,43878.016,51962.88163260363
210804,43878.016,32924.29571576631
210805,43878.016,10756.030965416358
210806,43878.016,32724.016503280392
210807,43878.016,32907.48914341536
210808,43878.016,19400.914311573713
210809,43878.016,58085.71498452597
210810,43878.016,40733.251809510606
210811,43878.016,52298.517169080435
210812,43878.016,22857.95705193181
210813,43878.016,58966.055176960166
210814,43878.016,23036.39614136067
210815,43878.016,2956.9953779394864
210816,43878.016,15354.206229873223
210817,43878.016,12769.46932209766
210818,43878.016,29453.67750807435
210819,43878.016,43765.09647927728
210820,43878.016,46297.7171455913
210821,43878.016,26128.058931857257
210822,43878.016,23351.0865287433
210823,43878.016,48313.804856016606
210824,43878.016,43415.93014928938
210825,43878.016,53886.299738394206
210826,43878.016,25211.938186516185
210827,43878.016,45413.66365115321
210828,43878.016,26027.364314408544
210829,43878.016,11089.639717820866
210830,43878.016,20354.40983501546
210831,43878.016,42583.61552680009
210832,43878.016,17255.208687935366
210833,43878.016,120425.32666462897
210834,43878.016,57583.10440527024
210835,43878.016,42557.98758871019
210836,43878.016,45745.25161958635
210837,43878.016,56465.57564666197
210838,43878.016,10922.18828822863
210839,43878.016,9335.194434090272
210840,43878.016,36439.374124372414
210841,43878.016,72056.79554589702
210842,43878.016,29675.932912689124
210843,43878.016,24600.873907205627
210844,43878.016,28563.42072249861
210845,43878.016,37546.86873929941
210846,43878.016,26372.425492307724
210847,43878.016,37486.545536029655
210848,43878.016,15517.283599808736
210849,43878.016,42231.06556711107
210850,43878.016,79647.40669013983
210851,43878.016,50531.67776188312
210852,43878.016,24660.593063203283
210853,43878.016,27948.53285497257
210854,43878.016,19158.499934355106
210855,43878.016,49028.593962871586
210856,43878.016,40744.13353621289
210857,43878.016,25029.260984575445
210858,43878.016,57622.403052267684
210859,43878.016,57279.72672122238
210860,43878.016,10992.938832235552
210861,43878.016,45077.594685347
210862,43878.016,21052.404113658522
210863,43878.016,37912.894694533315
210864,43878.016,37301.217442511275
210865,43878.016,11068.27005674056
210866,43878.016,53018.784094388684
210867,43878.016,46652.646368482616
210868,43878.016,39303.250020975596
210869,43878.016,41203.353087966025
210870,43878.016,53267.895193271936
210871,43878.016,19731.254563252394
210872,43878.016,47764.5777367076
210873,43878.016,43896.7150181563
210874,43878.016,7932.818630557512
210875,43878.016,29178.66101873245
210876,43878.016,68462.45089987248
210877,43878.016,36837.039583401354
210878,43878.016,59457.47594320223
210879,43878.016,25902.057659514896
210880,43878.016,23999.526965584228
210881,43878.016,30517.725973776964
210882,43878.016,75606.01147285533
210883,43878.016,61302.46746131636
210884,43878.016,39013.78562917127
210885,43878.016,12930.21926867378
210886,43878.016,61100.017704721555
210887,43878.016,37904.85623968721
210888,43878.016,10146.11960816462
210889,43878.016,54330.14466801194
210890,43878.016,55403.801938906174
210891,43878.016,36911.87883101401
210892,43878.016,37417.23853314542
210893,43878.016,11317.349012528453
210894,43878.016,18214.93635667007
210895,43878.016,10777.572899842942
210896,43878.016,23606.961787491873
210897,43878.016,43833.23533305844
210898,43878.016,25492.28921192863
210899,43878.016,47646.312325457395
210900,43878.016,7556.528290802845
210901,43878.016,56253.22774133806
210902,43878.016,52739.899303767
210903,43878.016,64452.411263327376
210904,43878.016,25199.37424465713
210905,43878.016,76118.32053758108
210906,43878.016,39232.85705620333
210907,43878.016,30973.780375287257
210908,43878.016,18849.277656756873
210909,43878.016,30464.978779764533
210910,43878.016,13787.417429418483
210911,43878.016,21115.211153348904
210912,43878.016,22492.67713658846
210913,43878.016,15662.113133758372
210914,43878.016,15517.198655180162
210915,43878.016,21050.47253023982
210916,43878.016,54071.50567946715
210917,43878.016,29045.871046148095
210918,43878.016,16698.392597371476
210919,43878.016,15037.46157063577
210920,43878.016,35646.920195119885
210921,43878.016,46083.15527534372
210922,43878.016,43745.65809889092
210923,43878.016,36599.4667889731
210924,43878.016,25709.961004104814
210925,43878.016,36962.46883256134
210926,43878.016,62439.58375466069
210927,43878.016,53796.25656642443
210928,43878.016,26119.958814804144
210929,43878.016,19113.019149879543
210930,43878.016,13071.81166787372
210931,43878.016,25184.238423663697
210932,43878.016,44392.29608246676
210933,43878.016,29089.55129072985
210934,43878.016,33887.45880567041
210935,43878.016,28404.07891100339
210936,43878.016,22979.36138104485
210937,43878.016,64886.565812204586
210938,43878.016,40881.87730231531
210939,43878.016,14600.05135555053
210940,43878.016,21716.817367214684
210941,43878.016,52601.26734176598
210942,43878.016,71030.79449425955
210943,43878.016,11677.644939258931
210944,43878.016,57237.97406751612
210945,43878.016,18053.095518309117
210946,43878.016,27935.48524957519
210947,43878.016,16288.567202231789
210948,43878.016,43779.381455933166
210949,43878.016,50197.94787608461
210950,43878.016,26042.351249913776
210951,43878.016,30501.737422371098
210952,43878.016,49487.048932099286
210953,43878.016,23436.681463751906
210954,43878.016,80934.3349782361
210955,43878.016,57124.16561207309
210956,43878.016,21215.425660863446
210957,43878.016,44790.42721033315
210958,43878.016,17157.5604308889
210959,43878.016,56404.85506362378
210960,43878.016,25065.372343461073
210961,43878.016,36908.59787114467
210962,43878.016,21523.57224988421
210963,43878.016,7732.305895823531
210964,43878.016,69037.43594252464
210965,43878.016,11474.80895982877
210966,43878.016,47049.358484132936
210967,43878.016,45618.931818403275
210968,43878.016,54185.03774304203
210969,43878.016,19307.14304323229
210970,43878.016,50643.76743421769
210971,43878.016,64916.083842769825
210972,43878.016,37359.01625026948
210973,43878.016,50422.30552275995
210974,43878.016,43438.97829236847
210975,43878.016,101713.88267122999
210976,43878.016,52427.62171961293
210977,43878.016,80625.44738188048
210978,43878.016,77786.85982461795
210979,43878.016,29072.39798542291
210980,43878.016,63160.20297038938
210981,43878.016,12056.915423090042
210982,43878.016,28101.102066266823
210983,43878.016,52310.051077424134
210984,43878.016,25214.536905088786
210985,43878.016,13547.590741567543
210986,43878.016,9637.187476976718
210987,43878.016,19803.687732866427
210988,43878.016,23042.05611744297
210989,43878.016,32151.372254830032
210990,43878.016,33268.97790916391
210991,43878.016,51163.29836077291
210992,43878.016,37155.18184641288
210993,43878.016,46037.34152499181
210994,43878.016,13027.596701813423
210995,43878.016,17997.845724873085
210996,43878.016,60875.099281490446
210997,43878.016,60396.50564181784
210998,43878.016,11684.367221759743
210999,43878.016,58179.48702811111
211000,43878.016,13448.64621771691
211001,43878.016,46503.89064315998
211002,43878.016,15486.749509397516
211003,43878.016,27966.28857076766
211004,43878.016,13647.060828783005
211005,43878.016,43960.59889323426
211006,43878.016,47857.078945473404
211007,43878.016,55153.244672141256
211008,43878.016,25456.365771454773
211009,43878.016,53818.77687382007
211010,43878.016,15554.124673637472
211011,43878.016,32601.5304260808
211012,43878.016,61703.452415882275
211013,43878.016,25792.450557906745
211014,43878.016,15618.334434497043
211015,43878.016,44248.963002855926
211016,43878.016,36419.134597262375
211017,43878.016,25646.38639041378
211018,43878.016,55186.52402979312
211019,43878.016,55967.66801587885
211020,43878.016,31572.565600044913
211021,43878.016,22473.34494907766
211022,43878.016,29950.307163265188
211023,43878.016,66369.0893576048
211024,43878.016,53476.837380261895
211025,43878.016,28043.705244819226
211026,43878.016,31198.445355848853
211027,43878.016,15388.794836995343
211028,43878.016,36462.91050513178
211029,43878.016,60293.74084547539
211030,43878.016,51396.2245684993
211031,43878.016,11836.103891171204
211032,43878.016,40597.04602226097
211033,43878.016,20354.49834911178
211034,43878.016,38613.79123865302
211035,43878.016,44058.499954540544
211036,43878.016,25853.79050241957
211037,43878.016,63528.736400398026
211038,43878.016,22230.927045941215
211039,43878.016,51894.81861417303
211040,43878.016,21656.725132886102
211041,43878.016,16435.18555935912
211042,43878.016,24579.454748319513
211043,43878.016,11844.160412623789
211044,43878.016,33466.23070884641
211045,43878.016,16928.986200777406
211046,43878.016,46185.23133445721
211047,43878.016,10363.759645615215
211048,43878.016,59898.80115825489
211049,43878.016,52097.26671121724
211050,43878.016,25262.046727422232
211051,43878.016,27934.860312864836
211052,43878.016,44514.10957249198
211053,43878.016,66579.63806084378
211054,43878.016,28564.621789101388
211055,43878.016,22459.36037234534
211056,43878.016,4523.579043774898
211057,43878.016,34407.731091938
211058,43878.016,55676.01985870026
211059,43878.016,14665.793758541227
211060,43878.016,59788.84348716697
211061,43878.016,29725.804836322084
211062,43878.016,47484.02485646291
211063,43878.016,39540.85174924725
211064,43878.016,49774.535152733166
211065,43878.016,100275.54753861614
211066,43878.016,66176.97187811542
211067,43878.016,66382.64366900585
211068,43878.016,76629.00867081647
211069,43878.016,45041.653147399134
211070,43878.016,49716.56383828207
211071,43878.016,46502.533887383215
211072,43878.016,49854.73624866468
211073,43878.016,36932.731042702704
211074,43878.016,34473.01695149739
211075,43878.016,16875.998388953987
211076,43878.016,75586.45847341152
211077,43878.016,32141.590346264482
211078,43878.016,51857.84560756703
211079,43878.016,40918.61865774617
211080,43878.016,18383.87631892895
211081,43878.016,19844.986338604478
211082,43878.016,32321.90292750003
211083,43878.016,29422.03748588521
211084,43878.016,55245.77848483051
211085,43878.016,69408.70498107094
211086,43878.016,19079.111716210664
211087,43878.016,12393.91392930164
211088,43878.016,4656.767706354095
211089,43878.016,26847.184869999375
211090,43878.016,31286.470284104744
211091,43878.016,54574.22447892704
211092,43878.016,75217.88519722178
211093,43878.016,50058.12516747828
211094,43878.016,25449.790263323146
211095,43878.016,11494.759320257439
211096,43878.016,7453.737355048569
211097,43878.016,28925.35612925431
211098,43878.016,29656.76029203526
211099,43878.016,36991.49388252224
211100,43878.016,40808.099685232584
211101,43878.016,17753.774157433283
211102,43878.016,79386.65915931288
211103,43878.016,20979.00048679419
211104,43878.016,65272.03801351848
211105,43878.016,19339.839171495998
211106,43878.016,63963.885349971635
211107,43878.016,48942.2160633293
211108,43878.016,51640.70517223271
211109,43878.016,23437.472349536067
211110,43878.016,12646.837041225976
211111,43878.016,36095.49601682934
211112,43878.016,21307.369980709427
211113,43878.016,14766.105635762533
211114,43878.016,34121.441347899854
211115,43878.016,11868.41590867355
211116,43878.016,32974.871580600935
211117,43878.016,28408.053116274565
211118,43878.016,54444.56391880734
211119,43878.016,40470.99419064072
211120,43878.016,67623.31177136309
211121,43878.016,23148.411277780426
211122,43878.016,14500.309173452819
211123,43878.016,29342.917610829998
211124,43878.016,34547.40050551547
211125,43878.016,73823.2593735049
211126,43878.016,22591.719166248942
211127,43878.016,31894.900397066707
211128,43878.016,38740.216329258925
211129,43878.016,17485.6183615632
211130,43878.016,28515.84323432108
211131,43878.016,9380.24141539606
211132,43878.016,8729.197186549569
211133,43878.016,8984.291840249713
211134,43878.016,22341.15406020202
211135,43878.016,51504.51921155008
211136,43878.016,25252.32759128641
211137,43878.016,29015.67114292028
211138,43878.016,37388.30522132885
211139,43878.016,23284.872505139927
211140,43878.016,27560.19465565336
211141,43878.016,49792.044496132454
211142,43878.016,35359.96179450644
211143,43878.016,8877.814559208842
211144,43878.016,32333.644469122297
211145,43878.016,14259.705442120812
211146,43878.016,11749.832737171864
211147,43878.016,23626.89501387574
211148,43878.016,62162.81898023373
211149,43878.016,75090.73654698007
211150,43878.016,24872.84303400134
211151,43878.016,42449.03642730818
211152,43878.016,87180.16596354773
211153,43878.016,44410.290749718995
211154,43878.016,39361.63388563736
211155,43878.016,58627.864599679466
211156,43878.016,25732.57293227237
211157,43878.016,9687.70754475225
211158,43878.016,14676.996873231492
211159,43878.016,53801.399075971356
211160,43878.016,62407.17600320412
211161,43878.016,11435.970159432767
211162,43878.016,15824.51829132006
211163,43878.016,53114.38480923416
211164,43878.016,17843.509007081608
211165,43878.016,17782.619940619665
211166,43878.016,56415.260577355286
211167,43878.016,7162.642397454435
211168,43878.016,51916.80424397249
211169,43878.016,26677.18101864471
211170,43878.016,56954.6150351633
211171,43878.016,32125.715435383376
211172,43878.016,9702.267498067831
211173,43878.016,13338.10979951878
211174,43878.016,72941.9663513703
211175,43878.016,25578.467004285303
211176,43878.016,33865.199472061475
211177,43878.016,32985.87967285984
211178,43878.016,63474.290843947885
211179,43878.016,33534.49243737255
211180,43878.016,41770.09993195238
211181,43878.016,42589.17317573444
211182,43878.016,39526.823568809465
211183,43878.016,82574.70750590338
211184,43878.016,37391.979076445474
211185,43878.016,38452.54223166785
211186,43878.016,43401.252209736005
211187,43878.016,18375.509669341343
211188,43878.016,18798.1557993954
211189,43878.016,45879.936623131034
211190,43878.016,20918.080289255016
211191,43878.016,45143.227804359354
211192,43878.016,68944.62893542706
211193,43878.016,48384.752832684986
211194,43878.016,19404.377222738258
211195,43878.016,37482.62798944192
211196,43878.016,38042.17367294164
211197,43878.016,30557.04292899833
211198,43878.016,9366.97627965402
211199,43878.016,19023.047552038617
211200,43878.016,21125.146671334594
211201,43878.016,55308.95737679073
211202,43878.016,17983.162452321565
211203,43878.016,19947.273632372002
211204,43878.016,53909.97920847361
211205,43878.016,5923.661436657598
211206,43878.016,43579.94187426251
211207,43878.016,12471.314528194198
211208,43878.016,6385.961200036874
211209,43878.016,28555.78320960339
211210,43878.016,26536.61496234038
211211,43878.016,51173.76595984113
211212,43878.016,18528.957096348757
211213,43878.016,13089.372148870018
211214,43878.016,25839.09707819075
211215,43878.016,55883.34368484861
211216,43878.016,47936.15626929428
211217,43878.016,60320.86942078655
211218,43878.016,31608.849501051187
211219,43878.016,39409.12256091152
211220,43878.016,33772.93535281214
211221,43878.016,66891.39472834556
211222,43878.016,53001.89539289136
211223,43878.016,44740.695695709066
211224,43878.016,52370.396594473765
211225,43878.016,17098.322868989464
211226,43878.016,55208.916382811156
211227,43878.016,20454.466341194257
211228,43878.016,15400.835205167446
211229,43878.016,46884.85235869135
211230,43878.016,55229.51508782467
211231,43878.016,68840.85405042292
211232,43878.016,53294.9438534185
211233,43878.016,26824.3402367174
211234,43878.016,30579.03107756143
211235,43878.016,46273.50408937755
211236,43878.016,48911.35684421814
211237,43878.016,45344.15158126584
211238,43878.016,43320.082842031254
211239,43878.016,9821.688170804058
211240,43878.016,22975.101148262685
211241,43878.016,61408.428215243184
211242,43878.016,40211.53662490183
211243,43878.016,16853.68232877845
211244,43878.016,42327.827320164724
211245,43878.016,29086.054285522107
211246,43878.016,47833.33327823438
211247,43878.016,43120.57438037752
211248,43878.016,22714.965640430735
211249,43878.016,9234.880662247571
211250,43878.016,16044.242478103199
211251,43878.016,14929.46637874844
211252,43878.016,7985.914526519925
211253,43878.016,26132.155691957905
211254,43878.016,32787.359785740446
211255,43878.016,47654.566930746936
211256,43878.016,11258.487365235893
211257,43878.016,30493.591009571206
211258,43878.016,45348.7064232066
211259,43878.016,24768.0307574845
211260,43878.016,30426.38972181791
211261,43878.016,13039.478673356218
211262,43878.016,29880.395867518182
211263,43878.016,7609.199497480111
211264,43878.016,45217.94351596213
211265,43878.016,25195.94467114783
211266,43878.016,18878.257465763865
211267,43878.016,51921.89964889294
211268,43878.016,41593.571047190424
211269,43878.016,26683.390644868152
211270,43878.016,24354.4229378148
211271,43878.016,14176.944591128959
211272,43878.016,12655.49793289385
211273,43878.016,44229.710473619285
211274,43878.016,5326.683530159553
211275,43878.016,3926.0345713334996
211276,43878.016,46264.40736218014
211277,43878.016,15125.259649966747
211278,43878.016,49376.9118329388
211279,43878.016,16483.993153418243
211280,43878.016,37073.399342049044
211281,43878.016,23046.84059627394
211282,43878.016,27116.219696278382
211283,43878.016,64460.882946126956
211284,43878.016,93009.72034584518
211285,43878.016,35756.53872055222
211286,43878.016,37028.20663814614
211287,43878.016,69147.42528380553
211288,43878.016,18545.13337586086
211289,43878.016,53094.93072907036
211290,43878.016,74751.94721075622
211291,43878.016,45982.84573667774
211292,43878.016,27261.978234899136
211293,43878.016,13241.972320859131
211294,43878.016,39673.497726543515
211295,43878.016,50411.757914771326
211296,43878.016,50479.43437930384
211297,43878.016,9296.379115484457
211298,43878.016,36802.28654765534
211299,43878.016,49300.39378877373
211300,43878.016,21904.060033705857
211301,43878.016,21336.885530970834
211302,43878.016,13763.772500296496
211303,43878.016,39556.14990403662
211304,43878.016,37105.11200737767
211305,43878.016,49566.25937493141
211306,43878.016,4438.336601187611
211307,43878.016,22082.7995022094
211308,43878.016,11519.36731155895
211309,43878.016,37735.14251634133
211310,43878.016,46160.472088708244
211311,43878.016,20676.765464285592
211312,43878.016,35809.036307215974
211313,43878.016,56906.72539678796
211314,43878.016,49527.8448874718
211315,43878.016,32370.885382591983
211316,43878.016,20766.536645213742
211317,43878.016,86372.61093791288
211318,43878.016,56254.354553594225
211319,43878.016,16292.16605809427
211320,43878.016,49715.228543074125
211321,43878.016,75153.9427827877
211322,43878.016,21669.78865574646
211323,43878.016,21192.936433095452
211324,43878.016,56524.91806603455
211325,43878.016,42391.3700171386
211326,43878.016,39312.682490901185
211327,43878.016,10035.497424604859
211328,43878.016,31817.65614325774
211329,43878.016,19541.21595523973
211330,43878.016,9136.821771545288
211331,43878.016,48216.48356490828
211332,43878.016,16068.896849511466
211333,43878.016,26046.528750054742
211334,43878.016,8856.97590460567
211335,43878.016,26485.406704024506
211336,43878.016,54905.019973186514
211337,43878.016,67065.58469520177
211338,43878.016,47474.478992476696
211339,43878.016,14559.939677666176
211340,43878.016,10328.360156283472
211341,43878.016,32040.83015409933
211342,43878.016,45142.88458922981
211343,43878.016,72924.2085738951
211344,43878.016,26325.029153304204
211345,43878.016,61360.995644850336
211346,43878.016,71140.4101657105
211347,43878.016,48921.791094479326
211348,43878.016,11707.917855661031
211349,43878.016,23053.188360635333
211350,43878.016,55859.61936135938
211351,43878.016,42607.320939232246
211352,43878.016,58924.73135463673
211353,43878.016,13702.933239073966
211354,43878.016,32610.993709673916
211355,43878.016,31103.156199493587
211356,43878.016,57368.51833791512
211357,43878.016,27372.585471116206
211358,43878.016,4675.974771381671
211359,43878.016,57874.842295215225
211360,43878.016,14838.243864613125
211361,43878.016,63505.67839150507
211362,43878.016,19959.766655151827
211363,43878.016,22980.72204772951
211364,43878.016,13683.367366250915
211365,43878.016,15059.160877324111
211366,43878.016,16442.380247204128
211367,43878.016,45940.85956685663
211368,43878.016,51629.631930103984
211369,43878.016,9736.616368870413
211370,43878.016,6211.146621726848
211371,43878.016,10966.339084458798
211372,43878.016,23767.483294580965
211373,43878.016,22186.02912674692
211374,43878.016,17955.620973556728
211375,43878.016,29143.243088967603
211376,43878.016,35569.073199417544
211377,43878.016,47826.174121992786
211378,43878.016,35129.92275697672
211379,43878.016,56705.42278422384
211380,43878.016,18187.93018454093
211381,43878.016,34766.70172546924
211382,43878.016,52933.618605145464
211383,43878.016,27981.411917338206
211384,43878.016,25312.446788067264
211385,43878.016,24381.88516891211
211386,43878.016,63532.24813993968
211387,43878.016,38322.72008116296
211388,43878.016,74912.44935490983
211389,43878.016,43081.50450143353
211390,43878.016,42136.05317463881
211391,43878.016,15357.534243695623
211392,43878.016,27941.547077461906
211393,43878.016,7993.453368518208
211394,43878.016,14940.598332265417
211395,43878.016,26680.994585437755
211396,43878.016,39288.46133952905
211397,43878.016,20695.337163006414
211398,43878.016,44972.60535295477
211399,43878.016,49640.83435186468
211400,43878.016,83153.06541096474
211401,43878.016,31149.075013423477
211402,43878.016,111256.42689792052
211403,43878.016,37844.93136708901
211404,43878.016,19275.752507275636
211405,43878.016,35816.9950987689
211406,43878.016,25746.008982729145
211407,43878.016,12396.622826557257
211408,43878.016,57474.151262561696
211409,43878.016,21420.127666229942
211410,43878.016,24049.17379552007
211411,43878.016,53431.2279935
211412,43878.016,18517.757550948347
211413,43878.016,16523.998787994784
211414,43878.016,10047.307476585167
211415,43878.016,10164.904219856411
211416,43878.016,12079.719305512332
211417,43878.016,32106.436431656002
211418,43878.016,25862.527456515687
211419,43878.016,43472.55257640502
211420,43878.016,20844.32285654492
211421,43878.016,16784.81433139816
211422,43878.016,33961.89995154705
211423,43878.016,9478.97840953343
211424,43878.016,26782.719110388713
211425,43878.016,93936.8064401512
211426,43878.016,15154.071953652327
211427,43878.016,32482.71264022342
211428,43878.016,9546.053656379656
211429,43878.016,18475.696402608064
211430,43878.016,11398.31929710551
211431,43878.016,49883.50942794739
211432,43878.016,23895.767685938517
211433,43878.016,17417.10176313367
211434,43878.016,19190.97023096272
211435,43878.016,31440.68916692258
211436,43878.016,17833.764962279223
211437,43878.016,26424.020193007924
211438,43878.016,26870.20741488298
211439,43878.016,20528.037019754975
211440,43878.016,11659.837110208238
211441,43878.016,40179.648572933715
211442,43878.016,38279.466980229634
211443,43878.016,28985.137043224637
211444,43878.016,33983.120338228364
211445,43878.016,14618.527476122686
211446,43878.016,100966.961059707
211447,43878.016,26194.362238106998
211448,43878.016,16704.842376777215
211449,43878.016,40277.78813159302
211450,43878.016,46512.42248655621
211451,43878.016,13534.94220966979
211452,43878.016,42002.496027804555
211453,43878.016,37221.96562128134
211454,43878.016,52514.51837561943
211455,43878.016,33407.635138189085
211456,43878.016,28309.392565195627
211457,43878.016,12294.666020464161
211458,43878.016,34408.54461753866
211459,43878.016,24862.285773653704
211460,43878.016,50830.75690762558
211461,43878.016,57707.70326808001
211462,43878.016,6458.7971980387665
211463,43878.016,49971.12287674521
211464,43878.016,29962.349031394326
211465,43878.016,9229.834335831898
211466,43878.016,10765.684439749095
211467,43878.016,28870.564078994095
211468,43878.016,32361.435516359714
211469,43878.016,60941.988146351156
211470,43878.016,18741.25891866911
211471,43878.016,19524.49334951932
211472,43878.016,23734.705223580386
211473,43878.016,34969.84526022733
211474,43878.016,10285.642224550213
211475,43878.016,23079.73387244272
211476,43878.016,43103.011072608206
211477,43878.016,50321.20397052214
211478,43878.016,37879.68758908618
211479,43878.016,34049.28271971827
211480,43878.016,31324.68424818167
211481,43878.016,15099.329910294093
211482,43878.016,14745.820719747155
211483,43878.016,77591.22411216266
211484,43878.016,30138.47859803223
211485,43878.016,30795.25700710245
211486,43878.016,34573.2731663796
211487,43878.016,73820.7096001847
211488,43878.016,10846.750551394969
211489,43878.016,14895.046248017637
211490,43878.016,21178.61614687524
211491,43878.016,32861.57286522795
211492,43878.016,39246.900206067236
211493,43878.016,41281.70425361881
211494,43878.016,132584.53502579086
211495,43878.016,13429.723070771743
211496,43878.016,15498.571439380761
211497,43878.016,27222.467970828366
211498,43878.016,64316.621340699916
211499,43878.016,59756.3387405945
211500,43878.016,37919.43954097149
211501,43878.016,21800.54954744868
211502,43878.016,29666.01842811504
211503,43878.016,24429.784132552333
211504,43878.016,50296.13865277339
211505,43878.016,56222.269909733615
211506,43878.016,19553.054983399226
211507,43878.016,54687.503773896686
211508,43878.016,28482.926851608907
211509,43878.016,34375.394138540534
211510,43878.016,44590.831624360195
211511,43878.016,21783.278143556596
211512,43878.016,20534.441975289636
211513,43878.016,19267.170899290253
211514,43878.016,21115.408923189494
211515,43878.016,32961.61587883024
211516,43878.016,21593.980683170685
211517,43878.016,7343.680128488126
211518,43878.016,29315.873179622493
211519,43878.016,74336.10735218391
211520,43878.016,43649.18998066344
211521,43878.016,9721.31517093514
211522,43878.016,63290.1698487157
211523,43878.016,30464.198151552984
211524,43878.016,72249.05806785905
211525,43878.016,83983.50355507733
211526,43878.016,50026.11978530213
211527,43878.016,12626.909990440174
211528,43878.016,60501.669103353895
211529,43878.016,8637.978905149866
211530,43878.016,66583.98362130363
211531,43878.016,55585.10227240307
211532,43878.016,41477.73714333823
211533,43878.016,15858.934293176537
211534,43878.016,26162.071104856324
211535,43878.016,66713.99716479439
211536,43878.016,57595.84178220626
211537,43878.016,13028.138547087827
211538,43878.016,26030.416629462583
211539,43878.016,66472.31320963553
211540,43878.016,53337.61667559949
211541,43878.016,65007.47018374028
211542,43878.016,58286.35026037498
211543,43878.016,16249.386041358617
211544,43878.016,44560.44929973067
211545,43878.016,46426.629235946915
211546,43878.016,59061.706943564684
211547,43878.016,55911.747145147754
211548,43878.016,49033.883705060136
211549,43878.016,13379.644400539219
211550,43878.016,42999.335427852166
211551,43878.016,51433.209446300585
211552,43878.016,39901.28261482615
211553,43878.016,8087.372374141946
211554,43878.016,16040.334965437118
211555,43878.016,18783.305215261124
211556,43878.016,7145.419835542259
211557,43878.016,55284.51760845223
211558,43878.016,43247.2527852128
211559,43878.016,39639.45549965659
211560,43878.016,65983.32459206604
211561,43878.016,43230.55426722876
211562,43878.016,23417.579644716905
211563,43878.016,51825.4168948869
211564,43878.016,21671.22884664171
211565,43878.016,5608.532621969965
211566,43878.016,28540.856545449973
211567,43878.016,40026.654891281585
211568,43878.016,20039.564633357328
211569,43878.016,17374.194408448988
211570,43878.016,45703.999854592716
211571,43878.016,39195.069341408904
211572,43878.016,50705.10711660439
211573,43878.016,24099.18238857811
211574,43878.016,39898.261673016175
211575,43878.016,50706.41963311849
211576,43878.016,11527.749803950956
211577,43878.016,50426.17358171599
211578,43878.016,5285.009617181894
211579,43878.016,59256.36181113398
211580,43878.016,51274.004164554826
211581,43878.016,26293.76045898738
211582,43878.016,39341.39137858068
211583,43878.016,33378.171105875794
211584,43878.016,52515.15745862515
211585,43878.016,22525.842339766146
211586,43878.016,44529.1204207472
211587,43878.016,22097.14312587
211588,43878.016,73603.54589577652
211589,43878.016,33197.2956497281
211590,43878.016,16580.003038059014
211591,43878.016,8429.649120949933
211592,43878.016,9912.872659162509
211593,43878.016,9553.264949539456
211594,43878.016,35719.325944945056
211595,43878.016,24836.32749001658
211596,43878.016,63695.50983257369
211597,43878.016,17074.804714469992
211598,43878.016,17767.261443429954
211599,43878.016,35702.91973375361
211600,43878.016,65347.074236039094
211601,43878.016,8278.677155509722
211602,43878.016,41801.703888928576
211603,43878.016,69751.59862148648
211604,43878.016,25598.46245218674
211605,43878.016,3999.7127436057503
211606,43878.016,33331.078521366115
211607,43878.016,37549.405127636855
211608,43878.016,46848.870057942135
211609,43878.016,44035.023668759015
211610,43878.016,18375.210240366963
211611,43878.016,30828.953043146044
211612,43878.016,38277.31902715371
211613,43878.016,48318.10359611144
211614,43878.016,21272.954570142265
211615,43878.016,17467.99786189073
211616,43878.016,20623.450216847617
211617,43878.016,38347.129787247366
211618,43878.016,9923.69964934073
211619,43878.016,54571.09338167614
211620,43878.016,10359.599047698202
211621,43878.016,32510.64162677185
211622,43878.016,11588.02631873923
211623,43878.016,51575.71600604201
211624,43878.016,50574.699904580826
211625,43878.016,27281.70635756887
211626,43878.016,10659.057267425122
211627,43878.016,57560.65909767032
211628,43878.016,8293.592511591914
211629,43878.016,34228.606626238696
211630,43878.016,7392.863115922867
211631,43878.016,71631.98454493115
211632,43878.016,25270.55049693626
211633,43878.016,25701.194216194155
211634,43878.016,32810.40202768414
211635,43878.016,12386.240069113092
211636,43878.016,43144.253299586
211637,43878.016,14850.507533829687
211638,43878.016,7470.933816805739
211639,43878.016,66176.15176475992
211640,43878.016,25161.16008074772
211641,43878.016,36707.266489343
211642,43878.016,27624.378019472257
211643,43878.016,25658.839003335117
211644,43878.016,32782.75414064058
211645,43878.016,14386.825945738587
211646,43878.016,65469.34845453914
211647,43878.016,6097.355738999819
211648,43878.016,7232.3780091304525
211649,43878.016,17702.519687745797
211650,43878.016,49772.8863903743
211651,43878.016,45327.467328328814
211652,43878.016,63276.10192414103
211653,43878.016,15527.648718601366
211654,43878.016,50927.22161649433
211655,43878.016,43704.35127067375
211656,43878.016,35199.93899186178
211657,43878.016,16618.992439520516
211658,43878.016,53841.79918484881
211659,43878.016,54575.76173681636
211660,43878.016,15249.673324122397
211661,43878.016,71729.84315206317
211662,43878.016,63137.24697481896
211663,43878.016,50342.07356482068
211664,43878.016,45549.77439509153
211665,43878.016,15351.77678639064
211666,43878.016,12956.27571320225
211667,43878.016,7869.47571691448
211668,43878.016,34203.709729574395
211669,43878.016,41201.45919688534
211670,43878.016,47231.56629582953
211671,43878.016,52473.48435640568
211672,43878.016,59441.42008173135
211673,43878.016,61114.19768645114
211674,43878.016,48426.020033377754
211675,43878.016,24149.573124738556
211676,43878.016,25773.30019731103
211677,43878.016,47578.001358393834
211678,43878.016,15769.218012120882
211679,43878.016,54861.33593255311
211680,43878.016,39344.22721399645
211681,43878.016,19143.51516256272
211682,43878.016,80517.42687252248
211683,43878.016,53516.096461186455
211684,43878.016,60478.357697429456
211685,43878.016,25361.59993990725
211686,43878.016,35542.4490327307
211687,43878.016,55220.17412894629
211688,43878.016,24763.01183953088
211689,43878.016,43285.055436675015
211690,43878.016,84885.59393655819
211691,43878.016,50858.06516175213
211692,43878.016,43982.48675627168
211693,43878.016,33595.84826674693
211694,43878.016,20978.386787523927
211695,43878.016,39502.425932479375
211696,43878.016,27648.772380427108
211697,43878.016,41209.395729500146
211698,43878.016,15401.243243342436
211699,43878.016,32202.942285850608
211700,43878.016,17215.233827614375
211701,43878.016,31221.03125024462
211702,43878.016,71776.14149548301
211703,43878.016,13684.251346861125
211704,43878.016,45363.47642898477
211705,43878.016,11819.660774342516
211706,43878.016,22605.134805222653
211707,43878.016,16497.29946655581
211708,43878.016,19320.998205169315
211709,43878.016,49542.76899429519
211710,43878.016,78080.43622830094
211711,43878.016,31104.571084396128
211712,43878.016,19504.6957991773
211713,43878.016,25312.490095508863
211714,43878.016,42210.11529459269
211715,43878.016,23142.13803478371
211716,43878.016,30887.62725631165
211717,43878.016,11715.070915800365
211718,43878.016,42516.73697855309
211719,43878.016,43277.77485170396
211720,43878.016,16468.26732905589
211721,43878.016,58127.65577578047
211722,43878.016,6024.337985600944
211723,43878.016,16137.559035722983
211724,43878.016,3464.206000157412
211725,43878.016,41943.83744043409
211726,43878.016,26956.5389886593
211727,43878.016,28353.81659890096
211728,43878.016,36069.21407013728
211729,43878.016,16609.291072596105
211730,43878.016,48105.533538422205
211731,43878.016,29749.387347688036
211732,43878.016,51488.345709072215
211733,43878.016,22036.21036250116
211734,43878.016,21831.264810410456
211735,43878.016,60796.98793581121
211736,43878.016,7135.5874133503985
211737,43878.016,41742.87762828302
211738,43878.016,27866.143996033246
211739,43878.016,71876.56278576389
211740,43878.016,48927.930914525656
211741,43878.016,65740.91955297677
211742,43878.016,32239.854625130018
211743,43878.016,47284.24236133329
211744,43878.016,62971.74373559614
211745,43878.016,9755.241970811972
211746,43878.016,10546.89345899628
211747,43878.016,30990.38576613186
211748,43878.016,23117.289923167555
211749,43878.016,47768.535398157765
211750,43878.016,50530.15822166921
211751,43878.016,39024.557335207726
211752,43878.016,18050.579568277222
211753,43878.016,29239.226143989858
211754,43878.016,48505.07072465144
211755,43878.016,16718.71416008745
211756,43878.016,44380.13448962702
211757,43878.016,10907.95916229326
211758,43878.016,54604.20525687792
211759,43878.016,42647.967824308005
211760,43878.016,17704.409650184276
211761,43878.016,10070.534465288029
211762,43878.016,18424.58953658135
211763,43878.016,23355.44943385434
211764,43878.016,53035.55955886912
211765,43878.016,17047.89585616027
211766,43878.016,24687.15807664441
211767,43878.016,11117.771560763886
211768,43878.016,33539.765431236774
211769,43878.016,12938.55103746247
211770,43878.016,13815.73146095601
211771,43878.016,55137.26549115177
211772,43878.016,35015.71665800839
211773,43878.016,60597.86243931678
211774,43878.016,38817.8105544585
211775,43878.016,71192.9090354952
211776,43878.016,21835.509674943467
211777,43878.016,54283.45472085306
211778,43878.016,22773.83795446376
211779,43878.016,81340.96915925354
211780,43878.016,56448.591080445
211781,43878.016,23305.532891194103
211782,43878.016,13018.861581374498
211783,43878.016,33584.65267520384
211784,43878.016,12201.045779541048
211785,43878.016,54624.52194885833
211786,43878.016,35617.23046554874
211787,43878.016,57388.423116171885
211788,43878.016,120159.25313285843
211789,43878.016,74362.22321086672
211790,43878.016,52065.43299992296
211791,43878.016,56129.785721378394
211792,43878.016,22385.517365116237
211793,43878.016,26602.35294463526
211794,43878.016,39178.907268626775
211795,43878.016,20192.16813786769
211796,43878.016,9337.694712371402
211797,43878.016,55129.87948411758
211798,43878.016,39513.9929906335
211799,43878.016,22378.071984693346
211800,43878.016,75241.60166233893
211801,43878.016,17437.893895298177
211802,43878.016,53382.00961189009
211803,43878.016,11122.368338703842
211804,43878.016,3195.4604744255057
211805,43878.016,70119.83605943057
211806,43878.016,23398.429098548437
211807,43878.016,30346.010082855515
211808,43878.016,25567.489493632373
211809,43878.016,21618.75449879384
211810,43878.016,27319.44611589723
211811,43878.016,28730.76968426444
211812,43878.016,58904.78077525026
211813,43878.016,61183.30942919018
211814,43878.016,47687.444553630594
211815,43878.016,48497.27378546901
211816,43878.016,41300.27235222022
211817,43878.016,49799.91761302001
211818,43878.016,49209.532814528626
211819,43878.016,59678.997870097846
211820,43878.016,31375.815675746122
211821,43878.016,12677.87657924364
211822,43878.016,13995.404657986328
211823,43878.016,40153.31587918113
211824,43878.016,10192.371097196743
211825,43878.016,54383.291194511534
211826,43878.016,66886.62099197847
211827,43878.016,20602.31578769392
211828,43878.016,17592.337261570192
211829,43878.016,59166.88032286046
211830,43878.016,87056.5345491481
211831,43878.016,76558.29488120932
211832,43878.016,47059.33759736543
211833,43878.016,14899.069651356664
211834,43878.016,33855.08580441524
211835,43878.016,12638.708228607396
211836,43878.016,46050.463637559726
211837,43878.016,13104.187655235937
211838,43878.016,42400.27458069012
211839,43878.016,40564.59754071378
211840,43878.016,31542.929670707632
211841,43878.016,25253.043658429186
211842,43878.016,5812.0374059460055
211843,43878.016,7577.070539395186
211844,43878.016,40815.48140099184
211845,43878.016,57830.87340054231
211846,43878.016,14756.291808229962
211847,43878.016,11389.595409548983
211848,43878.016,72459.6176861193
211849,43878.016,10815.495421666781
211850,43878.016,10280.998810796313
211851,43878.016,39593.63497219026
211852,43878.016,11566.207652152698
211853,43878.016,46756.54057698645
211854,43878.016,52847.696201156636
211855,43878.016,47686.69949846901
211856,43878.016,16568.414055519454
211857,43878.016,11953.479314369171
211858,43878.016,33731.70869736467
211859,43878.016,56960.922150505874
211860,43878.016,46344.348164945884
211861,43878.016,10255.053391572768
211862,43878.016,37845.46970589991
211863,43878.016,40782.32560804466
211864,43878.016,37940.96475661759
211865,43878.016,22520.32608585607
211866,43878.016,6766.661974171722
211867,43878.016,5339.478069181685
211868,43878.016,22657.08421829077
211869,43878.016,48787.00132184619
211870,43878.016,59289.822304040645
211871,43878.016,15637.964583510244
211872,43878.016,58044.01209164235
211873,43878.016,71852.37209658536
211874,43878.016,32842.19148116702
211875,43878.016,37604.65303890181
211876,43878.016,29078.30820796205
211877,43878.016,59129.96402952324
211878,43878.016,18996.828301998055
211879,43878.016,64591.86930393619
211880,43878.016,9999.988058794455
211881,43878.016,53273.79297689689
211882,43878.016,25719.052056325985
211883,43878.016,9141.395993187703
211884,43878.016,26269.807723051876
211885,43878.016,45577.27732977131
211886,43878.016,51649.396178245326
211887,43878.016,56482.899856074386
211888,43878.016,23840.709333062252
211889,43878.016,61426.30722220196
211890,43878.016,38839.22598020573
211891,43878.016,13898.142172909642
211892,43878.016,53249.71159869805
211893,43878.016,50922.12410555592
211894,43878.016,34610.83302985233
211895,43878.016,32797.878720065964
211896,43878.016,73323.20886252957
211897,43878.016,37639.21860390388
211898,43878.016,15190.320185702196
211899,43878.016,10908.83750653452
211900,43878.016,67925.40976678945
211901,43878.016,26552.393677010463
211902,43878.016,54269.854157248206
211903,43878.016,8300.920522062133
211904,43878.016,26761.904600517275
211905,43878.016,31632.957466398304
211906,43878.016,33725.985184681645
211907,43878.016,14214.390465771678
211908,43878.016,10409.409083010276
211909,43878.016,26670.252969433583
211910,43878.016,48926.52235653726
211911,43878.016,16513.29115404353
211912,43878.016,38498.822365232714
211913,43878.016,6314.619838864531
211914,43878.016,10155.476752636749
211915,43878.016,42557.56786946611
211916,43878.016,39430.151499160216
211917,43878.016,65036.7847325824
211918,43878.016,85267.71207770775
211919,43878.016,65453.42226920546
211920,43878.016,10016.379779739826
211921,43878.016,38609.186974942175
211922,43878.016,9077.21527934781
211923,43878.016,35940.57244603845
211924,43878.016,7455.706456724655
211925,43878.016,59007.89134481693
211926,43878.016,36496.04701793288
211927,43878.016,14491.866140003382
211928,43878.016,64169.02962645859
211929,43878.016,25342.9967157749
211930,43878.016,33819.31019172209
211931,43878.016,41967.76503583676
211932,43878.016,38597.6360528659
211933,43878.016,15935.940991453543
211934,43878.016,58440.45596483402
211935,43878.016,46531.66828687483
211936,43878.016,46017.74129407363
211937,43878.016,53033.76633882507
211938,43878.016,26228.11845810139
211939,43878.016,30654.48357259138
211940,43878.016,34432.90229986385
211941,43878.016,29519.96264108311
211942,43878.016,32403.664047249567
211943,43878.016,31179.72186547751
211944,43878.016,49860.55345533213
211945,43878.016,6110.664201369261
211946,43878.016,30580.014398714924
211947,43878.016,22504.742844730612
211948,43878.016,17347.312326372255
211949,43878.016,29016.395775160116
211950,43878.016,66050.54001547799
211951,43878.016,38021.40671547871
211952,43878.016,47158.893770411065
211953,43878.016,16453.539938884674
211954,43878.016,8178.684598891062
211955,43878.016,19657.482513684397
211956,43878.016,34816.703846465854
211957,43878.016,63643.42278765034
211958,43878.016,8647.943561831562
211959,43878.016,54551.01515141418
211960,43878.016,36730.20462129568
211961,43878.016,41844.688602085276
211962,43878.016,62590.825806927416
211963,43878.016,34290.71041087218
211964,43878.016,27831.517424879377
211965,43878.016,21438.797751721122
211966,43878.016,24136.252856841616
211967,43878.016,72608.60612310011
211968,43878.016,33239.06340154991
211969,43878.016,29422.236147427764
211970,43878.016,16621.76203806032
211971,43878.016,69709.87852177332
211972,43878.016,42157.14567845842
211973,43878.016,9446.27107060522
211974,43878.016,61227.81676540482
211975,43878.016,62765.0332561989
211976,43878.016,45176.94989977719
211977,43878.016,44941.393552115645
211978,43878.016,44020.25971654956
211979,43878.016,65882.56169221197
211980,43878.016,32265.79493168414
211981,43878.016,29872.579744142593
211982,43878.016,49812.375493972024
211983,43878.016,65024.98414810198
211984,43878.016,31535.42161803291
211985,43878.016,71020.4788302607
211986,43878.016,60908.08619751677
211987,43878.016,20013.53502404076
211988,43878.016,49655.37944743573
211989,43878.016,19338.86933456508
211990,43878.016,20634.36119904355
211991,43878.016,32294.103184304495
211992,43878.016,58815.98492723852
211993,43878.016,15970.851772971779
211994,43878.016,34696.4392543968
211995,43878.016,24102.09262476737
211996,43878.016,72988.28081547182
211997,43878.016,3966.546151937347
211998,43878.016,23021.382969689148
211999,43878.016,6839.347134325218
212000,43878.016,62781.76336956933
212001,43878.016,33084.048580114206
212002,43878.016,40645.78743394036
212003,43878.016,21400.928445183683
212004,43878.016,64169.74206521904
212005,43878.016,8895.122601776773
212006,43878.016,26977.85461352707
212007,43878.016,10976.468725346544
212008,43878.016,15378.714859193358
212009,43878.016,57217.38729571196
212010,43878.016,46567.498908752204
212011,43878.016,65768.54019857131
212012,43878.016,67224.90415142449
212013,43878.016,43859.28004749791
212014,43878.016,20225.408582316144
212015,43878.016,45149.13555420148
212016,43878.016,27710.50441908082
212017,43878.016,12184.905987752969
212018,43878.016,11699.928154927507
212019,43878.016,37946.70232001385
212020,43878.016,63067.953554841515
212021,43878.016,27764.683229571172
212022,43878.016,50620.25687767134
212023,43878.016,4929.5906664985905
212024,43878.016,27455.074842278955
212025,43878.016,28582.538323449495
212026,43878.016,58785.26381755838
212027,43878.016,30182.378453870453
212028,43878.016,27962.317437185775
212029,43878.016,20528.78884531746
212030,43878.016,19627.7630885917
212031,43878.016,26075.933190869357
212032,43878.016,24204.584327379016
212033,43878.016,17448.904896547014
212034,43878.016,27576.893905632704
212035,43878.016,32537.979544148402
212036,43878.016,20337.555683765328
212037,43878.016,37987.460834712954
212038,43878.016,20239.982074744687
212039,43878.016,23186.376165008624
212040,43878.016,25914.176417070794
212041,43878.016,7626.738094106638
212042,43878.016,11713.106342758996
212043,43878.016,47222.70009890296
212044,43878.016,65832.32364553335
212045,43878.016,24719.930113079827
212046,43878.016,34249.03657467865
212047,43878.016,12971.974731883358
212048,43878.016,12681.034453118737
212049,43878.016,8867.901565103955
212050,43878.016,42150.94623008775
212051,43878.016,32519.439077532767
212052,43878.016,10631.524793440443
212053,43878.016,13253.190492540554
212054,43878.016,81124.34899676555
212055,43878.016,75058.20441123772
212056,43878.016,42960.27260219746
212057,43878.016,60652.441263870256
212058,43878.016,34045.46216495284
212059,43878.016,22098.813470548557
212060,43878.016,23278.23207461459
212061,43878.016,58896.37673005174
212062,43878.016,11062.357197019322
212063,43878.016,23620.96513803375
212064,43878.016,35666.0136053705
212065,43878.016,51832.37508305067
212066,43878.016,65708.70422367656
212067,43878.016,11811.904675233427
212068,43878.016,12287.214231567277
212069,43878.016,57436.66227577406
212070,43878.016,23583.001178747785
212071,43878.016,12016.110611093975
212072,43878.016,54506.084905380536
212073,43878.016,28986.86764127995
212074,43878.016,17042.992137972764
212075,43878.016,27051.312968576753
212076,43878.016,40953.51657659399
212077,43878.016,28020.601372404348
212078,43878.016,60527.02027892607
212079,43878.016,25911.466139280266
212080,43878.016,78670.35366646612
212081,43878.016,31422.159926790588
212082,43878.016,24185.390463706713
212083,43878.016,49804.41011379753
212084,43878.016,62957.39271446252
212085,43878.016,118799.62901447194
212086,43878.016,47333.383792824054
212087,43878.016,34937.40541835319
212088,43878.016,15938.506962228212
212089,43878.016,48101.831326028165
212090,43878.016,13880.52200332007
212091,43878.016,58758.14207257686
212092,43878.016,44800.151767375435
212093,43878.016,14824.802429325286
212094,43878.016,20341.33836490724
212095,43878.016,35071.682638678205
212096,43878.016,65147.865112390435
212097,43878.016,11076.206796144736
212098,43878.016,11516.856269398542
212099,43878.016,14223.971813990793
212100,43878.016,48604.0130561428
212101,43878.016,8846.134479865008
212102,43878.016,11884.0599302292
212103,43878.016,59503.15301038197
212104,43878.016,12226.399522842321
212105,43878.016,40290.21171783359
212106,43878.016,60935.62607988184
212107,43878.016,39589.288089069974
212108,43878.016,45200.92058765678
212109,43878.016,55153.96888492137
212110,43878.016,30210.488540760845
212111,43878.016,60066.142801393886
212112,43878.016,46424.57477228996
212113,43878.016,7698.879354153303
212114,43878.016,49555.3302637377
212115,43878.016,19717.727892389532
212116,43878.016,8155.136256470906
212117,43878.016,39480.16166457717
212118,43878.016,37443.72140968504
212119,43878.016,43615.40208256284
212120,43878.016,8872.44576585523
212121,43878.016,8338.930860100267
212122,43878.016,56658.66394409892
212123,43878.016,16385.82804476708
212124,43878.016,59750.18264882262
212125,43878.016,45847.55763233019
212126,43878.016,72275.58699742009
212127,43878.016,57823.31140197802
212128,43878.016,20418.71784059248
212129,43878.016,37636.141877849725
212130,43878.016,43543.11595048762
212131,43878.016,42774.16865873465
212132,43878.016,18985.934410030015
212133,43878.016,65282.694368414945
212134,43878.016,38661.69353108562
212135,43878.016,9209.260099229545
212136,43878.016,33366.84588158538
212137,43878.016,53607.320111899426
212138,43878.016,38431.21410884831
212139,43878.016,11459.890257104167
212140,43878.016,77916.25363072098
212141,43878.016,35232.01408229055
212142,43878.016,32187.85575784324
212143,43878.016,8863.274563113855
212144,43878.016,30819.01003933746
212145,43878.016,36538.513984748715
212146,43878.016,33115.78824137027
212147,43878.016,16425.646395267995
212148,43878.016,25467.689278075628
212149,43878.016,22581.90533467315
212150,43878.016,12180.998943510573
212151,43878.016,23082.002452367804
212152,43878.016,37407.61416513347
212153,43878.016,48451.56382954581
212154,43878.016,26578.73345692493
212155,43878.016,65770.77339305288
212156,43878.016,9875.176730223577
212157,43878.016,68193.75251130477
212158,43878.016,27623.910994965237
212159,43878.016,36667.868529038315
212160,43878.016,19393.555261299447
212161,43878.016,17762.976048565626
212162,43878.016,44025.79261893882
212163,43878.016,52967.6854027981
212164,43878.016,12393.106953512155
212165,43878.016,36987.920832226606
212166,43878.016,71143.23349193759
212167,43878.016,56673.54289120823
212168,43878.016,60264.092262552214
212169,43878.016,12170.739750017325
212170,43878.016,30269.587930816684
212171,43878.016,36848.28187129249
212172,43878.016,35176.625474507564
212173,43878.016,46189.9397934797
212174,43878.016,27702.268194074295
212175,43878.016,35310.05211705227
212176,43878.016,58788.728209806046
212177,43878.016,26653.120949142212
212178,43878.016,19111.431934591452
212179,43878.016,17578.819259412772
212180,43878.016,31552.67427755033
212181,43878.016,8700.521967243505
212182,43878.016,44192.18123011591
212183,43878.016,56679.98898347259
212184,43878.016,33334.51855184305
212185,43878.016,24745.07194020329
212186,43878.016,6459.31695536707
212187,43878.016,26496.390620478058
212188,43878.016,78496.26509667296
212189,43878.016,29526.226745937463
212190,43878.016,52329.9099079914
212191,43878.016,23963.89685459834
212192,43878.016,21813.14241365162
212193,43878.016,24921.560858972593
212194,43878.016,58597.240746292126
212195,43878.016,13981.220540836684
212196,43878.016,33472.06530721198
212197,43878.016,52811.06379054254
212198,43878.016,34302.432495949455
212199,43878.016,54472.51292643491
212200,43878.016,28516.539215067678
212201,43878.016,15887.452142831682
212202,43878.016,42125.47956353415
212203,43878.016,60444.13134913951
212204,43878.016,24160.1073964587
212205,43878.016,52234.712847792944
212206,43878.016,33016.43887642941
212207,43878.016,57499.45972562961
212208,43878.016,9652.179470464382
212209,43878.016,33408.317842359545
212210,43878.016,43176.70473028041
212211,43878.016,51821.25638148953
212212,43878.016,53953.04491713888
212213,43878.016,9276.507051938976
212214,43878.016,25833.409678920467
212215,43878.016,15987.074702049025
212216,43878.016,58513.808028412415
212217,43878.016,59033.20766225627
212218,43878.016,51349.66745646952
212219,43878.016,56282.98379944908
212220,43878.016,59171.294362060995
212221,43878.016,15508.200773169941
212222,43878.016,10333.900457557062
212223,43878.016,20596.800051517905
212224,43878.016,71842.93274907672
212225,43878.016,38098.78505721363
212226,43878.016,28930.80378724759
212227,43878.016,40240.817352473234
212228,43878.016,44783.97066777938
212229,43878.016,18545.621204261082
212230,43878.016,60793.27544169284
212231,43878.016,27064.67480134933
212232,43878.016,12137.710442758296
212233,43878.016,22103.49074195275
212234,43878.016,88757.8360167402
212235,43878.016,60994.8711528
212236,43878.016,57993.38275542758
212237,43878.016,19831.72002601744
212238,43878.016,20663.89596536207
212239,43878.016,33300.26189012519
212240,43878.016,46778.63477908788
212241,43878.016,19819.563151824754
212242,43878.016,13382.006108004223
212243,43878.016,29188.675505148993
212244,43878.016,67653.21909632655
212245,43878.016,17867.16341735976
212246,43878.016,13448.577919728039
212247,43878.016,19709.54342934192
212248,43878.016,39042.446045403885
212249,43878.016,46253.66191089154
212250,43878.016,54738.261180328016
212251,43878.016,54669.09635279929
212252,43878.016,29779.805576850227
212253,43878.016,46104.00209941827
212254,43878.016,19548.689448808
212255,43878.016,28283.891797098073
212256,43878.016,11488.184345498772
212257,43878.016,51194.23736911188
212258,43878.016,26570.8257760229
212259,43878.016,48955.67379867216
212260,43878.016,53186.8407069911
212261,43878.016,48849.9677016369
212262,43878.016,34591.6007324923
212263,43878.016,67524.64797725467
212264,43878.016,31265.38834473745
212265,43878.016,64204.78873940224
212266,43878.016,57291.55693489592
212267,43878.016,75987.67102738035
212268,43878.016,57768.20461598485
212269,43878.016,6735.718596877318
212270,43878.016,54264.66992100692
212271,43878.016,56688.9702761323
212272,43878.016,58322.185882395366
212273,43878.016,18949.626767500897
212274,43878.016,14230.410685761537
212275,43878.016,67340.44275525125
212276,43878.016,58484.53973334063
212277,43878.016,21733.999867235518
212278,43878.016,59410.03216781892
212279,43878.016,27940.373210062608
212280,43878.016,19588.26445617455
212281,43878.016,19327.354135112222
212282,43878.016,53456.59573300723
212283,43878.016,29266.327033349735
212284,43878.016,14438.851899206931
212285,43878.016,21701.852564938894
212286,43878.016,30681.739098973845
212287,43878.016,28694.291731788293
212288,43878.016,53691.40583128248
212289,43878.016,16262.143191964124
212290,43878.016,16358.448216213988
212291,43878.016,32722.842321433855
212292,43878.016,29734.932798996353
212293,43878.016,63306.47299359642
212294,43878.016,21042.03911885857
212295,43878.016,28275.15466864529
212296,43878.016,22888.060865443655
212297,43878.016,16498.06715734739
212298,43878.016,18929.189978096823
212299,43878.016,13323.828909173948
212300,43878.016,33524.82688344996
212301,43878.016,57304.159204340074
212302,43878.016,20021.268237493274
212303,43878.016,15337.823828676006
212304,43878.016,53421.36260838754
212305,43878.016,37377.76847855833
212306,43878.016,60798.909597510494
212307,43878.016,41219.22507940589
212308,43878.016,34102.469136998756
212309,43878.016,37913.01151381796
212310,43878.016,9381.134637229217
212311,43878.016,18264.53953956828
212312,43878.016,55258.6813204778
212313,43878.016,61307.47911374739
212314,43878.016,50591.99211781277
212315,43878.016,43370.42258651396
212316,43878.016,9705.324305596585
212317,43878.016,39300.40065209303
212318,43878.016,35242.755882420606
212319,43878.016,9409.885834887687
212320,43878.016,13144.795885493462
212321,43878.016,47747.6056746843
212322,43878.016,66820.2057446926
212323,43878.016,12425.540350097242
212324,43878.016,73704.0548389771
212325,43878.016,13536.201358847333
212326,43878.016,34904.53288511188
212327,43878.016,13057.694935544972
212328,43878.016,38745.89244028882
212329,43878.016,40222.72185733015
212330,43878.016,36014.48030197133
212331,43878.016,34080.235139603436
212332,43878.016,53321.793886558946
212333,43878.016,31573.572887127775
212334,43878.016,25035.67365838832
212335,43878.016,41151.887520861084
212336,43878.016,10520.205781468507
212337,43878.016,33881.971870686255
212338,43878.016,53804.12488053121
212339,43878.016,38478.89931564267
212340,43878.016,26434.248137357416
212341,43878.016,10633.398225630357
212342,43878.016,53661.718072845026
212343,43878.016,44923.10098515381
212344,43878.016,23988.0766657841
212345,43878.016,39599.756098868536
212346,43878.016,45336.62257861775
212347,43878.016,18116.700328888786
212348,43878.016,23656.613368001486
212349,43878.016,57406.42565837382
212350,43878.016,19669.66985788068
212351,43878.016,67668.52793241222
212352,43878.016,33708.6442851962
212353,43878.016,69070.37585241355
212354,43878.016,44792.835347923625
212355,43878.016,18053.314917087013
212356,43878.016,28113.402641845914
212357,43878.016,52460.159743464625
212358,43878.016,11260.46919713399
212359,43878.016,18893.196325377885
212360,43878.016,75329.49992233464
212361,43878.016,51652.484952297404
212362,43878.016,30244.08200789741
212363,43878.016,24826.153980201023
212364,43878.016,13703.80759339587
212365,43878.016,53005.680216216875
212366,43878.016,4698.956213803592
212367,43878.016,27075.090442147455
212368,43878.016,35157.5286834521
212369,43878.016,53858.66910012246
212370,43878.016,44065.359316356626
212371,43878.016,15441.1819673742
212372,43878.016,38976.884538152044
212373,43878.016,14447.507004191119
212374,43878.016,35814.208184811694
212375,43878.016,52716.25311532526
212376,43878.016,10083.605648135854
212377,43878.016,50436.542189426975
212378,43878.016,55778.47596399634
212379,43878.016,14324.519850750257
212380,43878.016,37347.889897130895
212381,43878.016,48599.044764821614
212382,43878.016,53940.34588293125
212383,43878.016,11990.284189824242
212384,43878.016,17217.64216945593
212385,43878.016,34108.21540126174
212386,43878.016,18837.275213964465
212387,43878.016,40269.96951899676
212388,43878.016,59206.228860137744
212389,43878.016,41015.14631229794
212390,43878.016,10424.440718505844
212391,43878.016,36249.52875329799
212392,43878.016,14651.207265005045
212393,43878.016,33190.19020503998
212394,43878.016,62388.75097546106
212395,43878.016,59846.78718178534
212396,43878.016,8524.52863961825
212397,43878.016,20656.25233290954
212398,43878.016,30456.262227902218
212399,43878.016,10816.263951466826
212400,43878.016,22086.12120796602
212401,43878.016,51965.18401849911
212402,43878.016,37493.654391817974
212403,43878.016,46559.09385043728
212404,43878.016,45599.236549507026
212405,43878.016,32540.411857223822
212406,43878.016,44358.92699717557
212407,43878.016,62134.00538346995
212408,43878.016,53526.53835715192
212409,43878.016,12583.898772923594
212410,43878.016,57758.68622405357
212411,43878.016,51323.37300467387
212412,43878.016,41449.64470101604
212413,43878.016,29644.677213575644
212414,43878.016,18762.18590823045
212415,43878.016,18151.7939264544
212416,43878.016,23527.182034348207
212417,43878.016,54841.80464886793
212418,43878.016,57511.24515316003
212419,43878.016,53590.99878601838
212420,43878.016,35780.828848271114
212421,43878.016,19446.820944696097
212422,43878.016,28918.354106082625
212423,43878.016,10728.430360269549
212424,43878.016,9905.124990851513
212425,43878.016,26401.09283570988
212426,43878.016,90650.86467233053
212427,43878.016,50876.15096957931
212428,43878.016,47407.036373775125
212429,43878.016,60260.763178570705
212430,43878.016,20947.384229109844
212431,43878.016,24508.244735759727
212432,43878.016,25334.154196390977
212433,43878.016,74877.68105722882
212434,43878.016,24456.502895523554
212435,43878.016,55041.99252163248
212436,43878.016,68312.90523873808
212437,43878.016,66667.24818399733
212438,43878.016,30248.179273457037
212439,43878.016,19925.552780398404
212440,43878.016,12410.15349183383
212441,43878.016,33686.054688911856
212442,43878.016,16570.80600393574
212443,43878.016,48145.97216729096
212444,43878.016,20753.783122267352
212445,43878.016,47064.895885762344
212446,43878.016,16646.636284818087
212447,43878.016,41407.29945674574
212448,43878.016,64708.18061989313
212449,43878.016,18583.268021108728
212450,43878.016,32145.028832797307
212451,43878.016,18080.31988180488
212452,43878.016,37935.08012459766
212453,43878.016,32483.8213375533
212454,43878.016,43164.06281094176
212455,43878.016,10845.436383108161
212456,43878.016,66354.83669421147
212457,43878.016,12643.083171487686
212458,43878.016,11755.021742289455
212459,43878.016,11335.31933314118
212460,43878.016,33660.99660771503
212461,43878.016,21929.165622378765
212462,43878.016,49586.54115630178
212463,43878.016,16539.628544132604
212464,43878.016,42285.07060486817
212465,43878.016,61369.381153266055
212466,43878.016,33770.29059088939
212467,43878.016,31285.168256158075
212468,43878.016,63716.23188720963
212469,43878.016,26552.496733520227
212470,43878.016,56866.65070175918
212471,43878.016,15556.89492440722
212472,43878.016,55474.2041877985
212473,43878.016,8264.503007816182
212474,43878.016,25406.487339382926
212475,43878.016,55289.36824490367
212476,43878.016,17291.09745307611
212477,43878.016,13190.383323031423
212478,43878.016,48793.04994859
212479,43878.016,57505.72628677626
212480,43878.016,53518.08456938872
212481,43878.016,14131.466523922167
212482,43878.016,50148.34649717658
212483,43878.016,39735.83021444753
212484,43878.016,29057.05136601643
212485,43878.016,18854.006347157825
212486,43878.016,10419.56911183819
212487,43878.016,81496.28894600573
212488,43878.016,35115.554925605575
212489,43878.016,17745.10445642458
212490,43878.016,58633.628242398045
212491,43878.016,51060.820974130314
212492,43878.016,20792.420569347425
212493,43878.016,48328.102460618524
212494,43878.016,21113.987861930098
212495,43878.016,14429.823136692099
212496,43878.016,24052.90492808529
212497,43878.016,44864.16909452411
212498,43878.016,12929.643244308929
212499,43878.016,9108.089055377039
212500,43878.016,23993.271692265862
212501,43878.016,14548.934215773204
212502,43878.016,55247.12892149338
212503,43878.016,7723.69687408467
212504,43878.016,29886.634066144234
212505,43878.016,13365.581617901571
212506,43878.016,28941.36513923368
212507,43878.016,22028.590439473348
212508,43878.016,89729.1476762256
212509,43878.016,39131.249025520614
212510,43878.016,16063.490228669594
212511,43878.016,60928.06033007778
212512,43878.016,19668.566266835558
212513,43878.016,70240.63993870256
212514,43878.016,69675.09200526442
212515,43878.016,13230.893985250563
212516,43878.016,19258.194356898755
212517,43878.016,43702.510907566175
212518,43878.016,53093.20450917944
212519,43878.016,28536.30946642831
212520,43878.016,10628.49152188073
212521,43878.016,64271.0155808135
212522,43878.016,7181.811277593806
212523,43878.016,20032.75149061244
212524,43878.016,13449.360403362185
212525,43878.016,43146.22975471279
212526,43878.016,85666.91829713249
212527,43878.016,14942.041231919062
212528,43878.016,60491.06082328342
212529,43878.016,32993.92123306717
212530,43878.016,6282.920068510985
212531,43878.016,42453.23342316088
212532,43878.016,59827.416868651984
212533,43878.016,10037.864841949327
212534,43878.016,7583.144447371858
212535,43878.016,67634.35107157435
212536,43878.016,35022.44641153767
212537,43878.016,36860.10424469829
212538,43878.016,7393.337023140022
212539,43878.016,39677.729766634686
212540,43878.016,54085.468733313195
212541,43878.016,10577.311950061678
212542,43878.016,40491.66906291854
212543,43878.016,47385.807031827
212544,43878.016,33871.16944714876
212545,43878.016,8448.795486823079
212546,43878.016,63977.73164351926
212547,43878.016,47458.008398160324
212548,43878.016,37071.94963185322
212549,43878.016,57620.50193038053
212550,43878.016,31172.455340676348
212551,43878.016,77892.25027142158
212552,43878.016,45754.38193914636
212553,43878.016,51332.40630452942
212554,43878.016,20679.97166875165
212555,43878.016,26205.814155592067
212556,43878.016,48922.08419344751
212557,43878.016,36646.775473548616
212558,43878.016,55050.59137642007
212559,43878.016,23437.332552818036
212560,43878.016,15649.247630345766
212561,43878.016,11549.897127993196
212562,43878.016,27408.301092306167
212563,43878.016,29402.58785348534
212564,43878.016,27363.74674741251
212565,43878.016,49180.016837465555
212566,43878.016,29372.639825866794
212567,43878.016,39600.58257125086
212568,43878.016,38109.03379611765
212569,43878.016,38113.77265017655
212570,43878.016,39518.29583906331
212571,43878.016,33505.07034186218
212572,43878.016,55504.2337540905
212573,43878.016,54988.36593981245
212574,43878.016,34413.90740916397
212575,43878.016,52040.60051246061
212576,43878.016,12202.5996448532
212577,43878.016,17492.60345460734
212578,43878.016,30679.892744484347
212579,43878.016,49391.207568290854
212580,43878.016,61683.41446864595
212581,43878.016,37896.144890737116
212582,43878.016,13957.933952573478
212583,43878.016,56437.03280895412
212584,43878.016,57029.841477512644
212585,43878.016,21503.12272351661
212586,43878.016,32477.836141843745
212587,43878.016,66667.21964292647
212588,43878.016,26607.987943604752
212589,43878.016,14370.253006116562
212590,43878.016,63705.35731364611
212591,43878.016,28975.882168944743
212592,43878.016,39691.526783651556
212593,43878.016,31000.57733611954
212594,43878.016,55592.31339302691
212595,43878.016,43831.477775299434
212596,43878.016,62668.38964384626
212597,43878.016,13202.582260018744
212598,43878.016,32733.38665786952
212599,43878.016,46683.4043392886
212600,43878.016,22771.542719251334
212601,43878.016,34538.186894465434
212602,43878.016,66536.43173476029
212603,43878.016,53255.99658310382
212604,43878.016,7941.1854172277335
212605,43878.016,45967.643500939645
212606,43878.016,26157.150299929195
212607,43878.016,35610.148102075065
212608,43878.016,44762.29924936245
212609,43878.016,9480.597269304615
212610,43878.016,60405.87948508901
212611,43878.016,17824.18650587057
212612,43878.016,43375.703343728324
212613,43878.016,41614.863909625135
212614,43878.016,22978.651552875785
212615,43878.016,10262.387682042727
212616,43878.016,29672.041376273304
212617,43878.016,33142.049719524184
212618,43878.016,68421.35120957022
212619,43878.016,11455.52993351355
212620,43878.016,53027.001970518184
212621,43878.016,83648.20461060501
212622,43878.016,56449.9680143663
212623,43878.016,34692.86083130999
212624,43878.016,28491.616538034803
212625,43878.016,54662.6911887766
212626,43878.016,46028.529141460494
212627,43878.016,27317.00455170766
212628,43878.016,5754.58625221993
212629,43878.016,16729.947428062624
212630,43878.016,15253.564013455074
212631,43878.016,13775.338153696102
212632,43878.016,36236.589250016965
212633,43878.016,20140.581518335945
212634,43878.016,31626.542074209432
212635,43878.016,20715.57863870788
212636,43878.016,16346.54279969873
212637,43878.016,15434.13833263681
212638,43878.016,60326.67145740339
212639,43878.016,31219.01977297835
212640,43878.016,29535.61676691782
212641,43878.016,50788.560061959535
212642,43878.016,40213.752883071946
212643,43878.016,21548.76012670607
212644,43878.016,30708.468331886557
212645,43878.016,22269.157779230205
212646,43878.016,21734.347358131083
212647,43878.016,24523.638117758877
212648,43878.016,49391.94867750144
212649,43878.016,40329.558190274256
212650,43878.016,46333.365052310524
212651,43878.016,47749.398035310376
212652,43878.016,21891.9548512355
212653,43878.016,11254.07195403865
212654,43878.016,52120.81115431282
212655,43878.016,43691.6796288391
212656,43878.016,15565.119248178245
212657,43878.016,46718.972931966535
212658,43878.016,46316.37206701834
212659,43878.016,38108.47109168927
212660,43878.016,55373.778714433254
212661,43878.016,70014.74038529521
212662,43878.016,26636.91777445558
212663,43878.016,44021.46749127034
212664,43878.016,11356.242408592769
212665,43878.016,52572.165720287514
212666,43878.016,30295.485530982827
212667,43878.016,59438.71760191995
212668,43878.016,55958.39563615592
212669,43878.016,65030.168190096825
212670,43878.016,40277.80255195459
212671,43878.016,45799.40634322066
212672,43878.016,37412.266684791
212673,43878.016,19258.97600568023
212674,43878.016,38899.16142270857
212675,43878.016,21908.531652899906
212676,43878.016,59573.73180796036
212677,43878.016,8268.438551437086
212678,43878.016,8449.371902294251
212679,43878.016,44414.1704642754
212680,43878.016,51483.13737946989
212681,43878.016,6633.839238877141
212682,43878.016,37718.03262863318
212683,43878.016,46494.836112899146
212684,43878.016,27783.54487504427
212685,43878.016,28690.100145930144
212686,43878.016,24135.31139067102
212687,43878.016,33005.65790642406
212688,43878.016,37338.23034602939
212689,43878.016,27706.290662336356
212690,43878.016,10074.300723558485
212691,43878.016,9189.353883475886
212692,43878.016,25297.82653000597
212693,43878.016,15003.86080049768
212694,43878.016,13979.507570684704
212695,43878.016,31095.63083415384
212696,43878.016,67350.52633491356
212697,43878.016,66178.5405209369
212698,43878.016,44986.88840863706
212699,43878.016,33527.27894103911
212700,43878.016,36000.42387178291
212701,43878.016,80653.37526297067
212702,43878.016,60244.5054101904
212703,43878.016,34996.04160178115
212704,43878.016,59058.17198601921
212705,43878.016,62345.29455933718
212706,43878.016,35532.03471923859
212707,43878.016,30760.726157412486
212708,43878.016,38712.78291348211
212709,43878.016,16286.700414040348
212710,43878.016,35021.283785383865
212711,43878.016,28883.92174426335
212712,43878.016,24302.858379683337
212713,43878.016,73584.7198473188
212714,43878.016,56478.20996972846
212715,43878.016,51911.88587625919
212716,43878.016,41994.146527484656
212717,43878.016,27670.133434572217
212718,43878.016,49837.806706590476
212719,43878.016,52112.34295033664
212720,43878.016,56564.00430939491
212721,43878.016,23879.109551907764
212722,43878.016,14867.59035771938
212723,43878.016,8361.552697865654
212724,43878.016,50545.07725227828
212725,43878.016,44897.99222169494
212726,43878.016,11321.930824578227
212727,43878.016,52120.458756076
212728,43878.016,47449.46796000725
212729,43878.016,33364.879265099735
212730,43878.016,29354.816927996115
212731,43878.016,42329.27440515156
212732,43878.016,15636.599457018601
212733,43878.016,37146.57645865417
212734,43878.016,17256.178418435567
212735,43878.016,13369.925418707724
212736,43878.016,21912.49403575665
212737,43878.016,28415.534249075234
212738,43878.016,17236.023637648286
212739,43878.016,39627.91858027226
212740,43878.016,18992.405327393444
212741,43878.016,11873.68078716501
212742,43878.016,19877.761601728733
212743,43878.016,52282.545611399524
212744,43878.016,23623.25214451531
212745,43878.016,13314.798847281127
212746,43878.016,12578.246948397134
212747,43878.016,116461.29313878465
212748,43878.016,63864.49769036204
212749,43878.016,19808.690213145896
212750,43878.016,33454.89128230653
212751,43878.016,24875.989855857053
212752,43878.016,17226.432181318338
212753,43878.016,26378.914948436322
212754,43878.016,19603.87886755764
212755,43878.016,28924.13045679226
212756,43878.016,26405.385305591113
212757,43878.016,23243.642532804348
212758,43878.016,47259.44538665942
212759,43878.016,51800.411562172325
212760,43878.016,60288.14089807421
212761,43878.016,15049.617134970164
212762,43878.016,16903.372788003093
212763,43878.016,61894.74803853894
212764,43878.016,31696.751982588572
212765,43878.016,42472.96551625089
212766,43878.016,33941.67444800859
212767,43878.016,15873.914293589147
212768,43878.016,33136.120292210275
212769,43878.016,22774.980181998886
212770,43878.016,28973.88366473302
212771,43878.016,13823.78614854375
212772,43878.016,36073.2864804809
212773,43878.016,21592.425138407583
212774,43878.016,67822.70225888818
212775,43878.016,22100.877674435607
212776,43878.016,71503.3233881847
212777,43878.016,22779.29635992867
212778,43878.016,15184.509080566037
212779,43878.016,75024.31203041587
212780,43878.016,63508.47217094197
212781,43878.016,43471.63289205605
212782,43878.016,9172.200477833163
212783,43878.016,33353.253837521544
212784,43878.016,39632.40011164783
212785,43878.016,18384.524286424676
212786,43878.016,35492.164544304804
212787,43878.016,34687.948160263644
212788,43878.016,15135.143554472561
212789,43878.016,27796.593393632906
212790,43878.016,23421.729206934353
212791,43878.016,34435.75426084115
212792,43878.016,48292.709161873165
212793,43878.016,60100.48915036329
212794,43878.016,60277.83258571346
212795,43878.016,18916.33333948407
212796,43878.016,49201.86724705511
212797,43878.016,16224.525508030976
212798,43878.016,25637.93236591474
212799,43878.016,63953.839462401345
212800,43878.016,11381.025839545218
212801,43878.016,6452.348064487734
212802,43878.016,42035.6512774866
212803,43878.016,13683.878511546976
212804,43878.016,14288.049930847254
212805,43878.016,6850.479883477129
212806,43878.016,17819.44733162729
212807,43878.016,14669.375928446203
212808,43878.016,63126.063833219145
212809,43878.016,23732.964244813018
212810,43878.016,29753.430821596376
212811,43878.016,6655.40350605183
212812,43878.016,50120.63616222905
212813,43878.016,38855.405843887995
212814,43878.016,22706.410606691592
212815,43878.016,49974.288454951755
212816,43878.016,18539.820346467426
212817,43878.016,79419.16328844352
212818,43878.016,30713.06930502615
212819,43878.016,41434.62242213554
212820,43878.016,17489.568314403237
212821,43878.016,32169.577171580957
212822,43878.016,19779.785151907734
212823,43878.016,17463.34781272568
212824,43878.016,10276.40863757686
212825,43878.016,41264.28074781976
212826,43878.016,57513.490357728486
212827,43878.016,73987.00546314885
212828,43878.016,49480.91321721233
212829,43878.016,19325.04916527229
212830,43878.016,34581.75975936786
212831,43878.016,53507.48350822557
212832,43878.016,30507.60330546463
212833,43878.016,14667.957557809948
212834,43878.016,40594.494625330706
212835,43878.016,46573.67318126955
212836,43878.016,16052.605107610305
212837,43878.016,43233.63869149634
212838,43878.016,58789.03524847898
212839,43878.016,46853.092391108315
212840,43878.016,29261.451503918528
212841,43878.016,13835.261028981371
212842,43878.016,22627.50199161928
212843,43878.016,36262.03571078859
212844,43878.016,15158.270282965257
212845,43878.016,7624.082533399215
212846,43878.016,34592.225464653464
212847,43878.016,48825.025294184044
212848,43878.016,58868.17397242013
212849,43878.016,27178.751327411675
212850,43878.016,53806.670614602604
212851,43878.016,41120.11823469506
212852,43878.016,47277.26285720942
212853,43878.016,32901.431815294956
212854,43878.016,27627.231231298512
212855,43878.016,48285.37462179528
212856,43878.016,51251.313769030116
212857,43878.016,17829.034237398864
212858,43878.016,78896.08376284859
212859,43878.016,65266.11752691907
212860,43878.016,7384.985219072976
212861,43878.016,47763.42473499421
212862,43878.016,28607.488645338624
212863,43878.016,29615.93658576737
212864,43878.016,62174.715497263074
212865,43878.016,58597.44226943423
212866,43878.016,32854.86109750545
212867,43878.016,52175.60364555626
212868,43878.016,38756.92962683507
212869,43878.016,47205.194467851805
212870,43878.016,34879.69339747945
212871,43878.016,18078.085131992757
212872,43878.016,62223.06346912743
212873,43878.016,38873.62945998257
212874,43878.016,42862.94843202554
212875,43878.016,20612.971084102544
212876,43878.016,52355.770853266375
212877,43878.016,16592.388116170645
212878,43878.016,59035.72860617997
212879,43878.016,50408.43379530355
212880,43878.016,48415.40026298793
212881,43878.016,67992.62135407432
212882,43878.016,25020.90100864968
212883,43878.016,26232.578373828983
212884,43878.016,28295.940861804593
212885,43878.016,29564.782266103823
212886,43878.016,44426.46483102011
212887,43878.016,16009.001913038628
212888,43878.016,51908.53921933833
212889,43878.016,19994.907219515066
212890,43878.016,31952.185058317602
212891,43878.016,41866.96332272162
212892,43878.016,54566.34340335901
212893,43878.016,23254.455739373963
212894,43878.016,34335.24012810425
212895,43878.016,10621.801690019394
212896,43878.016,40644.05004004236
212897,43878.016,19837.31277247308
212898,43878.016,28589.72273312202
212899,43878.016,26921.248184693035
212900,43878.016,43108.491304390765
212901,43878.016,18982.982742163585
212902,43878.016,50304.47227968241
212903,43878.016,45580.23811913161
212904,43878.016,16931.505143642684
212905,43878.016,68669.51855148928
212906,43878.016,8152.850598819558
212907,43878.016,53541.866936360275
212908,43878.016,41923.10365718312
212909,43878.016,49970.07499571822
212910,43878.016,41368.891871939566
212911,43878.016,40411.05600896769
212912,43878.016,48104.66400157066
212913,43878.016,34027.808536521195
212914,43878.016,18535.878607528273
212915,43878.016,13934.865623423459
212916,43878.016,55236.36328452142
212917,43878.016,36514.26253459959
212918,43878.016,33759.38534841654
212919,43878.016,75798.32458855426
212920,43878.016,17235.993536036563
212921,43878.016,15013.757068415038
212922,43878.016,21560.35789442757
212923,43878.016,51579.95465768456
212924,43878.016,83294.70554120153
212925,43878.016,12676.965057003506
212926,43878.016,76439.45906950781
212927,43878.016,13059.682937610392
212928,43878.016,31400.393268921038
212929,43878.016,46091.77379976527
212930,43878.016,29821.680224638883
212931,43878.016,27927.977975190443
212932,43878.016,7705.334051235116
212933,43878.016,22726.366009995825
212934,43878.016,41861.95295337979
212935,43878.016,14602.271201737158
212936,43878.016,11274.207936440282
212937,43878.016,21432.668202793106
212938,43878.016,58266.927705400376
212939,43878.016,45511.20974012845
212940,43878.016,18462.27855203101
212941,43878.016,45266.22033160791
212942,43878.016,40474.382234400844
212943,43878.016,25594.541210005802
212944,43878.016,29453.01596089484
212945,43878.016,50041.08620868443
212946,43878.016,28932.306862378915
212947,43878.016,21901.2006788507
212948,43878.016,64661.89427143643
212949,43878.016,29371.15524939398
212950,43878.016,39902.0799687846
212951,43878.016,10305.552139485948
212952,43878.016,50710.564012807496
212953,43878.016,18792.634450302394
212954,43878.016,39785.331786142015
212955,43878.016,78533.64595890173
212956,43878.016,65543.94700424363
212957,43878.016,27498.85904822498
212958,43878.016,45335.47324007763
212959,43878.016,12651.223211491855
212960,43878.016,7466.736379236902
212961,43878.016,35231.22511202099
212962,43878.016,14521.955979120346
212963,43878.016,40154.70044860331
212964,43878.016,29242.347330455814
212965,43878.016,40953.75614249363
212966,43878.016,34309.21508578796
212967,43878.016,19598.92341696125
212968,43878.016,51992.10548126914
212969,43878.016,28135.583386138678
212970,43878.016,23328.76251164448
212971,43878.016,32207.335297946214
212972,43878.016,12369.567112913577
212973,43878.016,26915.5784133516
212974,43878.016,40349.929827029446
212975,43878.016,18023.52557952656
212976,43878.016,24912.180343365246
212977,43878.016,52740.844348463026
212978,43878.016,43296.04323604933
212979,43878.016,59656.628708954835
212980,43878.016,32235.65149691153
212981,43878.016,46032.57672740877
212982,43878.016,37703.185743478
212983,43878.016,28205.297473419534
212984,43878.016,35813.23964188645
212985,43878.016,18774.792794747915
212986,43878.016,57146.41505311302
212987,43878.016,44602.50420786791
212988,43878.016,70442.18586340554
212989,43878.016,53137.60143478066
212990,43878.016,14599.960885972017
212991,43878.016,6606.287431827358
212992,43878.016,38860.58576219393
212993,43878.016,47456.949012841425
212994,43878.016,15601.815795110673
212995,43878.016,57049.39083416491
212996,43878.016,25581.810106256053
212997,43878.016,16507.816401945445
212998,43878.016,29096.55965587837
212999,43878.016,47584.44731989548
213000,43878.016,15043.785822134152
213001,43878.016,40499.05247769111
213002,43878.016,20079.85958325161
213003,43878.016,35048.625158729905
213004,43878.016,32270.020494501634
213005,43878.016,46045.987830946426
213006,43878.016,26111.7210023256
213007,43878.016,12328.68944586628
213008,43878.016,15074.923718595004
213009,43878.016,41872.070601682586
213010,43878.016,58168.253562471895
213011,43878.016,19091.501786457848
213012,43878.016,12303.779246734712
213013,43878.016,23767.902119084447
213014,43878.016,12835.977318515685
213015,43878.016,6765.8026362015125
213016,43878.016,48637.86929681327
213017,43878.016,38156.819644391675
213018,43878.016,16974.346430235804
213019,43878.016,54513.60455980227
213020,43878.016,18551.27370087573
213021,43878.016,74572.80946782108
213022,43878.016,65458.56423526931
213023,43878.016,70526.28454113507
213024,43878.016,31909.80487256169
213025,43878.016,19612.300189660087
213026,43878.016,32125.67923956932
213027,43878.016,24087.436437377713
213028,43878.016,32309.228506357904
213029,43878.016,28791.377914298322
213030,43878.016,11352.65750889631
213031,43878.016,59381.64180836258
213032,43878.016,12183.749208633822
213033,43878.016,32344.64283029129
213034,43878.016,16688.99788250835
213035,43878.016,9303.876375019503
213036,43878.016,21950.886518158677
213037,43878.016,55728.49336816746
213038,43878.016,44784.213285132864
213039,43878.016,67238.76962859218
213040,43878.016,25255.051645865515
213041,43878.016,55766.738498241335
213042,43878.016,20099.27943418884
213043,43878.016,31988.936722639344
213044,43878.016,54768.692055920306
213045,43878.016,34062.7110420062
213046,43878.016,33915.35247065652
213047,43878.016,44670.982546120555
213048,43878.016,49773.67979291444
213049,43878.016,9397.201801163194
213050,43878.016,6585.47984107844
213051,43878.016,15761.168412747693
213052,43878.016,24048.857443059598
213053,43878.016,31161.20641451303
213054,43878.016,58860.701026291645
213055,43878.016,34633.96105070041
213056,43878.016,27876.87110172785
213057,43878.016,10891.294956891888
213058,43878.016,19207.13789583155
213059,43878.016,4907.094460794197
213060,43878.016,60341.3914453441
213061,43878.016,57606.88169375092
213062,43878.016,42060.66448620342
213063,43878.016,22761.87498995571
213064,43878.016,37467.66042079726
213065,43878.016,19523.58095645983
213066,43878.016,23680.94987690203
213067,43878.016,45490.22213065937
213068,43878.016,66516.82058208078
213069,43878.016,66724.5821541293
213070,43878.016,29298.697259301996
213071,43878.016,15894.063586667955
213072,43878.016,8471.52236580926
213073,43878.016,39134.238784924266
213074,43878.016,40754.083844431785
213075,43878.016,60618.69523887909
213076,43878.016,46394.38193746773
213077,43878.016,33224.4340019202
213078,43878.016,50968.31988877727
213079,43878.016,34696.784219441026
213080,43878.016,37229.51795198292
213081,43878.016,13147.888110719055
213082,43878.016,16027.34924422215
213083,43878.016,29397.462045868713
213084,43878.016,9161.874712568955
213085,43878.016,34601.88013232668
213086,43878.016,9096.702706858285
213087,43878.016,51788.024155044724
213088,43878.016,24628.544684057848
213089,43878.016,10616.810323865462
213090,43878.016,68154.73686888388
213091,43878.016,37987.531416236896
213092,43878.016,59149.04081946501
213093,43878.016,14878.751796410803
213094,43878.016,32651.997778292287
213095,43878.016,49857.36764346957
213096,43878.016,26300.697053984237
213097,43878.016,17941.302860130865
213098,43878.016,45555.4849048965
213099,43878.016,37822.61463941833
213100,43878.016,31850.114725033192
213101,43878.016,69450.34390202515
213102,43878.016,16884.1028952548
213103,43878.016,14285.623034993352
213104,43878.016,53783.21075348359
213105,43878.016,45739.880300298275
213106,43878.016,15711.003816294324
213107,43878.016,33926.0582968069
213108,43878.016,39344.670788063
213109,43878.016,13384.980150119636
213110,43878.016,47105.93086734008
213111,43878.016,6600.682492270607
213112,43878.016,21871.69185992973
213113,43878.016,23459.818734566416
213114,43878.016,42186.56027419544
213115,43878.016,25877.973655716483
213116,43878.016,39769.68171903507
213117,43878.016,34096.33732684071
213118,43878.016,8148.770181703163
213119,43878.016,22247.926006312086
213120,43878.016,11321.652597372427
213121,43878.016,5986.952209752945
213122,43878.016,6693.25140179943
213123,43878.016,12578.402867329432
213124,43878.016,55014.772602211335
213125,43878.016,12186.40880885085
213126,43878.016,19952.416285890697
213127,43878.016,62968.29283672292
213128,43878.016,21530.5655841212
213129,43878.016,18473.97296053871
213130,43878.016,63586.763072285925
213131,43878.016,62859.522434761595
213132,43878.016,59930.79077044648
213133,43878.016,54475.076817082845
213134,43878.016,24655.11861583059
213135,43878.016,58394.4053581466
213136,43878.016,63394.48090217066
213137,43878.016,36922.6420768334
213138,43878.016,55575.158425383575
213139,43878.016,22068.713010083677
213140,43878.016,51173.83927479888
213141,43878.016,48423.03961396427
213142,43878.016,56972.97854808476
213143,43878.016,25673.076887002644
213144,43878.016,64721.217385535376
213145,43878.016,25104.635894442654
213146,43878.016,34285.296690850395
213147,43878.016,27887.088879987958
213148,43878.016,25820.280515816812
213149,43878.016,22324.288915143716
213150,43878.016,38022.25160221828
213151,43878.016,8585.471713267485
213152,43878.016,13571.084049397265
213153,43878.016,36035.06702396066
213154,43878.016,12267.567613889889
213155,43878.016,9313.762317554712
213156,43878.016,14462.896112617393
213157,43878.016,20947.326366762707
213158,43878.016,9453.137509786677
213159,43878.016,20371.555399860536
213160,43878.016,17266.162437262203
213161,43878.016,47707.58507157086
213162,43878.016,45513.79575073769
213163,43878.016,55730.37677606093
213164,43878.016,15142.285659200732
213165,43878.016,31259.34661774593
213166,43878.016,55518.709264197205
213167,43878.016,17090.998579350802
213168,43878.016,18417.324408665343
213169,43878.016,8053.979108285983
213170,43878.016,25979.895102783175
213171,43878.016,47148.760383753994
213172,43878.016,5543.006639849181
213173,43878.016,71366.84707146895
213174,43878.016,21666.867997671296
213175,43878.016,42996.535347124496
213176,43878.016,27787.530141297866
213177,43878.016,8775.73147936681
213178,43878.016,28181.346153210063
213179,43878.016,41893.439698980226
213180,43878.016,15868.11533752633
213181,43878.016,33210.29473292274
213182,43878.016,36990.13247413416
213183,43878.016,103939.2642130495
213184,43878.016,66042.53109666191
213185,43878.016,57147.85808067371
213186,43878.016,16833.585349321685
213187,43878.016,22123.408156456313
213188,43878.016,70211.02087210145
213189,43878.016,61879.53863441387
213190,43878.016,14066.44146348483
213191,43878.016,70237.04329508834
213192,43878.016,12543.667997734965
213193,43878.016,60626.83087414389
213194,43878.016,5317.724630070412
213195,43878.016,53614.40043498652
213196,43878.016,24592.54192553625
213197,43878.016,29244.55857381227
213198,43878.016,29766.33268045541
213199,43878.016,11632.520839323864
213200,43878.016,72155.8384554749
213201,43878.016,36227.724304527335
213202,43878.016,49821.8538145463
213203,43878.016,15076.46306175046
213204,43878.016,45027.36379283726
213205,43878.016,20280.738859514702
213206,43878.016,56699.460284776134
213207,43878.016,16653.5341117964
213208,43878.016,30053.50941728153
213209,43878.016,41997.64239745635
213210,43878.016,48280.79634027575
213211,43878.016,34961.866729457666
213212,43878.016,25552.571796766493
213213,43878.016,12290.922541161903
213214,43878.016,41139.1345763584
213215,43878.016,28585.105159404255
213216,43878.016,20696.919525126752
213217,43878.016,63067.545615311974
213218,43878.016,11810.956482647887
213219,43878.016,52114.21139626345
213220,43878.016,59683.55356324311
213221,43878.016,36390.23045150355
213222,43878.016,47703.43686855094
213223,43878.016,16588.421735811316
213224,43878.016,51081.30376848489
213225,43878.016,32670.751867030795
213226,43878.016,81972.37554469112
213227,43878.016,73259.06939709104
213228,43878.016,36808.684128816116
213229,43878.016,32874.056451540004
213230,43878.016,52676.57632012726
213231,43878.016,40071.54677492464
213232,43878.016,36295.33936870836
213233,43878.016,52967.13909335202
213234,43878.016,48063.828327553674
213235,43878.016,19797.178746423306
213236,43878.016,45646.001370106314
213237,43878.016,30203.579050966957
213238,43878.016,30224.639765154232
213239,43878.016,29328.411368322388
213240,43878.016,27819.403854020286
213241,43878.016,27288.703005329036
213242,43878.016,13828.89909601064
213243,43878.016,79580.41421210152
213244,43878.016,27477.84856923899
213245,43878.016,8232.283683687963
213246,43878.016,90808.1432398769
213247,43878.016,51706.484195559206
213248,43878.016,40581.3975695563
213249,43878.016,34707.59002731365
213250,43878.016,22067.184799484803
213251,43878.016,43176.907678867996
213252,43878.016,20816.354257165247
213253,43878.016,13881.993893358376
213254,43878.016,45520.60378884838
213255,43878.016,37258.73348022127
213256,43878.016,23568.9314381931
213257,43878.016,30946.58494778746
213258,43878.016,14894.679171722972
213259,43878.016,38849.417169506785
213260,43878.016,43474.24859407761
213261,43878.016,12428.377180439133
213262,43878.016,36309.28554120736
213263,43878.016,37604.43941148834
213264,43878.016,23023.505620983968
213265,43878.016,39763.366801548356
213266,43878.016,54787.68938589926
213267,43878.016,39328.55490880637
213268,43878.016,36949.90469650105
213269,43878.016,53973.93304098015
213270,43878.016,20606.02101259859
213271,43878.016,27725.649920464217
213272,43878.016,13014.786744486162
213273,43878.016,21610.346774225607
213274,43878.016,14619.365414641014
213275,43878.016,29155.51501999363
213276,43878.016,24390.21483373269
213277,43878.016,40838.120486162115
213278,43878.016,58110.30640732309
213279,43878.016,8277.926989047084
213280,43878.016,14420.421674144853
213281,43878.016,26419.5610400616
213282,43878.016,13898.322802013248
213283,43878.016,68879.9842491491
213284,43878.016,48797.28492965112
213285,43878.016,43653.55056893457
213286,43878.016,37681.46966212834
213287,43878.016,58414.92623620972
213288,43878.016,38419.6882010235
213289,43878.016,27352.03656504387
213290,43878.016,33427.92107860561
213291,43878.016,64961.74363163142
213292,43878.016,36055.86044130402
213293,43878.016,33327.374880829
213294,43878.016,59975.63807461049
213295,43878.016,50563.983340545674
213296,43878.016,21690.77870979486
213297,43878.016,59465.10571006315
213298,43878.016,39351.519601254455
213299,43878.016,14263.300298233564
213300,43878.016,50111.090848275104
213301,43878.016,49405.11142751476
213302,43878.016,29863.261108335668
213303,43878.016,16032.859789822462
213304,43878.016,68391.5053956624
213305,43878.016,35740.261896372984
213306,43878.016,28570.961075461237
213307,43878.016,44439.52697187202
213308,43878.016,66546.13746722654
213309,43878.016,10838.782078751077
213310,43878.016,34611.84187356659
213311,43878.016,19799.09482786232
213312,43878.016,7888.535689435863
213313,43878.016,18205.559488866336
213314,43878.016,10765.57859675886
213315,43878.016,22995.600274201453
213316,43878.016,58947.64373169953
213317,43878.016,24281.944549841934
213318,43878.016,51707.357623412565
213319,43878.016,21500.55213936561
213320,43878.016,37288.49417943706
213321,43878.016,43774.14691770108
213322,43878.016,14549.615556979214
213323,43878.016,69706.18892296532
213324,43878.016,32576.64754822278
213325,43878.016,66602.63256760778
213326,43878.016,7201.7332459704585
213327,43878.016,14739.24941442617
213328,43878.016,18236.954545876797
213329,43878.016,23749.968376998324
213330,43878.016,18703.338160843527
213331,43878.016,32268.961995377595
213332,43878.016,60531.98342900488
213333,43878.016,52882.23558477827
213334,43878.016,25336.16400403916
213335,43878.016,6235.0144335597915
213336,43878.016,29261.520278013824
213337,43878.016,49519.54857318793
213338,43878.016,24103.86372110549
213339,43878.016,33172.49126533095
213340,43878.016,51269.09313485125
213341,43878.016,11835.272841321104
213342,43878.016,8451.06586853085
213343,43878.016,62463.8160118531
213344,43878.016,68182.61443992986
213345,43878.016,10777.867822469449
213346,43878.016,16124.566180081036
213347,43878.016,30132.369445538527
213348,43878.016,22309.695863139972
213349,43878.016,40150.0119663947
213350,43878.016,55276.26075712927
213351,43878.016,21371.365241234464
213352,43878.016,32196.82710848821
213353,43878.016,26731.69468012306
213354,43878.016,16597.413915437628
213355,43878.016,25091.736794626635
213356,43878.016,48730.159408476575
213357,43878.016,59079.918414247484
213358,43878.016,46621.96944783381
213359,43878.016,9164.535096636175
213360,43878.016,48444.48976084792
213361,43878.016,28592.14697205877
213362,43878.016,29316.435278435714
213363,43878.016,14135.330407541625
213364,43878.016,19062.049738153448
213365,43878.016,37130.51611244553
213366,43878.016,10963.386104289766
213367,43878.016,17268.45192384164
213368,43878.016,42665.337137513634
213369,43878.016,14853.772791038715
213370,43878.016,54921.15541119357
213371,43878.016,15557.922235925013
213372,43878.016,47858.3419945029
213373,43878.016,24341.54798215084
213374,43878.016,17986.642770805844
213375,43878.016,77411.50099115158
213376,43878.016,14102.944061124464
213377,43878.016,25025.04173835049
213378,43878.016,56667.274466074305
213379,43878.016,25562.436572820876
213380,43878.016,15952.453604270935
213381,43878.016,46397.49494187987
213382,43878.016,59865.818037979385
213383,43878.016,23000.300177980364
213384,43878.016,47359.51605852676
213385,43878.016,65255.50788739881
213386,43878.016,50905.14270811554
213387,43878.016,16697.851907093944
213388,43878.016,37819.01208439328
213389,43878.016,53904.35688561539
213390,43878.016,13184.696980185001
213391,43878.016,18589.675279819272
213392,43878.016,28917.95057918442
213393,43878.016,53638.00229253683
213394,43878.016,56026.16482061986
213395,43878.016,5305.838566898185
213396,43878.016,33441.18949020483
213397,43878.016,56485.75588518612
213398,43878.016,29790.900003700797
213399,43878.016,19356.312865100303
213400,43878.016,14344.036269407603
213401,43878.016,13112.39016879203
213402,43878.016,54521.513807752526
213403,43878.016,19958.50392998637
213404,43878.016,21786.383302945545
213405,43878.016,7597.784628879474
213406,43878.016,20921.080196345716
213407,43878.016,42623.74327926789
213408,43878.016,30941.922572917865
213409,43878.016,37860.31761553259
213410,43878.016,47887.71075879002
213411,43878.016,38579.09998957075
213412,43878.016,66706.55357978094
213413,43878.016,15748.764970396815
213414,43878.016,33237.490346719904
213415,43878.016,43284.3298777936
213416,43878.016,48575.01549414288
213417,43878.016,12147.999804667206
213418,43878.016,53458.95763572589
213419,43878.016,41928.337607979
213420,43878.016,15595.512697498478
213421,43878.016,19102.44182035053
213422,43878.016,52816.50003047324
213423,43878.016,49878.06561071902
213424,43878.016,60051.81473948745
213425,43878.016,15363.86456800005
213426,43878.016,8193.39188965663
213427,43878.016,14156.015772169314
213428,43878.016,19958.25929042714
213429,43878.016,21458.72637220568
213430,43878.016,61728.65677797189
213431,43878.016,51393.08163971466
213432,43878.016,23369.21208901217
213433,43878.016,22326.07904705922
213434,43878.016,35247.43070584569
213435,43878.016,12834.816354525632
213436,43878.016,14980.355188683454
213437,43878.016,59391.056070496015
213438,43878.016,75635.90037956028
213439,43878.016,38858.54420648967
213440,43878.016,78393.94626386324
213441,43878.016,11519.58932626327
213442,43878.016,76077.9816233792
213443,43878.016,26080.423268641356
213444,43878.016,58390.74498855982
213445,43878.016,59072.0599729755
213446,43878.016,15236.7660737725
213447,43878.016,23032.827963652264
213448,43878.016,30517.505766586077
213449,43878.016,21926.159512212533
213450,43878.016,49096.29756709792
213451,43878.016,52887.12908710557
213452,43878.016,21898.459546504117
213453,43878.016,61933.39432449459
213454,43878.016,64752.6989090671
213455,43878.016,9854.994680490798
213456,43878.016,59621.5473950299
213457,43878.016,41548.94406899467
213458,43878.016,58349.608661345075
213459,43878.016,49183.9775097881
213460,43878.016,28790.700138224212
213461,43878.016,10336.688513667874
213462,43878.016,43411.41179373894
213463,43878.016,40669.31004276535
213464,43878.016,29196.56599736683
213465,43878.016,44122.88113933831
213466,43878.016,9594.2530726466
213467,43878.016,33443.0678857239
213468,43878.016,48917.36978350112
213469,43878.016,11215.22066874724
213470,43878.016,11617.463519855912
213471,43878.016,30196.51517751712
213472,43878.016,24434.45515487056
213473,43878.016,6740.182321865885
213474,43878.016,16066.116620888664
213475,43878.016,17305.488561257996
213476,43878.016,74945.91750790236
213477,43878.016,49355.46733069875
213478,43878.016,28945.186735675918
213479,43878.016,49186.22607900635
213480,43878.016,19156.463867549963
213481,43878.016,22236.557456236056
213482,43878.016,32938.701642977045
213483,43878.016,14499.802647809633
213484,43878.016,21136.05700469412
213485,43878.016,20664.315292847965
213486,43878.016,28124.719813287367
213487,43878.016,43016.7072631755
213488,43878.016,45101.50823265818
213489,43878.016,29263.740131509607
213490,43878.016,24197.401551523548
213491,43878.016,17284.940030492682
213492,43878.016,49636.280128476654
213493,43878.016,14471.987761960132
213494,43878.016,17711.441014886506
213495,43878.016,66540.21478324116
213496,43878.016,31366.775673677617
213497,43878.016,70458.10688344552
213498,43878.016,7621.130257784655
213499,43878.016,24481.515475429904
213500,43878.016,32501.99110094809
213501,43878.016,22263.594266616754
213502,43878.016,31484.745690380776
213503,43878.016,25671.256220758394
213504,43878.016,74015.06188987727
213505,43878.016,8004.542165138067
213506,43878.016,26822.36904528453
213507,43878.016,56863.382380223906
213508,43878.016,24991.279823783017
213509,43878.016,50597.32584548796
213510,43878.016,4567.459198591492
213511,43878.016,38860.477672802816
213512,43878.016,102624.37903899275
213513,43878.016,29184.568685426646
213514,43878.016,17687.416690827635
213515,43878.016,17623.627253119554
213516,43878.016,52438.96175169883
213517,43878.016,17029.85678510256
213518,43878.016,35962.74485145046
213519,43878.016,33067.4563127566
213520,43878.016,60779.041805234156
213521,43878.016,30393.448838902736
213522,43878.016,20437.679564642796
213523,43878.016,32608.18508492018
213524,43878.016,31789.443417705654
213525,43878.016,61302.0113913854
213526,43878.016,56219.015050579044
213527,43878.016,31508.372281604727
213528,43878.016,19482.73636943764
213529,43878.016,46821.883994325006
213530,43878.016,60836.27220840612
213531,43878.016,30014.61093794613
213532,43878.016,22082.47151531201
213533,43878.016,46794.70647170929
213534,43878.016,25680.19240156075
213535,43878.016,34853.82428661208
213536,43878.016,39725.852776192216
213537,43878.016,73688.84092312577
213538,43878.016,39545.43779871353
213539,43878.016,15133.60679977496
213540,43878.016,54923.947783833435
213541,43878.016,35008.39672382725
213542,43878.016,63950.07948279039
213543,43878.016,19462.266371008613
213544,43878.016,32313.892526669435
213545,43878.016,46658.97717900339
213546,43878.016,52885.76971124136
213547,43878.016,60730.38259309287
213548,43878.016,23301.450733120502
213549,43878.016,19307.985705543488
213550,43878.016,30297.889606443685
213551,43878.016,85346.35261181156
213552,43878.016,62109.426266557595
213553,43878.016,29652.95003615027
213554,43878.016,34788.3116097798
213555,43878.016,47654.43724385722
213556,43878.016,65479.04382759068
213557,43878.016,7404.421430166383
213558,43878.016,41400.176615798504
213559,43878.016,19925.147689218513
213560,43878.016,47145.4761447786
213561,43878.016,12549.363946500469
213562,43878.016,47739.64957223577
213563,43878.016,12896.908736593037
213564,43878.016,48959.3222731686
213565,43878.016,14253.00834419235
213566,43878.016,15089.372884187458
213567,43878.016,25589.49480068951
213568,43878.016,37196.610015676146
213569,43878.016,21179.001418451015
213570,43878.016,20128.07544858226
213571,43878.016,29228.941189239977
213572,43878.016,44442.450292777285
213573,43878.016,10087.167371347337
213574,43878.016,62570.57017499499
213575,43878.016,60110.43712303486
213576,43878.016,14551.196252775675
213577,43878.016,60101.02142272758
213578,43878.016,38217.71037012281
213579,43878.016,33534.794245640274
213580,43878.016,50344.74376647755
213581,43878.016,7954.259896814588
213582,43878.016,11287.393113861324
213583,43878.016,38702.96158945101
213584,43878.016,17869.84670142307
213585,43878.016,10016.983732424904
213586,43878.016,44625.1810680523
213587,43878.016,37989.38516448048
213588,43878.016,57257.46909771488
213589,43878.016,32740.336262713223
213590,43878.016,34515.9123452582
213591,43878.016,60233.13072921354
213592,43878.016,52485.85112252455
213593,43878.016,18866.155785232553
213594,43878.016,27902.945025712685
213595,43878.016,15862.24950937024
213596,43878.016,52287.41207463745
213597,43878.016,24812.408845943613
213598,43878.016,43399.847489610074
213599,43878.016,40913.43602922517
213600,43878.016,8800.881008498247
213601,43878.016,30699.286586471324
213602,43878.016,14993.721775214519
213603,43878.016,24524.24300391581
213604,43878.016,46750.64114268047
213605,43878.016,32326.16761846877
213606,43878.016,63826.88567035803
213607,43878.016,48247.90190705468
213608,43878.016,31474.92205219865
213609,43878.016,36566.34641959545
213610,43878.016,12104.827012177508
213611,43878.016,22890.473876594966
213612,43878.016,60660.07447793269
213613,43878.016,20712.467754083777
213614,43878.016,11433.122080615563
213615,43878.016,41057.25908519025
213616,43878.016,46809.95656852775
213617,43878.016,26180.230459095215
213618,43878.016,61839.54203216936
213619,43878.016,14092.395001699402
213620,43878.016,60304.87983516493
213621,43878.016,20982.661735261954
213622,43878.016,36091.03073084676
213623,43878.016,48044.9197277475
213624,43878.016,11525.607705243647
213625,43878.016,5447.222144320132
213626,43878.016,51108.9868793499
213627,43878.016,21995.297535056816
213628,43878.016,57911.1297479471
213629,43878.016,55282.12986411787
213630,43878.016,51787.364820770206
213631,43878.016,27741.988222795375
213632,43878.016,23738.029178594512
213633,43878.016,57932.77289338569
213634,43878.016,36848.28463080957
213635,43878.016,18835.59417525018
213636,43878.016,7601.700097800107
213637,43878.016,66205.60566766762
213638,43878.016,24763.62748579407
213639,43878.016,26236.179694506656
213640,43878.016,13960.953161051766
213641,43878.016,9044.455640391216
213642,43878.016,60827.03910147617
213643,43878.016,71131.92459878208
213644,43878.016,68481.53125097477
213645,43878.016,28571.252816859218
213646,43878.016,41105.837665552026
213647,43878.016,32262.19977943635
213648,43878.016,15300.404651086525
213649,43878.016,13143.635536001955
213650,43878.016,30025.13797773625
213651,43878.016,11793.60346992866
213652,43878.016,22488.425666642805
213653,43878.016,28845.2325071395
213654,43878.016,60444.910279646654
213655,43878.016,47480.54381085427
213656,43878.016,31433.482782777144
213657,43878.016,23496.16732868104
213658,43878.016,16353.39409293379
213659,43878.016,70719.39951719559
213660,43878.016,47442.20211421782
213661,43878.016,33377.37374212164
213662,43878.016,11115.717310948725
213663,43878.016,26411.962187279572
213664,43878.016,24068.337022895354
213665,43878.016,19145.301312483232
213666,43878.016,29264.310272625742
213667,43878.016,46154.87512258734
213668,43878.016,27721.028914996743
213669,43878.016,15182.214683037131
213670,43878.016,21987.0144094744
213671,43878.016,24335.92508153167
213672,43878.016,23502.504410378235
213673,43878.016,11378.463213712579
213674,43878.016,37720.43793673354
213675,43878.016,6113.892803044799
213676,43878.016,40881.841599353036
213677,43878.016,58804.298883655465
213678,43878.016,35723.81587354099
213679,43878.016,13077.204429911175
213680,43878.016,29254.023342479006
213681,43878.016,12740.027797918709
213682,43878.016,40203.123738391776
213683,43878.016,49017.08229117393
213684,43878.016,14372.44958425332
213685,43878.016,15869.258222373393
213686,43878.016,31209.85687516017
213687,43878.016,45348.19326928817
213688,43878.016,29769.827220351595
213689,43878.016,41550.84511163785
213690,43878.016,37562.160864305915
213691,43878.016,33209.33183328458
213692,43878.016,18735.18159951202
213693,43878.016,38018.05403696279
213694,43878.016,33082.51320949913
213695,43878.016,47424.04716792306
213696,43878.016,4882.396748749456
213697,43878.016,31416.050118646584
213698,43878.016,9695.847055474382
213699,43878.016,15053.028453689509
213700,43878.016,80467.55504977737
213701,43878.016,49761.46049799045
213702,43878.016,66959.27565988479
213703,43878.016,26602.225007754892
213704,43878.016,46099.28168566302
213705,43878.016,52006.604574080346
213706,43878.016,17375.466514291806
213707,43878.016,13115.105787528206
213708,43878.016,18538.57779338653
213709,43878.016,64717.57544917416
213710,43878.016,44826.47780441741
213711,43878.016,22626.74269080295
213712,43878.016,22882.30475075399
213713,43878.016,13920.565964259704
213714,43878.016,27943.460908170706
213715,43878.016,14814.53049229747
213716,43878.016,47083.52906705886
213717,43878.016,44040.051200705464
213718,43878.016,37345.31510962552
213719,43878.016,57914.98464640164
213720,43878.016,10955.032629820947
213721,43878.016,33916.164901796394
213722,43878.016,26824.979558975025
213723,43878.016,23287.727589056285
213724,43878.016,22830.34191770827
213725,43878.016,27185.35493381033
213726,43878.016,38855.65455292419
213727,43878.016,33756.58963001462
213728,43878.016,47148.43868859955
213729,43878.016,49057.5637185347
213730,43878.016,11912.340282723564
213731,43878.016,56257.59906657978
213732,43878.016,44266.12024995325
213733,43878.016,27471.26185240569
213734,43878.016,19269.42060012189
213735,43878.016,44856.33655257658
213736,43878.016,62630.71951832623
213737,43878.016,18373.247937394837
213738,43878.016,53561.666168073876
213739,43878.016,29828.674405157533
213740,43878.016,35414.43015171968
213741,43878.016,61611.20615647475
213742,43878.016,7070.433307406627
213743,43878.016,18443.7139534086
213744,43878.016,12918.59883076103
213745,43878.016,22094.373290746433
213746,43878.016,11120.139486470074
213747,43878.016,14519.420469710216
213748,43878.016,56425.480717656035
213749,43878.016,27325.523619216012
213750,43878.016,28004.570026844518
213751,43878.016,58263.70001574782
213752,43878.016,30788.89479330555
213753,43878.016,30408.119887341127
213754,43878.016,8427.03087752992
213755,43878.016,53270.766027680686
213756,43878.016,45753.59252390422
213757,43878.016,40119.47778329175
213758,43878.016,41774.125920849656
213759,43878.016,15712.39934655523
213760,43878.016,17078.741918459153
213761,43878.016,19606.71923884282
213762,43878.016,28083.182061455467
213763,43878.016,30652.75110039797
213764,43878.016,26014.85064865551
213765,43878.016,86382.55485368217
213766,43878.016,48051.92526159641
213767,43878.016,23477.810415147593
213768,43878.016,31431.410593946403
213769,43878.016,25755.315052752365
213770,43878.016,39025.2053847698
213771,43878.016,55306.75967361447
213772,43878.016,10874.207310799473
213773,43878.016,46644.09980987183
213774,43878.016,22617.92864204158
213775,43878.016,53113.152940218664
213776,43878.016,17848.557956836838
213777,43878.016,90572.6241855773
213778,43878.016,23037.832239766576
213779,43878.016,18264.98954120041
213780,43878.016,13247.048047493801
213781,43878.016,19370.838970016426
213782,43878.016,48575.225259779734
213783,43878.016,10539.1875516513
213784,43878.016,13370.424901859362
213785,43878.016,39090.974974877005
213786,43878.016,63380.63354905265
213787,43878.016,29646.64148323618
213788,43878.016,11099.38939689854
213789,43878.016,20127.420070265147
213790,43878.016,12849.124489045413
213791,43878.016,35795.715827680935
213792,43878.016,9424.626966499067
213793,43878.016,9657.962402439634
213794,43878.016,44059.383316081534
213795,43878.016,53063.26248479595
213796,43878.016,12738.68346881038
213797,43878.016,48851.02363761667
213798,43878.016,33710.36726268599
213799,43878.016,62186.742416974346
213800,43878.016,15158.542724396028
213801,43878.016,33232.31255380989
213802,43878.016,59298.93487644071
213803,43878.016,12397.537491723673
213804,43878.016,26126.33907049458
213805,43878.016,44358.677194400865
213806,43878.016,10033.22738535976
213807,43878.016,8435.925627033332
213808,43878.016,57786.75437461878
213809,43878.016,12387.067691148426
213810,43878.016,21970.52747660534
213811,43878.016,58384.33825174023
213812,43878.016,43039.56974465917
213813,43878.016,59257.25498589957
213814,43878.016,40701.2672368455
213815,43878.016,29032.905240033953
213816,43878.016,22125.067407519848
213817,43878.016,68982.24568637533
213818,43878.016,87865.84640099437
213819,43878.016,43247.38311431851
213820,43878.016,15731.406098260306
213821,43878.016,33407.874758011116
213822,43878.016,30703.028570611346
213823,43878.016,68018.16498420597
213824,43878.016,48646.058678411166
213825,43878.016,10817.865490793813
213826,43878.016,36540.94823799485
213827,43878.016,11979.747619903486
213828,43878.016,20037.09911810299
213829,43878.016,9202.281918685458
213830,43878.016,16053.440923735303
213831,43878.016,63206.02402157004
213832,43878.016,22415.982071213744
213833,43878.016,24010.338206260094
213834,43878.016,38250.22408397953
213835,43878.016,18312.72885235667
213836,43878.016,26279.012172783958
213837,43878.016,64607.82120873902
213838,43878.016,33067.780834894686
213839,43878.016,49237.409204336975
213840,43878.016,35768.10636414725
213841,43878.016,7567.729572675664
213842,43878.016,34190.58268395248
213843,43878.016,46526.555219458154
213844,43878.016,32181.072421688656
213845,43878.016,37437.02512561722
213846,43878.016,50223.44304218612
213847,43878.016,34659.89343199341
213848,43878.016,42421.957643582384
213849,43878.016,31992.426426512484
213850,43878.016,19110.480816522457
213851,43878.016,37988.46825341237
213852,43878.016,36274.6376403397
213853,43878.016,37946.88779552128
213854,43878.016,39848.491070123026
213855,43878.016,60156.0802975081
213856,43878.016,23829.650201991837
213857,43878.016,33148.928956840886
213858,43878.016,30038.816583168486
213859,43878.016,7176.7388613032435
213860,43878.016,9577.55662181282
213861,43878.016,18389.441856284797
213862,43878.016,40598.59485388513
213863,43878.016,61014.691523674395
213864,43878.016,28818.045675316695
213865,43878.016,51884.034693645335
213866,43878.016,49795.099551583415
213867,43878.016,26907.195736824695
213868,43878.016,5893.159836649301
213869,43878.016,16150.255581465153
213870,43878.016,32450.341386112013
213871,43878.016,43661.677279702526
213872,43878.016,47099.383845909804
213873,43878.016,57526.357942086965
213874,43878.016,17514.28274663846
213875,43878.016,12935.801701979228
213876,43878.016,57776.12694915604
213877,43878.016,14933.015920381109
213878,43878.016,13100.418786354938
213879,43878.016,27139.001971588164
213880,43878.016,14184.370258266803
213881,43878.016,43925.89710129781
213882,43878.016,10413.840249829183
213883,43878.016,31879.81778658224
213884,43878.016,45975.25004622849
213885,43878.016,27038.13937075863
213886,43878.016,34470.86401136012
213887,43878.016,75533.03231460034
213888,43878.016,19521.480276536608
213889,43878.016,8082.023301250936
213890,43878.016,48381.360749445215
213891,43878.016,28083.740166150004
213892,43878.016,39654.156072555415
213893,43878.016,73981.93218466542
213894,43878.016,27499.049995580066
213895,43878.016,30962.69511645112
213896,43878.016,26427.04849851442
213897,43878.016,66994.31296675203
213898,43878.016,28897.080443626844
213899,43878.016,14026.123106429619
213900,43878.016,38541.82397549084
213901,43878.016,36583.23507290032
213902,43878.016,9403.392571892371
213903,43878.016,27514.781595676337
213904,43878.016,15051.514572133414
213905,43878.016,24466.026983377335
213906,43878.016,42241.383845443175
213907,43878.016,7162.176775389631
213908,43878.016,23932.35037571071
213909,43878.016,28713.740852884835
213910,43878.016,24251.043489021158
213911,43878.016,81395.73679553464
213912,43878.016,39519.92531406869
213913,43878.016,51502.90296814934
213914,43878.016,12187.811348551815
213915,43878.016,70880.06171569462
213916,43878.016,43468.24616968819
213917,43878.016,9189.321197382616
213918,43878.016,66408.26931706362
213919,43878.016,28931.144420445642
213920,43878.016,14697.102420648425
213921,43878.016,30891.091776925547
213922,43878.016,23913.837603508568
213923,43878.016,22446.135219897875
213924,43878.016,30574.187820308238
213925,43878.016,29026.31950610558
213926,43878.016,7670.570597277169
213927,43878.016,29324.565559514453
213928,43878.016,46399.349929098935
213929,43878.016,65858.96158241446
213930,43878.016,28805.461254564976
213931,43878.016,59552.34452009887
213932,43878.016,22865.965247292308
213933,43878.016,14416.216368207191
213934,43878.016,43012.21343873909
213935,43878.016,49235.005946626065
213936,43878.016,45731.37462349989
213937,43878.016,49273.66572490373
213938,43878.016,21669.893141122015
213939,43878.016,11764.110944851798
213940,43878.016,32409.09683333928
213941,43878.016,48992.7229177586
213942,43878.016,21462.82728146367
213943,43878.016,60354.9894466545
213944,43878.016,30250.36795725561
213945,43878.016,18327.653879553913
213946,43878.016,24771.63279619585
213947,43878.016,10363.195632596384
213948,43878.016,11277.44437480212
213949,43878.016,51298.92552231489
213950,43878.016,22398.999915571254
213951,43878.016,52846.321209033515
213952,43878.016,48246.20541676604
213953,43878.016,13554.308398340641
213954,43878.016,17341.942250671516
213955,43878.016,36205.3983644712
213956,43878.016,53051.83189620216
213957,43878.016,43888.551816757354
213958,43878.016,9687.299702679818
213959,43878.016,54503.26536329196
213960,43878.016,50175.37458072651
213961,43878.016,75156.97969120223
213962,43878.016,32386.612443444574
213963,43878.016,12855.4453401922
213964,43878.016,53013.363804405315
213965,43878.016,23028.05178917448
213966,43878.016,32022.21347572368
213967,43878.016,55768.29527877558
213968,43878.016,37631.78231966243
213969,43878.016,19371.553855968526
213970,43878.016,40851.251897048736
213971,43878.016,84174.28556915149
213972,43878.016,14551.419231152588
213973,43878.016,49068.890204528085
213974,43878.016,47427.330190373636
213975,43878.016,39054.90937225854
213976,43878.016,23960.623775897253
213977,43878.016,10897.677944339339
213978,43878.016,54935.71387430777
213979,43878.016,22800.332544637753
213980,43878.016,31527.941729981932
213981,43878.016,30002.533801400605
213982,43878.016,6957.777678889861
213983,43878.016,47827.652845983735
213984,43878.016,61621.901280082115
213985,43878.016,61375.57029618233
213986,43878.016,22254.479116763083
213987,43878.016,16371.977600571632
213988,43878.016,13132.569332792425
213989,43878.016,51034.563533139764
213990,43878.016,37938.31999542936
213991,43878.016,44133.25182873105
213992,43878.016,20294.233804797623
213993,43878.016,84996.56392908092
213994,43878.016,31791.62615017688
213995,43878.016,61621.19177743245
213996,43878.016,6764.992796543564
213997,43878.016,14770.31043098579
213998,43878.016,20798.62502590786
213999,43878.016,10121.455983016886
214000,43878.016,6180.019739756727
214001,43878.016,90684.59579182144
214002,43878.016,86244.84123765178
214003,43878.016,64227.003462065484
214004,43878.016,30904.61361863606
214005,43878.016,16357.79937452241
214006,43878.016,45215.52765731001
214007,43878.016,19210.379000287496
214008,43878.016,26197.608476352656
214009,43878.016,53565.59757438051
214010,43878.016,9273.181351759891
214011,43878.016,24508.37897588367
214012,43878.016,17291.363348220584
214013,43878.016,27703.878853594808
214014,43878.016,21271.297104271867
214015,43878.016,64313.506008798344
214016,43878.016,29022.461060594662
214017,43878.016,37993.387840401796
214018,43878.016,49839.832294165804
214019,43878.016,13709.679286989242
214020,43878.016,6419.514865743676
214021,43878.016,45209.63681570399
214022,43878.016,8847.973760268185
214023,43878.016,56231.015814035556
214024,43878.016,36751.539458074534
214025,43878.016,24188.851640885114
214026,43878.016,53920.558011778696
214027,43878.016,19153.711522918766
214028,43878.016,60779.0454940857
214029,43878.016,43642.59801387537
214030,43878.016,32761.60188946584
214031,43878.016,30427.805257460357
214032,43878.016,17247.446694100505
214033,43878.016,6777.16633441851
214034,43878.016,17402.564045486397
214035,43878.016,15925.676731202093
214036,43878.016,15164.808342657056
214037,43878.016,26959.997305228175
214038,43878.016,90057.45233662591
214039,43878.016,34070.29999067141
214040,43878.016,64294.94051207517
214041,43878.016,57977.269618295584
214042,43878.016,26334.470520076706
214043,43878.016,36525.87435105714
214044,43878.016,13843.230088233442
214045,43878.016,73767.76613138894
214046,43878.016,15580.075894485304
214047,43878.016,38635.93396153247
214048,43878.016,26093.932322674256
214049,43878.016,7495.292232452018
214050,43878.016,46430.99284909979
214051,43878.016,19193.944997688606
214052,43878.016,56036.324531941
214053,43878.016,17200.86503584199
214054,43878.016,52545.96442327528
214055,43878.016,55667.604385246865
214056,43878.016,58718.625771800835
214057,43878.016,33903.73853867407
214058,43878.016,66761.56435630105
214059,43878.016,33100.251190923474
214060,43878.016,48360.192559288655
214061,43878.016,73625.1623357108
214062,43878.016,72921.21045984124
214063,43878.016,106649.85371800522
214064,43878.016,30823.95727754066
214065,43878.016,14386.830283237474
214066,43878.016,37199.09302904444
214067,43878.016,48990.26352464386
214068,43878.016,60470.48876007684
214069,43878.016,8578.567169720662
214070,43878.016,26828.17614131365
214071,43878.016,23519.190704158802
214072,43878.016,12999.4821149963
214073,43878.016,5325.996988084637
214074,43878.016,27389.49599822979
214075,43878.016,10492.42458236891
214076,43878.016,21064.899307074193
214077,43878.016,36131.420472532525
214078,43878.016,33951.3992337061
214079,43878.016,21497.870075952313
214080,43878.016,65703.56287949323
214081,43878.016,8033.443177537886
214082,43878.016,60905.69362643489
214083,43878.016,17167.099178748398
214084,43878.016,10281.766670666311
214085,43878.016,20289.867041470072
214086,43878.016,29289.92358882448
214087,43878.016,27123.046515306436
214088,43878.016,23663.69361910443
214089,43878.016,42112.21326097903
214090,43878.016,22560.957572183223
214091,43878.016,7189.137961394831
214092,43878.016,63072.19611912851
214093,43878.016,48384.71999389665
214094,43878.016,55963.58402574744
214095,43878.016,60438.17904814944
214096,43878.016,11880.870289182903
214097,43878.016,13700.03899306923
214098,43878.016,58500.20156249004
214099,43878.016,11358.0414727227
214100,43878.016,41858.20498309727
214101,43878.016,54206.272950827544
214102,43878.016,26123.084675154605
214103,43878.016,15955.135980271889
214104,43878.016,32294.350660245906
214105,43878.016,17788.047871272665
214106,43878.016,47909.20780666537
214107,43878.016,22925.286286642913
214108,43878.016,20203.00041857535
214109,43878.016,47850.44096195257
214110,43878.016,74383.72797971836
214111,43878.016,35165.81919479949
214112,43878.016,83102.88316595125
214113,43878.016,42121.76182908404
214114,43878.016,19695.888485642794
214115,43878.016,28111.173273128396
214116,43878.016,45507.887415644866
214117,43878.016,54277.449129895846
214118,43878.016,35244.059034878555
214119,43878.016,50956.45282638463
214120,43878.016,21502.83547245171
214121,43878.016,65873.95523420688
214122,43878.016,13004.704179836324
214123,43878.016,39280.20228720028
214124,43878.016,54181.20259754924
214125,43878.016,24315.36539569122
214126,43878.016,65468.46293012092
214127,43878.016,29650.596258504745
214128,43878.016,7753.166791366095
214129,43878.016,30439.197791270028
214130,43878.016,11008.658811567218
214131,43878.016,67621.44297175788
214132,43878.016,18788.641587149425
214133,43878.016,13020.44624168959
214134,43878.016,39197.343205987454
214135,43878.016,32185.099760789763
214136,43878.016,20272.04621293244
214137,43878.016,32313.76160114649
214138,43878.016,12216.657157910955
214139,43878.016,63673.46540067416
214140,43878.016,23768.95708225227
214141,43878.016,10448.116317584203
214142,43878.016,65669.5969862704
214143,43878.016,15120.64756492153
214144,43878.016,27134.91629505656
214145,43878.016,17590.16018165884
214146,43878.016,32392.927959069584
214147,43878.016,13775.688229045267
214148,43878.016,7061.246829168231
214149,43878.016,24017.548584046934
214150,43878.016,39700.02614226691
214151,43878.016,20665.148721987305
214152,43878.016,29673.999101916823
214153,43878.016,57475.41651822872
214154,43878.016,50772.42794910495
214155,43878.016,21289.485585012815
214156,43878.016,12737.24360183986
214157,43878.016,40041.28896793836
214158,43878.016,19819.781265347185
214159,43878.016,69028.4296104819
214160,43878.016,28426.876912040305
214161,43878.016,9750.509994145179
214162,43878.016,11874.769876268507
214163,43878.016,33234.43739135735
214164,43878.016,86152.91528371612
214165,43878.016,25521.06476514475
214166,43878.016,41205.55413661155
214167,43878.016,16301.427498848474
214168,43878.016,15618.074856533438
214169,43878.016,10772.158868526194
214170,43878.016,6687.563108086034
214171,43878.016,30294.06509879893
214172,43878.016,53479.98801686759
214173,43878.016,60652.63857144048
214174,43878.016,16351.370888041036
214175,43878.016,23405.528761769583
214176,43878.016,25716.05049740357
214177,43878.016,9013.634688914119
214178,43878.016,27244.624855662187
214179,43878.016,7424.742749917082
214180,43878.016,10989.122994455278
214181,43878.016,44287.626539478006
214182,43878.016,78293.58730242835
214183,43878.016,51725.27034031623
214184,43878.016,15328.258122047728
214185,43878.016,63700.914702918315
214186,43878.016,51562.47756520518
214187,43878.016,52489.0954792972
214188,43878.016,9619.911266233663
214189,43878.016,16710.453499599287
214190,43878.016,56997.854788168974
214191,43878.016,32432.518069622827
214192,43878.016,58340.54808252935
214193,43878.016,37345.840393031176
214194,43878.016,60081.39459766537
214195,43878.016,37832.31995150796
214196,43878.016,77482.60909194563
214197,43878.016,40215.773205958605
214198,43878.016,43007.70967170084
214199,43878.016,6822.361823676374
214200,43878.016,9958.288438955844
214201,43878.016,18425.631468024345
214202,43878.016,44228.730647125805
214203,43878.016,43595.19583434617
214204,43878.016,16587.20880078952
214205,43878.016,23018.419981360792
214206,43878.016,19025.48393596167
214207,43878.016,47539.582353316044
214208,43878.016,70740.12821135465
214209,43878.016,60551.10737059028
214210,43878.016,32319.88090643605
214211,43878.016,27691.771737829036
214212,43878.016,14829.624330796169
214213,43878.016,19525.49372373702
214214,43878.016,22516.680605569156
214215,43878.016,10795.195673910172
214216,43878.016,68118.78761471972
214217,43878.016,42638.84937746333
214218,43878.016,16744.03742929494
214219,43878.016,9649.49379439923
214220,43878.016,84031.94638081155
214221,43878.016,111531.97724945818
214222,43878.016,11770.391813534661
214223,43878.016,54285.61333552453
214224,43878.016,49645.40299464186
214225,43878.016,31643.940336836462
214226,43878.016,42023.97154954275
214227,43878.016,10452.506321099554
214228,43878.016,15074.164960447384
214229,43878.016,20984.47522809419
214230,43878.016,32657.645286551593
214231,43878.016,45322.60430099791
214232,43878.016,25320.562464124083
214233,43878.016,43927.907121573575
214234,43878.016,28470.31785440022
214235,43878.016,20956.986145431685
214236,43878.016,35259.284660856465
214237,43878.016,71513.90482529192
214238,43878.016,19144.270286100975
214239,43878.016,50646.63206425132
214240,43878.016,10023.56398596277
214241,43878.016,14494.817470307105
214242,43878.016,105224.15223320806
214243,43878.016,32981.35685530654
214244,43878.016,40384.09031662415
214245,43878.016,32275.800935834228
214246,43878.016,22217.56197622048
214247,43878.016,24705.57179352938
214248,43878.016,52392.46619295774
214249,43878.016,47978.29571109106
214250,43878.016,59134.929438802465
214251,43878.016,53360.32310285129
214252,43878.016,17406.34003155411
214253,43878.016,22226.143170768068
214254,43878.016,48053.95256046768
214255,43878.016,66618.40607841378
214256,43878.016,61488.00091525634
214257,43878.016,56278.06529963811
214258,43878.016,25865.107571321612
214259,43878.016,40766.131918825304
214260,43878.016,11599.750632660083
214261,43878.016,36021.2383992966
214262,43878.016,11921.45037827928
214263,43878.016,58915.28921154617
214264,43878.016,24274.079527905924
214265,43878.016,21407.082663059595
214266,43878.016,24478.289865704115
214267,43878.016,41303.63882542753
214268,43878.016,19176.204563897365
214269,43878.016,47000.232284987134
214270,43878.016,11093.228049796795
214271,43878.016,66807.14637249288
214272,43878.016,25246.133542377014
214273,43878.016,17114.840768461807
214274,43878.016,6313.364033538318
214275,43878.016,59562.213039834234
214276,43878.016,19526.68345219452
214277,43878.016,26273.622231506608
214278,43878.016,50145.28765995907
214279,43878.016,9306.564881072929
214280,43878.016,34401.78681448328
214281,43878.016,16442.357708585965
214282,43878.016,26423.40505811843
214283,43878.016,21054.762229995755
214284,43878.016,37327.01482798297
214285,43878.016,24884.064174181058
214286,43878.016,14054.309953293987
214287,43878.016,37918.88966898717
214288,43878.016,42381.19982664255
214289,43878.016,12724.7599107704
214290,43878.016,18954.04395841491
214291,43878.016,23240.90812159998
214292,43878.016,40428.806311886154
214293,43878.016,19792.26424151036
214294,43878.016,62232.3350654154
214295,43878.016,27628.776225319267
214296,43878.016,47132.095241641175
214297,43878.016,41946.96160836729
214298,43878.016,29056.25291849763
214299,43878.016,25999.94019204508
214300,43878.016,9255.149025407707
214301,43878.016,20213.5757968114
214302,43878.016,13917.141378294162
214303,43878.016,64357.12317628553
214304,43878.016,10397.856046438834
214305,43878.016,55274.47438272763
214306,43878.016,50819.25063054359
214307,43878.016,40199.58689077578
214308,43878.016,12521.837241854919
214309,43878.016,56097.805034170065
214310,43878.016,56218.77985808076
214311,43878.016,47578.76086178169
214312,43878.016,7007.38917477622
214313,43878.016,34285.93645829069
214314,43878.016,49232.069296491296
214315,43878.016,63170.42054619693
214316,43878.016,31715.303899607152
214317,43878.016,56407.446187662004
214318,43878.016,10422.485511046847
214319,43878.016,33930.43275094902
214320,43878.016,55507.21465585526
214321,43878.016,29354.17518098032
214322,43878.016,27713.825679609097
214323,43878.016,16769.17265321049
214324,43878.016,71969.1719913985
214325,43878.016,25435.783549540378
214326,43878.016,24938.6354899335
214327,43878.016,52311.713887581514
214328,43878.016,7829.008909923398
214329,43878.016,39416.76538017585
214330,43878.016,11836.320124308506
214331,43878.016,53430.96796636188
214332,43878.016,50178.312025017614
214333,43878.016,37836.68176917473
214334,43878.016,11067.782827929153
214335,43878.016,41916.92454368106
214336,43878.016,39192.36824243569
214337,43878.016,44875.651648211984
214338,43878.016,38081.55606661931
214339,43878.016,52681.46755209845
214340,43878.016,45106.87597601444
214341,43878.016,8263.562382023569
214342,43878.016,29379.42460487615
214343,43878.016,21067.94201671993
214344,43878.016,23560.405237085997
214345,43878.016,47532.18725112226
214346,43878.016,68011.64695484228
214347,43878.016,19374.6535636307
214348,43878.016,39126.810452982696
214349,43878.016,53363.45024058768
214350,43878.016,12090.053387502438
214351,43878.016,33491.55570783379
214352,43878.016,48635.77322434995
214353,43878.016,36968.91941955825
214354,43878.016,9472.20934091029
214355,43878.016,21605.931499741808
214356,43878.016,45040.90229031978
214357,43878.016,26294.89920366017
214358,43878.016,38444.117013811025
214359,43878.016,39464.4606364965
214360,43878.016,40758.319387170246
214361,43878.016,35331.14482369387
214362,43878.016,19325.53235177896
214363,43878.016,21168.103264888152
214364,43878.016,32665.01709317339
214365,43878.016,59339.2421644414
214366,43878.016,42493.100758540255
214367,43878.016,69060.69847840276
214368,43878.016,25401.132181623885
214369,43878.016,29531.530903830524
214370,43878.016,30296.74427063456
214371,43878.016,40979.26508917328
214372,43878.016,30105.353437407866
214373,43878.016,42934.09718693545
214374,43878.016,51424.31176769278
214375,43878.016,55336.03473636122
214376,43878.016,74519.27528745943
214377,43878.016,46145.433759373365
214378,43878.016,33806.81860323455
214379,43878.016,37656.52209500302
214380,43878.016,37991.525689923415
214381,43878.016,12490.166366949103
214382,43878.016,52556.51234415542
214383,43878.016,13909.55339267173
214384,43878.016,102837.45325582782
214385,43878.016,15668.836375804449
214386,43878.016,7713.5866270323995
214387,43878.016,65915.73844306375
214388,43878.016,59594.02427841005
214389,43878.016,8103.9899870755735
214390,43878.016,44710.513940165365
214391,43878.016,39942.65886869413
214392,43878.016,45874.79400033587
214393,43878.016,44996.05853548434
214394,43878.016,39854.619859916835
214395,43878.016,14812.470880579738
214396,43878.016,25310.089445434685
214397,43878.016,66007.1782411176
214398,43878.016,56152.90021176996
214399,43878.016,16523.364894413942
214400,43878.016,33102.445224393334
214401,43878.016,45326.499836568684
214402,43878.016,39940.75812637233
214403,43878.016,20641.6438061282
214404,43878.016,41829.79557435183
214405,43878.016,35143.76099624846
214406,43878.016,30440.23742307679
214407,43878.016,45002.46472891618
214408,43878.016,53399.58216621043
214409,43878.016,13660.474273075439
214410,43878.016,75101.92408425274
214411,43878.016,12728.270928572563
214412,43878.016,24512.237518407695
214413,43878.016,18130.60984929135
214414,43878.016,57286.36678872712
214415,43878.016,12179.691402071689
214416,43878.016,12252.427929217278
214417,43878.016,46138.02933334532
214418,43878.016,8775.440764296938
214419,43878.016,22711.815487633892
214420,43878.016,28946.42420562542
214421,43878.016,38157.19537703507
214422,43878.016,33589.268288476385
214423,43878.016,10842.887760686543
214424,43878.016,26594.885011321014
214425,43878.016,19437.630321826447
214426,43878.016,8920.71632377489
214427,43878.016,23380.45806769288
214428,43878.016,11037.462458605703
214429,43878.016,8977.383461512452
214430,43878.016,39265.47215579954
214431,43878.016,67649.56760005241
214432,43878.016,41749.551658263474
214433,43878.016,8397.741470745374
214434,43878.016,43246.098909484535
214435,43878.016,33946.39793101608
214436,43878.016,35987.411624557375
214437,43878.016,6238.031619368778
214438,43878.016,16070.58339201612
214439,43878.016,53252.63957272814
214440,43878.016,16799.581263697946
214441,43878.016,10326.088786816785
214442,43878.016,45389.37257347601
214443,43878.016,26421.19523854666
214444,43878.016,28407.500082168885
214445,43878.016,20482.355843985886
214446,43878.016,55750.128727878495
214447,43878.016,31147.566434605855
214448,43878.016,29051.291352499527
214449,43878.016,51288.07096809607
214450,43878.016,49637.65987542651
214451,43878.016,8101.351463017218
214452,43878.016,36376.44556339469
214453,43878.016,25369.62096799486
214454,43878.016,61879.622232979505
214455,43878.016,16761.328751002824
214456,43878.016,53708.890983012374
214457,43878.016,65400.22328903194
214458,43878.016,22170.04856281697
214459,43878.016,65157.178400800025
214460,43878.016,32355.207362235105
214461,43878.016,35676.67890162866
214462,43878.016,47920.57215420338
214463,43878.016,51426.95672865489
214464,43878.016,37307.58863167344
214465,43878.016,17605.92641228914
214466,43878.016,49183.15009707813
214467,43878.016,27212.7751050444
214468,43878.016,47147.15413995387
214469,43878.016,7469.947551918524
214470,43878.016,18059.27496544583
214471,43878.016,56218.23240697469
214472,43878.016,54686.86405369431
214473,43878.016,60029.096714920335
214474,43878.016,64922.79133249188
214475,43878.016,24529.80726236669
214476,43878.016,55130.6361043888
214477,43878.016,28923.84415516447
214478,43878.016,35617.29229363141
214479,43878.016,11371.379888692878
214480,43878.016,19782.68084824849
214481,43878.016,40129.4927995994
214482,43878.016,48613.724373962184
214483,43878.016,30873.843211100004
214484,43878.016,8605.064317888471
214485,43878.016,39079.15226945145
214486,43878.016,24636.436132962415
214487,43878.016,53488.59038440535
214488,43878.016,72780.83836004479
214489,43878.016,19190.195213308805
214490,43878.016,52367.85950514938
214491,43878.016,21433.24748790241
214492,43878.016,10997.879468592619
214493,43878.016,40259.67160118466
214494,43878.016,61592.48020340079
214495,43878.016,70226.57712930105
214496,43878.016,17020.029885572734
214497,43878.016,50251.82852405569
214498,43878.016,45217.969722906804
214499,43878.016,65782.2962317704
214500,43878.016,52625.92910288908
214501,43878.016,39820.33916618998
214502,43878.016,12733.663272737203
214503,43878.016,67082.50744128686
214504,43878.016,38028.08967293578
214505,43878.016,15908.075764234089
214506,43878.016,21879.197759584138
214507,43878.016,25550.199210993214
214508,43878.016,26171.87024328809
214509,43878.016,31387.564813910314
214510,43878.016,50774.275285557545
214511,43878.016,22354.804339777435
214512,43878.016,24226.73423077308
214513,43878.016,37009.91916552366
214514,43878.016,8988.738868722216
214515,43878.016,27930.893343484266
214516,43878.016,70943.42829982849
214517,43878.016,62445.02537190006
214518,43878.016,24366.639947737745
214519,43878.016,39347.180865654336
214520,43878.016,12498.270312840059
214521,43878.016,20325.16716623484
214522,43878.016,59542.47616066172
214523,43878.016,19431.20065960181
214524,43878.016,24322.119106784943
214525,43878.016,6868.27040901679
214526,43878.016,8543.490088193472
214527,43878.016,15277.799136094027
214528,43878.016,41994.92954413648
214529,43878.016,66157.20010501915
214530,43878.016,43586.09047859778
214531,43878.016,24676.785243205355
214532,43878.016,39947.52277374648
214533,43878.016,32659.08113679111
214534,43878.016,50095.05157848499
214535,43878.016,32166.93624031817
214536,43878.016,17210.680273620597
214537,43878.016,45276.36447792991
214538,43878.016,9041.835424602858
214539,43878.016,12454.44602648386
214540,43878.016,42143.367763962175
214541,43878.016,67633.23312684112
214542,43878.016,61473.579591701164
214543,43878.016,6406.3972181322715
214544,43878.016,6523.829611742103
214545,43878.016,9698.174013804055
214546,43878.016,65161.53537675646
214547,43878.016,35439.06910266028
214548,43878.016,34793.13322684614
214549,43878.016,66735.72490377382
214550,43878.016,31511.881169213928
214551,43878.016,12423.721093725682
214552,43878.016,44901.01524841195
214553,43878.016,34743.04617756389
214554,43878.016,53517.13693495142
214555,43878.016,24011.665420438458
214556,43878.016,21664.57510059087
214557,43878.016,36202.043363027085
214558,43878.016,66528.61057076798
214559,43878.016,38306.686004349656
214560,43878.016,24817.789436712414
214561,43878.016,53064.50354291632
214562,43878.016,51241.16726783334
214563,43878.016,27189.2647339247
214564,43878.016,51846.12428915906
214565,43878.016,63509.19993650268
214566,43878.016,71197.77145292689
214567,43878.016,32450.53280821542
214568,43878.016,22859.985036547496
214569,43878.016,15208.595658942417
214570,43878.016,23239.571527217835
214571,43878.016,11082.719291552303
214572,43878.016,34064.09905337273
214573,43878.016,46531.383556876244
214574,43878.016,40369.17562182011
214575,43878.016,44025.85515714017
214576,43878.016,63031.002071089744
214577,43878.016,18162.238498247418
214578,43878.016,13148.639832664729
214579,43878.016,59450.247898632
214580,43878.016,43394.53560120243
214581,43878.016,13065.757450303827
214582,43878.016,31966.97556726742
214583,43878.016,59774.15405823435
214584,43878.016,6961.856439346979
214585,43878.016,45558.87016597361
214586,43878.016,34689.70098675356
214587,43878.016,49370.27576189946
214588,43878.016,37892.66677799458
214589,43878.016,13727.660793546722
214590,43878.016,24513.70655886495
214591,43878.016,26506.138292208852
214592,43878.016,10902.019315248568
214593,43878.016,39839.41409348663
214594,43878.016,61995.61232037541
214595,43878.016,52664.11055638539
214596,43878.016,40984.879464750804
214597,43878.016,53945.939068258886
214598,43878.016,69143.55769100749
214599,43878.016,57982.461243438076
214600,43878.016,52109.03047430004
214601,43878.016,38948.60196178603
214602,43878.016,21004.289966050434
214603,43878.016,41778.800911505554
214604,43878.016,19870.004455517606
214605,43878.016,62095.012172467825
214606,43878.016,49512.16531920976
214607,43878.016,11848.187147957457
214608,43878.016,31422.995786943236
214609,43878.016,67573.03283165477
214610,43878.016,18576.552080460064
214611,43878.016,33468.150469966546
214612,43878.016,40048.6617898355
214613,43878.016,15071.998938775125
214614,43878.016,27136.441323943833
214615,43878.016,64856.58630235345
214616,43878.016,17514.60405691709
214617,43878.016,11740.443578782719
214618,43878.016,63497.78573373492
214619,43878.016,55451.62968594475
214620,43878.016,9098.285014476807
214621,43878.016,46088.07203018636
214622,43878.016,32804.06160921818
214623,43878.016,20415.44870486302
214624,43878.016,15908.891472135967
214625,43878.016,45994.40048146697
214626,43878.016,27575.212214778036
214627,43878.016,65018.798714889854
214628,43878.016,18395.80572041297
214629,43878.016,39514.7956279397
214630,43878.016,30970.860951165134
214631,43878.016,39747.22255974101
214632,43878.016,30291.814692538326
214633,43878.016,40956.462418131894
214634,43878.016,35481.55233528068
214635,43878.016,39348.80965962463
214636,43878.016,84825.27245068841
214637,43878.016,19510.239958725746
214638,43878.016,29702.444076481763
214639,43878.016,24896.117975223504
214640,43878.016,58194.62872192775
214641,43878.016,15216.10903127166
214642,43878.016,55899.635353717335
214643,43878.016,45646.81749410071
214644,43878.016,8800.223071801964
214645,43878.016,38352.03714940617
214646,43878.016,29545.293422964834
214647,43878.016,33758.04962989357
214648,43878.016,40411.5097790163
214649,43878.016,26827.919220913373
214650,43878.016,41847.56989441222
214651,43878.016,76504.82942898243
214652,43878.016,13444.75203046785
214653,43878.016,42101.248722993696
214654,43878.016,17610.021871019577
214655,43878.016,7361.215733040624
214656,43878.016,15350.226260050435
214657,43878.016,13451.176238805421
214658,43878.016,21075.352000218783
214659,43878.016,6841.3541373765565
214660,43878.016,59017.24538958884
214661,43878.016,22915.11230099513
214662,43878.016,25902.503374679432
214663,43878.016,35407.1304128247
214664,43878.016,20421.23927555271
214665,43878.016,18907.077106885794
214666,43878.016,13755.165131489699
214667,43878.016,40664.108825272386
214668,43878.016,28643.610474040135
214669,43878.016,15495.183085723473
214670,43878.016,23583.890578822862
214671,43878.016,10315.665715394482
214672,43878.016,20301.827151942696
214673,43878.016,46189.22675210976
214674,43878.016,40696.82053122476
214675,43878.016,17090.306403784336
214676,43878.016,44921.521423223916
214677,43878.016,50560.383410509865
214678,43878.016,8979.419573375273
214679,43878.016,36572.84644503302
214680,43878.016,3664.975911847932
214681,43878.016,19192.04209079817
214682,43878.016,38405.007082828946
214683,43878.016,45511.410022626784
214684,43878.016,41454.68551220395
214685,43878.016,35341.41818014263
214686,43878.016,17809.25768472777
214687,43878.016,42998.01135149553
214688,43878.016,18069.891849385618
214689,43878.016,41708.2528575691
214690,43878.016,61184.259066592065
214691,43878.016,51504.064717363246
214692,43878.016,22524.26845215943
214693,43878.016,13379.852418925233
214694,43878.016,15193.456974878016
214695,43878.016,19932.84426333054
214696,43878.016,64331.516651284044
214697,43878.016,4990.971589993093
214698,43878.016,61724.66335931654
214699,43878.016,14642.609785702272
214700,43878.016,54452.702680387614
214701,43878.016,14010.404958256722
214702,43878.016,41803.350323769475
214703,43878.016,39112.20889368767
214704,43878.016,15976.28010281508
214705,43878.016,48793.967044104735
214706,43878.016,64915.27273977917
214707,43878.016,16761.202125763004
214708,43878.016,23950.377050654028
214709,43878.016,39220.83389135634
214710,43878.016,52100.71776105508
214711,43878.016,26518.38460101736
214712,43878.016,44981.320429593485
214713,43878.016,16827.395809867743
214714,43878.016,26399.20390463475
214715,43878.016,24932.55776602829
214716,43878.016,5913.204494090597
214717,43878.016,9199.677305447496
214718,43878.016,39032.46278752807
214719,43878.016,46524.04352692215
214720,43878.016,58379.01554540811
214721,43878.016,10176.443396786879
214722,43878.016,27308.437811316435
214723,43878.016,31909.816442830634
214724,43878.016,59835.09228496848
214725,43878.016,32281.20574441374
214726,43878.016,15978.09070777796
214727,43878.016,15838.78593880225
214728,43878.016,47474.68163786802
214729,43878.016,6291.254427594437
214730,43878.016,63413.0567797985
214731,43878.016,49887.20965261764
214732,43878.016,53064.72024678455
214733,43878.016,5856.720112802898
214734,43878.016,47100.23055633803
214735,43878.016,7396.306699491369
214736,43878.016,51676.074225628785
214737,43878.016,46695.70190901874
214738,43878.016,39224.667250672326
214739,43878.016,48275.689904787585
214740,43878.016,32490.812729323334
214741,43878.016,37556.75498624008
214742,43878.016,74679.21036664072
214743,43878.016,46085.67346012824
214744,43878.016,40216.02561768938
214745,43878.016,26379.892443471115
214746,43878.016,24276.626016790815
214747,43878.016,15831.260545395826
214748,43878.016,41078.995772888076
214749,43878.016,44349.22605469271
214750,43878.016,12805.013137089589
214751,43878.016,57187.49875591084
214752,43878.016,27496.749052505907
214753,43878.016,61977.908273838315
214754,43878.016,51601.72506988943
214755,43878.016,24173.333364479462
214756,43878.016,20653.386240343643
214757,43878.016,7046.533176194425
214758,43878.016,10979.757644096893
214759,43878.016,37085.154673662124
214760,43878.016,14652.307231354209
214761,43878.016,14488.816475292067
214762,43878.016,19499.57667723108
214763,43878.016,119392.34724365562
214764,43878.016,15524.721134599633
214765,43878.016,47447.25458123061
214766,43878.016,13907.546666824474
214767,43878.016,76385.55031842743
214768,43878.016,41481.78537197058
214769,43878.016,15547.549916107911
214770,43878.016,14168.62663610151
214771,43878.016,49514.0557993889
214772,43878.016,33096.80447556574
214773,43878.016,25394.554359306574
214774,43878.016,10256.952956043993
214775,43878.016,13648.94826197466
214776,43878.016,63498.16068032584
214777,43878.016,42979.54203045603
214778,43878.016,29873.666065214093
214779,43878.016,52078.099008689394
214780,43878.016,45864.870400415086
214781,43878.016,49592.951584392125
214782,43878.016,6473.799841846453
214783,43878.016,58406.427360213675
214784,43878.016,38646.853176851124
214785,43878.016,28495.91016614375
214786,43878.016,17008.563470702444
214787,43878.016,66484.03891440989
214788,43878.016,59044.68411729676
214789,43878.016,116587.09419996009
214790,43878.016,24747.394178998562
214791,43878.016,24273.602533865334
214792,43878.016,40990.44529855238
214793,43878.016,33370.82920916597
214794,43878.016,37739.52470049665
214795,43878.016,28558.576411382084
214796,43878.016,53428.58465770239
214797,43878.016,40463.73297172125
214798,43878.016,20539.936565732256
214799,43878.016,11852.762236869336
214800,43878.016,13326.733216101538
214801,43878.016,42394.49102673123
214802,43878.016,57550.1482368081
214803,43878.016,51699.82020623736
214804,43878.016,53439.938889209494
214805,43878.016,35839.05593892739
214806,43878.016,50975.66955630972
214807,43878.016,8287.820795412455
214808,43878.016,6060.589731760619
214809,43878.016,63967.263715156645
214810,43878.016,22142.096609077664
214811,43878.016,30394.99382172351
214812,43878.016,23622.071914345106
214813,43878.016,69453.34223675044
214814,43878.016,14109.126294651796
214815,43878.016,20057.697825441865
214816,43878.016,12306.57984861759
214817,43878.016,54996.66094905756
214818,43878.016,31583.76674712767
214819,43878.016,17250.75601662772
214820,43878.016,32916.5646810138
214821,43878.016,29863.63375730023
214822,43878.016,9859.589256381381
214823,43878.016,13896.865638008645
214824,43878.016,42037.25148911376
214825,43878.016,56137.875274881124
214826,43878.016,46521.7027274073
214827,43878.016,31553.41344994118
214828,43878.016,47817.42545455338
214829,43878.016,55963.47100309961
214830,43878.016,30233.883635294813
214831,43878.016,41647.841981674486
214832,43878.016,26218.896454116966
214833,43878.016,16011.857041935864
214834,43878.016,78526.0274752375
214835,43878.016,23538.373551767236
214836,43878.016,69095.88953048707
214837,43878.016,40741.247903199124
214838,43878.016,33959.36966216589
214839,43878.016,52688.70401007346
214840,43878.016,21673.90452350143
214841,43878.016,9495.096681409916
214842,43878.016,10237.919046861956
214843,43878.016,6503.848400679994
214844,43878.016,60196.921730965405
214845,43878.016,59886.40803153955
214846,43878.016,43931.51041452436
214847,43878.016,16636.12969152742
214848,43878.016,43010.11371189023
214849,43878.016,22531.057167540384
214850,43878.016,21288.760513639623
214851,43878.016,21730.5286260302
214852,43878.016,59899.687072255554
214853,43878.016,5024.89488083836
214854,43878.016,70050.4470656315
214855,43878.016,29620.795020271882
214856,43878.016,46048.07204965083
214857,43878.016,13302.062162853068
214858,43878.016,73077.62105018532
214859,43878.016,51382.73617725214
214860,43878.016,22930.710687299772
214861,43878.016,7254.306615957064
214862,43878.016,59039.82190884743
214863,43878.016,11651.245589281254
214864,43878.016,63628.10761865008
214865,43878.016,29160.862014576345
214866,43878.016,19321.547513368776
214867,43878.016,44926.37588623789
214868,43878.016,36958.71037949568
214869,43878.016,29581.767335369907
214870,43878.016,28209.02526538375
214871,43878.016,34408.68368198066
214872,43878.016,20190.910758263115
214873,43878.016,22213.59912813197
214874,43878.016,37442.83361084455
214875,43878.016,28208.86180044915
214876,43878.016,19625.26464863057
214877,43878.016,22649.54363131212
214878,43878.016,48613.44685966871
214879,43878.016,54362.1873216894
214880,43878.016,14138.973327718755
214881,43878.016,46843.27045862209
214882,43878.016,26190.375739922416
214883,43878.016,75539.96968287013
214884,43878.016,14937.823031937485
214885,43878.016,35110.016400979745
214886,43878.016,19683.884374663525
214887,43878.016,42692.4464040766
214888,43878.016,18807.839073869505
214889,43878.016,54741.71297988335
214890,43878.016,21366.795316923253
214891,43878.016,12755.63514207669
214892,43878.016,27611.478812323425
214893,43878.016,27181.811261144092
214894,43878.016,23275.67121968292
214895,43878.016,37509.746656523545
214896,43878.016,13342.432943415213
214897,43878.016,10954.162210014334
214898,43878.016,8790.744430006587
214899,43878.016,37018.92521470836
214900,43878.016,63332.299740346934
214901,43878.016,26115.44391092008
214902,43878.016,15345.42593180793
214903,43878.016,36523.88804013503
214904,43878.016,16219.189857029358
214905,43878.016,56797.588617594345
214906,43878.016,38923.198899601055
214907,43878.016,12902.765567814167
214908,43878.016,20264.2836687585
214909,43878.016,35156.43075634907
214910,43878.016,19671.22800948465
214911,43878.016,47410.206193750804
214912,43878.016,15621.998427432893
214913,43878.016,36491.20754380637
214914,43878.016,59744.152767730586
214915,43878.016,30073.082846033623
214916,43878.016,10634.292781129656
214917,43878.016,22098.647659138267
214918,43878.016,10169.260419650056
214919,43878.016,47388.40724335389
214920,43878.016,59353.30311125535
214921,43878.016,61939.739166045496
214922,43878.016,46026.20775531992
214923,43878.016,19621.34033673898
214924,43878.016,19788.286218184854
214925,43878.016,41789.38880993325
214926,43878.016,27067.51129150539
214927,43878.016,41868.57428657451
214928,43878.016,10201.65842311908
214929,43878.016,35480.288589939635
214930,43878.016,27905.23657977733
214931,43878.016,58974.232019124225
214932,43878.016,16654.332489670323
214933,43878.016,28561.0740548911
214934,43878.016,4316.217811802787
214935,43878.016,17176.925706820442
214936,43878.016,55867.822057735815
214937,43878.016,55210.37337404084
214938,43878.016,47437.81614554788
214939,43878.016,29978.629657389658
214940,43878.016,47178.2369446822
214941,43878.016,30454.879918982584
214942,43878.016,58086.979065767766
214943,43878.016,25250.5416503268
214944,43878.016,45296.34172845516
214945,43878.016,29858.79365170669
214946,43878.016,38004.161796043976
214947,43878.016,52537.47654202925
214948,43878.016,47759.17070627275
214949,43878.016,49656.01660058645
214950,43878.016,26379.280507174284
214951,43878.016,29319.619512769597
214952,43878.016,30194.00094629646
214953,43878.016,47067.193453634616
214954,43878.016,15462.940459446587
214955,43878.016,36404.13621384479
214956,43878.016,11824.542994770758
214957,43878.016,76260.17242135979
214958,43878.016,19700.34786276137
214959,43878.016,31235.8968685385
214960,43878.016,52959.18237120402
214961,43878.016,26867.128949234342
214962,43878.016,13242.205107173975
214963,43878.016,9302.521085001166
214964,43878.016,63862.881679913466
214965,43878.016,20202.884182718437
214966,43878.016,11947.435287682245
214967,43878.016,8564.103324303876
214968,43878.016,39854.75660012938
214969,43878.016,18174.62613427027
214970,43878.016,31160.541324627797
214971,43878.016,39217.632802793036
214972,43878.016,36904.6911395286
214973,43878.016,54451.838683336115
214974,43878.016,26210.271791459072
214975,43878.016,37847.71894718995
214976,43878.016,21877.140018251303
214977,43878.016,34228.68550379525
214978,43878.016,45184.46445678578
214979,43878.016,61397.75281116432
214980,43878.016,29996.56424405464
214981,43878.016,57001.496415692185
214982,43878.016,26572.96829995586
214983,43878.016,20209.432619275718
214984,43878.016,34029.755661392075
214985,43878.016,39282.76365723292
214986,43878.016,44639.41230511509
214987,43878.016,64566.75452411147
214988,43878.016,46699.57115300309
214989,43878.016,29090.717415887884
214990,43878.016,78385.93208332862
214991,43878.016,23403.974793487065
214992,43878.016,62626.16918437565
214993,43878.016,25618.864414172906
214994,43878.016,56645.1579009924
214995,43878.016,12560.650466447567
214996,43878.016,18887.82474692632
214997,43878.016,31056.78475442625
214998,43878.016,10362.720959114165
214999,43878.016,38051.21032508922
215000,43878.016,24567.917580897592
215001,43878.016,61544.87117683375
215002,43878.016,22155.29063645651
215003,43878.016,11883.017398646833
215004,43878.016,31056.226368382322
215005,43878.016,13982.221702177118
215006,43878.016,65841.97513121933
215007,43878.016,18592.410777663565
215008,43878.016,16187.750966083839
215009,43878.016,55593.27402896157
215010,43878.016,13788.189927198455
215011,43878.016,13337.490167567845
215012,43878.016,61194.80451875527
215013,43878.016,40387.3933643111
215014,43878.016,48274.93878156765
215015,43878.016,17298.28754705818
215016,43878.016,54506.222722751176
215017,43878.016,35987.99362457766
215018,43878.016,32216.260893427676
215019,43878.016,38424.09346929157
215020,43878.016,51129.51649436498
215021,43878.016,46151.080101799605
215022,43878.016,30126.38158254522
215023,43878.016,6680.148301212082
215024,43878.016,22476.031475470114
215025,43878.016,7101.947394949687
215026,43878.016,8065.137774238356
215027,43878.016,10912.443865911262
215028,43878.016,19201.605781849157
215029,43878.016,22649.08815802642
215030,43878.016,35182.56656190873
215031,43878.016,54381.67038176101
215032,43878.016,74517.70329177589
215033,43878.016,63686.293996986824
215034,43878.016,12277.698720454131
215035,43878.016,37015.334120338746
215036,43878.016,27978.713127791998
215037,43878.016,19926.522576950785
215038,43878.016,10035.372008585842
215039,43878.016,31936.214789635756
215040,43878.016,75442.63605118114
215041,43878.016,28054.557077964626
215042,43878.016,23716.457510547978
215043,43878.016,25183.13029505724
215044,43878.016,27594.4933869078
215045,43878.016,15988.863482701345
215046,43878.016,24920.67720634553
215047,43878.016,6560.998062831175
215048,43878.016,46564.297851377865
215049,43878.016,55116.31952288294
215050,43878.016,3870.601176005952
215051,43878.016,8248.860617228245
215052,43878.016,42825.71552470265
215053,43878.016,12866.918451757512
215054,43878.016,27440.8549081167
215055,43878.016,20340.751594838748
215056,43878.016,82295.71446885492
215057,43878.016,40157.52804804081
215058,43878.016,21117.81519669948
215059,43878.016,11433.026022938913
215060,43878.016,29221.883134585285
215061,43878.016,39938.170728427875
215062,43878.016,56814.34060566367
215063,43878.016,45423.212933833456
215064,43878.016,10961.169023222847
215065,43878.016,27870.45038831708
215066,43878.016,27670.861784488927
215067,43878.016,24383.773248877274
215068,43878.016,23335.84571404352
215069,43878.016,10860.985668860474
215070,43878.016,34943.04949645736
215071,43878.016,14068.915962839763
215072,43878.016,31711.589466860994
215073,43878.016,37508.272324124984
215074,43878.016,17321.785582309512
215075,43878.016,23702.331116696223
215076,43878.016,13177.533280459756
215077,43878.016,16961.33069427528
215078,43878.016,36987.936766679464
215079,43878.016,8009.283117705217
215080,43878.016,13636.786048345244
215081,43878.016,13584.594962559398
215082,43878.016,7095.947518927155
215083,43878.016,66593.90106275959
215084,43878.016,18324.664912952663
215085,43878.016,11445.73875519627
215086,43878.016,32679.977902958428
215087,43878.016,11784.431917995676
215088,43878.016,29094.92601659341
215089,43878.016,102031.69376709011
215090,43878.016,31148.653452405644
215091,43878.016,11329.006515283918
215092,43878.016,16889.94298896666
215093,43878.016,34641.30683673009
215094,43878.016,44095.674357325945
215095,43878.016,9252.039039602467
215096,43878.016,11189.520222087102
215097,43878.016,18854.630605819188
215098,43878.016,36095.77190412002
215099,43878.016,10219.97303310458
215100,43878.016,60075.96893768193
215101,43878.016,17242.259174680326
215102,43878.016,16425.37060947946
215103,43878.016,25805.70940041901
215104,43878.016,28700.969306784857
215105,43878.016,37412.55534653377
215106,43878.016,22822.25839639313
215107,43878.016,17377.123007312126
215108,43878.016,22957.952272729297
215109,43878.016,50794.87738024466
215110,43878.016,14739.19096183718
215111,43878.016,64740.33456474017
215112,43878.016,45739.07909648961
215113,43878.016,19506.21242439045
215114,43878.016,49223.12761189863
215115,43878.016,16788.83118639933
215116,43878.016,38974.781632254475
215117,43878.016,20940.71210538823
215118,43878.016,49540.37352238153
215119,43878.016,20616.8933259441
215120,43878.016,16675.031106983184
215121,43878.016,54229.319161229214
215122,43878.016,15836.889721758385
215123,43878.016,59288.96109858059
215124,43878.016,22082.860651280098
215125,43878.016,33349.33999169537
215126,43878.016,55109.95005856424
215127,43878.016,48899.861557830445
215128,43878.016,26378.772845526866
215129,43878.016,34306.10397730864
215130,43878.016,21941.114803123866
215131,43878.016,28832.275897058906
215132,43878.016,22918.661315977162
215133,43878.016,57578.26580052825
215134,43878.016,49238.583455347514
215135,43878.016,37183.689283180436
215136,43878.016,32290.875390726458
215137,43878.016,21980.491219128784
215138,43878.016,54223.52745595051
215139,43878.016,10636.023837747482
215140,43878.016,39218.15515327764
215141,43878.016,46296.115279014404
215142,43878.016,47949.681556442665
215143,43878.016,31379.86148829222
215144,43878.016,9797.71480034509
215145,43878.016,60166.974740562524
215146,43878.016,15681.668175202078
215147,43878.016,29679.78712038729
215148,43878.016,35082.96946948676
215149,43878.016,19575.47632916609
215150,43878.016,14937.440305318889
215151,43878.016,32253.478403347835
215152,43878.016,41497.55983642388
215153,43878.016,37700.91190288226
215154,43878.016,6137.312782720592
215155,43878.016,52185.102793287835
215156,43878.016,41320.31081463881
215157,43878.016,29038.614865023384
215158,43878.016,34760.61892597729
215159,43878.016,48894.277361760694
215160,43878.016,44223.56082304393
215161,43878.016,27541.660743038996
215162,43878.016,26046.341099868274
215163,43878.016,43273.02112208635
215164,43878.016,41422.771984254905
215165,43878.016,34840.462537316176
215166,43878.016,52553.3554601881
215167,43878.016,50604.949442974015
215168,43878.016,26533.25006021642
215169,43878.016,33198.559790342835
215170,43878.016,53784.18601747756
215171,43878.016,11538.591581517438
215172,43878.016,50728.55276810922
215173,43878.016,58955.420650051485
215174,43878.016,25013.308758815605
215175,43878.016,15570.047283344513
215176,43878.016,17445.20858263286
215177,43878.016,61503.04973263304
215178,43878.016,48943.03423116585
215179,43878.016,65647.53956530045
215180,43878.016,29765.644144273232
215181,43878.016,78374.86742257612
215182,43878.016,16793.56095207254
215183,43878.016,50726.145924790915
215184,43878.016,13203.758984144677
215185,43878.016,12732.530335450454
215186,43878.016,51170.883029199584
215187,43878.016,58000.57481753623
215188,43878.016,58847.90719557423
215189,43878.016,65844.98517212369
215190,43878.016,45396.14034859665
215191,43878.016,9472.505017558258
215192,43878.016,36984.08022918578
215193,43878.016,27728.046664729794
215194,43878.016,11404.329899761171
215195,43878.016,43333.44637025493
215196,43878.016,17195.237825831235
215197,43878.016,27553.841357377885
215198,43878.016,21183.29668888956
215199,43878.016,19587.413337286784
215200,43878.016,49321.97060688582
215201,43878.016,6667.061818960574
215202,43878.016,11003.490526205636
215203,43878.016,5771.694816239576
215204,43878.016,18271.509640042877
215205,43878.016,60229.389726472895
215206,43878.016,39305.134805458416
215207,43878.016,42524.52993115433
215208,43878.016,38876.08775769685
215209,43878.016,52241.39375007825
215210,43878.016,22484.01033706113
215211,43878.016,25321.36431386282
215212,43878.016,62730.49646326664
215213,43878.016,27364.19862862879
215214,43878.016,29146.005173018628
215215,43878.016,48000.04201782357
215216,43878.016,20775.675580240822
215217,43878.016,52934.69400824916
215218,43878.016,20635.205877837365
215219,43878.016,49370.88123007345
215220,43878.016,34718.729452536216
215221,43878.016,46047.660577284245
215222,43878.016,18008.549544072466
215223,43878.016,32075.210120503783
215224,43878.016,76048.57233753096
215225,43878.016,54928.32522641663
215226,43878.016,46330.99060513248
215227,43878.016,7539.449962205483
215228,43878.016,54783.62333902287
215229,43878.016,14014.388501846537
215230,43878.016,65435.106029527415
215231,43878.016,49782.285685170966
215232,43878.016,43238.98177562875
215233,43878.016,5830.884052666224
215234,43878.016,33908.10689385799
215235,43878.016,6753.307126393123
215236,43878.016,47725.57572328106
215237,43878.016,33605.15249834932
215238,43878.016,31547.587230618334
215239,43878.016,36339.52717991408
215240,43878.016,6768.046494600269
215241,43878.016,8731.130034789836
215242,43878.016,84777.7138599773
215243,43878.016,13414.471663302187
215244,43878.016,56178.273089124275
215245,43878.016,36082.83051498819
215246,43878.016,18681.47149965516
215247,43878.016,33856.373361466816
215248,43878.016,19112.40617853492
215249,43878.016,34602.67557724538
215250,43878.016,12755.107877431563
215251,43878.016,68947.0360569601
215252,43878.016,25557.09858771843
215253,43878.016,37948.19612389475
215254,43878.016,12696.068034160755
215255,43878.016,73789.53993738384
215256,43878.016,26966.137107527127
215257,43878.016,54294.8150580509
215258,43878.016,53953.863257524485
215259,43878.016,24458.295380935197
215260,43878.016,12751.169738712428
215261,43878.016,17820.068185832464
215262,43878.016,52684.532766696284
215263,43878.016,22998.366766503415
215264,43878.016,60074.278436942914
215265,43878.016,64084.482715050144
215266,43878.016,46372.35177307998
215267,43878.016,34292.41028207115
215268,43878.016,47634.055999234755
215269,43878.016,11656.128264113615
215270,43878.016,19684.652607283104
215271,43878.016,71561.23862914233
215272,43878.016,11207.605471878662
215273,43878.016,32241.43393853735
215274,43878.016,12673.37977506932
215275,43878.016,13119.845037907218
215276,43878.016,47493.15227764558
215277,43878.016,56462.19235574256
215278,43878.016,32148.41473990192
215279,43878.016,29357.638455034383
215280,43878.016,46730.04291343095
215281,43878.016,47027.74981372669
215282,43878.016,10616.35224733613
215283,43878.016,27362.682057065264
215284,43878.016,31638.09759018902
215285,43878.016,42874.32043679399
215286,43878.016,40019.47045286179
215287,43878.016,25152.95476623107
215288,43878.016,62619.419257133275
215289,43878.016,19402.90635881672
215290,43878.016,34766.18645410918
215291,43878.016,19010.20760201036
215292,43878.016,20310.5596914952
215293,43878.016,64640.89472160387
215294,43878.016,50053.75270269068
215295,43878.016,45113.98821318041
215296,43878.016,49997.168494491016
215297,43878.016,16454.942563558372
215298,43878.016,34245.43977766357
215299,43878.016,9572.869861651016
215300,43878.016,19545.164291937293
215301,43878.016,35164.60927788862
215302,43878.016,43162.38675805331
215303,43878.016,20060.041672226856
215304,43878.016,114795.82490002083
215305,43878.016,43745.29820009135
215306,43878.016,45521.391365858435
215307,43878.016,55570.2311378781
215308,43878.016,10183.201949968057
215309,43878.016,19060.902743093822
215310,43878.016,32610.568210150286
215311,43878.016,23179.38634957624
215312,43878.016,37290.00724505227
215313,43878.016,18723.514185168428
215314,43878.016,68250.81555030528
215315,43878.016,14067.076469075906
215316,43878.016,32313.854628841476
215317,43878.016,43110.96704907516
215318,43878.016,57585.21291985863
215319,43878.016,15765.260076444754
215320,43878.016,52564.52831292306
215321,43878.016,33125.208485683754
215322,43878.016,46780.1198165037
215323,43878.016,60929.93198166715
215324,43878.016,17792.547448054585
215325,43878.016,21510.486274973406
215326,43878.016,59538.68414055231
215327,43878.016,17997.29158161725
215328,43878.016,19804.373811575886
215329,43878.016,16799.15146778192
215330,43878.016,21928.076263218925
215331,43878.016,9786.436311627185
215332,43878.016,23072.09075870318
215333,43878.016,27335.017874675857
215334,43878.016,54913.753750623095
215335,43878.016,45899.32115080491
215336,43878.016,63867.02148017425
215337,43878.016,38095.519090002155
215338,43878.016,16333.501177527336
215339,43878.016,37178.50364583188
215340,43878.016,35175.44719848087
215341,43878.016,31676.635001802333
215342,43878.016,10286.427492119175
215343,43878.016,52560.33954792143
215344,43878.016,9820.437189281145
215345,43878.016,58712.378441635265
215346,43878.016,25396.195973762253
215347,43878.016,19709.55293073303
215348,43878.016,45073.988414848034
215349,43878.016,57283.529419490056
215350,43878.016,11044.790186159704
215351,43878.016,49279.079763637885
215352,43878.016,25326.97858080278
215353,43878.016,48213.663514631255
215354,43878.016,13079.92739183805
215355,43878.016,24660.842483498756
215356,43878.016,50699.314369760046
215357,43878.016,43773.13820242511
215358,43878.016,38788.46078178665
215359,43878.016,59771.170170641504
215360,43878.016,15340.945593792418
215361,43878.016,24815.884445041345
215362,43878.016,58894.221222471446
215363,43878.016,49596.73230868591
215364,43878.016,30690.42157024202
215365,43878.016,51038.90166953006
215366,43878.016,27494.34367847987
215367,43878.016,27687.072651761024
215368,43878.016,48962.8090618071
215369,43878.016,32587.804162169552
215370,43878.016,22720.4563203089
215371,43878.016,42752.926573256336
215372,43878.016,12388.103724313387
215373,43878.016,18401.83295821127
215374,43878.016,16368.628793947775
215375,43878.016,47718.712657867036
215376,43878.016,42821.431105486416
215377,43878.016,8428.70682401246
215378,43878.016,38309.88542598498
215379,43878.016,42458.68838638044
215380,43878.016,10951.535389952547
215381,43878.016,31334.01969467471
215382,43878.016,24116.19341939625
215383,43878.016,36390.71674763663
215384,43878.016,64792.10656706329
215385,43878.016,54966.41531603666
215386,43878.016,18876.66932026484
215387,43878.016,42516.80232032217
215388,43878.016,38999.11769469917
215389,43878.016,14011.252819672554
215390,43878.016,39534.54984452887
215391,43878.016,61054.15574302087
215392,43878.016,14709.162331755197
215393,43878.016,40468.217739681335
215394,43878.016,83781.8174996093
215395,43878.016,49451.95876087884
215396,43878.016,11592.582424917864
215397,43878.016,22776.155059689278
215398,43878.016,55181.19676816935
215399,43878.016,21460.41324030394
215400,43878.016,17291.505668520233
215401,43878.016,10312.635794795022
215402,43878.016,43303.94675497514
215403,43878.016,54870.17943242612
215404,43878.016,61255.27173045897
215405,43878.016,43604.50485905722
215406,43878.016,59427.711008773724
215407,43878.016,26347.451512216216
215408,43878.016,34170.19241622053
215409,43878.016,26034.704452165424
215410,43878.016,32442.640532458117
215411,43878.016,8435.735853196948
215412,43878.016,24454.072975329014
215413,43878.016,43023.76996090358
215414,43878.016,45645.9822517263
215415,43878.016,43212.502207311256
215416,43878.016,34059.369114996094
215417,43878.016,33189.12907535972
215418,43878.016,54688.23325244325
215419,43878.016,74927.31609347448
215420,43878.016,16639.3032957826
215421,43878.016,23377.95539552659
215422,43878.016,9147.061082892355
215423,43878.016,37520.46215699249
215424,43878.016,14502.777536653835
215425,43878.016,11448.322807575052
215426,43878.016,19369.790809517344
215427,43878.016,19569.69899762695
215428,43878.016,82384.00495139362
215429,43878.016,11764.39066566814
215430,43878.016,48819.72436855188
215431,43878.016,27367.304120274755
215432,43878.016,31372.571632907802
215433,43878.016,58551.37673994339
215434,43878.016,23994.002201656116
215435,43878.016,21850.825325490878
215436,43878.016,31693.116868646684
215437,43878.016,32847.011881289414
215438,43878.016,52657.63043501527
215439,43878.016,40688.012371081095
215440,43878.016,9567.605054989215
215441,43878.016,40835.01100079713
215442,43878.016,31077.940768830438
215443,43878.016,62308.58946871466
215444,43878.016,16889.001875121052
215445,43878.016,18164.986954714077
215446,43878.016,9587.68288185124
215447,43878.016,43268.506240823444
215448,43878.016,55267.252178638824
215449,43878.016,7891.57575880443
215450,43878.016,7823.656069636254
215451,43878.016,55752.36193279924
215452,43878.016,31937.52257000945
215453,43878.016,26281.82234971478
215454,43878.016,13603.439761961787
215455,43878.016,41387.041357263675
215456,43878.016,58771.37503976666
215457,43878.016,21452.12374145513
215458,43878.016,50728.548061996975
215459,43878.016,13758.002639331899
215460,43878.016,44064.46882969088
215461,43878.016,26367.859930281567
215462,43878.016,47624.526627328945
215463,43878.016,33863.900720811806
215464,43878.016,38238.871455199485
215465,43878.016,22644.330445506148
215466,43878.016,9740.80780555999
215467,43878.016,10686.317583508999
215468,43878.016,24021.668577720855
215469,43878.016,16055.60429815813
215470,43878.016,30751.656621248843
215471,43878.016,51595.99561686484
215472,43878.016,10525.558552366032
215473,43878.016,11830.815906442416
215474,43878.016,28376.67748313326
215475,43878.016,19938.309082023097
215476,43878.016,35182.42545872492
215477,43878.016,16194.182981303069
215478,43878.016,35620.23753411669
215479,43878.016,30262.783872113996
215480,43878.016,21462.410239783043
215481,43878.016,21695.400090944546
215482,43878.016,10071.048755020469
215483,43878.016,46976.18337224782
215484,43878.016,23478.833552206936
215485,43878.016,58776.24474638792
215486,43878.016,27526.58748130917
215487,43878.016,77826.9888898594
215488,43878.016,8455.599508323661
215489,43878.016,12548.247371228268
215490,43878.016,84221.5458290187
215491,43878.016,61823.545924400874
215492,43878.016,14683.924998449667
215493,43878.016,10194.638974134255
215494,43878.016,38424.23443292241
215495,43878.016,21236.158705657195
215496,43878.016,12056.600300450153
215497,43878.016,29468.950735387403
215498,43878.016,29490.290222859065
215499,43878.016,48799.12135953046
215500,43878.016,28261.1058549616
215501,43878.016,6897.086958781429
215502,43878.016,40208.611869286164
215503,43878.016,63978.04054267041
215504,43878.016,41343.90314520259
215505,43878.016,57081.732918862
215506,43878.016,54735.18404275627
215507,43878.016,17594.23855459712
215508,43878.016,52626.48430932655
215509,43878.016,12058.12626501607
215510,43878.016,28072.926469740087
215511,43878.016,57411.39384940414
215512,43878.016,51683.47523046454
215513,43878.016,31855.72884230705
215514,43878.016,35171.00420952624
215515,43878.016,9122.890603176307
215516,43878.016,65457.533604729884
215517,43878.016,36556.10603277726
215518,43878.016,31322.48738688553
215519,43878.016,49703.011290683266
215520,43878.016,13648.426289958203
215521,43878.016,18282.493138891445
215522,43878.016,53801.4040141392
215523,43878.016,54332.2731490823
215524,43878.016,54060.16218538097
215525,43878.016,6827.884859401098
215526,43878.016,26479.299456326316
215527,43878.016,55866.89915811816
215528,43878.016,34801.80655457595
215529,43878.016,29912.153490869474
215530,43878.016,61597.60224394875
215531,43878.016,17001.28896974012
215532,43878.016,58366.55558882381
215533,43878.016,45597.476111695534
215534,43878.016,19377.47563191478
215535,43878.016,18329.92710367153
215536,43878.016,26263.317597756064
215537,43878.016,40655.01846019513
215538,43878.016,25055.553073859974
215539,43878.016,83246.18401866854
215540,43878.016,24954.79112000285
215541,43878.016,23941.444420771917
215542,43878.016,22054.482729074385
215543,43878.016,25407.594159810797
215544,43878.016,36160.9399156402
215545,43878.016,39055.58376447042
215546,43878.016,29069.078313598744
215547,43878.016,37737.498154015026
215548,43878.016,20728.94258252695
215549,43878.016,34372.438983729895
215550,43878.016,36370.2935677799
215551,43878.016,34197.67072073961
215552,43878.016,7780.8930286721925
215553,43878.016,12222.501425293061
215554,43878.016,62865.72533243981
215555,43878.016,18178.409440038806
215556,43878.016,67140.22455349867
215557,43878.016,42943.82974194643
215558,43878.016,25446.076359913804
215559,43878.016,32075.719080545732
215560,43878.016,35192.487092961244
215561,43878.016,10352.530977739936
215562,43878.016,44753.541128535166
215563,43878.016,29885.21045584604
215564,43878.016,61521.69854919331
215565,43878.016,41730.76786116211
215566,43878.016,16224.309771886868
215567,43878.016,25095.73557008072
215568,43878.016,49011.35853428785
215569,43878.016,20357.732313987548
215570,43878.016,62148.10227165038
215571,43878.016,72629.0111391691
215572,43878.016,39371.30749777465
215573,43878.016,44265.911228163524
215574,43878.016,6322.582728864874
215575,43878.016,55858.74572420366
215576,43878.016,11213.911565759896
215577,43878.016,33732.93054365391
215578,43878.016,8793.726355313776
215579,43878.016,30238.755044330464
215580,43878.016,38623.89665692772
215581,43878.016,24304.374845782582
215582,43878.016,47641.472068918294
215583,43878.016,14853.783548436173
215584,43878.016,55773.5181436578
215585,43878.016,73223.86119773713
215586,43878.016,66630.84703549814
215587,43878.016,35243.78750294886
215588,43878.016,80416.01402368415
215589,43878.016,26728.533087805772
215590,43878.016,10766.721719849234
215591,43878.016,42057.44644805886
215592,43878.016,21229.26393174888
215593,43878.016,17478.938401648713
215594,43878.016,13453.08000305211
215595,43878.016,15545.070677811378
215596,43878.016,34273.08192114443
215597,43878.016,45610.55144573652
215598,43878.016,24936.392622944648
215599,43878.016,58618.631817039764
215600,43878.016,55587.83680203458
215601,43878.016,15558.154719097894
215602,43878.016,90024.55114537946
215603,43878.016,22409.986152552996
215604,43878.016,28443.412786761484
215605,43878.016,43405.16890725223
215606,43878.016,42307.65324082522
215607,43878.016,10484.40939032935
215608,43878.016,50028.99281748976
215609,43878.016,40152.944666423275
215610,43878.016,10574.777464298326
215611,43878.016,17970.236452129
215612,43878.016,8627.901796649661
215613,43878.016,13747.544534020957
215614,43878.016,37902.66183221516
215615,43878.016,74417.56600450406
215616,43878.016,25390.19603959995
215617,43878.016,32698.696491270734
215618,43878.016,18707.42939333929
215619,43878.016,24918.84062778286
215620,43878.016,48452.13293141617
215621,43878.016,26254.2579737947
215622,43878.016,47229.659019171675
215623,43878.016,3816.9141261658133
215624,43878.016,34699.982414465434
215625,43878.016,58749.11051755623
215626,43878.016,10824.069488025974
215627,43878.016,62341.00466337602
215628,43878.016,11455.273916882938
215629,43878.016,53409.727643791186
215630,43878.016,28850.9505231014
215631,43878.016,3871.899052607229
215632,43878.016,20898.476878158086
215633,43878.016,38673.43906072168
215634,43878.016,51106.06411925393
215635,43878.016,16758.974784040925
215636,43878.016,49517.44863424342
215637,43878.016,71343.16821398286
215638,43878.016,8856.115944481251
215639,43878.016,15156.268507386561
215640,43878.016,50626.343729383785
215641,43878.016,12098.722730552106
215642,43878.016,21163.280086287527
215643,43878.016,26393.593293254133
215644,43878.016,16356.291271537153
215645,43878.016,17266.944175692042
215646,43878.016,12280.450585105453
215647,43878.016,86773.03277877627
215648,43878.016,72258.93808822105
215649,43878.016,88620.15431693316
215650,43878.016,9420.30461403124
215651,43878.016,26510.4777751043
215652,43878.016,52054.05181798525
215653,43878.016,21863.73257249183
215654,43878.016,35650.25715263036
215655,43878.016,47378.48768198814
215656,43878.016,47431.0392156818
215657,43878.016,23317.51401674503
215658,43878.016,46304.35758827362
215659,43878.016,29894.597774734506
215660,43878.016,33561.61199380969
215661,43878.016,37611.13221873152
215662,43878.016,15893.324992713759
215663,43878.016,47552.99274077039
215664,43878.016,42328.06169383143
215665,43878.016,47608.9555634834
215666,43878.016,34734.20002575444
215667,43878.016,35260.66571117577
215668,43878.016,53399.903784250324
215669,43878.016,10584.117324977773
215670,43878.016,61860.41097373649
215671,43878.016,18324.330737921206
215672,43878.016,31982.77375264489
215673,43878.016,11628.444360060843
215674,43878.016,52623.10284855567
215675,43878.016,45493.56666498115
215676,43878.016,69818.11942144002
215677,43878.016,12336.828615933204
215678,43878.016,6303.036750943641
215679,43878.016,25744.995883155978
215680,43878.016,32350.446478992177
215681,43878.016,65933.65931692264
215682,43878.016,13338.32445380771
215683,43878.016,9068.678246996757
215684,43878.016,42533.727448887694
215685,43878.016,38873.39845583144
215686,43878.016,49440.7284754232
215687,43878.016,16244.750078567633
215688,43878.016,26156.125029314975
215689,43878.016,14145.503909576804
215690,43878.016,7313.504788618274
215691,43878.016,15205.814454063648
215692,43878.016,46805.157233651626
215693,43878.016,22555.056520388614
215694,43878.016,61699.1365047413
215695,43878.016,38405.316494673236
215696,43878.016,52046.83753391637
215697,43878.016,37230.455728264336
215698,43878.016,46040.82359304591
215699,43878.016,34603.73884806077
215700,43878.016,56919.20610954235
215701,43878.016,11378.962838709265
215702,43878.016,34427.08879334932
215703,43878.016,48560.67221139972
215704,43878.016,31002.376385894146
215705,43878.016,38794.08894975607
215706,43878.016,47280.485021444656
215707,43878.016,14761.136844793065
215708,43878.016,54833.088209141984
215709,43878.016,22628.63760903503
215710,43878.016,14810.826923933657
215711,43878.016,30993.46194452574
215712,43878.016,11063.000895468136
215713,43878.016,12630.98911383662
215714,43878.016,68811.07594635777
215715,43878.016,20592.44476621157
215716,43878.016,28763.627102748378
215717,43878.016,52113.25752305098
215718,43878.016,17497.979697519084
215719,43878.016,52265.3607420885
215720,43878.016,22340.862070453026
215721,43878.016,21332.69450013206
215722,43878.016,49333.48359862863
215723,43878.016,30279.386740393682
215724,43878.016,44406.22814982197
215725,43878.016,60474.727931750494
215726,43878.016,47291.59041604004
215727,43878.016,37200.54916061446
215728,43878.016,49054.21928715042
215729,43878.016,64303.75247373078
215730,43878.016,73407.84457941186
215731,43878.016,61941.96394930863
215732,43878.016,62725.16637308509
215733,43878.016,43873.62230065587
215734,43878.016,41900.801877914324
215735,43878.016,70176.93860804799
215736,43878.016,21179.232371729282
215737,43878.016,42711.922244425885
215738,43878.016,23495.688941931705
215739,43878.016,14543.85580965984
215740,43878.016,49569.222281483824
215741,43878.016,90685.35117849738
215742,43878.016,31609.088321164905
215743,43878.016,62592.552757247126
215744,43878.016,63950.407671064204
215745,43878.016,60951.94816336871
215746,43878.016,28756.830699613016
215747,43878.016,31875.05687078372
215748,43878.016,39061.311335151186
215749,43878.016,22959.2246606329
215750,43878.016,27226.523974755688
215751,43878.016,55352.4606947487
215752,43878.016,13003.218052675953
215753,43878.016,27510.27122922368
215754,43878.016,36286.84065676529
215755,43878.016,42372.61247576611
215756,43878.016,13381.933832570043
215757,43878.016,15076.902241553425
215758,43878.016,12634.36084442771
215759,43878.016,16967.866077319282
215760,43878.016,33929.477537996296
215761,43878.016,42685.37900902357
215762,43878.016,39895.56086202193
215763,43878.016,56796.48034237578
215764,43878.016,41168.752276358246
215765,43878.016,9952.241104328656
215766,43878.016,34361.83228903683
215767,43878.016,54441.715797066696
215768,43878.016,12220.537510499951
215769,43878.016,24471.271159400436
215770,43878.016,35222.69234622162
215771,43878.016,31453.962511130707
215772,43878.016,27162.050017712932
215773,43878.016,11454.587204991869
215774,43878.016,32169.78326010813
215775,43878.016,26960.637257384034
215776,43878.016,64427.53320813605
215777,43878.016,45965.32930926088
215778,43878.016,41784.160607829086
215779,43878.016,42592.88508614813
215780,43878.016,43444.085617566976
215781,43878.016,53325.16306780043
215782,43878.016,29604.157708952738
215783,43878.016,17725.378363137366
215784,43878.016,43334.48250633633
215785,43878.016,29931.434630669348
215786,43878.016,46114.97177828844
215787,43878.016,20049.71865201041
215788,43878.016,21171.15574459507
215789,43878.016,44101.61700355972
215790,43878.016,40329.05005093949
215791,43878.016,46988.05012761688
215792,43878.016,44932.24068457827
215793,43878.016,11946.220603094838
215794,43878.016,64016.17662820989
215795,43878.016,47864.036761527386
215796,43878.016,34030.16216722808
215797,43878.016,14032.874018608769
215798,43878.016,18499.934929081046
215799,43878.016,56010.82646443916
215800,43878.016,29997.364322405443
215801,43878.016,33949.83196127625
215802,43878.016,47656.699623816494
215803,43878.016,11797.743195128656
215804,43878.016,37502.4292905648
215805,43878.016,9323.407814227716
215806,43878.016,77851.53164963004
215807,43878.016,63338.721277167984
215808,43878.016,11612.954028398135
215809,43878.016,25485.66271188373
215810,43878.016,16267.25634275944
215811,43878.016,51780.788869398726
215812,43878.016,15046.48345381119
215813,43878.016,50932.89009028924
215814,43878.016,72065.78380685904
215815,43878.016,13717.858921792933
215816,43878.016,41459.33413990075
215817,43878.016,52151.832226437626
215818,43878.016,42140.401103596516
215819,43878.016,21916.312367724702
215820,43878.016,12801.417208516265
215821,43878.016,60655.03372861474
215822,43878.016,38580.85822223803
215823,43878.016,34363.52674386926
215824,43878.016,17558.19912489337
215825,43878.016,7442.3234417604
215826,43878.016,18841.75367129966
215827,43878.016,67664.68833915003
215828,43878.016,34763.29873576117
215829,43878.016,24124.94516079097
215830,43878.016,33170.01583764905
215831,43878.016,55624.74777961338
215832,43878.016,16838.531722342526
215833,43878.016,8717.099710151653
215834,43878.016,36743.12962811732
215835,43878.016,35470.47100232461
215836,43878.016,45762.23445712178
215837,43878.016,22073.95073289305
215838,43878.016,20209.85079161579
215839,43878.016,19144.48740787043
215840,43878.016,24164.12063056416
215841,43878.016,46325.67760882022
215842,43878.016,41728.32165409266
215843,43878.016,38356.57089276226
215844,43878.016,52792.28810549161
215845,43878.016,14372.754850158613
215846,43878.016,8912.232466278516
215847,43878.016,47109.33821818417
215848,43878.016,42476.31813809984
215849,43878.016,11876.354453856064
215850,43878.016,55174.36231144103
215851,43878.016,63403.10886134477
215852,43878.016,78690.47281798226
215853,43878.016,25819.35154992042
215854,43878.016,34508.64524685668
215855,43878.016,47928.21954002535
215856,43878.016,49772.4181018174
215857,43878.016,47766.301977630756
215858,43878.016,41689.337416027905
215859,43878.016,16780.751297545106
215860,43878.016,56270.72488114889
215861,43878.016,36035.82914785949
215862,43878.016,53108.83762784634
215863,43878.016,39128.12911122137
215864,43878.016,49883.59441396116
215865,43878.016,62292.30554076751
215866,43878.016,58994.86971548738
215867,43878.016,22052.72260825257
215868,43878.016,34091.92579836025
215869,43878.016,26097.363499749747
215870,43878.016,25703.913403564908
215871,43878.016,52376.55969051593
215872,43878.016,27168.52510318066
215873,43878.016,19273.006440364126
215874,43878.016,58067.13697297487
215875,43878.016,8775.236057209775
215876,43878.016,24610.610261640315
215877,43878.016,35624.51048900403
215878,43878.016,21317.71505593335
215879,43878.016,57781.29681160672
215880,43878.016,43008.03459536463
215881,43878.016,56866.36185103131
215882,43878.016,16496.095911342374
215883,43878.016,9016.76097214645
215884,43878.016,39631.31204288111
215885,43878.016,24695.05778360546
215886,43878.016,23355.047202729496
215887,43878.016,57204.472398287435
215888,43878.016,9076.592907907829
215889,43878.016,33056.614205311496
215890,43878.016,11747.100025687527
215891,43878.016,52791.60265206641
215892,43878.016,8871.62252023107
215893,43878.016,26145.87808521767
215894,43878.016,32682.356266642175
215895,43878.016,11055.630602448666
215896,43878.016,9998.268582941191
215897,43878.016,13755.201121895878
215898,43878.016,37436.58548308876
215899,43878.016,18921.483679153556
215900,43878.016,44615.695345980836
215901,43878.016,43889.19530881803
215902,43878.016,34452.78733478779
215903,43878.016,12602.768549719196
215904,43878.016,26666.28358204349
215905,43878.016,74794.42781488235
215906,43878.016,32233.43423826287
215907,43878.016,53349.576575855084
215908,43878.016,33973.63422693076
215909,43878.016,28563.70603986864
215910,43878.016,67128.97504099684
215911,43878.016,35500.134261356565
215912,43878.016,24150.922463147763
215913,43878.016,53601.980403127855
215914,43878.016,8366.394913364777
215915,43878.016,16733.573217463225
215916,43878.016,18880.056064947657
215917,43878.016,41043.30999204076
215918,43878.016,10619.832482717273
215919,43878.016,24129.317287934704
215920,43878.016,24406.05795043468
215921,43878.016,31208.241735576823
215922,43878.016,53954.184353793265
215923,43878.016,44821.10116652382
215924,43878.016,9835.316355345314
215925,43878.016,13956.371494489036
215926,43878.016,59921.537961431524
215927,43878.016,47791.54177483422
215928,43878.016,8356.148550402986
215929,43878.016,18466.66246549281
215930,43878.016,32897.998812593
215931,43878.016,20653.18390160861
215932,43878.016,11253.526094399185
215933,43878.016,62952.640051395145
215934,43878.016,7942.24190860372
215935,43878.016,32086.44331779879
215936,43878.016,27616.50626090511
215937,43878.016,41468.748125237245
215938,43878.016,29406.987092469364
215939,43878.016,13898.3094016824
215940,43878.016,43831.06035273013
215941,43878.016,40560.57112378961
215942,43878.016,43310.525811202904
215943,43878.016,19133.84740238473
215944,43878.016,24419.3220751587
215945,43878.016,24813.5924163494
215946,43878.016,18187.885362667334
215947,43878.016,15257.216142016321
215948,43878.016,60487.73808818711
215949,43878.016,55864.05292626413
215950,43878.016,72211.63507367407
215951,43878.016,38378.191305020795
215952,43878.016,53889.55981166945
215953,43878.016,10116.16826446752
215954,43878.016,16586.742251579166
215955,43878.016,8273.973732739329
215956,43878.016,43247.45324943647
215957,43878.016,24518.18282410682
215958,43878.016,13418.976277375736
215959,43878.016,43204.88815459072
215960,43878.016,18586.461946603762
215961,43878.016,40869.70931949822
215962,43878.016,66160.26675740026
215963,43878.016,16013.894303007795
215964,43878.016,23525.239098003214
215965,43878.016,40182.3577377264
215966,43878.016,14328.480695241971
215967,43878.016,8215.145638351309
215968,43878.016,28349.437840741735
215969,43878.016,27797.403192584403
215970,43878.016,34350.99163053843
215971,43878.016,4602.267185783646
215972,43878.016,15631.181353988492
215973,43878.016,19330.445046711433
215974,43878.016,10419.94164038781
215975,43878.016,63084.30905753132
215976,43878.016,13387.95539679636
215977,43878.016,45003.02270349867
215978,43878.016,38777.00061118835
215979,43878.016,10802.879525366186
215980,43878.016,42996.65866017061
215981,43878.016,22614.17928160195
215982,43878.016,45734.36327793028
215983,43878.016,9828.652988045473
215984,43878.016,33008.274082985256
215985,43878.016,17664.734894571677
215986,43878.016,35572.184855782514
215987,43878.016,19310.877337643273
215988,43878.016,66860.34557711588
215989,43878.016,22556.64928030926
215990,43878.016,59129.45902110838
215991,43878.016,57091.2295366309
215992,43878.016,12918.701121072705
215993,43878.016,27211.307206794172
215994,43878.016,38009.325109143305
215995,43878.016,21104.38929568943
215996,43878.016,59396.53928579043
215997,43878.016,50203.4725932394
215998,43878.016,23186.327747288313
215999,43878.016,41228.905624518375
216000,43878.016,28122.92314718733
216001,43878.016,47903.644343932545
216002,43878.016,30329.13768214127
216003,43878.016,15015.116706080558
216004,43878.016,18557.389468398193
216005,43878.016,58212.55849757109
216006,43878.016,13643.94454712125
216007,43878.016,22487.245771475107
216008,43878.016,76482.63006133585
216009,43878.016,22246.08923244404
216010,43878.016,19990.2219943304
216011,43878.016,29689.447695974133
216012,43878.016,40672.36751749107
216013,43878.016,49466.63702623443
216014,43878.016,18182.308362220912
216015,43878.016,46477.295139702524
216016,43878.016,11599.208116702082
216017,43878.016,54801.61083668565
216018,43878.016,13922.018536249829
216019,43878.016,58157.25678338738
216020,43878.016,63146.51705806845
216021,43878.016,39397.046178023964
216022,43878.016,20215.1653206287
216023,43878.016,24298.846722415437
216024,43878.016,29194.452224526834
216025,43878.016,25260.548244177022
216026,43878.016,14835.906514796201
216027,43878.016,31167.773500199288
216028,43878.016,81343.52316474069
216029,43878.016,49410.932854562474
216030,43878.016,30984.511559469323
216031,43878.016,48130.101569230916
216032,43878.016,19045.711684378835
216033,43878.016,26263.604815984552
216034,43878.016,59457.463501622515
216035,43878.016,73856.30848068815
216036,43878.016,38819.65563205765
216037,43878.016,29323.418579950157
216038,43878.016,36858.777837044545
216039,43878.016,49799.24872639353
216040,43878.016,13367.079231921214
216041,43878.016,18725.89036890448
216042,43878.016,79170.47891009935
216043,43878.016,47662.64541939771
216044,43878.016,51222.715224060514
216045,43878.016,29717.33322752484
216046,43878.016,46115.41672738295
216047,43878.016,10172.085240371074
216048,43878.016,41009.13193569191
216049,43878.016,41031.269356942146
216050,43878.016,9844.775892838301
216051,43878.016,11982.306777795831
216052,43878.016,47523.859165367794
216053,43878.016,27350.925859913743
216054,43878.016,55539.722319507826
216055,43878.016,50446.16892027316
216056,43878.016,26812.010720136885
216057,43878.016,53931.19112956777
216058,43878.016,36124.838270190616
216059,43878.016,7404.444579075395
216060,43878.016,18977.263553545825
216061,43878.016,49017.659429785585
216062,43878.016,7802.734564906781
216063,43878.016,69957.40944995153
216064,43878.016,38126.96887296654
216065,43878.016,52659.42323162594
216066,43878.016,8622.488572673277
216067,43878.016,65954.94185853803
216068,43878.016,15796.320365343263
216069,43878.016,17679.736444706745
216070,43878.016,25731.428237286313
216071,43878.016,29673.27513720655
216072,43878.016,49256.153484703595
216073,43878.016,58084.438060013395
216074,43878.016,18334.0129118166
216075,43878.016,59972.786460506155
216076,43878.016,32619.29211192078
216077,43878.016,23718.179304726567
216078,43878.016,24567.411889685227
216079,43878.016,14443.040941137275
216080,43878.016,10109.272898177696
216081,43878.016,22341.656612799077
216082,43878.016,20609.957083925532
216083,43878.016,15128.058956047546
216084,43878.016,59991.010242952056
216085,43878.016,22172.86382167339
216086,43878.016,27928.82876517748
216087,43878.016,16220.290144005887
216088,43878.016,25749.943495947766
216089,43878.016,32180.282961542787
216090,43878.016,19561.315731056784
216091,43878.016,33918.425552818255
216092,43878.016,33888.736358782044
216093,43878.016,24628.18475408915
216094,43878.016,46416.59599798946
216095,43878.016,16471.40523117702
216096,43878.016,51905.66950012917
216097,43878.016,57027.79789229058
216098,43878.016,44677.69234252734
216099,43878.016,24315.754726057137
216100,43878.016,37096.56671638856
216101,43878.016,29416.57871443352
216102,43878.016,45783.06167864324
216103,43878.016,42488.784709857864
216104,43878.016,46413.63760975258
216105,43878.016,17078.66674427942
216106,43878.016,51223.78251785756
216107,43878.016,45978.883404126034
216108,43878.016,36083.17916836274
216109,43878.016,42086.256698887286
216110,43878.016,69215.71936283576
216111,43878.016,54717.0268525385
216112,43878.016,31326.094867487373
216113,43878.016,67604.65272630398
216114,43878.016,40477.84014964959
216115,43878.016,63747.95455716582
216116,43878.016,27402.119315020234
216117,43878.016,12889.68066195059
216118,43878.016,31256.185878036496
216119,43878.016,20434.40471603691
216120,43878.016,23392.220043461228
216121,43878.016,75871.0827862609
216122,43878.016,15651.165389180636
216123,43878.016,13471.232828576929
216124,43878.016,19050.59926917577
216125,43878.016,74002.28756703931
216126,43878.016,15748.278657789035
216127,43878.016,10500.098993961057
216128,43878.016,31204.80165660376
216129,43878.016,16661.780511229565
216130,43878.016,15825.38653934558
216131,43878.016,15819.159393060168
216132,43878.016,17811.377716562856
216133,43878.016,33708.43555441116
216134,43878.016,33753.853479822144
216135,43878.016,7089.820095134599
216136,43878.016,62525.512713665725
216137,43878.016,70800.6628843284
216138,43878.016,38477.25347591447
216139,43878.016,27553.85088469851
216140,43878.016,51030.87444713035
216141,43878.016,16089.257534819653
216142,43878.016,22746.76305834944
216143,43878.016,24789.04269454774
216144,43878.016,21277.08577390796
216145,43878.016,32301.747876579822
216146,43878.016,60146.00819811559
216147,43878.016,59400.985610528456
216148,43878.016,46763.15561659054
216149,43878.016,32781.48314401459
216150,43878.016,38847.541855181444
216151,43878.016,17591.821447116065
216152,43878.016,48212.84912551371
216153,43878.016,23624.74146349266
216154,43878.016,6955.030192898804
216155,43878.016,22403.957596127224
216156,43878.016,14719.491040856308
216157,43878.016,63745.45647582901
216158,43878.016,18792.605533327627
216159,43878.016,10299.498618420324
216160,43878.016,29752.953439778845
216161,43878.016,29092.136853815642
216162,43878.016,54602.23707358271
216163,43878.016,10999.209393070796
216164,43878.016,46406.70279524972
216165,43878.016,11824.65435416628
216166,43878.016,41309.104526542236
216167,43878.016,9129.440608851342
216168,43878.016,56754.49420705947
216169,43878.016,32716.669788108808
216170,43878.016,53929.130455327
216171,43878.016,80290.16118721385
216172,43878.016,72427.47086665445
216173,43878.016,77086.89978851701
216174,43878.016,6731.3229950441155
216175,43878.016,11990.631809989536
216176,43878.016,22167.742472627633
216177,43878.016,13931.705120412149
216178,43878.016,26082.113654860885
216179,43878.016,11323.580664132389
216180,43878.016,19190.82934694441
216181,43878.016,24194.50894512549
216182,43878.016,32746.158347901823
216183,43878.016,47514.42786842642
216184,43878.016,62582.224413495984
216185,43878.016,19153.87933422092
216186,43878.016,56865.15975996123
216187,43878.016,73383.07775120877
216188,43878.016,22121.42614876721
216189,43878.016,10543.333125173882
216190,43878.016,32128.40694390374
216191,43878.016,58737.142463911165
216192,43878.016,15613.72803903217
216193,43878.016,51223.26595599622
216194,43878.016,55735.058537624944
216195,43878.016,10257.645920582017
216196,43878.016,17017.582503435206
216197,43878.016,71099.43750299806
216198,43878.016,55598.640114166185
216199,43878.016,48587.76269084516
216200,43878.016,15314.478906378079
216201,43878.016,56715.195160172145
216202,43878.016,21919.135530062
216203,43878.016,8678.145822340573
216204,43878.016,57993.2521216693
216205,43878.016,31600.593844317642
216206,43878.016,42735.94631916846
216207,43878.016,10952.995849439665
216208,43878.016,7290.097537934601
216209,43878.016,29552.751948967958
216210,43878.016,49412.79789523496
216211,43878.016,29447.000119083088
216212,43878.016,21905.613087393467
216213,43878.016,9263.207099311578
216214,43878.016,49843.04680282622
216215,43878.016,17984.125147994608
216216,43878.016,22814.314930835317
216217,43878.016,28362.53291199471
216218,43878.016,71129.40032337805
216219,43878.016,58562.61490150353
216220,43878.016,16322.317453399228
216221,43878.016,30760.048309655245
216222,43878.016,46518.68881026709
216223,43878.016,18670.462229471
216224,43878.016,66228.90939070293
216225,43878.016,42941.18718695342
216226,43878.016,12428.647936757394
216227,43878.016,18243.389132558554
216228,43878.016,27573.218864707906
216229,43878.016,62856.102693160334
216230,43878.016,19692.178893003147
216231,43878.016,14667.464403304233
216232,43878.016,25130.72771460376
216233,43878.016,40292.596668384205
216234,43878.016,23954.692421176103
216235,43878.016,13107.167357446962
216236,43878.016,20895.67686240556
216237,43878.016,61899.39117397792
216238,43878.016,15385.679876058206
216239,43878.016,49588.8623003497
216240,43878.016,17931.722329040425
216241,43878.016,33091.70038606252
216242,43878.016,20452.58586817124
216243,43878.016,29040.630787160153
216244,43878.016,14687.446355553559
216245,43878.016,39783.40304920672
216246,43878.016,17897.569190609123
216247,43878.016,23502.342700212175
216248,43878.016,59919.429454785015
216249,43878.016,19436.044720637597
216250,43878.016,13725.474075350498
216251,43878.016,31401.658961778347
216252,43878.016,24239.743914613002
216253,43878.016,14253.52918937237
216254,43878.016,31350.346421805363
216255,43878.016,45202.15401423649
216256,43878.016,7633.712793600528
216257,43878.016,15334.537301880642
216258,43878.016,70459.61258097149
216259,43878.016,37592.66552513685
216260,43878.016,22240.976244603393
216261,43878.016,8943.837293383422
216262,43878.016,49213.66682184976
216263,43878.016,63285.264475195
216264,43878.016,20935.498415246304
216265,43878.016,41958.19125208416
216266,43878.016,16748.08091686969
216267,43878.016,24170.81327703807
216268,43878.016,9339.788517828914
216269,43878.016,46782.30847795278
216270,43878.016,50943.99220415068
216271,43878.016,38578.79702890999
216272,43878.016,42423.35384857989
216273,43878.016,51111.1797293897
216274,43878.016,65664.83130088545
216275,43878.016,23781.17574165527
216276,43878.016,20678.901958444036
216277,43878.016,71545.63502842467
216278,43878.016,16126.509532575337
216279,43878.016,8260.014407535877
216280,43878.016,45103.945500478556
216281,43878.016,48874.50490353661
216282,43878.016,43421.21121038473
216283,43878.016,46005.515943003884
216284,43878.016,39915.3797438588
216285,43878.016,32224.496443386593
216286,43878.016,26851.966812142375
216287,43878.016,69670.71573647826
216288,43878.016,16711.727554051224
216289,43878.016,53380.37369926056
216290,43878.016,70833.25771592348
216291,43878.016,20405.54583591086
216292,43878.016,79874.83365205168
216293,43878.016,45915.44729655556
216294,43878.016,11086.174053304452
216295,43878.016,43651.49742865265
216296,43878.016,26919.590316406164
216297,43878.016,56106.1975695277
216298,43878.016,37612.20960047981
216299,43878.016,34818.20665032272
216300,43878.016,8242.446934521815
216301,43878.016,35887.97178515239
216302,43878.016,41005.59038274178
216303,43878.016,7694.795877036312
216304,43878.016,27109.210619634454
216305,43878.016,60791.39566358056
216306,43878.016,30354.756415011354
216307,43878.016,35735.530568539565
216308,43878.016,15282.769340305127
216309,43878.016,13375.164875729031
216310,43878.016,69731.68454796883
216311,43878.016,21398.776349085685
216312,43878.016,18643.421047616892
216313,43878.016,25500.319802582384
216314,43878.016,10906.699547920749
216315,43878.016,6391.416082836573
216316,43878.016,56052.654239871874
216317,43878.016,32216.20144456272
216318,43878.016,33734.7564260204
216319,43878.016,26259.438451991442
216320,43878.016,31525.171889093694
216321,43878.016,7327.015212186499
216322,43878.016,58034.75377426182
216323,43878.016,47308.93783582698
216324,43878.016,42133.57293584838
216325,43878.016,82055.71687981414
216326,43878.016,44437.562849165886
216327,43878.016,40731.91305359993
216328,43878.016,62465.05743860918
216329,43878.016,46923.728592406325
216330,43878.016,11595.91128706266
216331,43878.016,53547.47521564587
216332,43878.016,42708.23841492667
216333,43878.016,10496.081802573148
216334,43878.016,49570.46403701059
216335,43878.016,31159.798457356468
216336,43878.016,6593.807752547327
216337,43878.016,8661.462433636621
216338,43878.016,31386.03838967054
216339,43878.016,30270.51687022504
216340,43878.016,27393.345257992605
216341,43878.016,14566.001832152197
216342,43878.016,28981.69136671266
216343,43878.016,40530.924002260355
216344,43878.016,30913.28808747259
216345,43878.016,13156.007760987404
216346,43878.016,14379.823863314035
216347,43878.016,17684.506944323675
216348,43878.016,71794.71734419899
216349,43878.016,13373.296720883878
216350,43878.016,54111.65700088252
216351,43878.016,37359.6957365402
216352,43878.016,115934.85015305977
216353,43878.016,77996.65069326836
216354,43878.016,47929.66901652076
216355,43878.016,8486.027368789575
216356,43878.016,25067.39809705675
216357,43878.016,8017.89980298924
216358,43878.016,44446.32001873524
216359,43878.016,76421.80873819221
216360,43878.016,28329.137278405582
216361,43878.016,20488.168400298233
216362,43878.016,56189.87049061703
216363,43878.016,25186.54796613866
216364,43878.016,32556.717355600245
216365,43878.016,13497.691109068366
216366,43878.016,8658.638499329358
216367,43878.016,11231.829937292528
216368,43878.016,14825.023278698638
216369,43878.016,39138.64677779624
216370,43878.016,17298.804555783023
216371,43878.016,16911.565329414327
216372,43878.016,9455.399608319456
216373,43878.016,114108.56765614983
216374,43878.016,12032.583943977512
216375,43878.016,44210.78380116969
216376,43878.016,67864.2756619154
216377,43878.016,86136.79216898399
216378,43878.016,56096.83929931446
216379,43878.016,63484.11500901818
216380,43878.016,40388.801068511195
216381,43878.016,36499.36200056456
216382,43878.016,19064.735819881942
216383,43878.016,10204.98557378484
216384,43878.016,63108.728940422276
216385,43878.016,15775.339943243851
216386,43878.016,41801.186690876835
216387,43878.016,34589.00587203618
216388,43878.016,47004.64581412024
216389,43878.016,51316.23875987701
216390,43878.016,21272.698565689934
216391,43878.016,62277.486751017386
216392,43878.016,18157.801572692195
216393,43878.016,63759.111296628886
216394,43878.016,17477.776705957007
216395,43878.016,32649.185372802443
216396,43878.016,10583.543977294134
216397,43878.016,13406.417784399338
216398,43878.016,46407.054764785855
216399,43878.016,61750.54530434204
216400,43878.016,40687.37920369939
216401,43878.016,16842.8501944507
216402,43878.016,19566.82151569935
216403,43878.016,20812.19462789984
216404,43878.016,25381.684181559696
216405,43878.016,40849.73951855409
216406,43878.016,63007.72177403843
216407,43878.016,24969.533290923173
216408,43878.016,15727.953676747085
216409,43878.016,41954.511301352475
216410,43878.016,11854.74751488316
216411,43878.016,15812.308120209287
216412,43878.016,63005.14438627351
216413,43878.016,20873.47988752334
216414,43878.016,19498.840057028465
216415,43878.016,23632.95300397762
216416,43878.016,21017.115732203758
216417,43878.016,70048.18046666971
216418,43878.016,49668.12122818938
216419,43878.016,24384.39751044384
216420,43878.016,14675.152430066026
216421,43878.016,41220.3152506588
216422,43878.016,22092.4745089486
216423,43878.016,18927.942236879804
216424,43878.016,18164.66566834345
216425,43878.016,22175.13518683765
216426,43878.016,15443.48474297869
216427,43878.016,21336.700070180435
216428,43878.016,46596.36077152604
216429,43878.016,47510.94012276586
216430,43878.016,74204.7829688217
216431,43878.016,30846.92466330566
216432,43878.016,45062.6535212951
216433,43878.016,6955.3321283832
216434,43878.016,29597.888920142224
216435,43878.016,29769.634578241406
216436,43878.016,46886.21347891334
216437,43878.016,11018.610804959191
216438,43878.016,26849.507496592672
216439,43878.016,46252.22065350912
216440,43878.016,37352.19879659464
216441,43878.016,60337.624066883596
216442,43878.016,64769.90895064485
216443,43878.016,54334.41750674186
216444,43878.016,48725.19992831284
216445,43878.016,28299.818799943583
216446,43878.016,16101.054918537202
216447,43878.016,21907.088773155476
216448,43878.016,113160.45182005725
216449,43878.016,45238.363711032165
216450,43878.016,22144.803083594405
216451,43878.016,52413.62168606258
216452,43878.016,32543.55320840779
216453,43878.016,77398.4388453967
216454,43878.016,15864.931468020202
216455,43878.016,57879.30009043056
216456,43878.016,23766.233665473086
216457,43878.016,19600.127084315904
216458,43878.016,13204.100018803234
216459,43878.016,7288.383871298176
216460,43878.016,32354.083105414946
216461,43878.016,85192.93310154101
216462,43878.016,24332.23219649546
216463,43878.016,23841.806001722958
216464,43878.016,13916.050004777719
216465,43878.016,7627.747659741332
216466,43878.016,34656.50089616756
216467,43878.016,39265.25151885671
216468,43878.016,22991.890342667113
216469,43878.016,69145.43845168775
216470,43878.016,38221.98391995202
216471,43878.016,18384.92885904958
216472,43878.016,42526.388778827335
216473,43878.016,19678.044672057928
216474,43878.016,12636.264627278879
216475,43878.016,43734.8460591033
216476,43878.016,23642.911111709367
216477,43878.016,25266.784875038196
216478,43878.016,29020.179642416617
216479,43878.016,40880.830238738505
216480,43878.016,17030.640953029317
216481,43878.016,69778.42771913737
216482,43878.016,13995.561533904329
216483,43878.016,30202.672211610578
216484,43878.016,62218.23846434682
216485,43878.016,55988.860864239825
216486,43878.016,29756.322007274197
216487,43878.016,86986.53972768529
216488,43878.016,117977.98775573616
216489,43878.016,51310.5406263571
216490,43878.016,39883.229199996895
216491,43878.016,49496.35047952979
216492,43878.016,62705.65303158763
216493,43878.016,21751.02003064864
216494,43878.016,51802.61762405133
216495,43878.016,11831.703959658273
216496,43878.016,22582.62116837148
216497,43878.016,27084.24547588374
216498,43878.016,58554.03977702513
216499,43878.016,61322.41148606565
216500,43878.016,56152.47037038656
216501,43878.016,63499.962973186775
216502,43878.016,50321.05336692177
216503,43878.016,46596.91837723643
216504,43878.016,40081.95981188825
216505,43878.016,8990.800159794926
216506,43878.016,19887.848379862724
216507,43878.016,15223.874739731522
216508,43878.016,65879.28767395411
216509,43878.016,15315.870930088038
216510,43878.016,53097.843533204905
216511,43878.016,31336.377186325408
216512,43878.016,49533.80888798076
216513,43878.016,8366.454784368596
216514,43878.016,13463.973914831917
216515,43878.016,23388.199870998906
216516,43878.016,38274.57116216724
216517,43878.016,17080.776596091684
216518,43878.016,17833.663083869167
216519,43878.016,53453.75527789086
216520,43878.016,63825.79565428032
216521,43878.016,69564.37484233774
216522,43878.016,59216.571246331114
216523,43878.016,48225.4258526506
216524,43878.016,20703.45246186804
216525,43878.016,24668.060487465806
216526,43878.016,12365.399624566395
216527,43878.016,7283.038150249675
216528,43878.016,31471.717730094013
216529,43878.016,17991.92248838414
216530,43878.016,33836.067650498
216531,43878.016,42036.6947099284
216532,43878.016,27223.93261954351
216533,43878.016,45136.9622149345
216534,43878.016,37022.768891950145
216535,43878.016,63821.15007068501
216536,43878.016,29442.527001841998
216537,43878.016,31526.491242884596
216538,43878.016,59738.91907113436
216539,43878.016,72134.82066670532
216540,43878.016,30775.47678903235
216541,43878.016,30843.34022695824
216542,43878.016,14583.599499900882
216543,43878.016,34002.04362015677
216544,43878.016,11261.60102597484
216545,43878.016,31711.907360862395
216546,43878.016,33935.98412221319
216547,43878.016,11456.704775410748
216548,43878.016,18709.9863386792
216549,43878.016,19906.039555402815
216550,43878.016,20328.105288016668
216551,43878.016,18027.022367923364
216552,43878.016,33333.55556006782
216553,43878.016,10668.129381567313
216554,43878.016,69115.63790514933
216555,43878.016,6364.6341496604
216556,43878.016,45292.504082151805
216557,43878.016,68927.80465631062
216558,43878.016,58914.10774757341
216559,43878.016,25980.123837682142
216560,43878.016,53194.23848679746
216561,43878.016,40268.048407797374
216562,43878.016,31822.24154501795
216563,43878.016,17747.795752728936
216564,43878.016,10047.944563060308
216565,43878.016,26684.576413398423
216566,43878.016,12911.330869363264
216567,43878.016,47312.82679091127
216568,43878.016,14644.494396647644
216569,43878.016,12817.8783594513
216570,43878.016,80828.87221030018
216571,43878.016,17664.592888917607
216572,43878.016,14443.0282072211
216573,43878.016,42091.87262473943
216574,43878.016,89554.1287016341
216575,43878.016,34302.10889089794
216576,43878.016,28578.135812612898
216577,43878.016,48774.392884898414
216578,43878.016,46383.79335605574
216579,43878.016,51237.97504748414
216580,43878.016,50166.29720937616
216581,43878.016,34132.999859099364
216582,43878.016,33916.8833783173
216583,43878.016,11379.483006467131
216584,43878.016,25102.054286402035
216585,43878.016,30703.718637050275
216586,43878.016,16744.509397691603
216587,43878.016,35029.27802308141
216588,43878.016,13821.178881499007
216589,43878.016,10680.85152904014
216590,43878.016,10790.03498624358
216591,43878.016,64454.49017325997
216592,43878.016,25079.637336125917
216593,43878.016,58258.80134693597
216594,43878.016,61289.36219053961
216595,43878.016,31679.412141339053
216596,43878.016,63064.434331963304
216597,43878.016,24168.55775538307
216598,43878.016,25929.156534224487
216599,43878.016,17855.449789405553
216600,43878.016,26829.60534031936
216601,43878.016,27667.710564270317
216602,43878.016,44682.63501529581
216603,43878.016,11074.95797010186
216604,43878.016,24995.03204727862
216605,43878.016,17554.501947360463
216606,43878.016,77820.70805114546
216607,43878.016,16217.345685328874
216608,43878.016,18984.436343915786
216609,43878.016,40837.93839257136
216610,43878.016,22416.278669606927
216611,43878.016,20502.282847202438
216612,43878.016,58782.2400498032
216613,43878.016,26858.302145079877
216614,43878.016,33808.56753810585
216615,43878.016,55390.8255156035
216616,43878.016,22825.588990579912
216617,43878.016,17182.984121944657
216618,43878.016,54663.64248751695
216619,43878.016,38140.08984071892
216620,43878.016,64018.50085653556
216621,43878.016,20636.75699064017
216622,43878.016,48601.53843741932
216623,43878.016,28685.17924091646
216624,43878.016,44961.09118934566
216625,43878.016,12525.605294389505
216626,43878.016,30488.96592289562
216627,43878.016,53724.17593628069
216628,43878.016,54477.41724200302
216629,43878.016,16088.463263611759
216630,43878.016,17970.869820448934
216631,43878.016,46894.616558592774
216632,43878.016,33379.93711392679
216633,43878.016,36718.603914358355
216634,43878.016,30626.274995182215
216635,43878.016,38145.9852649396
216636,43878.016,45400.59410836765
216637,43878.016,22757.52143801619
216638,43878.016,30532.014658810916
216639,43878.016,14278.437204525144
216640,43878.016,11256.553628700676
216641,43878.016,28013.43196925192
216642,43878.016,26292.340507824076
216643,43878.016,12675.433673995734
216644,43878.016,49601.032957668656
216645,43878.016,55339.97190458757
216646,43878.016,17764.339891769287
216647,43878.016,53854.46068735546
216648,43878.016,9968.596151475982
216649,43878.016,34639.34387283975
216650,43878.016,23544.13154861858
216651,43878.016,21170.14756363419
216652,43878.016,85296.23128654274
216653,43878.016,12459.558576728838
216654,43878.016,12419.88626715092
216655,43878.016,51525.13282564656
216656,43878.016,17030.826980656766
216657,43878.016,35179.11108276573
216658,43878.016,18248.98220534941
216659,43878.016,12175.360828220768
216660,43878.016,48626.57783463167
216661,43878.016,39113.03778639754
216662,43878.016,49099.96211124319
216663,43878.016,32997.276193367965
216664,43878.016,30408.19403156248
216665,43878.016,26498.13585540613
216666,43878.016,61507.34148395246
216667,43878.016,40230.087999617215
216668,43878.016,17032.81603953493
216669,43878.016,12303.848756861926
216670,43878.016,14868.336542492836
216671,43878.016,44478.12601838216
216672,43878.016,12608.558499593635
216673,43878.016,59898.09419337364
216674,43878.016,35051.56551961455
216675,43878.016,36031.313579313806
216676,43878.016,30586.992648003306
216677,43878.016,21041.88393839715
216678,43878.016,58841.69545581569
216679,43878.016,6132.406162400682
216680,43878.016,57040.16106979006
216681,43878.016,13879.47060975914
216682,43878.016,21154.5872796274
216683,43878.016,10579.878485083502
216684,43878.016,16023.307801109202
216685,43878.016,51736.83181566724
216686,43878.016,22071.01727453584
216687,43878.016,66264.52251530271
216688,43878.016,59616.152807819104
216689,43878.016,55832.11277159866
216690,43878.016,46209.124789115536
216691,43878.016,46787.64340860053
216692,43878.016,37340.60559188688
216693,43878.016,106152.04177102353
216694,43878.016,42988.93895866026
216695,43878.016,15741.332366331788
216696,43878.016,45820.75219605258
216697,43878.016,17692.94606583919
216698,43878.016,26540.2124123987
216699,43878.016,47180.32704973136
216700,43878.016,48708.17004365028
216701,43878.016,62423.465659679
216702,43878.016,43141.234109805
216703,43878.016,16486.809095690896
216704,43878.016,30121.327442679074
216705,43878.016,50098.00670573497
216706,43878.016,69647.6186007635
216707,43878.016,28404.392254473783
216708,43878.016,56411.18912622575
216709,43878.016,54556.180692242
216710,43878.016,80952.68961783421
216711,43878.016,35237.97481911987
216712,43878.016,12144.779973303894
216713,43878.016,26540.564945692804
216714,43878.016,58157.15780684408
216715,43878.016,66104.89308842643
216716,43878.016,52381.8904707118
216717,43878.016,27688.42698361325
216718,43878.016,26505.04958201284
216719,43878.016,37392.351750094494
216720,43878.016,18549.87999997034
216721,43878.016,25995.92189184712
216722,43878.016,17912.83269434755
216723,43878.016,16211.688838423262
216724,43878.016,32591.858947989105
216725,43878.016,60497.252353059215
216726,43878.016,15493.049850090678
216727,43878.016,46695.42636194239
216728,43878.016,30991.28999530138
216729,43878.016,37086.49156913197
216730,43878.016,65512.00496491919
216731,43878.016,13038.189874311363
216732,43878.016,26512.333833695557
216733,43878.016,17618.067328571648
216734,43878.016,15372.415081706795
216735,43878.016,43778.282514653845
216736,43878.016,21127.189473917813
216737,43878.016,55224.13467839299
216738,43878.016,83417.28239463572
216739,43878.016,33450.10490823197
216740,43878.016,21119.02338531377
216741,43878.016,71908.67701832096
216742,43878.016,46360.76503315623
216743,43878.016,14769.279959159223
216744,43878.016,49502.55110104272
216745,43878.016,28631.013292013813
216746,43878.016,21491.999128347743
216747,43878.016,37858.04378145262
216748,43878.016,40198.545230403164
216749,43878.016,18184.601608144898
216750,43878.016,15925.478035936918
216751,43878.016,38425.07413828259
216752,43878.016,58649.471004315456
216753,43878.016,26520.88533316507
216754,43878.016,27784.985657125413
216755,43878.016,19111.219278552715
216756,43878.016,28102.52130440756
216757,43878.016,29309.50983545251
216758,43878.016,47879.44313894962
216759,43878.016,10153.170090284055
216760,43878.016,16788.768362110713
216761,43878.016,79610.79333911171
216762,43878.016,24645.2581499421
216763,43878.016,61370.27995697336
216764,43878.016,39397.49578250004
216765,43878.016,17709.59406603367
216766,43878.016,14011.558104767078
216767,43878.016,14260.51190900507
216768,43878.016,12749.608966507056
216769,43878.016,27300.20373871169
216770,43878.016,57754.894004591326
216771,43878.016,44440.73294202276
216772,43878.016,33862.01834559112
216773,43878.016,14653.94227697534
216774,43878.016,39370.127146922394
216775,43878.016,34034.64731894141
216776,43878.016,42395.15631288675
216777,43878.016,37963.31640241851
216778,43878.016,10189.5284069805
216779,43878.016,63067.56147938601
216780,43878.016,41964.18303292327
216781,43878.016,4671.695867076258
216782,43878.016,25575.225474883802
216783,43878.016,67855.40829934663
216784,43878.016,34560.28361024267
216785,43878.016,13960.563976572757
216786,43878.016,54368.41692368709
216787,43878.016,25139.038486365476
216788,43878.016,20149.68605920331
216789,43878.016,46713.30175735551
216790,43878.016,15801.093875325652
216791,43878.016,8125.643956691733
216792,43878.016,24472.646700907215
216793,43878.016,27299.19040628854
216794,43878.016,30585.25087657301
216795,43878.016,34528.54915661066
216796,43878.016,10880.062017059981
216797,43878.016,35038.36068300634
216798,43878.016,51049.14302127073
216799,43878.016,53879.36658939166
216800,43878.016,58146.60960991627
216801,43878.016,61598.55008819488
216802,43878.016,30488.453409235397
216803,43878.016,30923.08294406598
216804,43878.016,18243.90429873586
216805,43878.016,7228.616257101172
216806,43878.016,46627.94190485624
216807,43878.016,20666.481644372176
216808,43878.016,15643.34446004988
216809,43878.016,42100.53615482951
216810,43878.016,45992.50059373462
216811,43878.016,60288.40108816554
216812,43878.016,7692.214380945709
216813,43878.016,21207.049570286254
216814,43878.016,54203.08506577054
216815,43878.016,19668.224595782143
216816,43878.016,28037.738230146944
216817,43878.016,49230.56320990666
216818,43878.016,34809.49502229789
216819,43878.016,35420.28206984442
216820,43878.016,36666.61890564513
216821,43878.016,35930.96246985656
216822,43878.016,14197.630639415347
216823,43878.016,15468.623093703223
216824,43878.016,55607.10450774362
216825,43878.016,26076.38160026585
216826,43878.016,98137.7873455448
216827,43878.016,34808.81874692353
216828,43878.016,10393.488082292599
216829,43878.016,52860.18451789142
216830,43878.016,45263.38223236288
216831,43878.016,12569.255659978815
216832,43878.016,9872.657959430922
216833,43878.016,18422.864024693987
216834,43878.016,7872.994436633478
216835,43878.016,17409.51824819459
216836,43878.016,43645.1913965012
216837,43878.016,36261.630603409234
216838,43878.016,43869.00066241777
216839,43878.016,32306.674325159194
216840,43878.016,40813.91396632908
216841,43878.016,27766.056338479706
216842,43878.016,6962.715760934296
216843,43878.016,22588.4694452403
216844,43878.016,18946.259325570834
216845,43878.016,13113.467789954939
216846,43878.016,41323.39709889811
216847,43878.016,14774.208038017772
216848,43878.016,35144.041869939254
216849,43878.016,17016.696625011795
216850,43878.016,60869.25003424674
216851,43878.016,30113.997340109
216852,43878.016,15238.934067844815
216853,43878.016,21847.21609636046
216854,43878.016,9374.044749280409
216855,43878.016,10868.059700732741
216856,43878.016,15221.738334962894
216857,43878.016,34022.12487554015
216858,43878.016,43788.880061641714
216859,43878.016,62414.30256159703
216860,43878.016,49127.798758166115
216861,43878.016,42133.23867158852
216862,43878.016,53359.01236592621
216863,43878.016,45245.52636905167
216864,43878.016,27177.960989030817
216865,43878.016,61051.52040517536
216866,43878.016,15690.72287282891
216867,43878.016,19509.736644512705
216868,43878.016,9449.17859790242
216869,43878.016,33886.36903364693
216870,43878.016,81936.43469589546
216871,43878.016,19472.11408740225
216872,43878.016,31261.668725416734
216873,43878.016,49756.12125406779
216874,43878.016,13727.886940440583
216875,43878.016,11606.831326846015
216876,43878.016,18483.067204937717
216877,43878.016,121790.8171932711
216878,43878.016,72129.25678937609
216879,43878.016,22728.37586964846
216880,43878.016,48785.80195446053
216881,43878.016,18177.056509156253
216882,43878.016,14221.305235450762
216883,43878.016,36308.868026933706
216884,43878.016,47758.17162099811
216885,43878.016,9046.31375553599
216886,43878.016,46797.67372650318
216887,43878.016,10932.90908740421
216888,43878.016,67049.38100005234
216889,43878.016,18625.321428875763
216890,43878.016,12124.052463531094
216891,43878.016,13845.115014710997
216892,43878.016,26252.676069797275
216893,43878.016,15774.254204055385
216894,43878.016,33051.58638601037
216895,43878.016,9416.412593662015
216896,43878.016,40273.6278428015
216897,43878.016,50268.56008181333
216898,43878.016,44469.60663463034
216899,43878.016,50365.288818485984
216900,43878.016,47915.23087569425
216901,43878.016,70921.71718831784
216902,43878.016,33316.27046417645
216903,43878.016,28043.241113143034
216904,43878.016,11538.962335755044
216905,43878.016,22645.910641073617
216906,43878.016,32482.76863287452
216907,43878.016,27903.487874514816
216908,43878.016,47107.17651065262
216909,43878.016,42657.4986449947
216910,43878.016,34636.82865958894
216911,43878.016,19066.611592306926
216912,43878.016,21123.922567354555
216913,43878.016,55256.92967357496
216914,43878.016,39977.44457936896
216915,43878.016,38296.04602171631
216916,43878.016,60908.207603410454
216917,43878.016,42890.98521791941
216918,43878.016,69872.0115430607
216919,43878.016,25032.188784629474
216920,43878.016,24255.474606972784
216921,43878.016,19158.5350429835
216922,43878.016,8991.769991074543
216923,43878.016,22966.36928643391
216924,43878.016,18512.79219571734
216925,43878.016,65076.93872338108
216926,43878.016,32249.304474193403
216927,43878.016,27603.036877804636
216928,43878.016,39138.41841208584
216929,43878.016,16457.142052688672
216930,43878.016,59229.69701637123
216931,43878.016,45671.34330506903
216932,43878.016,19956.34841307101
216933,43878.016,22269.922752879247
216934,43878.016,8601.13938028734
216935,43878.016,12233.24301073352
216936,43878.016,48518.29175492103
216937,43878.016,51289.52622067171
216938,43878.016,24915.08763249725
216939,43878.016,21012.57339098933
216940,43878.016,44618.79397350964
216941,43878.016,46672.231396318726
216942,43878.016,43053.65459605983
216943,43878.016,29302.362403562012
216944,43878.016,40042.22500480439
216945,43878.016,49742.76811792537
216946,43878.016,29194.488005606
216947,43878.016,10458.34987702414
216948,43878.016,11171.419332324636
216949,43878.016,32782.82301564869
216950,43878.016,40190.87342052237
216951,43878.016,12226.90119687781
216952,43878.016,48461.22489171293
216953,43878.016,14024.703320015375
216954,43878.016,10994.565557368103
216955,43878.016,19868.262359069544
216956,43878.016,10192.022562432472
216957,43878.016,57421.88597828731
216958,43878.016,13803.710753370971
216959,43878.016,72699.44387993599
216960,43878.016,28320.204214763133
216961,43878.016,25463.27995436878
216962,43878.016,46529.2544312859
216963,43878.016,28249.95972186202
216964,43878.016,25401.66512443712
216965,43878.016,42727.79015039679
216966,43878.016,19414.28982058511
216967,43878.016,15340.437894595574
216968,43878.016,13599.507861621869
216969,43878.016,12100.106661111638
216970,43878.016,64470.79622550487
216971,43878.016,14420.086924585963
216972,43878.016,38521.211454316945
216973,43878.016,19696.879466885217
216974,43878.016,29076.919591740974
216975,43878.016,30974.12261590237
216976,43878.016,111640.86812463401
216977,43878.016,52604.18327774718
216978,43878.016,10048.849429478916
216979,43878.016,17401.18977119647
216980,43878.016,53914.66668558441
216981,43878.016,7278.973265432027
216982,43878.016,65107.72022825236
216983,43878.016,41480.553925887856
216984,43878.016,25016.714827341748
216985,43878.016,62537.34504009835
216986,43878.016,7342.271062827983
216987,43878.016,20414.42866398781
216988,43878.016,22407.78010711254
216989,43878.016,33384.78466891158
216990,43878.016,74221.38672404688
216991,43878.016,25795.158951821475
216992,43878.016,41652.72193993475
216993,43878.016,42265.00389849549
216994,43878.016,32769.00643558863
216995,43878.016,21952.439825352074
216996,43878.016,11421.193977421002
216997,43878.016,82269.37337510614
216998,43878.016,12387.859118240473
216999,43878.016,42709.67483237568
217000,43878.016,31999.559506403417
217001,43878.016,72842.94739373942
217002,43878.016,17013.962171341696
217003,43878.016,59124.95423162517
217004,43878.016,12411.688306206286
217005,43878.016,47510.69501006602
217006,43878.016,72088.51747164917
217007,43878.016,7824.149483255617
217008,43878.016,72511.96277343802
217009,43878.016,11862.063357175894
217010,43878.016,51993.78841909349
217011,43878.016,46604.577461752066
217012,43878.016,8873.701024013217
217013,43878.016,56577.860421837526
217014,43878.016,41846.718587178446
217015,43878.016,56741.6452105702
217016,43878.016,37471.08206431173
217017,43878.016,9429.597851392013
217018,43878.016,30368.94129283357
217019,43878.016,113974.5444170796
217020,43878.016,23966.249699072854
217021,43878.016,63186.54822958919
217022,43878.016,17676.265150198356
217023,43878.016,22859.80698468926
217024,43878.016,29289.270769744468
217025,43878.016,7732.535566774309
217026,43878.016,53170.04537878269
217027,43878.016,55830.222201667704
217028,43878.016,8205.779656498044
217029,43878.016,19288.876479729406
217030,43878.016,20538.214760761577
217031,43878.016,9521.222412285888
217032,43878.016,69166.12332604574
217033,43878.016,8005.857754596517
217034,43878.016,32697.555376814304
217035,43878.016,33801.54356800704
217036,43878.016,55025.59725886373
217037,43878.016,14663.054035617692
217038,43878.016,42783.593050030104
217039,43878.016,49762.082813551555
217040,43878.016,4547.625266728883
217041,43878.016,23933.278887059132
217042,43878.016,54737.06782653396
217043,43878.016,27260.32157228638
217044,43878.016,58981.79216842706
217045,43878.016,26422.99737596506
217046,43878.016,17355.91479371496
217047,43878.016,75114.99878507477
217048,43878.016,60737.78032536492
217049,43878.016,58916.338965818264
217050,43878.016,41705.07741850967
217051,43878.016,30824.162933115396
217052,43878.016,56025.75116691254
217053,43878.016,16269.58047924002
217054,43878.016,44950.21017239503
217055,43878.016,25361.06438697524
217056,43878.016,49254.74658760443
217057,43878.016,48187.94629034741
217058,43878.016,25907.212765731532
217059,43878.016,26051.44298340781
217060,43878.016,15145.809270311443
217061,43878.016,72336.53819987102
217062,43878.016,65674.28755792993
217063,43878.016,21501.584893578838
217064,43878.016,13989.015084905695
217065,43878.016,52362.675586003505
217066,43878.016,57229.34329680772
217067,43878.016,59088.56883550918
217068,43878.016,6897.632631099144
217069,43878.016,14001.430079970794
217070,43878.016,13023.05584382283
217071,43878.016,47629.54061665701
217072,43878.016,23800.3753391825
217073,43878.016,21828.28960184576
217074,43878.016,23493.487657251637
217075,43878.016,38229.71074393848
217076,43878.016,62849.43027543708
217077,43878.016,25982.116680586027
217078,43878.016,16497.910965363782
217079,43878.016,29085.25372762585
217080,43878.016,8977.249289600877
217081,43878.016,43398.44578625602
217082,43878.016,8910.77266044842
217083,43878.016,23218.913798879563
217084,43878.016,24395.151000779977
217085,43878.016,38011.20636949161
217086,43878.016,23491.916744671133
217087,43878.016,50468.64912471471
217088,43878.016,43099.75431620798
217089,43878.016,42053.085228505275
217090,43878.016,47469.80468966861
217091,43878.016,26436.540517721958
217092,43878.016,50703.6420939515
217093,43878.016,8364.206584408572
217094,43878.016,34281.332417963626
217095,43878.016,30219.665723241058
217096,43878.016,25782.41722462373
217097,43878.016,9643.188478303895
217098,43878.016,35878.8050605616
217099,43878.016,38339.249310402374
217100,43878.016,45460.49189125053
217101,43878.016,16032.736533382355
217102,43878.016,29954.884683156255
217103,43878.016,56791.69482225252
217104,43878.016,29495.992732166793
217105,43878.016,37903.95821867524
217106,43878.016,16259.336201794315
217107,43878.016,31550.88408447051
217108,43878.016,43442.15358252156
217109,43878.016,16789.598243701766
217110,43878.016,27508.14910738516
217111,43878.016,34797.48009132248
217112,43878.016,20801.682533757255
217113,43878.016,58208.7126006198
217114,43878.016,30295.42806184181
217115,43878.016,57684.87025654051
217116,43878.016,19064.33968284637
217117,43878.016,28492.55188223622
217118,43878.016,48299.217185161884
217119,43878.016,32375.20146766129
217120,43878.016,15459.407098090098
217121,43878.016,59081.55196419307
217122,43878.016,7369.018498331076
217123,43878.016,6470.968064925151
217124,43878.016,60029.42039049057
217125,43878.016,32611.95936015538
217126,43878.016,75180.67029207113
217127,43878.016,13591.986854126744
217128,43878.016,23584.08265506453
217129,43878.016,55225.615785923386
217130,43878.016,41905.776418205765
217131,43878.016,21750.465656218716
217132,43878.016,19593.059149697616
217133,43878.016,80175.69908594972
217134,43878.016,11547.091324741446
217135,43878.016,11668.434012720638
217136,43878.016,20422.495339229667
217137,43878.016,38504.643767655165
217138,43878.016,16153.253304107886
217139,43878.016,19030.874048482703
217140,43878.016,12624.365746315221
217141,43878.016,42950.12160955864
217142,43878.016,11435.296433043228
217143,43878.016,67133.67661431173
217144,43878.016,37558.47315636076
217145,43878.016,24009.32895397671
217146,43878.016,30383.305842000947
217147,43878.016,61418.364149298395
217148,43878.016,16536.95481480361
217149,43878.016,11664.525473189327
217150,43878.016,45462.96947943319
217151,43878.016,18890.06236311832
217152,43878.016,5594.919135318735
217153,43878.016,20706.917700828668
217154,43878.016,38854.561174259645
217155,43878.016,35857.356016290134
217156,43878.016,52757.4664096089
217157,43878.016,35460.54394222475
217158,43878.016,48341.21905156702
217159,43878.016,26409.81818997909
217160,43878.016,15898.555739277017
217161,43878.016,13854.870850506484
217162,43878.016,34630.40420130971
217163,43878.016,17758.53533925657
217164,43878.016,31147.572761478325
217165,43878.016,40511.63454256492
217166,43878.016,73820.87175723661
217167,43878.016,38586.12977451673
217168,43878.016,46148.55790166257
217169,43878.016,61426.68967474681
217170,43878.016,55829.50400869593
217171,43878.016,57865.469810060255
217172,43878.016,45987.04488335423
217173,43878.016,12140.480737192072
217174,43878.016,27795.41435899408
217175,43878.016,40200.47425273517
217176,43878.016,60399.23291000237
217177,43878.016,44599.298486408974
217178,43878.016,40703.06790344209
217179,43878.016,13898.548216742947
217180,43878.016,79169.79441229027
217181,43878.016,48115.03172712397
217182,43878.016,16809.242214331523
217183,43878.016,16367.798718452785
217184,43878.016,39986.26608409333
217185,43878.016,37896.06720206411
217186,43878.016,44441.084752127164
217187,43878.016,28299.320028710034
217188,43878.016,41086.68583865803
217189,43878.016,30825.27264291613
217190,43878.016,23271.68681990739
217191,43878.016,85562.51959288513
217192,43878.016,37971.261652788235
217193,43878.016,16804.583896336262
217194,43878.016,34103.96036083699
217195,43878.016,88340.54067899258
217196,43878.016,18151.04653905323
217197,43878.016,23900.55404585839
217198,43878.016,45349.65275231365
217199,43878.016,56483.46373328518
217200,43878.016,50096.73488220473
217201,43878.016,14216.594370768571
217202,43878.016,12475.166158949996
217203,43878.016,32528.67880773648
217204,43878.016,49981.80678606723
217205,43878.016,54903.5543701969
217206,43878.016,16609.581310306334
217207,43878.016,45019.12671781154
217208,43878.016,48860.34652632672
217209,43878.016,31782.879443129572
217210,43878.016,56341.030720631425
217211,43878.016,30562.320172503252
217212,43878.016,63665.30790556903
217213,43878.016,53222.93309297405
217214,43878.016,22892.80199605083
217215,43878.016,39552.61644694999
217216,43878.016,53328.78634554643
217217,43878.016,43964.73725516429
217218,43878.016,13349.674318420579
217219,43878.016,70645.4221579694
217220,43878.016,37104.683622284676
217221,43878.016,43879.680107010034
217222,43878.016,14354.679275270291
217223,43878.016,20369.327627547984
217224,43878.016,25083.90654865771
217225,43878.016,18417.4085567884
217226,43878.016,45457.06934125648
217227,43878.016,28255.459630601177
217228,43878.016,39905.93172992635
217229,43878.016,12032.199184354768
217230,43878.016,116842.857914848
217231,43878.016,25332.83864165339
217232,43878.016,19279.5190991098
217233,43878.016,28925.76378944705
217234,43878.016,64115.43252151004
217235,43878.016,39033.94764417563
217236,43878.016,11366.819586124524
217237,43878.016,28817.298241875418
217238,43878.016,27114.7586381251
217239,43878.016,21973.4879397366
217240,43878.016,27885.434995640702
217241,43878.016,14686.548257547827
217242,43878.016,10742.386322925191
217243,43878.016,45527.667581974456
217244,43878.016,24913.158948557117
217245,43878.016,43848.859481860774
217246,43878.016,16634.469513569144
217247,43878.016,49505.113151919584
217248,43878.016,70705.30258498692
217249,43878.016,55205.319943593684
217250,43878.016,26416.11555131545
217251,43878.016,39710.37477402188
217252,43878.016,5855.2908361403015
217253,43878.016,47820.765218208755
217254,43878.016,6261.365747559383
217255,43878.016,49238.29917945212
217256,43878.016,11211.050983547908
217257,43878.016,26828.21206724592
217258,43878.016,36377.85367474162
217259,43878.016,14243.542940101628
217260,43878.016,35507.40594879325
217261,43878.016,36127.163722901874
217262,43878.016,21890.29779718383
217263,43878.016,56673.098516252445
217264,43878.016,64876.561244636796
217265,43878.016,50063.562809869625
217266,43878.016,20808.538193489017
217267,43878.016,31086.765223822513
217268,43878.016,52884.800534299095
217269,43878.016,12877.961066237602
217270,43878.016,16846.028072663586
217271,43878.016,52046.17693519408
217272,43878.016,47543.70325742197
217273,43878.016,29947.87221407779
217274,43878.016,16685.983385504784
217275,43878.016,50653.89778826588
217276,43878.016,31586.467301595785
217277,43878.016,10650.065635013547
217278,43878.016,37499.63097675343
217279,43878.016,6093.595693695357
217280,43878.016,41456.661892834716
217281,43878.016,44447.51994462364
217282,43878.016,33701.561343260306
217283,43878.016,33089.7981034598
217284,43878.016,67103.52717381297
217285,43878.016,15385.897873181093
217286,43878.016,50867.03744868758
217287,43878.016,30468.443014564094
217288,43878.016,58196.59174172512
217289,43878.016,34583.612193881076
217290,43878.016,66840.60291388651
217291,43878.016,23530.091425810453
217292,43878.016,51161.46089805662
217293,43878.016,49938.42372968018
217294,43878.016,19065.506071452626
217295,43878.016,72328.16483973949
217296,43878.016,52516.68764042712
217297,43878.016,36959.555208074176
217298,43878.016,72064.2972897268
217299,43878.016,10871.691110215845
217300,43878.016,12633.328896997888
217301,43878.016,37923.49507784467
217302,43878.016,14888.19232490403
217303,43878.016,9003.600211945377
217304,43878.016,15145.242326426978
217305,43878.016,62989.529942800225
217306,43878.016,21764.16647383576
217307,43878.016,21272.39285372845
217308,43878.016,8911.644294405445
217309,43878.016,9538.949420745394
217310,43878.016,42172.6364604784
217311,43878.016,40559.95396468707
217312,43878.016,51305.91941229677
217313,43878.016,51193.3691592323
217314,43878.016,42610.31367681913
217315,43878.016,27713.591713176746
217316,43878.016,50411.582541154814
217317,43878.016,15987.598797496108
217318,43878.016,60867.5734270754
217319,43878.016,11052.514833235762
217320,43878.016,37799.77598244398
217321,43878.016,34881.096908188534
217322,43878.016,11932.300072802107
217323,43878.016,5043.096012607697
217324,43878.016,23688.026847407917
217325,43878.016,22861.328332958197
217326,43878.016,50768.84824866158
217327,43878.016,11568.96682829626
217328,43878.016,43799.3381462869
217329,43878.016,48254.26553823699
217330,43878.016,31457.215474012482
217331,43878.016,14631.98251667378
217332,43878.016,17460.28792852337
217333,43878.016,13805.412678016397
217334,43878.016,13861.250777791996
217335,43878.016,61296.84281195636
217336,43878.016,17565.82245372799
217337,43878.016,16472.932138922373
217338,43878.016,19162.49383881597
217339,43878.016,77358.421491936
217340,43878.016,10791.003591453515
217341,43878.016,59993.52629702074
217342,43878.016,35948.61675279651
217343,43878.016,62266.263715483256
217344,43878.016,23582.46561139777
217345,43878.016,27964.43620743859
217346,43878.016,47790.76628052498
217347,43878.016,24413.309591627596
217348,43878.016,58307.98054648403
217349,43878.016,22161.616170817324
217350,43878.016,50469.607138861196
217351,43878.016,8835.952558950188
217352,43878.016,57011.66278758552
217353,43878.016,40173.20147099651
217354,43878.016,19078.81261477545
217355,43878.016,80561.76487424497
217356,43878.016,22191.18988250028
217357,43878.016,25180.43378413439
217358,43878.016,17575.253567527496
217359,43878.016,41605.78619692861
217360,43878.016,39838.000295374884
217361,43878.016,37173.71342665363
217362,43878.016,40084.68000221234
217363,43878.016,10245.775970809547
217364,43878.016,52628.73449436913
217365,43878.016,12330.26140171348
217366,43878.016,49913.47428313591
217367,43878.016,42923.59157736819
217368,43878.016,10675.282245244225
217369,43878.016,51832.19317137305
217370,43878.016,58153.92036272986
217371,43878.016,57532.75339203207
217372,43878.016,42234.50687880398
217373,43878.016,13151.078803687698
217374,43878.016,19489.90777713768
217375,43878.016,38514.630371291634
217376,43878.016,32756.62736559188
217377,43878.016,53197.766340251415
217378,43878.016,26063.16070491141
217379,43878.016,72231.5563300925
217380,43878.016,56638.71820392815
217381,43878.016,73210.99428328492
217382,43878.016,30116.528416469788
217383,43878.016,53512.56061211584
217384,43878.016,46598.508791903536
217385,43878.016,41261.23281429071
217386,43878.016,18773.577814741842
217387,43878.016,52071.41630434551
217388,43878.016,65768.3564272204
217389,43878.016,63855.36582868867
217390,43878.016,37326.41126298112
217391,43878.016,83530.49609914607
217392,43878.016,72266.03871841294
217393,43878.016,26559.937912658057
217394,43878.016,59164.843984514504
217395,43878.016,65332.8366617023
217396,43878.016,44591.22781502906
217397,43878.016,23305.92548620582
217398,43878.016,49508.59623104749
217399,43878.016,71359.52655625799
217400,43878.016,46339.42531583851
217401,43878.016,35014.614892473335
217402,43878.016,37025.47870222082
217403,43878.016,28871.23142378829
217404,43878.016,18170.171881697795
217405,43878.016,37324.68642006092
217406,43878.016,47599.433989083496
217407,43878.016,59362.827106708726
217408,43878.016,7653.1189308748035
217409,43878.016,28247.006892411908
217410,43878.016,49739.443916661636
217411,43878.016,55492.96759757815
217412,43878.016,60983.95012246344
217413,43878.016,25679.09384980108
217414,43878.016,49886.06700216935
217415,43878.016,7622.712210505716
217416,43878.016,39322.42610497882
217417,43878.016,41177.160076171676
217418,43878.016,52204.3141403336
217419,43878.016,53789.350562243366
217420,43878.016,12145.690896543843
217421,43878.016,19237.412514820306
217422,43878.016,26857.917929984436
217423,43878.016,44366.79103499633
217424,43878.016,30352.298614335043
217425,43878.016,51951.92718669911
217426,43878.016,35127.37993174705
217427,43878.016,8697.278579748128
217428,43878.016,50822.93930386449
217429,43878.016,10058.508993271496
217430,43878.016,18217.674152240805
217431,43878.016,6722.352865387269
217432,43878.016,19667.05167131075
217433,43878.016,41838.0016053985
217434,43878.016,24948.462229265922
217435,43878.016,28639.00158329771
217436,43878.016,57019.783421236345
217437,43878.016,30653.16154595977
217438,43878.016,40153.545908208296
217439,43878.016,22761.77158673262
217440,43878.016,3671.107408125621
217441,43878.016,15736.005806323807
217442,43878.016,62783.47034069789
217443,43878.016,84068.95503898435
217444,43878.016,40916.96789668704
217445,43878.016,37784.724139483595
217446,43878.016,8250.18517281854
217447,43878.016,23181.888263799163
217448,43878.016,22697.87161033009
217449,43878.016,35748.866937120845
217450,43878.016,39418.47974737046
217451,43878.016,26069.372970997563
217452,43878.016,15019.203216929376
217453,43878.016,9083.560063456383
217454,43878.016,16729.33948862385
217455,43878.016,7703.778994292431
217456,43878.016,39623.767312747426
217457,43878.016,65713.40341110228
217458,43878.016,48675.42144214193
217459,43878.016,36349.02754264063
217460,43878.016,20901.73403494587
217461,43878.016,28899.83099958103
217462,43878.016,49561.24920535018
217463,43878.016,31695.551263291094
217464,43878.016,69760.45081722962
217465,43878.016,21682.61559767165
217466,43878.016,21947.26284945853
217467,43878.016,35342.487573779086
217468,43878.016,72280.67520908301
217469,43878.016,37243.03675289489
217470,43878.016,43293.218414210765
217471,43878.016,10097.889757720355
217472,43878.016,21313.519174242443
217473,43878.016,50313.01455428318
217474,43878.016,14474.86692371254
217475,43878.016,11911.756447293197
217476,43878.016,30624.42842807491
217477,43878.016,25268.628223519983
217478,43878.016,13424.60405431763
217479,43878.016,41940.52136356069
217480,43878.016,45459.15338285326
217481,43878.016,19120.941467818368
217482,43878.016,37585.118661635555
217483,43878.016,36593.061572503015
217484,43878.016,36593.052562792946
217485,43878.016,81600.71040629696
217486,43878.016,57976.615330915454
217487,43878.016,16175.88731048697
217488,43878.016,32215.738000239984
217489,43878.016,32417.473759768644
217490,43878.016,17409.823875601312
217491,43878.016,29469.40078211168
217492,43878.016,36492.904078045816
217493,43878.016,31034.451123257095
217494,43878.016,12033.101094430644
217495,43878.016,22498.096591151985
217496,43878.016,32664.568788449214
217497,43878.016,50289.40806961967
217498,43878.016,40696.54058246945
217499,43878.016,82507.2744685198
217500,43878.016,86262.54275972342
217501,43878.016,8907.036951151847
217502,43878.016,16331.316049641822
217503,43878.016,39455.54695920603
217504,43878.016,16604.28866548415
217505,43878.016,76856.58202251654
217506,43878.016,27008.66564298772
217507,43878.016,8661.925472711522
217508,43878.016,9495.86758557747
217509,43878.016,48367.30689640284
217510,43878.016,16351.597783218212
217511,43878.016,48266.565066668874
217512,43878.016,63272.79891296527
217513,43878.016,25722.762755565454
217514,43878.016,74545.0939079747
217515,43878.016,58547.497557473005
217516,43878.016,34114.22396163001
217517,43878.016,20237.4348112892
217518,43878.016,60588.938328736
217519,43878.016,62865.80543340671
217520,43878.016,40970.02767948982
217521,43878.016,13486.302084826015
217522,43878.016,15641.169707739875
217523,43878.016,57746.68359500226
217524,43878.016,13061.868708251293
217525,43878.016,19871.528487865573
217526,43878.016,53666.337942929465
217527,43878.016,27820.00305289477
217528,43878.016,33376.3392286953
217529,43878.016,48458.84554047126
217530,43878.016,12240.275507106258
217531,43878.016,57588.79295893165
217532,43878.016,45122.417470052365
217533,43878.016,21092.91292692439
217534,43878.016,44675.03808409006
217535,43878.016,5536.046568473676
217536,43878.016,44998.571309054525
217537,43878.016,69493.46840756194
217538,43878.016,43466.62026395028
217539,43878.016,45414.66008067547
217540,43878.016,25086.50701500483
217541,43878.016,10765.18037330225
217542,43878.016,31590.84459541156
217543,43878.016,37546.471318710275
217544,43878.016,62469.848092575114
217545,43878.016,32466.4205233206
217546,43878.016,44522.649580846184
217547,43878.016,6556.806251812867
217548,43878.016,12381.607995834458
217549,43878.016,83406.22076672286
217550,43878.016,12732.005333665782
217551,43878.016,11050.648280244026
217552,43878.016,48778.135387333095
217553,43878.016,19983.625364721425
217554,43878.016,46713.54156260201
217555,43878.016,45299.930284808965
217556,43878.016,32988.324409367604
217557,43878.016,62506.39213761786
217558,43878.016,19199.560343996553
217559,43878.016,42784.726294129294
217560,43878.016,55704.40676766396
217561,43878.016,15955.855404738575
217562,43878.016,22412.365436881257
217563,43878.016,38599.9545695937
217564,43878.016,18969.29635848914
217565,43878.016,30393.727499384422
217566,43878.016,34966.73230904012
217567,43878.016,30007.595920938867
217568,43878.016,59833.07675467774
217569,43878.016,28534.875360322043
217570,43878.016,28237.04204525413
217571,43878.016,12386.801444268991
217572,43878.016,44704.67076146882
217573,43878.016,45566.03374093816
217574,43878.016,54689.09306714322
217575,43878.016,12973.47023981181
217576,43878.016,23230.61438958039
217577,43878.016,34836.08213783701
217578,43878.016,45985.85114983154
217579,43878.016,10576.939905280044
217580,43878.016,25556.2291686968
217581,43878.016,47787.50853546697
217582,43878.016,27288.0426174655
217583,43878.016,35897.18185666136
217584,43878.016,31573.16479080378
217585,43878.016,47325.92224873509
217586,43878.016,57540.60340285257
217587,43878.016,20893.433202656106
217588,43878.016,44836.8414870678
217589,43878.016,15399.085854762865
217590,43878.016,30427.87134495365
217591,43878.016,37825.514663742295
217592,43878.016,60871.8878932368
217593,43878.016,13506.972622016023
217594,43878.016,39109.9797713238
217595,43878.016,13661.516657100798
217596,43878.016,14681.13076469712
217597,43878.016,37385.27294591631
217598,43878.016,15547.251649916809
217599,43878.016,68671.03667962202
217600,43878.016,76029.74497405636
217601,43878.016,49261.281778407494
217602,43878.016,8615.086985710588
217603,43878.016,41836.054929228965
217604,43878.016,43933.93964631579
217605,43878.016,55600.0416373429
217606,43878.016,84047.6644976426
217607,43878.016,49311.47424655019
217608,43878.016,10912.43100314452
217609,43878.016,48028.4706823077
217610,43878.016,9070.914488292883
217611,43878.016,10654.291408650633
217612,43878.016,22585.714173402615
217613,43878.016,9762.243233844114
217614,43878.016,26273.99669345241
217615,43878.016,66587.96695031619
217616,43878.016,22985.16229939293
217617,43878.016,84241.60353746214
217618,43878.016,48043.4407344105
217619,43878.016,68808.68287472823
217620,43878.016,29762.094827765908
217621,43878.016,51909.947840192326
217622,43878.016,31940.811108373968
217623,43878.016,15660.968053443881
217624,43878.016,27052.00182576535
217625,43878.016,21595.932722446614
217626,43878.016,40602.54704997201
217627,43878.016,55041.50589472508
217628,43878.016,62919.90486134118
217629,43878.016,75366.51679195785
217630,43878.016,27575.049822655517
217631,43878.016,49618.27681152088
217632,43878.016,19400.43947376585
217633,43878.016,23948.07537152489
217634,43878.016,19082.75496003281
217635,43878.016,18959.50430355333
217636,43878.016,33944.39854557892
217637,43878.016,66391.8270090473
217638,43878.016,46340.75189379192
217639,43878.016,45953.746655181225
217640,43878.016,59015.938095818994
217641,43878.016,55184.03925144064
217642,43878.016,57984.716866277864
217643,43878.016,31556.05515312102
217644,43878.016,37400.34753935804
217645,43878.016,19930.018814060746
217646,43878.016,49183.13867876885
217647,43878.016,20280.280265513666
217648,43878.016,6294.396168885066
217649,43878.016,67318.06699420832
217650,43878.016,59437.315775301235
217651,43878.016,37197.34023977164
217652,43878.016,47081.854343118015
217653,43878.016,68629.4939830473
217654,43878.016,41760.264803710066
217655,43878.016,9411.938170167865
217656,43878.016,48509.06984912244
217657,43878.016,20995.33232711929
217658,43878.016,25932.256338824263
217659,43878.016,41077.23299668616
217660,43878.016,56975.52932902715
217661,43878.016,19747.182310057247
217662,43878.016,15225.17033192044
217663,43878.016,22214.387510573855
217664,43878.016,33843.80330240796
217665,43878.016,52165.52669407247
217666,43878.016,6958.373252170189
217667,43878.016,84108.15050687935
217668,43878.016,30962.05632173539
217669,43878.016,15938.807950908575
217670,43878.016,19904.382174844977
217671,43878.016,32069.393336242636
217672,43878.016,12145.991937289618
217673,43878.016,42478.96373558366
217674,43878.016,32987.05252523748
217675,43878.016,10593.626907926477
217676,43878.016,92590.05705853709
217677,43878.016,42236.92381251841
217678,43878.016,58290.178147354905
217679,43878.016,30946.804291746215
217680,43878.016,11707.29185665443
217681,43878.016,23838.520766795657
217682,43878.016,27668.846140579284
217683,43878.016,16378.432192583545
217684,43878.016,44060.6841513334
217685,43878.016,60976.23363838334
217686,43878.016,61119.506625942886
217687,43878.016,6879.451188288197
217688,43878.016,20177.205125458666
217689,43878.016,38130.12195172425
217690,43878.016,14703.053123158845
217691,43878.016,58226.73736506271
217692,43878.016,34142.156403454595
217693,43878.016,38709.314121121664
217694,43878.016,14241.481839651276
217695,43878.016,61816.93198263264
217696,43878.016,34011.63628928899
217697,43878.016,71459.3794474775
217698,43878.016,13245.15521849171
217699,43878.016,8352.523215749554
217700,43878.016,25633.891909226408
217701,43878.016,59405.86257282837
217702,43878.016,13855.100354039
217703,43878.016,53021.89978445373
217704,43878.016,45917.65303305095
217705,43878.016,49675.63317822444
217706,43878.016,29396.514068695662
217707,43878.016,33875.80955106114
217708,43878.016,71470.09237076229
217709,43878.016,29797.34302891614
217710,43878.016,10251.066098611134
217711,43878.016,62272.9694915198
217712,43878.016,24292.58404765066
217713,43878.016,45312.54535147424
217714,43878.016,59120.07296019198
217715,43878.016,6871.876419147057
217716,43878.016,55101.24028826205
217717,43878.016,37767.2449037073
217718,43878.016,71488.23036234824
217719,43878.016,42278.9088344828
217720,43878.016,18698.02113572115
217721,43878.016,19597.920347654202
217722,43878.016,22818.966369187205
217723,43878.016,29972.528682294116
217724,43878.016,46412.04348972509
217725,43878.016,53066.305396923985
217726,43878.016,41146.005368008904
217727,43878.016,19936.61018102826
217728,43878.016,41212.29624977454
217729,43878.016,28526.33318418578
217730,43878.016,31014.340751139476
217731,43878.016,9728.835184366426
217732,43878.016,47469.02974320832
217733,43878.016,13810.723193807304
217734,43878.016,34144.184245882396
217735,43878.016,41810.86127454031
217736,43878.016,49216.08675854963
217737,43878.016,22410.601535534654
217738,43878.016,63729.22932193868
217739,43878.016,42421.37097451411
217740,43878.016,24444.719030679647
217741,43878.016,17728.829551957777
217742,43878.016,47610.04637298995
217743,43878.016,42637.058511273426
217744,43878.016,27148.440334332703
217745,43878.016,43777.12254940225
217746,43878.016,17357.548256314978
217747,43878.016,8543.286994578097
217748,43878.016,57414.98476204364
217749,43878.016,26432.815592941002
217750,43878.016,36461.15447600173
217751,43878.016,53527.376780276274
217752,43878.016,41263.8339115107
217753,43878.016,24285.11488587877
217754,43878.016,42381.25106902971
217755,43878.016,12728.313611666992
217756,43878.016,57576.655558963816
217757,43878.016,29073.950615866896
217758,43878.016,49055.16458184289
217759,43878.016,28886.88333714694
217760,43878.016,20547.380457517855
217761,43878.016,30525.87603255083
217762,43878.016,46489.14046724869
217763,43878.016,66698.24903893635
217764,43878.016,67485.01734570596
217765,43878.016,6000.449712914534
217766,43878.016,18695.938264136978
217767,43878.016,50769.23944792359
217768,43878.016,13570.48815613014
217769,43878.016,57811.07435038303
217770,43878.016,20607.96139684851
217771,43878.016,46895.511019167156
217772,43878.016,41167.93572167248
217773,43878.016,63140.68815378784
217774,43878.016,31635.956618336102
217775,43878.016,14385.94627722413
217776,43878.016,16525.472835015513
217777,43878.016,31296.033908548663
217778,43878.016,52658.71356274348
217779,43878.016,57075.23811527362
217780,43878.016,65028.98933278838
217781,43878.016,20565.593035659145
217782,43878.016,48818.560545306995
217783,43878.016,28128.537663340452
217784,43878.016,16023.71650786094
217785,43878.016,20715.357959253357
217786,43878.016,64713.46151855787
217787,43878.016,24302.86451116852
217788,43878.016,7255.270788715159
217789,43878.016,15582.965707480158
217790,43878.016,16530.50159353802
217791,43878.016,38685.09830302999
217792,43878.016,54137.943010659925
217793,43878.016,65318.223848483576
217794,43878.016,35136.9580155421
217795,43878.016,64849.53755968537
217796,43878.016,43685.978998847735
217797,43878.016,36729.37881956026
217798,43878.016,39349.6129972672
217799,43878.016,44847.07726729897
217800,43878.016,21210.23531001458
217801,43878.016,31555.007675065975
217802,43878.016,57571.29401379697
217803,43878.016,34950.3538795134
217804,43878.016,11957.3987837599
217805,43878.016,65481.53820320857
217806,43878.016,97649.83728686724
217807,43878.016,28147.661212310464
217808,43878.016,31071.649144385912
217809,43878.016,30254.755810818755
217810,43878.016,20778.975848086568
217811,43878.016,20852.141982644862
217812,43878.016,21385.206871447066
217813,43878.016,24018.045296506894
217814,43878.016,34415.15784994697
217815,43878.016,22032.725920710436
217816,43878.016,106181.52827502928
217817,43878.016,13014.705426635126
217818,43878.016,40223.1060214547
217819,43878.016,46101.10253986332
217820,43878.016,39439.54849551166
217821,43878.016,12270.60637013991
217822,43878.016,12866.792946894886
217823,43878.016,17884.10319771403
217824,43878.016,28388.390114679834
217825,43878.016,19217.191723607484
217826,43878.016,47115.62599410861
217827,43878.016,29561.329420108344
217828,43878.016,19187.179134108792
217829,43878.016,51200.56548961508
217830,43878.016,23723.770621875443
217831,43878.016,21693.051519026587
217832,43878.016,38519.358439641444
217833,43878.016,14040.438009350413
217834,43878.016,37134.088069813515
217835,43878.016,16160.474736461429
217836,43878.016,30207.912467977978
217837,43878.016,54638.713268403284
217838,43878.016,45236.08201532946
217839,43878.016,9900.35171407366
217840,43878.016,16566.270465718942
217841,43878.016,18405.593027984924
217842,43878.016,8687.091893650913
217843,43878.016,12974.937168151188
217844,43878.016,96275.67485319173
217845,43878.016,19876.076658518406
217846,43878.016,55928.483625703084
217847,43878.016,67334.49602173298
217848,43878.016,23119.7982611922
217849,43878.016,15375.518409052129
217850,43878.016,33882.86629905723
217851,43878.016,16229.025542286885
217852,43878.016,9852.19764444961
217853,43878.016,24925.13866552187
217854,43878.016,57044.30951914758
217855,43878.016,42150.58483384421
217856,43878.016,57711.76193983776
217857,43878.016,60587.85807795132
217858,43878.016,32426.52044056862
217859,43878.016,36223.449897134306
217860,43878.016,25466.369056902568
217861,43878.016,11996.38318118846
217862,43878.016,48376.637263691366
217863,43878.016,71198.64650923194
217864,43878.016,37450.09445474664
217865,43878.016,36215.12595508296
217866,43878.016,36149.28069325466
217867,43878.016,67398.75297904374
217868,43878.016,38419.96794080102
217869,43878.016,31925.404839141953
217870,43878.016,6350.983213858411
217871,43878.016,61151.457971961674
217872,43878.016,18573.688586261418
217873,43878.016,43186.685884343664
217874,43878.016,13862.994795634087
217875,43878.016,31828.155066613792
217876,43878.016,29739.52995708897
217877,43878.016,20526.60629196938
217878,43878.016,68658.5314086256
217879,43878.016,24656.536538801065
217880,43878.016,19330.490108669885
217881,43878.016,30715.478155957633
217882,43878.016,50919.48543955101
217883,43878.016,7055.858264408106
217884,43878.016,21700.291957410875
217885,43878.016,54401.30745933357
217886,43878.016,21096.094895423357
217887,43878.016,25895.242109300325
217888,43878.016,26662.819383556387
217889,43878.016,68181.61353512759
217890,43878.016,48454.97733642099
217891,43878.016,27445.669579750363
217892,43878.016,31430.358559551594
217893,43878.016,27959.64144311711
217894,43878.016,14250.462911989209
217895,43878.016,21836.440493599865
217896,43878.016,4866.212034144213
217897,43878.016,26876.402348133008
217898,43878.016,17819.066324219253
217899,43878.016,24245.1025154745
217900,43878.016,35207.733443047175
217901,43878.016,12630.447622106816
217902,43878.016,4359.872425116508
217903,43878.016,27119.26479063653
217904,43878.016,13201.29765870182
217905,43878.016,45701.29373818106
217906,43878.016,63773.38669763782
217907,43878.016,36664.82108611751
217908,43878.016,50377.72993827763
217909,43878.016,22136.834156643083
217910,43878.016,40212.915742554156
217911,43878.016,9706.329464472454
217912,43878.016,9535.66962516926
217913,43878.016,25200.311379810744
217914,43878.016,39043.30927503371
217915,43878.016,26862.183253190447
217916,43878.016,65234.241356705614
217917,43878.016,26985.89109941642
217918,43878.016,32251.749274058795
217919,43878.016,37002.725548910545
217920,43878.016,41387.39488999017
217921,43878.016,38406.29721972605
217922,43878.016,33855.89072195179
217923,43878.016,57706.65799801505
217924,43878.016,10998.308671197507
217925,43878.016,66408.65114557267
217926,43878.016,18042.719833796305
217927,43878.016,37634.979114994036
217928,43878.016,4544.235445757053
217929,43878.016,36793.260244152596
217930,43878.016,34677.06503369362
217931,43878.016,45767.89106026915
217932,43878.016,47130.391653926745
217933,43878.016,81243.3537330842
217934,43878.016,26918.5119889586
217935,43878.016,21185.2804492045
217936,43878.016,61406.30437789528
217937,43878.016,42868.85055829112
217938,43878.016,59636.98797457449
217939,43878.016,30326.02914190918
217940,43878.016,34447.48166729772
217941,43878.016,58085.082191964204
217942,43878.016,46212.28965120663
217943,43878.016,7849.447829829029
217944,43878.016,11941.229577154154
217945,43878.016,41346.27287812143
217946,43878.016,11607.182282104111
217947,43878.016,9870.950754993844
217948,43878.016,13479.756893960024
217949,43878.016,44989.09343356987
217950,43878.016,23036.573563330054
217951,43878.016,53106.24948830016
217952,43878.016,36810.37416273086
217953,43878.016,26453.71938081659
217954,43878.016,19057.970518875623
217955,43878.016,67176.78186746259
217956,43878.016,61311.70021026262
217957,43878.016,52189.42811870177
217958,43878.016,8272.964799735077
217959,43878.016,62637.01710032323
217960,43878.016,30861.65814662698
217961,43878.016,13677.420987008814
217962,43878.016,19808.241121088755
217963,43878.016,43580.222056429084
217964,43878.016,59372.5857521686
217965,43878.016,61243.48220236822
217966,43878.016,24215.286838774362
217967,43878.016,17945.075455741982
217968,43878.016,36368.60625187827
217969,43878.016,32289.971761189972
217970,43878.016,12073.885579947459
217971,43878.016,60470.72388140674
217972,43878.016,13870.86564221911
217973,43878.016,59278.619105766615
217974,43878.016,16495.361466684404
217975,43878.016,13572.620216795447
217976,43878.016,34478.79446078064
217977,43878.016,28048.49482942537
217978,43878.016,19161.887932486385
217979,43878.016,30024.02832811453
217980,43878.016,18424.130134741466
217981,43878.016,83823.28565241488
217982,43878.016,51463.73920393707
217983,43878.016,17037.806110184556
217984,43878.016,21897.93569157972
217985,43878.016,40881.1848764356
217986,43878.016,7861.0008891949365
217987,43878.016,43364.304146325645
217988,43878.016,29578.143512367416
217989,43878.016,34551.548165132845
217990,43878.016,64943.13401632551
217991,43878.016,27270.298813087426
217992,43878.016,55263.22975026683
217993,43878.016,70522.23456962571
217994,43878.016,45010.706285651526
217995,43878.016,35942.72071750608
217996,43878.016,9516.478178603587
217997,43878.016,3462.4084528175517
217998,43878.016,16694.965995965485
217999,43878.016,60553.222473661015
218000,43878.016,73369.62381049366
218001,43878.016,38071.52571811261
218002,43878.016,23623.08651454945
218003,43878.016,50537.83824520866
218004,43878.016,48333.6870330805
218005,43878.016,55106.16668018898
218006,43878.016,19992.267738602084
218007,43878.016,30967.45029000336
218008,43878.016,12121.807795713628
218009,43878.016,13431.556234163783
218010,43878.016,25512.465190172414
218011,43878.016,12572.36506999337
218012,43878.016,104024.56222037818
218013,43878.016,50842.48688684718
218014,43878.016,75376.19768675449
218015,43878.016,15306.968299182105
218016,43878.016,26330.620099836513
218017,43878.016,30769.652195114966
218018,43878.016,38411.728511073816
218019,43878.016,37742.0966273102
218020,43878.016,77667.5110522956
218021,43878.016,64143.56200268488
218022,43878.016,48929.966001843495
218023,43878.016,24826.79608916208
218024,43878.016,44837.698194371194
218025,43878.016,13668.906402011642
218026,43878.016,57457.71086770458
218027,43878.016,12434.49279986401
218028,43878.016,52770.29829458712
218029,43878.016,33340.28731848203
218030,43878.016,9601.619107096742
218031,43878.016,26236.406654943992
218032,43878.016,9020.236250231967
218033,43878.016,17920.997640424623
218034,43878.016,74311.54573971956
218035,43878.016,46469.75966592114
218036,43878.016,54066.067882117575
218037,43878.016,3233.299839105992
218038,43878.016,41074.130660905015
218039,43878.016,7122.191175078238
218040,43878.016,65782.79784660332
218041,43878.016,36334.76710168849
218042,43878.016,61883.047751736245
218043,43878.016,9028.458082492789
218044,43878.016,24953.882066959333
218045,43878.016,42620.22064243248
218046,43878.016,35778.564105021534
218047,43878.016,7532.042235092649
218048,43878.016,48347.70646509102
218049,43878.016,48940.37923315414
218050,43878.016,7602.177654333964
218051,43878.016,67664.41168267756
218052,43878.016,22749.79395951372
218053,43878.016,13866.7218120567
218054,43878.016,56858.894195492205
218055,43878.016,58793.9565506128
218056,43878.016,46094.93816709935
218057,43878.016,4356.434956465456
218058,43878.016,14496.73985540485
218059,43878.016,8271.365783243693
218060,43878.016,12599.268032094074
218061,43878.016,63981.359825954554
218062,43878.016,8650.639414859155
218063,43878.016,31510.41209322377
218064,43878.016,21323.71358578111
218065,43878.016,49332.29260643581
218066,43878.016,38656.631939463965
218067,43878.016,51105.811533286666
218068,43878.016,35620.307313070945
218069,43878.016,51034.31222894272
218070,43878.016,10926.190121942964
218071,43878.016,64682.841792101935
218072,43878.016,18685.2744193181
218073,43878.016,14203.073453604915
218074,43878.016,35631.0344253934
218075,43878.016,55550.715325975274
218076,43878.016,33996.02413012754
218077,43878.016,12895.989661077349
218078,43878.016,14912.332124081542
218079,43878.016,25046.451626148402
218080,43878.016,33384.77272795615
218081,43878.016,26714.904654652586
218082,43878.016,24262.66952447341
218083,43878.016,12657.297194118551
218084,43878.016,24845.7882697425
218085,43878.016,13081.368891966094
218086,43878.016,59061.65476169243
218087,43878.016,33950.56531380488
218088,43878.016,59907.33903612808
218089,43878.016,57744.79730341462
218090,43878.016,19052.03385824702
218091,43878.016,59040.32243105956
218092,43878.016,56050.75522440755
218093,43878.016,49660.5508174027
218094,43878.016,16897.63769944214
218095,43878.016,8130.859628095897
218096,43878.016,28878.888536082017
218097,43878.016,29498.411494137465
218098,43878.016,10179.337194687409
218099,43878.016,30050.598514109828
218100,43878.016,7756.5566488308195
218101,43878.016,47629.690389511044
218102,43878.016,49293.01810595597
218103,43878.016,31500.770467477992
218104,43878.016,21214.055198332644
218105,43878.016,16803.030350425062
218106,43878.016,118434.11082083693
218107,43878.016,12381.290392307257
218108,43878.016,30308.700480148334
218109,43878.016,16983.516037768324
218110,43878.016,63469.69738227935
218111,43878.016,35277.711742387815
218112,43878.016,50941.61722812344
218113,43878.016,67291.15831268982
218114,43878.016,69142.68991900078
218115,43878.016,64074.614482469515
218116,43878.016,10856.822327365251
218117,43878.016,47467.10292109778
218118,43878.016,35975.122696754035
218119,43878.016,7198.681445688399
218120,43878.016,5758.620224381153
218121,43878.016,50951.74639286635
218122,43878.016,41437.87267317217
218123,43878.016,27035.19547077428
218124,43878.016,75633.55398090176
218125,43878.016,59551.06715486963
218126,43878.016,22941.767979061526
218127,43878.016,46676.64196524925
218128,43878.016,31916.86424782518
218129,43878.016,10794.160797388053
218130,43878.016,54319.96898193648
218131,43878.016,32707.614139776557
218132,43878.016,26366.172977451195
218133,43878.016,19277.067085239032
218134,43878.016,34051.178578938285
218135,43878.016,42494.5095787106
218136,43878.016,35222.85626125205
218137,43878.016,28484.591860636883
218138,43878.016,17504.109004840924
218139,43878.016,21570.975275064615
218140,43878.016,56929.0980144949
218141,43878.016,18200.037871590866
218142,43878.016,62815.56969222844
218143,43878.016,91384.05248173361
218144,43878.016,9757.795104555045
218145,43878.016,79602.51034084377
218146,43878.016,46204.66333726415
218147,43878.016,9849.778856486733
218148,43878.016,29739.08594822318
218149,43878.016,61862.478829135485
218150,43878.016,18734.876374221814
218151,43878.016,9148.63746830308
218152,43878.016,12248.096696785817
218153,43878.016,40906.58619816268
218154,43878.016,30668.292005131447
218155,43878.016,39834.938457850505
218156,43878.016,51191.64567733694
218157,43878.016,18652.543933531804
218158,43878.016,12827.107245976153
218159,43878.016,40961.36059172099
218160,43878.016,23384.885751184083
218161,43878.016,49800.79578844618
218162,43878.016,70043.26700426043
218163,43878.016,73041.86705612547
218164,43878.016,12930.183776024092
218165,43878.016,55176.35790702752
218166,43878.016,45863.04776004824
218167,43878.016,55817.7542169589
218168,43878.016,9232.75561387913
218169,43878.016,23156.606437851886
218170,43878.016,18275.727778524317
218171,43878.016,32583.112379325135
218172,43878.016,50460.478349130586
218173,43878.016,15800.409308334467
218174,43878.016,32399.546143502615
218175,43878.016,33049.911636354664
218176,43878.016,31744.964629394133
218177,43878.016,26190.95627042943
218178,43878.016,41200.7571308362
218179,43878.016,38471.334254450565
218180,43878.016,28993.25636636151
218181,43878.016,47635.3993694024
218182,43878.016,38739.44038815946
218183,43878.016,12604.487873753542
218184,43878.016,82902.74770119034
218185,43878.016,9420.102492198159
218186,43878.016,13961.360871496801
218187,43878.016,48337.07625074104
218188,43878.016,43016.00904193983
218189,43878.016,39453.18422606145
218190,43878.016,34749.85544267908
218191,43878.016,14854.136793847467
218192,43878.016,25549.7732550609
218193,43878.016,13055.50637783072
218194,43878.016,61966.25070206152
218195,43878.016,28220.45776523061
218196,43878.016,44008.24136933311
218197,43878.016,13473.313512134153
218198,43878.016,15746.045551563455
218199,43878.016,14622.081942345432
218200,43878.016,17308.626315047906
218201,43878.016,30196.38239372039
218202,43878.016,41966.17301128183
218203,43878.016,35984.52584202145
218204,43878.016,14684.666498754881
218205,43878.016,54209.52523499912
218206,43878.016,24218.893662847502
218207,43878.016,12670.248551936795
218208,43878.016,31848.160327344736
218209,43878.016,47034.77224076953
218210,43878.016,31797.812085936082
218211,43878.016,52809.54421973761
218212,43878.016,36630.312062366225
218213,43878.016,20232.19655052958
218214,43878.016,53326.48539342977
218215,43878.016,30705.79524427657
218216,43878.016,61637.28389671265
218217,43878.016,63433.48151674801
218218,43878.016,35658.32134356274
218219,43878.016,8481.02092963045
218220,43878.016,40664.42087740007
218221,43878.016,35860.52230847336
218222,43878.016,34504.57795063695
218223,43878.016,50175.71146288544
218224,43878.016,71973.4990774949
218225,43878.016,31478.829124638723
218226,43878.016,14484.350615837668
218227,43878.016,33727.77834452743
218228,43878.016,22108.971846673514
218229,43878.016,44415.34621936906
218230,43878.016,40591.73418172371
218231,43878.016,34532.97489549766
218232,43878.016,14328.964527974007
218233,43878.016,51429.679972546284
218234,43878.016,64004.6439349323
218235,43878.016,15143.126857740473
218236,43878.016,34840.942175226
218237,43878.016,67610.69778799501
218238,43878.016,58234.70895107814
218239,43878.016,48202.55959942348
218240,43878.016,11361.352496294243
218241,43878.016,17389.48990626641
218242,43878.016,30242.51495435852
218243,43878.016,10921.554772954883
218244,43878.016,21505.047657788073
218245,43878.016,8884.495424453422
218246,43878.016,52680.81279033643
218247,43878.016,21908.900539200284
218248,43878.016,26663.781157707832
218249,43878.016,77712.92011474802
218250,43878.016,48567.579534727694
218251,43878.016,34640.393405991286
218252,43878.016,119289.95580715637
218253,43878.016,16615.027240886837
218254,43878.016,54742.51307985861
218255,43878.016,19355.588257868058
218256,43878.016,36813.54057753196
218257,43878.016,14100.168286404312
218258,43878.016,17972.467507754027
218259,43878.016,39431.032035512515
218260,43878.016,41137.54371310465
218261,43878.016,22269.624720673044
218262,43878.016,53161.36895656766
218263,43878.016,39973.45582769997
218264,43878.016,9883.917849896146
218265,43878.016,42517.176627004366
218266,43878.016,33668.753056073794
218267,43878.016,64377.609296302595
218268,43878.016,49474.35859992246
218269,43878.016,26169.856705954076
218270,43878.016,74590.3316551645
218271,43878.016,28188.576668238635
218272,43878.016,13599.27098529969
218273,43878.016,23843.5628525273
218274,43878.016,55006.50558440868
218275,43878.016,14577.937422311437
218276,43878.016,31017.68410572918
218277,43878.016,26086.78869945662
218278,43878.016,56259.56121602415
218279,43878.016,35854.738828823116
218280,43878.016,47306.99071853563
218281,43878.016,50663.60197436212
218282,43878.016,71359.6136027049
218283,43878.016,5302.571503845471
218284,43878.016,17711.000851562905
218285,43878.016,39706.196607904334
218286,43878.016,46284.14415018544
218287,43878.016,32517.483036468802
218288,43878.016,40830.29738720518
218289,43878.016,36480.49381722198
218290,43878.016,73687.01992627692
218291,43878.016,36029.693882509026
218292,43878.016,53164.386984501114
218293,43878.016,36072.977972553774
218294,43878.016,37400.133356783546
218295,43878.016,80470.8081240088
218296,43878.016,23422.402140730206
218297,43878.016,21239.33091648869
218298,43878.016,27525.781866627138
218299,43878.016,33348.394781720126
218300,43878.016,32178.86563363185
218301,43878.016,50249.38052138701
218302,43878.016,21234.565550720876
218303,43878.016,40431.4277947936
218304,43878.016,30229.07566752695
218305,43878.016,13541.200389920125
218306,43878.016,11985.455473122971
218307,43878.016,61424.576290578494
218308,43878.016,18489.380093427244
218309,43878.016,18333.15327966024
218310,43878.016,20471.590179962117
218311,43878.016,16364.001565515615
218312,43878.016,30967.950995558265
218313,43878.016,18161.301918080673
218314,43878.016,32917.28933314875
218315,43878.016,16980.543648345316
218316,43878.016,31440.561084071298
218317,43878.016,43081.42077657277
218318,43878.016,26787.735230475948
218319,43878.016,14210.903098570674
218320,43878.016,55793.29776406864
218321,43878.016,57522.95000578611
218322,43878.016,24250.59805520359
218323,43878.016,13828.499824493143
218324,43878.016,16607.066914808518
218325,43878.016,62232.46184460153
218326,43878.016,12270.655941207782
218327,43878.016,32558.69036667733
218328,43878.016,28267.542248451715
218329,43878.016,11824.09078932364
218330,43878.016,44838.59489770342
218331,43878.016,6590.413052510688
218332,43878.016,45858.38858053918
218333,43878.016,10272.124960429006
218334,43878.016,15359.888692972228
218335,43878.016,32141.61740092616
218336,43878.016,23335.38865801892
218337,43878.016,81238.41838880778
218338,43878.016,25753.462517116106
218339,43878.016,6197.504919183238
218340,43878.016,18427.209827033977
218341,43878.016,49111.43248549539
218342,43878.016,20060.550305945028
218343,43878.016,37585.67167425579
218344,43878.016,23141.70407226969
218345,43878.016,7147.184417792463
218346,43878.016,14354.561193909401
218347,43878.016,23823.83452055355
218348,43878.016,22898.266295712943
218349,43878.016,10034.171755147103
218350,43878.016,95188.49277441652
218351,43878.016,16211.928461613124
218352,43878.016,13489.926445004654
218353,43878.016,15509.465766142897
218354,43878.016,11284.916148079614
218355,43878.016,11345.571576861788
218356,43878.016,14822.793050238752
218357,43878.016,60471.06247561951
218358,43878.016,15100.623249802
218359,43878.016,49305.41020828953
218360,43878.016,75898.0025288315
218361,43878.016,12021.719895614047
218362,43878.016,71785.23781452856
218363,43878.016,36783.64121450524
218364,43878.016,51370.045611372574
218365,43878.016,38015.01790751185
218366,43878.016,20938.02834091288
218367,43878.016,48105.00419727315
218368,43878.016,13829.106616823812
218369,43878.016,9667.804142087942
218370,43878.016,22147.814869249905
218371,43878.016,53137.93026063622
218372,43878.016,50892.95792246497
218373,43878.016,41118.995682594934
218374,43878.016,26524.14332422576
218375,43878.016,66410.81620034229
218376,43878.016,56204.243932717756
218377,43878.016,57613.13202606368
218378,43878.016,26632.82040552386
218379,43878.016,37213.92520295071
218380,43878.016,106824.05436957818
218381,43878.016,36189.75413111055
218382,43878.016,95112.0312250918
218383,43878.016,26415.915749437772
218384,43878.016,14914.726117516251
218385,43878.016,25843.073438797193
218386,43878.016,45181.41276620285
218387,43878.016,30536.15052850092
218388,43878.016,30360.124039631315
218389,43878.016,13376.641699508715
218390,43878.016,65317.98570470368
218391,43878.016,54806.32402681619
218392,43878.016,23838.88608026551
218393,43878.016,50818.40149800344
218394,43878.016,45939.694201257626
218395,43878.016,25258.305149471416
218396,43878.016,52454.57852135638
218397,43878.016,10317.417121346736
218398,43878.016,14587.452022825926
218399,43878.016,36645.252869824646
218400,43878.016,27603.1206415662
218401,43878.016,32804.47641611363
218402,43878.016,59419.110421397854
218403,43878.016,30577.63720238027
218404,43878.016,29610.777769311953
218405,43878.016,27720.84885421542
218406,43878.016,7388.415676923368
218407,43878.016,12333.48799639164
218408,43878.016,27299.347324920207
218409,43878.016,64075.770844166414
218410,43878.016,44932.658130277945
218411,43878.016,61806.394606648835
218412,43878.016,24810.21764126896
218413,43878.016,10493.59610308654
218414,43878.016,11903.010735634347
218415,43878.016,27937.204399948176
218416,43878.016,17106.262097019287
218417,43878.016,14143.221054335148
218418,43878.016,49891.35369690546
218419,43878.016,32333.074747280956
218420,43878.016,53253.87671101499
218421,43878.016,69721.83243037092
218422,43878.016,7674.43575646317
218423,43878.016,61968.30229289268
218424,43878.016,22270.009100336436
218425,43878.016,24133.31252434453
218426,43878.016,36091.508278525864
218427,43878.016,73957.10188514007
218428,43878.016,13350.565567480002
218429,43878.016,14890.931376902998
218430,43878.016,15880.851255227459
218431,43878.016,12561.33112606626
218432,43878.016,33667.06802532096
218433,43878.016,35064.37996843538
218434,43878.016,92434.84431673113
218435,43878.016,34131.242154766485
218436,43878.016,14257.246519586022
218437,43878.016,9913.439190328725
218438,43878.016,21494.07726158078
218439,43878.016,18366.420131604387
218440,43878.016,18121.362203387696
218441,43878.016,52024.908280412856
218442,43878.016,67621.6420519574
218443,43878.016,52070.22424403879
218444,43878.016,16316.177408474705
218445,43878.016,47018.185485215916
218446,43878.016,10977.411813657316
218447,43878.016,21041.629906516355
218448,43878.016,36280.41528473384
218449,43878.016,83219.88905744505
218450,43878.016,45166.472708326975
218451,43878.016,52674.2014024726
218452,43878.016,52257.98247789365
218453,43878.016,21819.87383800105
218454,43878.016,35426.80604529916
218455,43878.016,32968.51616165123
218456,43878.016,20609.791995290936
218457,43878.016,14788.223096657304
218458,43878.016,56071.28010790362
218459,43878.016,19246.89168073285
218460,43878.016,46081.22811719778
218461,43878.016,40220.469337620045
218462,43878.016,17631.321914821445
218463,43878.016,9126.95829527185
218464,43878.016,32368.43180617481
218465,43878.016,48960.4631610561
218466,43878.016,8915.09536509883
218467,43878.016,8657.277326770129
218468,43878.016,15919.176127360905
218469,43878.016,18552.92051427515
218470,43878.016,54939.349322376846
218471,43878.016,38195.2867301778
218472,43878.016,33541.98602833178
218473,43878.016,42932.62839487114
218474,43878.016,48510.555006810486
218475,43878.016,47209.51736281358
218476,43878.016,19933.602188162906
218477,43878.016,55652.53260143633
218478,43878.016,20943.237678325593
218479,43878.016,31696.9105204547
218480,43878.016,53124.281960262066
218481,43878.016,69672.56125733891
218482,43878.016,38788.95380382368
218483,43878.016,20729.691070657547
218484,43878.016,30329.06785899212
218485,43878.016,31985.53124863554
218486,43878.016,18945.467861722205
218487,43878.016,33635.919572699706
218488,43878.016,31749.573330668103
218489,43878.016,61524.05862094889
218490,43878.016,27659.610972322916
218491,43878.016,71980.87381937534
218492,43878.016,42477.26080209432
218493,43878.016,10177.00444259438
218494,43878.016,23185.549172292176
218495,43878.016,56815.12407484861
218496,43878.016,32509.69324745948
218497,43878.016,6640.890129176051
218498,43878.016,15128.394676626176
218499,43878.016,18653.185240560695
218500,43878.016,26328.227467726567
218501,43878.016,39634.2683212595
218502,43878.016,25680.67693140792
218503,43878.016,35512.32598602415
218504,43878.016,41541.27572068611
218505,43878.016,45262.816330884154
218506,43878.016,23503.760516897237
218507,43878.016,39216.655493003906
218508,43878.016,8643.767249147217
218509,43878.016,14799.487169932965
218510,43878.016,47422.05334850918
218511,43878.016,47108.74710782089
218512,43878.016,47953.03321512909
218513,43878.016,13943.76639236661
218514,43878.016,16123.021747227604
218515,43878.016,53082.788154946866
218516,43878.016,30917.400505721173
218517,43878.016,22568.308486906342
218518,43878.016,15321.519548807715
218519,43878.016,9589.900717621427
218520,43878.016,46972.310276021526
218521,43878.016,48407.56594035933
218522,43878.016,40570.40583689959
218523,43878.016,22160.355857868668
218524,43878.016,17541.902048984226
218525,43878.016,31138.046688225335
218526,43878.016,23530.679689046996
218527,43878.016,21499.49141358085
218528,43878.016,15387.134211793398
218529,43878.016,48481.00039387674
218530,43878.016,75342.84992270896
218531,43878.016,48942.59525928654
218532,43878.016,41798.43260180472
218533,43878.016,36897.864578866844
218534,43878.016,32622.237137264052
218535,43878.016,29529.237981818733
218536,43878.016,52160.49164551142
218537,43878.016,40578.88164251123
218538,43878.016,14178.370350610432
218539,43878.016,11710.081307310902
218540,43878.016,58227.022751611476
218541,43878.016,10056.376798166164
218542,43878.016,4784.535169596689
218543,43878.016,37826.401305181374
218544,43878.016,20992.656316209934
218545,43878.016,24952.839655386004
218546,43878.016,16509.206928900032
218547,43878.016,13329.513419011664
218548,43878.016,11096.472702181616
218549,43878.016,43090.06460534778
218550,43878.016,20357.508163467213
218551,43878.016,61324.69789343237
218552,43878.016,22988.352802450994
218553,43878.016,41612.742149081896
218554,43878.016,45490.205032479345
218555,43878.016,27510.171838740167
218556,43878.016,13692.528065941577
218557,43878.016,22487.759282545405
218558,43878.016,28151.128355720102
218559,43878.016,10035.408743679394
218560,43878.016,27195.87051404339
218561,43878.016,40226.85769122703
218562,43878.016,35219.15919611823
218563,43878.016,34257.03603952213
218564,43878.016,33204.03302317835
218565,43878.016,50850.913429621585
218566,43878.016,57780.206135132656
218567,43878.016,36758.06795559196
218568,43878.016,10863.919230058387
218569,43878.016,91385.86821752781
218570,43878.016,49276.47648919915
218571,43878.016,61958.697703509824
218572,43878.016,78650.00759861471
218573,43878.016,66355.6846813377
218574,43878.016,22989.580130295933
218575,43878.016,42076.42615126058
218576,43878.016,33309.220207821454
218577,43878.016,26026.91863707837
218578,43878.016,14216.804300679172
218579,43878.016,29266.98357896167
218580,43878.016,39253.186666509704
218581,43878.016,24213.765451476258
218582,43878.016,6254.683766970563
218583,43878.016,55212.33101125608
218584,43878.016,7400.191590189129
218585,43878.016,15204.128278330758
218586,43878.016,17579.516032525746
218587,43878.016,74667.01538129555
218588,43878.016,36523.12204561113
218589,43878.016,8965.6317240558
218590,43878.016,38006.98920369978
218591,43878.016,50650.619511449164
218592,43878.016,32172.91993751524
218593,43878.016,26329.55915460749
218594,43878.016,29538.584314129443
218595,43878.016,36356.53729940097
218596,43878.016,8715.982857887268
218597,43878.016,36418.83922161105
218598,43878.016,40616.62907445476
218599,43878.016,28010.739195377566
218600,43878.016,13610.337747619034
218601,43878.016,15759.487674705244
218602,43878.016,66733.92345276792
218603,43878.016,51664.44044564846
218604,43878.016,50781.20151875089
218605,43878.016,28149.471071356198
218606,43878.016,59915.87131308093
218607,43878.016,54116.536035360565
218608,43878.016,51790.412705767485
218609,43878.016,35528.98824094945
218610,43878.016,10874.720637505654
218611,43878.016,7394.4793067132305
218612,43878.016,15107.108637927913
218613,43878.016,46083.923258628616
218614,43878.016,13554.125929470256
218615,43878.016,34278.60951470033
218616,43878.016,45854.429724883536
218617,43878.016,55436.1213368468
218618,43878.016,32729.7690344536
218619,43878.016,35274.03782140299
218620,43878.016,40002.72791160558
218621,43878.016,51650.898883909285
218622,43878.016,36354.46741834903
218623,43878.016,36888.84070175162
218624,43878.016,30900.770788139656
218625,43878.016,10689.347224840674
218626,43878.016,26631.589411023208
218627,43878.016,61136.033799575576
218628,43878.016,63130.86493265614
218629,43878.016,56236.778563583095
218630,43878.016,48412.05062757596
218631,43878.016,19557.2511344686
218632,43878.016,16900.863643513247
218633,43878.016,60432.29774528089
218634,43878.016,48316.08746508301
218635,43878.016,83594.41190849773
218636,43878.016,5843.948866248735
218637,43878.016,22753.99036234335
218638,43878.016,13718.464191705423
218639,43878.016,42198.499427642084
218640,43878.016,49695.9333146407
218641,43878.016,18063.03145811427
218642,43878.016,30320.181315188667
218643,43878.016,14997.8352690464
218644,43878.016,49610.42904860013
218645,43878.016,8460.975690810612
218646,43878.016,57148.045372381945
218647,43878.016,10336.794112559232
218648,43878.016,52479.341241414375
218649,43878.016,12742.389032629755
218650,43878.016,33380.021325618436
218651,43878.016,46935.01337665853
218652,43878.016,70238.34315374236
218653,43878.016,36586.97388543968
218654,43878.016,58335.05462306511
218655,43878.016,40102.048863151125
218656,43878.016,24122.499313098637
218657,43878.016,38113.05424085556
218658,43878.016,39299.94967637621
218659,43878.016,54763.21587393796
218660,43878.016,8969.547423562155
218661,43878.016,20860.5477052941
218662,43878.016,22263.925729690156
218663,43878.016,23952.887506677278
218664,43878.016,25096.93003251364
218665,43878.016,12510.869606293147
218666,43878.016,11623.414824255757
218667,43878.016,57484.538531648075
218668,43878.016,25425.440159235968
218669,43878.016,31138.783713687757
218670,43878.016,34018.54543931317
218671,43878.016,23358.339727111146
218672,43878.016,49518.48936213424
218673,43878.016,37193.49780987224
218674,43878.016,56088.3696149627
218675,43878.016,49741.23347855556
218676,43878.016,10745.607355841106
218677,43878.016,35488.21773676388
218678,43878.016,12968.020940049797
218679,43878.016,24290.138490021352
218680,43878.016,39577.18232148393
218681,43878.016,24838.572290541422
218682,43878.016,11599.712533162454
218683,43878.016,15697.84768287255
218684,43878.016,58513.82974208676
218685,43878.016,26586.865983743202
218686,43878.016,67861.78013126562
218687,43878.016,25594.853908740897
218688,43878.016,5987.21070109411
218689,43878.016,28233.50121060732
218690,43878.016,49521.81221600774
218691,43878.016,8867.613638617435
218692,43878.016,32746.29036672577
218693,43878.016,45949.01204198522
218694,43878.016,65765.48470357798
218695,43878.016,47221.897471107215
218696,43878.016,55977.82389562007
218697,43878.016,13909.232544057835
218698,43878.016,44077.16526064753
218699,43878.016,14490.125321926998
218700,43878.016,58510.11906737417
218701,43878.016,7693.12961433405
218702,43878.016,44086.81378913801
218703,43878.016,23869.979652577607
218704,43878.016,27306.61990282786
218705,43878.016,47818.6012346783
218706,43878.016,59662.45450345587
218707,43878.016,54377.02736104023
218708,43878.016,25827.287773205666
218709,43878.016,39156.08606903524
218710,43878.016,52984.741597698085
218711,43878.016,27190.777956753405
218712,43878.016,57929.32863996724
218713,43878.016,50361.08266858666
218714,43878.016,13758.514712003127
218715,43878.016,27943.58402775101
218716,43878.016,53698.95589598963
218717,43878.016,27430.41159575277
218718,43878.016,14628.544065148886
218719,43878.016,8559.784346772058
218720,43878.016,51337.591862042565
218721,43878.016,18796.04160162213
218722,43878.016,42246.649603414386
218723,43878.016,28891.671930033943
218724,43878.016,16262.414812873018
218725,43878.016,19150.62259179584
218726,43878.016,28567.869100009415
218727,43878.016,61363.416790983145
218728,43878.016,5712.940092101564
218729,43878.016,27760.98933211893
218730,43878.016,66238.52254532881
218731,43878.016,25508.44684816073
218732,43878.016,16397.445723134304
218733,43878.016,33323.69454189856
218734,43878.016,50995.11695212621
218735,43878.016,44766.68122778419
218736,43878.016,5206.410972221373
218737,43878.016,16425.858251251233
218738,43878.016,26653.229268215873
218739,43878.016,11881.513810242861
218740,43878.016,31948.052393611295
218741,43878.016,41995.49820101523
218742,43878.016,38753.65288396869
218743,43878.016,21095.672487930402
218744,43878.016,27981.34436550167
218745,43878.016,29686.47494263986
218746,43878.016,33867.73309708945
218747,43878.016,43469.63497848388
218748,43878.016,49526.54329098896
218749,43878.016,48837.7232204245
218750,43878.016,29643.140268952815
218751,43878.016,44728.43549428104
218752,43878.016,14501.52815599329
218753,43878.016,58856.47299731156
218754,43878.016,56308.79695180292
218755,43878.016,44614.360085441374
218756,43878.016,17234.63120875699
218757,43878.016,23227.463965602627
218758,43878.016,32971.75475857052
218759,43878.016,31191.166945585574
218760,43878.016,26086.30083229346
218761,43878.016,33825.73552809563
218762,43878.016,49904.8570068577
218763,43878.016,16545.397639406332
218764,43878.016,48823.39132630355
218765,43878.016,37298.34028922402
218766,43878.016,21572.624380727164
218767,43878.016,31881.418078232167
218768,43878.016,71932.76379952193
218769,43878.016,53461.252462080716
218770,43878.016,59921.70907349662
218771,43878.016,56747.894354814256
218772,43878.016,24044.539702496357
218773,43878.016,47488.368645693576
218774,43878.016,69484.4609199201
218775,43878.016,45283.97624307371
218776,43878.016,56993.89951844483
218777,43878.016,46305.55261624049
218778,43878.016,39422.625540677116
218779,43878.016,89986.02624819212
218780,43878.016,32952.67689620828
218781,43878.016,35167.906488322784
218782,43878.016,9198.208525704034
218783,43878.016,33466.39396967898
218784,43878.016,45830.73395446736
218785,43878.016,40595.66237785541
218786,43878.016,21380.319569049607
218787,43878.016,57587.77593487389
218788,43878.016,63429.69820212047
218789,43878.016,7813.861532418595
218790,43878.016,68130.29455129863
218791,43878.016,62698.035803566825
218792,43878.016,38650.17644465893
218793,43878.016,18533.840870004155
218794,43878.016,30522.808823113344
218795,43878.016,67272.09646420101
218796,43878.016,41253.70492708531
218797,43878.016,39629.97125598763
218798,43878.016,38451.5249845717
218799,43878.016,37247.201346986905
218800,43878.016,36382.601481153455
218801,43878.016,19907.645678239835
218802,43878.016,55970.47805035745
218803,43878.016,8479.38391775594
218804,43878.016,75378.47252192622
218805,43878.016,60048.62476702437
218806,43878.016,45698.0565220848
218807,43878.016,60075.95031030004
218808,43878.016,56499.405544288675
218809,43878.016,33314.916900858785
218810,43878.016,41185.74105103426
218811,43878.016,28152.0361332723
218812,43878.016,21183.66207793213
218813,43878.016,36870.672382486155
218814,43878.016,67651.09288324052
218815,43878.016,40140.300034229855
218816,43878.016,6101.958552891875
218817,43878.016,31062.280674788693
218818,43878.016,16863.2731298615
218819,43878.016,46960.7129304303
218820,43878.016,42655.36284302899
218821,43878.016,23897.36285280256
218822,43878.016,13204.300952773405
218823,43878.016,52197.05565324726
218824,43878.016,25007.685558429526
218825,43878.016,15654.797112906164
218826,43878.016,34569.62977199518
218827,43878.016,38324.75340187705
218828,43878.016,12121.661545280802
218829,43878.016,42786.057173007925
218830,43878.016,42989.61238956111
218831,43878.016,31623.473854155105
218832,43878.016,15071.104156966268
218833,43878.016,57897.19158054691
218834,43878.016,23585.847028654658
218835,43878.016,6999.807113853572
218836,43878.016,60469.76077436216
218837,43878.016,9749.663479515622
218838,43878.016,59943.22831417239
218839,43878.016,33603.31750827454
218840,43878.016,56675.46754815598
218841,43878.016,9407.911611888663
218842,43878.016,15782.534141036842
218843,43878.016,41042.75989532932
218844,43878.016,18779.96197917986
218845,43878.016,51235.06953176562
218846,43878.016,9925.668647271643
218847,43878.016,54495.360351042254
218848,43878.016,10183.444840079674
218849,43878.016,8657.360091271637
218850,43878.016,11971.084638385835
218851,43878.016,10184.039563923723
218852,43878.016,27344.17703673047
218853,43878.016,37143.70370391361
218854,43878.016,40196.876000624754
218855,43878.016,15589.09227611795
218856,43878.016,25298.787461280226
218857,43878.016,17094.622480180897
218858,43878.016,29634.67183747268
218859,43878.016,24139.359271651756
218860,43878.016,52838.826754535585
218861,43878.016,7901.524998355536
218862,43878.016,14081.782419680454
218863,43878.016,30430.94557855098
218864,43878.016,45699.35545859107
218865,43878.016,64264.74518803458
218866,43878.016,57881.76870573072
218867,43878.016,44301.49393118682
218868,43878.016,47552.94032197333
218869,43878.016,8143.873496897534
218870,43878.016,30434.451195532853
218871,43878.016,33275.40337329907
218872,43878.016,41442.72328465641
218873,43878.016,56230.39175554279
218874,43878.016,57404.527800774005
218875,43878.016,30727.66947569333
218876,43878.016,12976.877047142023
218877,43878.016,21155.20570261674
218878,43878.016,23326.6710863239
218879,43878.016,66182.83577518324
218880,43878.016,33401.340059806
218881,43878.016,62908.87493625886
218882,43878.016,11404.228114375308
218883,43878.016,39222.14471528392
218884,43878.016,47495.13014453371
218885,43878.016,10911.827252702897
218886,43878.016,66625.88850537743
218887,43878.016,50374.56325875752
218888,43878.016,32320.94145588632
218889,43878.016,23703.897687191606
218890,43878.016,48887.03433293325
218891,43878.016,50665.45917614327
218892,43878.016,14457.15622639959
218893,43878.016,59860.74910840612
218894,43878.016,19473.77217191305
218895,43878.016,39286.128185600304
218896,43878.016,102619.6964408712
218897,43878.016,35287.171427700145
218898,43878.016,26457.06997676316
218899,43878.016,27984.362495144178
218900,43878.016,31563.587556385955
218901,43878.016,32700.505050732845
218902,43878.016,77304.40086804582
218903,43878.016,38721.917949641516
218904,43878.016,28672.47070402666
218905,43878.016,48154.177984687405
218906,43878.016,52021.39754704101
218907,43878.016,61994.232057423964
218908,43878.016,9370.90808447114
218909,43878.016,41337.97578607007
218910,43878.016,57704.38043994029
218911,43878.016,50985.372190292976
218912,43878.016,26208.397741371566
218913,43878.016,10342.263406028671
218914,43878.016,42608.38104150926
218915,43878.016,14146.559359149389
218916,43878.016,55554.018707381074
218917,43878.016,18647.814620179357
218918,43878.016,48927.302432278615
218919,43878.016,36232.18849671079
218920,43878.016,64392.74139632381
218921,43878.016,52236.689256396916
218922,43878.016,7397.062173865889
218923,43878.016,13015.752136071993
218924,43878.016,55141.86428158694
218925,43878.016,30922.516394400733
218926,43878.016,36620.39696256073
218927,43878.016,13840.27683496564
218928,43878.016,10054.104331618695
218929,43878.016,52918.62338042662
218930,43878.016,50298.91315972555
218931,43878.016,20629.586307100893
218932,43878.016,38452.81017727447
218933,43878.016,45513.551564773865
218934,43878.016,12838.28563451483
218935,43878.016,50186.250297945946
218936,43878.016,60001.61835053247
218937,43878.016,21698.205908957236
218938,43878.016,54052.75569546098
218939,43878.016,12854.80855718637
218940,43878.016,46136.34203589133
218941,43878.016,41748.52354921764
218942,43878.016,74341.0136654306
218943,43878.016,21032.758899900222
218944,43878.016,9371.552087707283
218945,43878.016,69493.84665258307
218946,43878.016,48015.5292993765
218947,43878.016,46006.11385274609
218948,43878.016,20028.849637931802
218949,43878.016,47171.71084132863
218950,43878.016,30254.132682050767
218951,43878.016,45777.510318417255
218952,43878.016,16540.2654607062
218953,43878.016,72143.77245350019
218954,43878.016,22916.983723572666
218955,43878.016,31654.348442279043
218956,43878.016,41049.82584052084
218957,43878.016,46633.634573921445
218958,43878.016,24288.15417521088
218959,43878.016,72741.52887783511
218960,43878.016,46394.95870338115
218961,43878.016,48327.86699840331
218962,43878.016,61939.069648372795
218963,43878.016,73036.97238400727
218964,43878.016,36496.1849443151
218965,43878.016,26284.315456580083
218966,43878.016,32048.2720431081
218967,43878.016,59568.81370494736
218968,43878.016,16776.107361819642
218969,43878.016,15725.739363992165
218970,43878.016,37834.859850279914
218971,43878.016,7096.944902656465
218972,43878.016,29637.851432875606
218973,43878.016,40722.774306458006
218974,43878.016,46519.673371777906
218975,43878.016,54590.94550747525
218976,43878.016,18210.38376331102
218977,43878.016,35522.65477450663
218978,43878.016,21450.572566558556
218979,43878.016,15637.607666610027
218980,43878.016,7637.167639793942
218981,43878.016,41655.05058761819
218982,43878.016,10827.324687260858
218983,43878.016,6380.44085931142
218984,43878.016,31658.188759198205
218985,43878.016,34103.81960711778
218986,43878.016,9537.680579643502
218987,43878.016,15454.136754062103
218988,43878.016,10391.096314159466
218989,43878.016,32601.36292188497
218990,43878.016,25548.75908802456
218991,43878.016,10449.44534632143
218992,43878.016,13119.196596146978
218993,43878.016,53288.946362721836
218994,43878.016,78165.33978342895
218995,43878.016,12397.925471734117
218996,43878.016,9557.445032925592
218997,43878.016,11980.596617668058
218998,43878.016,31564.42114392542
218999,43878.016,56205.50122040798
219000,43878.016,49883.06595165655
219001,43878.016,7257.865579928639
219002,43878.016,31014.82446654674
219003,43878.016,43493.04663920295
219004,43878.016,23356.086869047187
219005,43878.016,27755.117599849804
219006,43878.016,8639.395724395854
219007,43878.016,32931.55513988012
219008,43878.016,37808.35642450574
219009,43878.016,47642.158606591176
219010,43878.016,22855.324441993525
219011,43878.016,66326.91802416323
219012,43878.016,46904.798477667086
219013,43878.016,28756.766676936415
219014,43878.016,48951.03521504621
219015,43878.016,40358.387652156685
219016,43878.016,20888.198694694725
219017,43878.016,23577.20502322783
219018,43878.016,54146.73121247584
219019,43878.016,38646.62614438592
219020,43878.016,18607.43021316838
219021,43878.016,9786.465006065544
219022,43878.016,6726.406557484208
219023,43878.016,12422.009366871584
219024,43878.016,47013.86390089729
219025,43878.016,51368.94799133198
219026,43878.016,81318.04182810718
219027,43878.016,62881.82321548975
219028,43878.016,23882.505837255623
219029,43878.016,47752.233554827064
219030,43878.016,44230.29853522953
219031,43878.016,38829.8859189449
219032,43878.016,54722.04089817519
219033,43878.016,47652.64335068782
219034,43878.016,31604.56968616804
219035,43878.016,56072.95856421931
219036,43878.016,15769.28566633299
219037,43878.016,37539.83812727965
219038,43878.016,9888.520181827316
219039,43878.016,60897.78331707881
219040,43878.016,92848.28177292155
219041,43878.016,45735.89815535249
219042,43878.016,64189.733134051065
219043,43878.016,17924.411783068488
219044,43878.016,34282.36256853049
219045,43878.016,18874.52505088668
219046,43878.016,20204.719844755848
219047,43878.016,33849.3073923975
219048,43878.016,51905.55774637742
219049,43878.016,11074.700808677595
219050,43878.016,24979.719387330024
219051,43878.016,15652.018264585671
219052,43878.016,54970.185596301984
219053,43878.016,69198.40607837983
219054,43878.016,53219.99371207136
219055,43878.016,4297.419055887943
219056,43878.016,17860.635916872954
219057,43878.016,48584.378680346694
219058,43878.016,64986.28627868302
219059,43878.016,9847.148022104968
219060,43878.016,57965.54328768307
219061,43878.016,8985.04684927521
219062,43878.016,48948.488751723606
219063,43878.016,60219.14611066597
219064,43878.016,21637.130490352385
219065,43878.016,57257.79885726936
219066,43878.016,16542.657194760275
219067,43878.016,25863.600999916
219068,43878.016,16011.940315487347
219069,43878.016,80740.41842188503
219070,43878.016,68460.56396170316
219071,43878.016,52573.67719383918
219072,43878.016,40676.336193168885
219073,43878.016,18661.125049913524
219074,43878.016,32136.672685726386
219075,43878.016,20342.17409674526
219076,43878.016,9493.873668048269
219077,43878.016,12329.395026940258
219078,43878.016,5919.911679565904
219079,43878.016,8957.873593512335
219080,43878.016,27010.831880693833
219081,43878.016,5704.682166578671
219082,43878.016,13488.16093103621
219083,43878.016,10181.840157088007
219084,43878.016,24249.848310937083
219085,43878.016,27606.70958745097
219086,43878.016,51092.83274304316
219087,43878.016,39944.660662439586
219088,43878.016,33153.72232082436
219089,43878.016,18535.34794232923
219090,43878.016,33136.81840721363
219091,43878.016,17417.921832372398
219092,43878.016,13192.390155615209
219093,43878.016,13592.972320440656
219094,43878.016,56355.18544395542
219095,43878.016,51266.81558957195
219096,43878.016,91583.59654536752
219097,43878.016,18445.98756549265
219098,43878.016,15651.230970994508
219099,43878.016,17993.351588744714
219100,43878.016,51649.39259042744
219101,43878.016,36184.95495498456
219102,43878.016,20577.481192292038
219103,43878.016,28970.862311879482
219104,43878.016,51126.923104602574
219105,43878.016,59527.38415419119
219106,43878.016,15329.141886767551
219107,43878.016,24765.613540983206
219108,43878.016,52231.965906565034
219109,43878.016,22880.553385681866
219110,43878.016,45687.909534123784
219111,43878.016,59266.891703822024
219112,43878.016,34949.81360750665
219113,43878.016,35706.109363437565
219114,43878.016,27291.135625480296
219115,43878.016,42957.15116975907
219116,43878.016,67779.89544768273
219117,43878.016,29148.631218817587
219118,43878.016,46348.95534755197
219119,43878.016,36288.88901103905
219120,43878.016,73150.52929833114
219121,43878.016,37261.98579412837
219122,43878.016,21443.297054845974
219123,43878.016,25692.848585519565
219124,43878.016,65826.34423812818
219125,43878.016,31891.221658716113
219126,43878.016,14564.621608598985
219127,43878.016,40074.76270201749
219128,43878.016,23545.57314716392
219129,43878.016,11827.028059835184
219130,43878.016,31911.152516373328
219131,43878.016,59148.83586098571
219132,43878.016,40938.03519019533
219133,43878.016,13772.425848706585
219134,43878.016,38752.48905645811
219135,43878.016,32706.312504857175
219136,43878.016,61261.80032682997
219137,43878.016,66564.20309897549
219138,43878.016,27503.01489161935
219139,43878.016,38441.23299379159
219140,43878.016,20395.49255968518
219141,43878.016,45391.73950371001
219142,43878.016,46956.00966978224
219143,43878.016,28080.37411987044
219144,43878.016,60877.86733078631
219145,43878.016,68814.22962333052
219146,43878.016,33090.72394113669
219147,43878.016,17882.35374340791
219148,43878.016,23709.4299535066
219149,43878.016,12043.402467161102
219150,43878.016,10606.923777368796
219151,43878.016,13824.099235590287
219152,43878.016,54912.13512345286
219153,43878.016,28565.28643983162
219154,43878.016,35493.904388765135
219155,43878.016,11968.471753320746
219156,43878.016,15864.916567270615
219157,43878.016,56928.74457522944
219158,43878.016,60448.02972425277
219159,43878.016,12972.723414809645
219160,43878.016,53618.00151565159
219161,43878.016,11458.123342242816
219162,43878.016,38029.99762103886
219163,43878.016,34674.285264504186
219164,43878.016,40589.56500955722
219165,43878.016,26151.69041547661
219166,43878.016,34731.13022665148
219167,43878.016,9669.270331754125
219168,43878.016,46554.754618225656
219169,43878.016,67691.50387153914
219170,43878.016,9725.34611859575
219171,43878.016,25887.162206391073
219172,43878.016,38120.032275411264
219173,43878.016,41213.849799244366
219174,43878.016,22412.030214631162
219175,43878.016,32749.355063295912
219176,43878.016,45520.73677524203
219177,43878.016,10685.550106629647
219178,43878.016,46772.50189147553
219179,43878.016,16029.68985549294
219180,43878.016,14620.299848616041
219181,43878.016,38534.373892290074
219182,43878.016,44450.69532066514
219183,43878.016,54743.423471034665
219184,43878.016,84159.97502599398
219185,43878.016,18611.013977940587
219186,43878.016,39725.33066677206
219187,43878.016,14087.245324809139
219188,43878.016,43617.92156956139
219189,43878.016,49058.53422144194
219190,43878.016,47147.48946546463
219191,43878.016,52087.105178278114
219192,43878.016,33423.50891216117
219193,43878.016,57274.52733313371
219194,43878.016,12814.49722285359
219195,43878.016,28876.633750571702
219196,43878.016,43881.14432470624
219197,43878.016,35026.49773008254
219198,43878.016,52124.03569738131
219199,43878.016,48618.811759099335
219200,43878.016,9248.990707495608
219201,43878.016,40505.06921349468
219202,43878.016,36304.971708016266
219203,43878.016,33393.54662981924
219204,43878.016,41119.083386966595
219205,43878.016,55098.57559934088
219206,43878.016,6084.0869774099
219207,43878.016,36041.46259242188
219208,43878.016,13595.681126060645
219209,43878.016,35070.681466137496
219210,43878.016,8334.578923975036
219211,43878.016,36471.34268584578
219212,43878.016,27726.640670719164
219213,43878.016,28130.50695035386
219214,43878.016,43732.35310886101
219215,43878.016,46751.302482957835
219216,43878.016,20857.569315227163
219217,43878.016,52869.86001974888
219218,43878.016,9579.585281166283
219219,43878.016,57837.88427985723
219220,43878.016,38047.44313716327
219221,43878.016,14458.263494863944
219222,43878.016,24404.604966928142
219223,43878.016,47708.43460578721
219224,43878.016,31013.196293647696
219225,43878.016,50154.00696294507
219226,43878.016,36857.779812615045
219227,43878.016,50407.69974897767
219228,43878.016,36023.58003805645
219229,43878.016,21656.77037499273
219230,43878.016,16453.762401582233
219231,43878.016,75546.39565820874
219232,43878.016,44935.30089081825
219233,43878.016,51707.86811285868
219234,43878.016,63867.024679290946
219235,43878.016,72192.10405234278
219236,43878.016,18668.768936080156
219237,43878.016,22141.757135889933
219238,43878.016,20268.535515268482
219239,43878.016,56871.4264894815
219240,43878.016,28331.692634605817
219241,43878.016,77371.2323054214
219242,43878.016,10852.014735444229
219243,43878.016,12972.288352949225
219244,43878.016,44468.07781346378
219245,43878.016,61186.33940404041
219246,43878.016,62602.5400316619
219247,43878.016,14131.482890474314
219248,43878.016,23476.355084920204
219249,43878.016,8105.152295857966
219250,43878.016,12684.755617653034
219251,43878.016,43800.96906547746
219252,43878.016,28987.75627704791
219253,43878.016,38571.7203506163
219254,43878.016,17674.898366588066
219255,43878.016,81715.47952550063
219256,43878.016,54038.930699268436
219257,43878.016,15784.313250387208
219258,43878.016,29680.53008989048
219259,43878.016,64776.06943203755
219260,43878.016,15892.481232135486
219261,43878.016,41614.401479428576
219262,43878.016,69863.7676769667
219263,43878.016,17989.957297729437
219264,43878.016,7195.0426826113435
219265,43878.016,71434.28343429141
219266,43878.016,65681.77200966404
219267,43878.016,61695.35662590192
219268,43878.016,20101.43803959833
219269,43878.016,59540.07928853335
219270,43878.016,57816.864505193196
219271,43878.016,11092.400232089001
219272,43878.016,40763.47518835217
219273,43878.016,21045.73208920338
219274,43878.016,29033.680448211548
219275,43878.016,28107.903997253557
219276,43878.016,64894.0476792822
219277,43878.016,34090.99036677398
219278,43878.016,26708.328215307272
219279,43878.016,43492.776366299244
219280,43878.016,34195.42662338616
219281,43878.016,28947.09176735164
219282,43878.016,20887.635523695375
219283,43878.016,37731.5223747815
219284,43878.016,48066.34774911667
219285,43878.016,12136.686556970819
219286,43878.016,23332.7568159198
219287,43878.016,49429.385022600305
219288,43878.016,13382.582096630771
219289,43878.016,16653.534943979437
219290,43878.016,55224.33018640356
219291,43878.016,53478.62629995489
219292,43878.016,64541.85323190035
219293,43878.016,47191.69696881578
219294,43878.016,57246.53073976409
219295,43878.016,51267.91587534071
219296,43878.016,31344.06990814645
219297,43878.016,52741.237621841465
219298,43878.016,39242.10140184228
219299,43878.016,22879.265906694684
219300,43878.016,10250.355428151113
219301,43878.016,7390.63495742887
219302,43878.016,41451.55280795381
219303,43878.016,69652.60854093595
219304,43878.016,91520.04654768883
219305,43878.016,50548.13669095056
219306,43878.016,32326.39144620311
219307,43878.016,15901.314450092754
219308,43878.016,39090.67477870992
219309,43878.016,57612.78909237097
219310,43878.016,13588.17588839911
219311,43878.016,24735.720365090325
219312,43878.016,41320.87175932881
219313,43878.016,31197.18782708265
219314,43878.016,11483.433578054812
219315,43878.016,103835.326970549
219316,43878.016,39394.38729064226
219317,43878.016,42681.28500055391
219318,43878.016,24161.762322162867
219319,43878.016,46602.13795361768
219320,43878.016,41162.83620423581
219321,43878.016,11187.109169116262
219322,43878.016,17256.368305444477
219323,43878.016,53274.83321748929
219324,43878.016,15775.332872570261
219325,43878.016,48245.197844910814
219326,43878.016,36863.32857953158
219327,43878.016,18591.725601280454
219328,43878.016,21898.428039648486
219329,43878.016,55506.728431153846
219330,43878.016,48178.32651160284
219331,43878.016,47137.40748147069
219332,43878.016,15136.897025225206
219333,43878.016,59584.28414864024
219334,43878.016,13553.578802579774
219335,43878.016,26729.33929018501
219336,43878.016,56194.611292383954
219337,43878.016,49226.45782831947
219338,43878.016,31740.574495925335
219339,43878.016,19329.507586008644
219340,43878.016,49085.74841369514
219341,43878.016,36542.57350571518
219342,43878.016,29072.07863125659
219343,43878.016,9407.30312421272
219344,43878.016,38102.40129614772
219345,43878.016,31765.768740616837
219346,43878.016,23010.54008752824
219347,43878.016,7085.023019476693
219348,43878.016,16147.156734596585
219349,43878.016,21717.108867297728
219350,43878.016,38338.55200387285
219351,43878.016,36342.07611264916
219352,43878.016,53552.26777819672
219353,43878.016,46852.1474275915
219354,43878.016,33320.25277605852
219355,43878.016,56990.86184658498
219356,43878.016,77179.27685151836
219357,43878.016,58270.516319145405
219358,43878.016,45358.3843860081
219359,43878.016,16471.015398257707
219360,43878.016,17106.381930351552
219361,43878.016,13236.940671042661
219362,43878.016,53499.2928363672
219363,43878.016,52945.74999931919
219364,43878.016,23628.215336326204
219365,43878.016,18893.025406855308
219366,43878.016,64934.98069565324
219367,43878.016,13599.673418788474
219368,43878.016,58418.817826758954
219369,43878.016,37276.3435279646
219370,43878.016,30711.012150141047
219371,43878.016,39872.405372226676
219372,43878.016,21559.54940590035
219373,43878.016,37055.26194312146
219374,43878.016,59240.12286809299
219375,43878.016,51721.45200084029
219376,43878.016,18262.97114661504
219377,43878.016,33177.51780357714
219378,43878.016,20441.651240560645
219379,43878.016,76436.1522482067
219380,43878.016,47440.38347385053
219381,43878.016,68216.89518196424
219382,43878.016,12378.050054124707
219383,43878.016,54710.96377391368
219384,43878.016,52839.66027245845
219385,43878.016,9608.401877530621
219386,43878.016,15183.853914229188
219387,43878.016,59277.70903174383
219388,43878.016,63977.4555581723
219389,43878.016,59203.94607447798
219390,43878.016,43986.39593517866
219391,43878.016,9807.081265896799
219392,43878.016,41713.3188862779
219393,43878.016,32036.446213291216
219394,43878.016,38439.74093801073
219395,43878.016,57969.030326722794
219396,43878.016,39662.828009597644
219397,43878.016,12053.248537901187
219398,43878.016,48130.52277284259
219399,43878.016,19442.546910193716
219400,43878.016,42764.88332771473
219401,43878.016,19226.112133381113
219402,43878.016,8368.450183729607
219403,43878.016,10228.351219876668
219404,43878.016,32982.58973277216
219405,43878.016,10722.254278504002
219406,43878.016,48528.18081558977
219407,43878.016,16097.446961120977
219408,43878.016,21209.480915719087
219409,43878.016,48126.57774286034
219410,43878.016,7282.228303628854
219411,43878.016,36894.67086644693
219412,43878.016,24432.813999596463
219413,43878.016,65859.3616075226
219414,43878.016,18504.48296377512
219415,43878.016,37749.77835630467
219416,43878.016,9147.040448546008
219417,43878.016,11067.164768754168
219418,43878.016,41692.904002169176
219419,43878.016,9919.185818970214
219420,43878.016,34491.981227589575
219421,43878.016,18179.22958871582
219422,43878.016,52170.18820507824
219423,43878.016,15271.363300643749
219424,43878.016,12699.803163949624
219425,43878.016,43240.58521400876
219426,43878.016,10170.814229444384
219427,43878.016,16236.29731506668
219428,43878.016,67817.45449494461
219429,43878.016,63210.86789394223
219430,43878.016,18575.500684954455
219431,43878.016,13103.787928614598
219432,43878.016,64371.14435557499
219433,43878.016,61560.17504934129
219434,43878.016,32358.821030718296
219435,43878.016,60460.466931213894
219436,43878.016,11173.10115892898
219437,43878.016,46055.67247994983
219438,43878.016,17665.33880947406
219439,43878.016,12254.854230913847
219440,43878.016,25875.746577853988
219441,43878.016,48040.7268421593
219442,43878.016,20405.068412895427
219443,43878.016,30955.0759281807
219444,43878.016,62409.04904239429
219445,43878.016,20856.82977248617
219446,43878.016,63593.688304398835
219447,43878.016,25038.218861912173
219448,43878.016,48359.75701298073
219449,43878.016,71040.24823385048
219450,43878.016,10436.657358375614
219451,43878.016,46938.27820001332
219452,43878.016,55096.94064010629
219453,43878.016,48087.03395388333
219454,43878.016,25335.33223291034
219455,43878.016,22305.728426129783
219456,43878.016,44295.266900507806
219457,43878.016,31472.825252531904
219458,43878.016,40723.606284704765
219459,43878.016,52885.8449241145
219460,43878.016,35513.73867585901
219461,43878.016,16984.602644030005
219462,43878.016,30631.46811377147
219463,43878.016,28066.25771846156
219464,43878.016,96028.95331739777
219465,43878.016,45490.927232218164
219466,43878.016,39798.79423769032
219467,43878.016,37986.99948264934
219468,43878.016,44767.290188603394
219469,43878.016,50358.41748045518
219470,43878.016,31211.184383117812
219471,43878.016,13839.961146923124
219472,43878.016,6287.728260673528
219473,43878.016,31532.559216576698
219474,43878.016,61014.255986650714
219475,43878.016,9410.514780299207
219476,43878.016,29188.264263739697
219477,43878.016,19166.28218742421
219478,43878.016,14021.120037337103
219479,43878.016,31329.235516579654
219480,43878.016,33370.08384043537
219481,43878.016,6282.960046221414
219482,43878.016,47557.5228146048
219483,43878.016,54617.48559300533
219484,43878.016,20132.403380532
219485,43878.016,52798.21408779578
219486,43878.016,36717.8899415907
219487,43878.016,29306.12706064026
219488,43878.016,47056.41693193122
219489,43878.016,69658.53564006851
219490,43878.016,15476.33203569059
219491,43878.016,13091.560449732508
219492,43878.016,18343.040827185374
219493,43878.016,35177.43917175627
219494,43878.016,22752.092710208795
219495,43878.016,30275.3972003292
219496,43878.016,11567.35561550255
219497,43878.016,25319.15591679144
219498,43878.016,51860.65778072228
219499,43878.016,34295.252436834184
219500,43878.016,60123.484358355054
219501,43878.016,15752.610726671815
219502,43878.016,29526.217471825315
219503,43878.016,23321.826384278043
219504,43878.016,9689.910137238927
219505,43878.016,60005.297735378015
219506,43878.016,33043.833894919495
219507,43878.016,18524.92412072757
219508,43878.016,8863.888392067802
219509,43878.016,9630.224965427446
219510,43878.016,72312.24488871389
219511,43878.016,10881.284983838446
219512,43878.016,41355.02415588475
219513,43878.016,14437.104925532096
219514,43878.016,52341.978998529536
219515,43878.016,50915.80310650313
219516,43878.016,25559.275433947987
219517,43878.016,45007.28014665467
219518,43878.016,32435.771305443763
219519,43878.016,34073.64585543485
219520,43878.016,13278.207435860606
219521,43878.016,48830.99258726394
219522,43878.016,14958.629376407134
219523,43878.016,5557.292650633484
219524,43878.016,67185.87595264295
219525,43878.016,37392.14696955358
219526,43878.016,32221.157270103304
219527,43878.016,19700.32573409675
219528,43878.016,46309.74642577381
219529,43878.016,46727.199763040306
219530,43878.016,97368.88990084852
219531,43878.016,55109.757741138266
219532,43878.016,112195.19797161758
219533,43878.016,32008.88022519563
219534,43878.016,59585.01047574841
219535,43878.016,75312.67810807783
219536,43878.016,6045.480332020409
219537,43878.016,41819.66164960097
219538,43878.016,50143.20898819941
219539,43878.016,11312.910921946605
219540,43878.016,2557.883699248023
219541,43878.016,68808.07959975366
219542,43878.016,9406.59673301747
219543,43878.016,20910.63891889272
219544,43878.016,29210.7832977819
219545,43878.016,29595.132669402832
219546,43878.016,33360.67493716978
219547,43878.016,28377.22497116375
219548,43878.016,52558.275908339514
219549,43878.016,65273.11793654961
219550,43878.016,22157.679699318447
219551,43878.016,33652.009432478684
219552,43878.016,46148.83135642238
219553,43878.016,41717.255744665716
219554,43878.016,48025.538949653645
219555,43878.016,39115.1576488316
219556,43878.016,18838.629568057426
219557,43878.016,23717.01830689241
219558,43878.016,58162.80298187382
219559,43878.016,7785.666646384125
219560,43878.016,49859.3761903668
219561,43878.016,37586.58372316326
219562,43878.016,12895.424049575737
219563,43878.016,27264.741332599413
219564,43878.016,57239.69013166072
219565,43878.016,46931.757759514454
219566,43878.016,58876.47073749259
219567,43878.016,33973.94392418814
219568,43878.016,39473.504178737094
219569,43878.016,50611.775866635755
219570,43878.016,15602.483799456335
219571,43878.016,66016.31529190374
219572,43878.016,26202.644272349495
219573,43878.016,41866.683630944164
219574,43878.016,9843.348842615138
219575,43878.016,37877.78935102488
219576,43878.016,49253.32167068053
219577,43878.016,7146.926949957743
219578,43878.016,32937.93021684999
219579,43878.016,27518.719036036055
219580,43878.016,118055.2370054766
219581,43878.016,6348.575485906061
219582,43878.016,20777.514704552108
219583,43878.016,27036.85991812318
219584,43878.016,20272.781741885698
219585,43878.016,11045.3119581966
219586,43878.016,25524.58136048396
219587,43878.016,49198.62321726458
219588,43878.016,8401.395445439046
219589,43878.016,55970.28698572158
219590,43878.016,14217.67111639341
219591,43878.016,46516.69106690211
219592,43878.016,52399.0185680563
219593,43878.016,16524.204424695963
219594,43878.016,57647.768413408216
219595,43878.016,45499.09004410131
219596,43878.016,29307.55426435578
219597,43878.016,32723.313926437273
219598,43878.016,52830.61821857281
219599,43878.016,14622.009881006168
219600,43878.016,54933.9034296955
219601,43878.016,38067.04143556166
219602,43878.016,33175.06228434924
219603,43878.016,9993.108074150363
219604,43878.016,52468.310111438564
219605,43878.016,57981.537280297096
219606,43878.016,18655.26037277399
219607,43878.016,21315.93368005119
219608,43878.016,24651.065936078034
219609,43878.016,15528.468494268995
219610,43878.016,9018.73306131073
219611,43878.016,26823.19525704116
219612,43878.016,41337.96486516363
219613,43878.016,61881.69595211242
219614,43878.016,87117.44552438872
219615,43878.016,56552.31315683645
219616,43878.016,5987.900274802614
219617,43878.016,20655.35908791232
219618,43878.016,58773.708161775125
219619,43878.016,36604.373122903315
219620,43878.016,19629.83433690373
219621,43878.016,17670.35565585536
219622,43878.016,44531.2878548621
219623,43878.016,13677.159682132087
219624,43878.016,37657.64318410364
219625,43878.016,27061.81995312396
219626,43878.016,43956.98686830717
219627,43878.016,50284.44297550538
219628,43878.016,20978.565427526544
219629,43878.016,55274.36644843521
219630,43878.016,57210.54803984438
219631,43878.016,31925.615456858624
219632,43878.016,12359.908603591273
219633,43878.016,13866.795599939504
219634,43878.016,32996.9275695758
219635,43878.016,11573.557392350676
219636,43878.016,11994.085292911614
219637,43878.016,57785.61379097769
219638,43878.016,40311.475671372165
219639,43878.016,35399.7360212067
219640,43878.016,22074.4008842706
219641,43878.016,21089.60594623572
219642,43878.016,24906.833397844206
219643,43878.016,62518.98100431354
219644,43878.016,56276.747405421855
219645,43878.016,13915.074835155681
219646,43878.016,62523.00688391419
219647,43878.016,18496.176548592706
219648,43878.016,41523.291084615674
219649,43878.016,36949.40725708679
219650,43878.016,33824.02688487527
219651,43878.016,64731.405368058986
219652,43878.016,74950.99764748306
219653,43878.016,44311.91408647763
219654,43878.016,23601.270886168273
219655,43878.016,60312.93004475824
219656,43878.016,22105.656765281015
219657,43878.016,22030.185215663136
219658,43878.016,39544.809184374884
219659,43878.016,11768.313103681974
219660,43878.016,59012.237707217806
219661,43878.016,47703.46318022585
219662,43878.016,64395.488814832745
219663,43878.016,32669.06307180334
219664,43878.016,56571.34739954387
219665,43878.016,32923.68352447866
219666,43878.016,52915.188790813016
219667,43878.016,5064.783329679599
219668,43878.016,34245.52587072962
219669,43878.016,14174.139519124417
219670,43878.016,47762.20470536402
219671,43878.016,51010.98258574725
219672,43878.016,19739.270743162815
219673,43878.016,17768.98288312126
219674,43878.016,29884.128995520325
219675,43878.016,39617.5519286642
219676,43878.016,25829.83110557507
219677,43878.016,11134.419616777282
219678,43878.016,18662.968098478144
219679,43878.016,41851.99554388905
219680,43878.016,42152.676203662995
219681,43878.016,29196.462746923662
219682,43878.016,8121.425740922957
219683,43878.016,24050.274984959397
219684,43878.016,48176.73924851207
219685,43878.016,63984.73212155479
219686,43878.016,12646.174738011992
219687,43878.016,50398.551976047514
219688,43878.016,52816.294737811375
219689,43878.016,37143.59654711335
219690,43878.016,49821.85681881517
219691,43878.016,27317.749848689036
219692,43878.016,54868.97630233823
219693,43878.016,9853.227231910912
219694,43878.016,43074.45170128905
219695,43878.016,31821.703610433073
219696,43878.016,19024.376200438164
219697,43878.016,56977.33150891886
219698,43878.016,27296.734355492757
219699,43878.016,18449.17051523261
219700,43878.016,29534.41038673282
219701,43878.016,79981.25097102087
219702,43878.016,34116.50095560807
219703,43878.016,43745.96329145306
219704,43878.016,53843.34875356059
219705,43878.016,42320.92751428509
219706,43878.016,18079.312066094837
219707,43878.016,77202.45764270597
219708,43878.016,65807.29747637072
219709,43878.016,15542.538107929722
219710,43878.016,12667.099652808753
219711,43878.016,81903.15817166296
219712,43878.016,10074.20821975952
219713,43878.016,57945.3875878909
219714,43878.016,22316.99772924884
219715,43878.016,65018.715600815536
219716,43878.016,13340.346489252592
219717,43878.016,28032.937863581916
219718,43878.016,22392.814728662455
219719,43878.016,19088.759462085276
219720,43878.016,111972.42662694214
219721,43878.016,41632.02162231281
219722,43878.016,39367.02353185358
219723,43878.016,27656.141022260097
219724,43878.016,7744.201354541933
219725,43878.016,23105.759223772195
219726,43878.016,25638.062088621064
219727,43878.016,24011.124949166762
219728,43878.016,35699.768001812576
219729,43878.016,80525.13844365205
219730,43878.016,27331.92150783246
219731,43878.016,15537.245717145432
219732,43878.016,20547.524444339426
219733,43878.016,23196.904645908384
219734,43878.016,27616.49825401847
219735,43878.016,35664.371011873925
219736,43878.016,19219.506816864137
219737,43878.016,35759.848110042694
219738,43878.016,8055.225818380129
219739,43878.016,14172.537996730995
219740,43878.016,31047.80191161209
219741,43878.016,28082.765541404795
219742,43878.016,51186.008671670694
219743,43878.016,28294.374816284926
219744,43878.016,25065.680640654988
219745,43878.016,32703.15676460628
219746,43878.016,16896.574862961425
219747,43878.016,34972.42718785823
219748,43878.016,72900.95403157758
219749,43878.016,43105.08157270923
219750,43878.016,55342.50011398062
219751,43878.016,63581.00737935135
219752,43878.016,50205.41213410729
219753,43878.016,39937.21470606681
219754,43878.016,40252.0874544803
219755,43878.016,18242.81893000378
219756,43878.016,72599.7205669299
219757,43878.016,47060.51698466517
219758,43878.016,64421.704478536085
219759,43878.016,62193.439861816194
219760,43878.016,12894.84961762803
219761,43878.016,70273.11144766881
219762,43878.016,23853.916364022596
219763,43878.016,75936.1676752294
219764,43878.016,61367.91921062551
219765,43878.016,12108.354490702912
219766,43878.016,16108.735258483324
219767,43878.016,18749.844434915227
219768,43878.016,19475.958927117306
219769,43878.016,11457.14154207828
219770,43878.016,50069.09431314144
219771,43878.016,47668.97117776051
219772,43878.016,19979.363250601447
219773,43878.016,13060.592488307953
219774,43878.016,5230.852752878198
219775,43878.016,17229.389996888156
219776,43878.016,59781.86907608342
219777,43878.016,37508.740784108726
219778,43878.016,23938.3892049653
219779,43878.016,40831.04260525936
219780,43878.016,77962.92568830808
219781,43878.016,13798.851855354667
219782,43878.016,62314.09180377894
219783,43878.016,10736.93224089359
219784,43878.016,23847.91218418219
219785,43878.016,46998.338206411805
219786,43878.016,38858.3421085859
219787,43878.016,74523.31446853108
219788,43878.016,37149.19295328742
219789,43878.016,45561.28521346809
219790,43878.016,65339.62186440895
219791,43878.016,49904.761059701115
219792,43878.016,12328.515963529791
219793,43878.016,74825.24819213647
219794,43878.016,69791.56996661468
219795,43878.016,23476.481936654825
219796,43878.016,9113.551962755895
219797,43878.016,18320.870359736833
219798,43878.016,58878.32366409293
219799,43878.016,29139.069412039644
219800,43878.016,18520.20103363322
219801,43878.016,44800.468931190466
219802,43878.016,39158.87855665054
219803,43878.016,10630.269666896129
219804,43878.016,52747.47337496717
219805,43878.016,16223.270294421402
219806,43878.016,18819.212097089257
219807,43878.016,16072.688291421475
219808,43878.016,56400.10683877774
219809,43878.016,35148.961172244904
219810,43878.016,10149.996692987828
219811,43878.016,37747.4704758437
219812,43878.016,6353.252550747955
219813,43878.016,16824.288445188307
219814,43878.016,21654.526841196577
219815,43878.016,32940.74751325649
219816,43878.016,6327.182760713484
219817,43878.016,11481.045524517374
219818,43878.016,92093.70885651688
219819,43878.016,41713.94557566614
219820,43878.016,48267.69900116457
219821,43878.016,9950.432322447396
219822,43878.016,10126.568237609523
219823,43878.016,46882.09804789741
219824,43878.016,49334.0386961998
219825,43878.016,45660.23004033434
219826,43878.016,16123.28716372592
219827,43878.016,33009.64163866408
219828,43878.016,17123.32040282237
219829,43878.016,21473.196761188003
219830,43878.016,22171.721159860925
219831,43878.016,25092.594581769572
219832,43878.016,17377.775576031814
219833,43878.016,43266.60750071603
219834,43878.016,28937.335077922035
219835,43878.016,112015.95690159332
219836,43878.016,69755.88485178757
219837,43878.016,19689.11795715793
219838,43878.016,12674.934459988475
219839,43878.016,34356.393481000305
219840,43878.016,44011.842316347196
219841,43878.016,11018.624041417843
219842,43878.016,13840.943359403072
219843,43878.016,13388.733615757868
219844,43878.016,4040.4844533738287
219845,43878.016,54419.97958947374
219846,43878.016,38853.69029361464
219847,43878.016,9574.253841828877
219848,43878.016,54733.7421637697
219849,43878.016,11885.054558518712
219850,43878.016,38480.49055718293
219851,43878.016,18194.386817466275
219852,43878.016,10096.184137153045
219853,43878.016,61978.180351219205
219854,43878.016,31617.392524773546
219855,43878.016,37259.89490486568
219856,43878.016,40608.84935324864
219857,43878.016,19421.163506320627
219858,43878.016,38575.14426896394
219859,43878.016,64893.51340469928
219860,43878.016,16231.896381471723
219861,43878.016,39058.89488515169
219862,43878.016,32844.63945697995
219863,43878.016,31013.82087086391
219864,43878.016,60547.14967100194
219865,43878.016,50593.07229015465
219866,43878.016,56652.591329676776
219867,43878.016,53621.262298724505
219868,43878.016,6266.643864754479
219869,43878.016,21531.01320514421
219870,43878.016,19894.009495740815
219871,43878.016,21949.902882434693
219872,43878.016,38403.838610136096
219873,43878.016,75464.94302055374
219874,43878.016,10441.907436209038
219875,43878.016,26848.547979841136
219876,43878.016,28051.223542188025
219877,43878.016,65764.61453942278
219878,43878.016,17886.974088406627
219879,43878.016,13317.845538354948
219880,43878.016,45896.6851534191
219881,43878.016,63801.94341571524
219882,43878.016,58775.66014657172
219883,43878.016,39053.57566613744
219884,43878.016,10761.106278938474
219885,43878.016,21223.300269207106
219886,43878.016,22698.292142579587
219887,43878.016,37523.37549368112
219888,43878.016,17055.44132179384
219889,43878.016,15631.443600950826
219890,43878.016,13911.811732577191
219891,43878.016,41076.91331064663
219892,43878.016,33046.29691674323
219893,43878.016,56946.93612785342
219894,43878.016,14914.28664325615
219895,43878.016,39060.9234100125
219896,43878.016,73795.86673464766
219897,43878.016,28571.5454503248
219898,43878.016,19871.90376765288
219899,43878.016,17720.056027220195
219900,43878.016,55826.941855750796
219901,43878.016,31609.425596658006
219902,43878.016,31691.697383833904
219903,43878.016,37762.355195505945
219904,43878.016,24930.949728797157
219905,43878.016,39817.014846146376
219906,43878.016,15191.528418101987
219907,43878.016,57224.83502233256
219908,43878.016,17501.550253368758
219909,43878.016,32451.735192121138
219910,43878.016,17918.229228158736
219911,43878.016,32301.875108100376
219912,43878.016,49185.54410569514
219913,43878.016,55833.88019843275
219914,43878.016,64718.93977847065
219915,43878.016,7552.034862317172
219916,43878.016,73958.20731734998
219917,43878.016,16995.884493403897
219918,43878.016,35712.78739740661
219919,43878.016,17148.086994907186
219920,43878.016,11151.232463145448
219921,43878.016,73079.48052955339
219922,43878.016,16472.789489352694
219923,43878.016,50611.089339610044
219924,43878.016,40154.544436121236
219925,43878.016,11416.579244549808
219926,43878.016,26960.612299594428
219927,43878.016,49019.67997981423
219928,43878.016,5779.461733911606
219929,43878.016,46075.14606174818
219930,43878.016,40812.851493883485
219931,43878.016,16037.253399850457
219932,43878.016,12332.33444219726
219933,43878.016,17255.989433392933
219934,43878.016,9996.212619562986
219935,43878.016,32869.52446175549
219936,43878.016,65493.19385527938
219937,43878.016,32416.139168859394
219938,43878.016,70139.43081251557
219939,43878.016,23141.807438050313
219940,43878.016,10507.919299783558
219941,43878.016,34575.24721067322
219942,43878.016,14617.150473044134
219943,43878.016,23713.310000096244
219944,43878.016,10055.711422085771
219945,43878.016,36464.420232912016
219946,43878.016,22186.826752547197
219947,43878.016,14180.669040600375
219948,43878.016,9996.615777548679
219949,43878.016,66523.06964635494
219950,43878.016,32373.37302820801
219951,43878.016,45822.803047295776
219952,43878.016,12900.665065648836
219953,43878.016,70150.80875411314
219954,43878.016,36942.118966589456
219955,43878.016,39735.50406069073
219956,43878.016,25541.80094096446
219957,43878.016,32277.613599569904
219958,43878.016,48547.710509179495
219959,43878.016,12766.079128288262
219960,43878.016,13913.577788238586
219961,43878.016,62374.223979710005
219962,43878.016,19085.30920236504
219963,43878.016,22191.232390931753
219964,43878.016,10498.386976624266
219965,43878.016,56612.445987846055
219966,43878.016,9108.62089794704
219967,43878.016,37577.03031554145
219968,43878.016,27559.270857855474
219969,43878.016,33088.63851351363
219970,43878.016,19366.633448483266
219971,43878.016,43137.75539792616
219972,43878.016,62280.58076143846
219973,43878.016,8722.191853087186
219974,43878.016,16006.438283256744
219975,43878.016,12780.934001369005
219976,43878.016,42454.569309717306
219977,43878.016,34599.41815388929
219978,43878.016,46824.31523612359
219979,43878.016,20762.7536726916
219980,43878.016,68248.34861058714
219981,43878.016,20146.26587996967
219982,43878.016,28912.71793127092
219983,43878.016,31485.498152284144
219984,43878.016,64785.46342905449
219985,43878.016,63910.230534340204
219986,43878.016,54237.75876677753
219987,43878.016,61603.89583619645
219988,43878.016,11550.486657599395
219989,43878.016,23684.953221352185
219990,43878.016,52363.77918851354
219991,43878.016,34052.56435154614
219992,43878.016,6807.557611739624
219993,43878.016,26125.11605250881
219994,43878.016,59229.44506597811
219995,43878.016,21073.536409623208
219996,43878.016,43171.61170952872
219997,43878.016,7626.136298144408
219998,43878.016,31141.432905393365
219999,43878.016,10776.282273239402
220000,43878.016,26411.383754619015
220001,43878.016,44567.63298951391
220002,43878.016,16016.98897924168
220003,43878.016,39099.79744284237
220004,43878.016,43091.02507845744
220005,43878.016,33551.66452730386
220006,43878.016,12440.8235283714
220007,43878.016,51358.480172482334
220008,43878.016,59207.67221461327
220009,43878.016,26433.029289392587
220010,43878.016,25696.244189260044
220011,43878.016,42322.49262154368
220012,43878.016,14363.392498101039
220013,43878.016,56383.612821603485
220014,43878.016,43312.63940798028
220015,43878.016,11806.715942113302
220016,43878.016,13063.770179207655
220017,43878.016,15917.443063798288
220018,43878.016,17484.555926659057
220019,43878.016,14067.736481555916
220020,43878.016,18771.937073619287
220021,43878.016,60456.30014058722
220022,43878.016,58398.1485080843
220023,43878.016,41123.76131913659
220024,43878.016,28867.979074345727
220025,43878.016,40638.61960814925
220026,43878.016,10736.812808423243
220027,43878.016,22986.390096726103
220028,43878.016,49819.23662820355
220029,43878.016,54439.50135410567
220030,43878.016,49533.69133954693
220031,43878.016,14929.860959484848
220032,43878.016,20181.011047018816
220033,43878.016,13502.677835600238
220034,43878.016,28396.27804039276
220035,43878.016,45852.489998056655
220036,43878.016,7492.97189206277
220037,43878.016,77585.35911959723
220038,43878.016,55950.07932887549
220039,43878.016,19159.764325573502
220040,43878.016,77220.65064072733
220041,43878.016,27477.087874323104
220042,43878.016,39291.392621584986
220043,43878.016,21519.354122880726
220044,43878.016,41742.197233172505
220045,43878.016,53408.923754131574
220046,43878.016,18755.526352173467
220047,43878.016,28347.10065733514
220048,43878.016,52828.231392461035
220049,43878.016,18732.16421713572
220050,43878.016,49928.29749131683
220051,43878.016,25451.40025656412
220052,43878.016,29180.696620903305
220053,43878.016,56192.45858320736
220054,43878.016,56637.82753760883
220055,43878.016,19177.164752959383
220056,43878.016,8658.817998369554
220057,43878.016,40128.41573710284
220058,43878.016,13171.374401081768
220059,43878.016,49680.3662040236
220060,43878.016,50579.902497431045
220061,43878.016,53376.07492316467
220062,43878.016,20811.714396821488
220063,43878.016,56970.985051173804
220064,43878.016,48982.71681061144
220065,43878.016,54689.37285453308
220066,43878.016,28634.655545864567
220067,43878.016,33482.96998348425
220068,43878.016,29584.676690874552
220069,43878.016,12296.472561935152
220070,43878.016,6056.372354586039
220071,43878.016,30307.076644739387
220072,43878.016,10381.49445129849
220073,43878.016,13057.000774075697
220074,43878.016,15425.334703762244
220075,43878.016,14069.167049154643
220076,43878.016,10921.535931862474
220077,43878.016,55467.02857803132
220078,43878.016,33742.07955322458
220079,43878.016,22520.288064244673
220080,43878.016,12771.980684916927
220081,43878.016,55720.51612369109
220082,43878.016,49362.74876445376
220083,43878.016,36327.517044435255
220084,43878.016,55763.76553102204
220085,43878.016,51877.863981216826
220086,43878.016,15165.266325519478
220087,43878.016,12413.176246367497
220088,43878.016,36760.49779750274
220089,43878.016,58130.51849357728
220090,43878.016,11860.415317702958
220091,43878.016,11659.718269549181
220092,43878.016,44504.277392277516
220093,43878.016,65489.4711288795
220094,43878.016,38843.063961850195
220095,43878.016,27427.2949906417
220096,43878.016,22337.4984516182
220097,43878.016,48789.98919436197
220098,43878.016,15346.667930660826
220099,43878.016,36336.08775116365
220100,43878.016,44664.58695783237
220101,43878.016,15845.699934701648
220102,43878.016,38042.831898550015
220103,43878.016,15099.154293024738
220104,43878.016,45768.401939566014
220105,43878.016,66658.76009076732
220106,43878.016,61163.837254198785
220107,43878.016,64715.901951219086
220108,43878.016,72009.01355385904
220109,43878.016,22487.500841281046
220110,43878.016,28883.60172911637
220111,43878.016,37933.44779632663
220112,43878.016,43417.083758109395
220113,43878.016,19743.48751662204
220114,43878.016,34838.635768678854
220115,43878.016,25688.16775996121
220116,43878.016,8487.902490709614
220117,43878.016,73916.21808407652
220118,43878.016,55601.22416209759
220119,43878.016,21162.570422188503
220120,43878.016,55479.1981227515
220121,43878.016,23175.84929390238
220122,43878.016,14126.124390430794
220123,43878.016,48369.41040392523
220124,43878.016,61515.086078927576
220125,43878.016,45250.18007805949
220126,43878.016,41859.68619216653
220127,43878.016,58447.46593771931
220128,43878.016,68123.27130537506
220129,43878.016,110204.6428705752
220130,43878.016,31255.773120869922
220131,43878.016,36371.20597649317
220132,43878.016,16989.48204169399
220133,43878.016,44277.737260629474
220134,43878.016,70697.28592078749
220135,43878.016,41867.99774155421
220136,43878.016,21806.27376163682
220137,43878.016,52793.03788125234
220138,43878.016,65286.784473900996
220139,43878.016,22086.72476950868
220140,43878.016,12663.101271104772
220141,43878.016,34349.863936614674
220142,43878.016,22206.302719874875
220143,43878.016,25064.862220393486
220144,43878.016,40437.18898399735
220145,43878.016,56298.29572861657
220146,43878.016,40043.7320030389
220147,43878.016,19839.925399308453
220148,43878.016,53391.686322141504
220149,43878.016,58599.831126235105
220150,43878.016,24251.211047296158
220151,43878.016,12671.1977436336
220152,43878.016,13923.29921311345
220153,43878.016,18269.243020151403
220154,43878.016,38950.31168624403
220155,43878.016,41320.21398310148
220156,43878.016,18624.408626957706
220157,43878.016,43479.36532635953
220158,43878.016,25246.161975389557
220159,43878.016,33060.3336212583
220160,43878.016,47439.65897861535
220161,43878.016,16402.815045186882
220162,43878.016,23209.260940696648
220163,43878.016,38066.17455527806
220164,43878.016,65534.17048124906
220165,43878.016,50302.510355329425
220166,43878.016,13098.225836135609
220167,43878.016,76758.25734236532
220168,43878.016,31170.275769985747
220169,43878.016,62626.55810805939
220170,43878.016,32187.820401743447
220171,43878.016,92558.33996789799
220172,43878.016,77049.21303223909
220173,43878.016,7595.928300583885
220174,43878.016,36857.85944970227
220175,43878.016,12517.047352165484
220176,43878.016,37598.848456892905
220177,43878.016,57963.062962639546
220178,43878.016,9682.597540274151
220179,43878.016,55792.4693177112
220180,43878.016,22867.068785984527
220181,43878.016,43245.55666865521
220182,43878.016,72317.99273150142
220183,43878.016,61834.65185289965
220184,43878.016,56136.24309086236
220185,43878.016,31349.11189197424
220186,43878.016,62300.04593632164
220187,43878.016,41914.24242497304
220188,43878.016,46613.862553756146
220189,43878.016,7572.459116041953
220190,43878.016,24267.46304754335
220191,43878.016,41050.01925325875
220192,43878.016,24115.514296765246
220193,43878.016,7932.714766699034
220194,43878.016,39257.76003727297
220195,43878.016,11332.952549447331
220196,43878.016,23980.195091206988
220197,43878.016,35427.53084629363
220198,43878.016,20758.769697718773
220199,43878.016,25664.039053354107
220200,43878.016,66220.28006803828
220201,43878.016,39484.26201262657
220202,43878.016,30105.971805891815
220203,43878.016,45837.13026095482
220204,43878.016,78835.38821584023
220205,43878.016,5028.340325323729
220206,43878.016,11498.80283332138
220207,43878.016,21346.421326548745
220208,43878.016,25084.667683984157
220209,43878.016,24446.88420005432
220210,43878.016,61837.408326257704
220211,43878.016,34758.07346101771
220212,43878.016,35103.0528674128
220213,43878.016,25825.48312342742
220214,43878.016,40738.076693044626
220215,43878.016,10057.085310995666
220216,43878.016,14037.448927646348
220217,43878.016,21019.35362732045
220218,43878.016,39001.9220495722
220219,43878.016,69337.06100297201
220220,43878.016,41108.36505545502
220221,43878.016,29574.776008401484
220222,43878.016,46915.55393856798
220223,43878.016,9525.232909809964
220224,43878.016,44101.816229459946
220225,43878.016,60538.779404452485
220226,43878.016,52069.2739870548
220227,43878.016,61756.111778194
220228,43878.016,58030.46000167863
220229,43878.016,25316.383641545748
220230,43878.016,16709.659553369707
220231,43878.016,35994.757001378995
220232,43878.016,56022.98947963746
220233,43878.016,18046.777647779043
220234,43878.016,9213.850779021475
220235,43878.016,60005.05224550318
220236,43878.016,31755.556242842984
220237,43878.016,50402.93895621303
220238,43878.016,14088.510452336857
220239,43878.016,5677.195772108849
220240,43878.016,33411.74099440675
220241,43878.016,38793.44854549553
220242,43878.016,8687.974215282833
220243,43878.016,36156.279247997365
220244,43878.016,31985.83914569611
220245,43878.016,52497.867102969234
220246,43878.016,32352.7609051726
220247,43878.016,12320.964467402633
220248,43878.016,33758.68817155188
220249,43878.016,50803.29263808555
220250,43878.016,24993.847523379492
220251,43878.016,17103.50864345222
220252,43878.016,14753.194481266712
220253,43878.016,38152.36297909914
220254,43878.016,30298.801479960413
220255,43878.016,13981.710363394159
220256,43878.016,33800.528520396314
220257,43878.016,72640.23431636303
220258,43878.016,11972.405538502666
220259,43878.016,10644.366536278234
220260,43878.016,30734.642799094254
220261,43878.016,55796.83288321997
220262,43878.016,33167.116748962
220263,43878.016,43815.296434984186
220264,43878.016,37041.06574758028
220265,43878.016,40157.920493157835
220266,43878.016,50600.90885060452
220267,43878.016,55327.0771789591
220268,43878.016,18964.60767663669
220269,43878.016,18314.905203323768
220270,43878.016,19124.29511266136
220271,43878.016,55995.19921970285
220272,43878.016,25419.872490367958
220273,43878.016,50353.658269847445
220274,43878.016,23598.47032431045
220275,43878.016,46637.359421322566
220276,43878.016,82499.60739292514
220277,43878.016,23512.86086509109
220278,43878.016,22031.251669543664
220279,43878.016,23889.310644697605
220280,43878.016,37291.60725620286
220281,43878.016,35680.73575487126
220282,43878.016,5830.84774231679
220283,43878.016,19006.817625272113
220284,43878.016,46029.09820854407
220285,43878.016,44803.99831652197
220286,43878.016,39831.71499682885
220287,43878.016,42834.81599501623
220288,43878.016,67664.83590622463
220289,43878.016,37032.25097819523
220290,43878.016,13950.708690177227
220291,43878.016,13064.602185105274
220292,43878.016,27337.050615299606
220293,43878.016,46824.72804548567
220294,43878.016,16967.51378308046
220295,43878.016,25750.54944644324
220296,43878.016,10010.683147313752
220297,43878.016,7290.710416472076
220298,43878.016,7712.519427848072
220299,43878.016,21394.713571844182
220300,43878.016,25007.318424771216
220301,43878.016,23260.350888574096
220302,43878.016,34799.289299792785
220303,43878.016,21755.05876826344
220304,43878.016,15490.164212382284
220305,43878.016,9946.865284915746
220306,43878.016,35338.74235314518
220307,43878.016,67367.83684889086
220308,43878.016,36349.53424578322
220309,43878.016,32630.691642210568
220310,43878.016,27285.182552807757
220311,43878.016,69066.76994592977
220312,43878.016,65725.7062072658
220313,43878.016,26313.8562005765
220314,43878.016,23796.164572059977
220315,43878.016,13468.403747937498
220316,43878.016,25842.96146650518
220317,43878.016,40852.70654543125
220318,43878.016,44230.83964074144
220319,43878.016,9998.535265280198
220320,43878.016,29201.09967998485
220321,43878.016,35790.968176271315
220322,43878.016,22385.93502859458
220323,43878.016,43350.36956377529
220324,43878.016,40535.8470715778
220325,43878.016,43495.03351297352
220326,43878.016,64130.5114438725
220327,43878.016,9437.693610270742
220328,43878.016,12496.56003204313
220329,43878.016,13716.520756339327
220330,43878.016,43282.52342959221
220331,43878.016,24512.598451213536
220332,43878.016,11802.874039287792
220333,43878.016,41292.48252464581
220334,43878.016,71624.27444996416
220335,43878.016,24147.6088794895
220336,43878.016,53016.64286527651
220337,43878.016,40848.746164405515
220338,43878.016,37324.92243611769
220339,43878.016,23108.185573925304
220340,43878.016,28790.253801567193
220341,43878.016,21614.29862237752
220342,43878.016,22114.249968725453
220343,43878.016,55667.76565340778
220344,43878.016,24405.11568029765
220345,43878.016,57545.09204844474
220346,43878.016,43190.47466837798
220347,43878.016,29250.152697126876
220348,43878.016,41411.84801950595
220349,43878.016,40478.07308008381
220350,43878.016,24224.72354307665
220351,43878.016,44793.567262090815
220352,43878.016,70048.20406355157
220353,43878.016,20658.785067242905
220354,43878.016,30807.57346076949
220355,43878.016,50775.29710493543
220356,43878.016,37735.6726376782
220357,43878.016,45135.51151329426
220358,43878.016,13720.995008915179
220359,43878.016,39082.26801802645
220360,43878.016,22259.2660418343
220361,43878.016,50248.916806779474
220362,43878.016,18870.9171078855
220363,43878.016,36700.444690231445
220364,43878.016,22518.88342823514
220365,43878.016,55547.82133615178
220366,43878.016,22012.553675152725
220367,43878.016,50734.785699001724
220368,43878.016,25762.82226714928
220369,43878.016,10412.361590904236
220370,43878.016,41745.68242886716
220371,43878.016,57611.338130163596
220372,43878.016,17249.400003420124
220373,43878.016,39350.45738268591
220374,43878.016,61153.63638897516
220375,43878.016,47105.81242075628
220376,43878.016,20048.797931959023
220377,43878.016,33501.17357840878
220378,43878.016,29161.15875174256
220379,43878.016,24238.85221936416
220380,43878.016,15612.880469653413
220381,43878.016,40232.34468360479
220382,43878.016,24865.703204154062
220383,43878.016,16329.291331299175
220384,43878.016,53305.30958214553
220385,43878.016,32857.974272444306
220386,43878.016,62729.461554994916
220387,43878.016,62636.53530732126
220388,43878.016,60475.732872914414
220389,43878.016,19655.178057683235
220390,43878.016,25489.236244878546
220391,43878.016,31118.02521825833
220392,43878.016,8812.685264123029
220393,43878.016,35658.487272625716
220394,43878.016,20895.21132120217
220395,43878.016,73811.43791136898
220396,43878.016,23550.094090471124
220397,43878.016,105764.29865187561
220398,43878.016,36357.950838513476
220399,43878.016,44493.23797334991
220400,43878.016,6150.458872290675
220401,43878.016,12144.276286301314
220402,43878.016,49312.734315372254
220403,43878.016,28148.474644786882
220404,43878.016,21231.385117065096
220405,43878.016,42050.06384941975
220406,43878.016,29302.067813390644
220407,43878.016,5112.06543277134
220408,43878.016,43511.21873501769
220409,43878.016,48237.59501519155
220410,43878.016,50656.69710205547
220411,43878.016,61111.18071491497
220412,43878.016,31186.77552005453
220413,43878.016,59095.63396838229
220414,43878.016,33296.63986694444
220415,43878.016,12771.119797776859
220416,43878.016,27039.118230142714
220417,43878.016,38185.25477030099
220418,43878.016,49609.3394723335
220419,43878.016,35127.715186872134
220420,43878.016,53142.625382205646
220421,43878.016,28806.817104044614
220422,43878.016,59194.54045873828
220423,43878.016,57136.55398910667
220424,43878.016,8217.039618737961
220425,43878.016,8819.268653286907
220426,43878.016,17581.599767279684
220427,43878.016,79451.38538320157
220428,43878.016,28267.66884292579
220429,43878.016,12188.578936685395
220430,43878.016,30110.059962626186
220431,43878.016,44454.69925458463
220432,43878.016,12908.411860784623
220433,43878.016,40890.081059718555
220434,43878.016,22479.87973030479
220435,43878.016,45337.37345068487
220436,43878.016,82408.42286411354
220437,43878.016,28394.485517358575
220438,43878.016,29892.859914606153
220439,43878.016,55621.06097977894
220440,43878.016,55044.48055410996
220441,43878.016,47112.594399889225
220442,43878.016,15625.43779515038
220443,43878.016,26309.108219484682
220444,43878.016,44160.46542513662
220445,43878.016,36625.70122032636
220446,43878.016,7797.166142835102
220447,43878.016,51979.646977595214
220448,43878.016,26572.37249704252
220449,43878.016,37074.82882032267
220450,43878.016,55357.15706808399
220451,43878.016,88640.92748543058
220452,43878.016,39079.42511483319
220453,43878.016,45552.38201909814
220454,43878.016,12847.826232766623
220455,43878.016,13666.502080353659
220456,43878.016,54744.54656718438
220457,43878.016,13592.932067880924
220458,43878.016,66089.72133384972
220459,43878.016,56682.064183774215
220460,43878.016,15191.044925678483
220461,43878.016,29746.407602926127
220462,43878.016,43969.95776526792
220463,43878.016,30001.21569722769
220464,43878.016,15103.794680561801
220465,43878.016,44602.571225195956
220466,43878.016,49748.43813827118
220467,43878.016,37934.51144342784
220468,43878.016,13636.378810344022
220469,43878.016,21270.32777379596
220470,43878.016,12622.577416340391
220471,43878.016,9291.238466702029
220472,43878.016,45080.11430950799
220473,43878.016,19410.849698415685
220474,43878.016,26859.616700352348
220475,43878.016,9191.30739683665
220476,43878.016,38732.33027920288
220477,43878.016,12797.642734627289
220478,43878.016,35474.77590402926
220479,43878.016,52989.06311259562
220480,43878.016,28759.91140591856
220481,43878.016,52181.41733404989
220482,43878.016,67438.86413720636
220483,43878.016,56664.638314839474
220484,43878.016,47136.83632939363
220485,43878.016,41680.59110874464
220486,43878.016,46127.84073083011
220487,43878.016,8901.467216861125
220488,43878.016,47388.812306793836
220489,43878.016,35495.71974831838
220490,43878.016,20513.343316499933
220491,43878.016,45916.7188402038
220492,43878.016,15812.65477818221
220493,43878.016,17237.79016319973
220494,43878.016,47462.36787640544
220495,43878.016,21685.130943241475
220496,43878.016,15299.58843965146
220497,43878.016,37963.21174777495
220498,43878.016,16899.959001617815
220499,43878.016,27481.080645421924
220500,43878.016,30503.592818614725
220501,43878.016,24915.36985733141
220502,43878.016,27800.006920096548
220503,43878.016,48503.58460918041
220504,43878.016,59446.25735426031
220505,43878.016,51660.720970678296
220506,43878.016,90406.03727299055
220507,43878.016,26864.49917737265
220508,43878.016,48708.16937208606
220509,43878.016,57450.61450187485
220510,43878.016,26979.246445048935
220511,43878.016,28037.202469574422
220512,43878.016,47667.42285735219
220513,43878.016,70607.90606771735
220514,43878.016,30390.85354504935
220515,43878.016,13644.97976370824
220516,43878.016,19402.064229610896
220517,43878.016,114526.45433370779
220518,43878.016,66027.50414179137
220519,43878.016,56101.08194364364
220520,43878.016,30031.080413744752
220521,43878.016,36219.863780533546
220522,43878.016,47518.046825477795
220523,43878.016,21943.418193877613
220524,43878.016,22897.03533714966
220525,43878.016,59206.302885585064
220526,43878.016,22423.72650110926
220527,43878.016,60291.17528239715
220528,43878.016,15779.25249795874
220529,43878.016,21751.684986944358
220530,43878.016,28212.379680256014
220531,43878.016,5881.805899617801
220532,43878.016,4945.338955058854
220533,43878.016,41657.54766481758
220534,43878.016,20279.498630503655
220535,43878.016,30589.991156879205
220536,43878.016,74177.14068471294
220537,43878.016,23841.489293964816
220538,43878.016,28403.230680779587
220539,43878.016,35804.95737468172
220540,43878.016,43905.16637323208
220541,43878.016,17586.88417398047
220542,43878.016,13525.065123066172
220543,43878.016,45089.34315080033
220544,43878.016,29411.877777630423
220545,43878.016,13118.840121401296
220546,43878.016,48905.13464830152
220547,43878.016,47506.76092264016
220548,43878.016,15173.941441109946
220549,43878.016,58718.945958198994
220550,43878.016,26047.57965527064
220551,43878.016,12472.121107188179
220552,43878.016,68694.07882027284
220553,43878.016,23842.733741052452
220554,43878.016,44868.49885656975
220555,43878.016,28381.213506399043
220556,43878.016,40851.02474886096
220557,43878.016,37135.55888682
220558,43878.016,28493.883140560385
220559,43878.016,20032.8092427893
220560,43878.016,53197.04732523335
220561,43878.016,58701.71059898046
220562,43878.016,5746.361475001412
220563,43878.016,31935.894538832006
220564,43878.016,12427.879155806186
220565,43878.016,76589.72897679212
220566,43878.016,33522.07888543039
220567,43878.016,19236.0946933619
220568,43878.016,56931.38552223241
220569,43878.016,46775.969699602676
220570,43878.016,4679.638557329476
220571,43878.016,46833.47646468368
220572,43878.016,30035.792700902915
220573,43878.016,68610.88418776539
220574,43878.016,63968.483198792586
220575,43878.016,14932.772653044794
220576,43878.016,65269.78434741398
220577,43878.016,33091.48643294059
220578,43878.016,19333.951941785795
220579,43878.016,16956.196146071023
220580,43878.016,39028.3466185021
220581,43878.016,57084.10400310635
220582,43878.016,43962.72837448121
220583,43878.016,35893.44912512808
220584,43878.016,39069.81696992011
220585,43878.016,59795.68543264829
220586,43878.016,20447.54542572735
220587,43878.016,48842.66098768436
220588,43878.016,71285.36671515217
220589,43878.016,42540.28325298653
220590,43878.016,65336.69590886132
220591,43878.016,19649.7779609986
220592,43878.016,18740.78919261449
220593,43878.016,15559.865032923848
220594,43878.016,72191.32265607387
220595,43878.016,59895.32124205534
220596,43878.016,9661.205726684237
220597,43878.016,60259.29305006151
220598,43878.016,46791.15308009772
220599,43878.016,78677.67371495078
220600,43878.016,31934.373295416044
220601,43878.016,58269.605223019746
220602,43878.016,51896.88038937887
220603,43878.016,19530.58055550352
220604,43878.016,43657.28318020559
220605,43878.016,45145.32394126694
220606,43878.016,29848.639080083336
220607,43878.016,28457.287280627268
220608,43878.016,15939.103960292603
220609,43878.016,49603.35550076665
220610,43878.016,68003.72977281036
220611,43878.016,51351.68433344852
220612,43878.016,11044.141402539186
220613,43878.016,49466.997476742916
220614,43878.016,23127.60462626974
220615,43878.016,6757.322486293221
220616,43878.016,35466.506992724164
220617,43878.016,26146.643927310328
220618,43878.016,18322.718921558553
220619,43878.016,71088.62667636319
220620,43878.016,8710.314076277944
220621,43878.016,32378.744291606476
220622,43878.016,11994.940852072177
220623,43878.016,44394.24583149635
220624,43878.016,37720.525599859284
220625,43878.016,19161.61302878265
220626,43878.016,11072.801873970026
220627,43878.016,6720.341524443273
220628,43878.016,11277.681783375932
220629,43878.016,44388.844197570215
220630,43878.016,20997.472672484906
220631,43878.016,57088.21709307332
220632,43878.016,69724.50722073913
220633,43878.016,61843.45116056913
220634,43878.016,23180.728060445592
220635,43878.016,12228.31527716728
220636,43878.016,40467.09595472439
220637,43878.016,58363.01403149007
220638,43878.016,59331.6776413457
220639,43878.016,10574.34303968017
220640,43878.016,35666.11793829522
220641,43878.016,8229.822549540777
220642,43878.016,14631.256989455856
220643,43878.016,53276.53234243281
220644,43878.016,46750.634920694094
220645,43878.016,40009.57947026931
220646,43878.016,24905.925638997127
220647,43878.016,16197.695387893727
220648,43878.016,32768.24058390833
220649,43878.016,37122.49569333532
220650,43878.016,14592.802439411449
220651,43878.016,18387.90397465587
220652,43878.016,36610.37291160041
220653,43878.016,40581.900888947814
220654,43878.016,17190.16373164128
220655,43878.016,19343.577345208116
220656,43878.016,36621.74515788314
220657,43878.016,53201.32980949377
220658,43878.016,37592.99112471223
220659,43878.016,44351.87175333153
220660,43878.016,20808.986150290464
220661,43878.016,18582.623423899346
220662,43878.016,10902.704238553593
220663,43878.016,47521.86134865617
220664,43878.016,50942.22896203803
220665,43878.016,79684.48958501633
220666,43878.016,11732.818979511523
220667,43878.016,56827.915162595855
220668,43878.016,49399.46515566142
220669,43878.016,37160.55553090676
220670,43878.016,19461.13043157546
220671,43878.016,61793.69964083141
220672,43878.016,53807.253197699545
220673,43878.016,59126.87543342064
220674,43878.016,30086.03064241577
220675,43878.016,70902.4611488396
220676,43878.016,45331.60442447721
220677,43878.016,67317.26557383777
220678,43878.016,21288.908269081618
220679,43878.016,27875.642403647475
220680,43878.016,16294.45446971165
220681,43878.016,48561.189375526454
220682,43878.016,42082.864358438244
220683,43878.016,27406.666459754357
220684,43878.016,32554.270747706898
220685,43878.016,4963.927847766217
220686,43878.016,34530.531944066235
220687,43878.016,25533.11351589361
220688,43878.016,71303.34450163401
220689,43878.016,7245.083904738379
220690,43878.016,33828.70670377131
220691,43878.016,21121.525070901873
220692,43878.016,71119.52958171036
220693,43878.016,21042.100598232675
220694,43878.016,20877.63910997913
220695,43878.016,8722.574713095571
220696,43878.016,42165.28131995974
220697,43878.016,38148.44488297249
220698,43878.016,18657.43499382658
220699,43878.016,36354.798585708275
220700,43878.016,15013.224190060455
220701,43878.016,15662.83215521922
220702,43878.016,24822.96671867002
220703,43878.016,11213.382964089531
220704,43878.016,49381.63325055944
220705,43878.016,9230.147022622976
220706,43878.016,16873.358005436778
220707,43878.016,57656.23699707852
220708,43878.016,35225.65984577936
220709,43878.016,23835.177715799935
220710,43878.016,16762.624286682294
220711,43878.016,36705.56064834709
220712,43878.016,44116.126263261154
220713,43878.016,14427.970282673561
220714,43878.016,54017.90814416295
220715,43878.016,8560.822383636412
220716,43878.016,32629.76972171619
220717,43878.016,59425.01321499715
220718,43878.016,53009.779739451624
220719,43878.016,12119.028074501277
220720,43878.016,65923.31013663304
220721,43878.016,57931.73951747187
220722,43878.016,31791.002751892112
220723,43878.016,44916.63738462523
220724,43878.016,25563.67335041946
220725,43878.016,46792.431808786685
220726,43878.016,31194.44400037544
220727,43878.016,47801.76516322491
220728,43878.016,56189.62717770215
220729,43878.016,60108.263607487745
220730,43878.016,48782.84539578795
220731,43878.016,79758.81111579742
220732,43878.016,5050.924127829172
220733,43878.016,48598.731833108315
220734,43878.016,35898.89934782937
220735,43878.016,50186.839614555705
220736,43878.016,39652.932986533386
220737,43878.016,31243.43641376929
220738,43878.016,38349.8885277787
220739,43878.016,4772.926033977884
220740,43878.016,30521.61474432924
220741,43878.016,41099.32578901799
220742,43878.016,45542.89327940784
220743,43878.016,45427.22617554491
220744,43878.016,74224.72444724856
220745,43878.016,19290.644774633798
220746,43878.016,31030.722280890775
220747,43878.016,46263.853513464644
220748,43878.016,37884.4202284985
220749,43878.016,51892.42654660699
220750,43878.016,16538.49268025716
220751,43878.016,82042.67718282799
220752,43878.016,13450.284171130927
220753,43878.016,35309.17909130851
220754,43878.016,11731.003192988852
220755,43878.016,83521.74761221086
220756,43878.016,22175.20139442857
220757,43878.016,7866.827225827335
220758,43878.016,7808.536418399289
220759,43878.016,16578.988006245232
220760,43878.016,40005.66832920955
220761,43878.016,32306.865492684454
220762,43878.016,28286.543514340272
220763,43878.016,12927.13905789217
220764,43878.016,28899.537816861917
220765,43878.016,48314.16634421312
220766,43878.016,9212.456136667475
220767,43878.016,73732.48085841106
220768,43878.016,59193.718726059844
220769,43878.016,62108.15164183032
220770,43878.016,12755.666677325517
220771,43878.016,5115.083524310511
220772,43878.016,39637.24221396804
220773,43878.016,16443.828304615414
220774,43878.016,39108.25821729234
220775,43878.016,58230.46156320589
220776,43878.016,66867.57626560911
220777,43878.016,16619.920890214424
220778,43878.016,24450.897024567545
220779,43878.016,41854.347915595434
220780,43878.016,48531.06328872935
220781,43878.016,58382.7128486804
220782,43878.016,14930.660111729116
220783,43878.016,27476.536265069833
220784,43878.016,55137.69506893148
220785,43878.016,43965.60338096428
220786,43878.016,16705.913478680945
220787,43878.016,39538.658828362655
220788,43878.016,22610.991394692486
220789,43878.016,9527.27173314435
220790,43878.016,65701.11882990066
220791,43878.016,6654.0882209196425
220792,43878.016,13189.50450920292
220793,43878.016,16163.251684909175
220794,43878.016,49275.3405144056
220795,43878.016,12187.912763520762
220796,43878.016,27753.68455055683
220797,43878.016,34153.643678894274
220798,43878.016,56818.86461691924
220799,43878.016,54135.19748934524
220800,43878.016,14468.01524713795
220801,43878.016,33865.47604361279
220802,43878.016,45541.60884701322
220803,43878.016,43248.545762081085
220804,43878.016,28897.263043600782
220805,43878.016,23825.47445220825
220806,43878.016,18870.761521629185
220807,43878.016,32794.868203982885
220808,43878.016,20202.566849023788
220809,43878.016,17378.17476548401
220810,43878.016,9023.108904188459
220811,43878.016,12237.040030981954
220812,43878.016,20663.043949945208
220813,43878.016,70427.69602911195
220814,43878.016,38376.15106328218
220815,43878.016,37377.97202497961
220816,43878.016,53881.213568163286
220817,43878.016,42458.90441514718
220818,43878.016,64486.471600024335
220819,43878.016,76054.7851608184
220820,43878.016,50466.6093562952
220821,43878.016,37096.00929640134
220822,43878.016,54809.8111047935
220823,43878.016,24471.783757383935
220824,43878.016,17503.011349252793
220825,43878.016,11168.854477776671
220826,43878.016,12706.973720427046
220827,43878.016,59341.85088510276
220828,43878.016,23999.951356277023
220829,43878.016,90882.50585336657
220830,43878.016,47632.13802270111
220831,43878.016,56541.61422257414
220832,43878.016,68035.4863271615
220833,43878.016,48930.890305662666
220834,43878.016,67695.79341099806
220835,43878.016,118755.24260330146
220836,43878.016,42665.28333591793
220837,43878.016,8842.369853276947
220838,43878.016,12993.186111507857
220839,43878.016,34431.20079845817
220840,43878.016,13265.49739106556
220841,43878.016,53739.80586622187
220842,43878.016,68545.66811813955
220843,43878.016,86844.07303763954
220844,43878.016,5592.3596859673935
220845,43878.016,55550.20454217986
220846,43878.016,14721.22891868032
220847,43878.016,36510.07616314986
220848,43878.016,45075.354154101915
220849,43878.016,54894.0957543539
220850,43878.016,65877.3746958899
220851,43878.016,40295.984156117695
220852,43878.016,45844.602892326446
220853,43878.016,57663.97538607026
220854,43878.016,41122.998550878634
220855,43878.016,14095.984002402218
220856,43878.016,25860.65958815193
220857,43878.016,50199.6412611504
220858,43878.016,10614.268432927756
220859,43878.016,50918.36602510028
220860,43878.016,8705.442568899478
220861,43878.016,15732.683003258366
220862,43878.016,17862.57255963896
220863,43878.016,28508.416744292543
220864,43878.016,46379.89218462726
220865,43878.016,39056.640081579615
220866,43878.016,23895.907212573213
220867,43878.016,31051.838368889472
220868,43878.016,28549.262398265113
220869,43878.016,9445.596831062372
220870,43878.016,23312.194730211922
220871,43878.016,23188.603130458385
220872,43878.016,46936.29028997305
220873,43878.016,28009.301794648192
220874,43878.016,49954.80017751325
220875,43878.016,46877.55813436117
220876,43878.016,45017.619821187334
220877,43878.016,78183.1461642575
220878,43878.016,48361.908949522345
220879,43878.016,16654.250517713066
220880,43878.016,32266.95571050736
220881,43878.016,43399.31589750059
220882,43878.016,52406.517696878094
220883,43878.016,34885.24567082779
220884,43878.016,24942.140442957334
220885,43878.016,71752.81007316826
220886,43878.016,22334.55971695842
220887,43878.016,10192.505715860592
220888,43878.016,8458.440728749449
220889,43878.016,37142.63652690574
220890,43878.016,38457.6400856037
220891,43878.016,21266.749589453764
220892,43878.016,37899.72177913228
220893,43878.016,8813.769222165465
220894,43878.016,35105.51160237997
220895,43878.016,50113.860625072564
220896,43878.016,14174.661104131412
220897,43878.016,12323.815703305429
220898,43878.016,91954.55468514806
220899,43878.016,25257.0487895739
220900,43878.016,71396.23857372647
220901,43878.016,45331.7632907167
220902,43878.016,15168.71619124908
220903,43878.016,13175.589902869713
220904,43878.016,34179.88304871488
220905,43878.016,11841.334554971305
220906,43878.016,37216.917433097944
220907,43878.016,72667.88182604505
220908,43878.016,72404.91569162479
220909,43878.016,63819.418139365196
220910,43878.016,9051.784205128293
220911,43878.016,36682.18170999045
220912,43878.016,33369.86782130056
220913,43878.016,40092.944615160544
220914,43878.016,20163.907664695846
220915,43878.016,17783.643682782276
220916,43878.016,20931.632037486157
220917,43878.016,40340.622073071776
220918,43878.016,76393.13879189666
220919,43878.016,52490.764318144735
220920,43878.016,51131.60405942421
220921,43878.016,6250.000166773524
220922,43878.016,11042.681584238198
220923,43878.016,11606.475243661818
220924,43878.016,82510.82131177103
220925,43878.016,29229.470706327116
220926,43878.016,25278.373166208217
220927,43878.016,22324.088133819532
220928,43878.016,59822.485106574095
220929,43878.016,125678.56316944651
220930,43878.016,19177.383709254234
220931,43878.016,55222.32962652853
220932,43878.016,39076.79575512412
220933,43878.016,52041.001570065026
220934,43878.016,46397.906448586415
220935,43878.016,18082.680410519213
220936,43878.016,20719.816469088728
220937,43878.016,30138.043499777246
220938,43878.016,23914.207275151057
220939,43878.016,57543.68783846325
220940,43878.016,38252.69365278098
220941,43878.016,51263.542700682054
220942,43878.016,13517.504233284319
220943,43878.016,17819.077454560156
220944,43878.016,20629.7477475434
220945,43878.016,37890.600774568564
220946,43878.016,15974.173663127822
220947,43878.016,10948.584475362408
220948,43878.016,48279.315952658435
220949,43878.016,57256.559903754256
220950,43878.016,9605.539583805798
220951,43878.016,117086.07841362401
220952,43878.016,32109.305850316745
220953,43878.016,32306.861877738604
220954,43878.016,10402.80834386709
220955,43878.016,33430.046567828154
220956,43878.016,30228.984592475164
220957,43878.016,19322.667894513954
220958,43878.016,9731.731807101736
220959,43878.016,58934.35996124769
220960,43878.016,38481.76192210686
220961,43878.016,17515.110410930032
220962,43878.016,67246.72614827138
220963,43878.016,23518.224490835102
220964,43878.016,55665.0330290144
220965,43878.016,64709.463284194266
220966,43878.016,36740.584390791664
220967,43878.016,22069.33760560798
220968,43878.016,18190.0452638478
220969,43878.016,19986.90823561576
220970,43878.016,59257.583464708805
220971,43878.016,65947.82774902358
220972,43878.016,41610.35279644039
220973,43878.016,66178.81978373295
220974,43878.016,6921.896954942215
220975,43878.016,68922.73513983664
220976,43878.016,40552.7492464131
220977,43878.016,35380.566453701605
220978,43878.016,46587.87512524804
220979,43878.016,30868.697045565623
220980,43878.016,51670.880407411925
220981,43878.016,44930.95885441426
220982,43878.016,12468.45582002435
220983,43878.016,24686.795153588864
220984,43878.016,49310.31883787269
220985,43878.016,32951.31434257143
220986,43878.016,45674.60372455372
220987,43878.016,53478.83637071702
220988,43878.016,49445.16034041419
220989,43878.016,19927.186021878355
220990,43878.016,57620.50949692899
220991,43878.016,27892.785762039224
220992,43878.016,42790.45443582277
220993,43878.016,91790.32847372915
220994,43878.016,6414.108421483861
220995,43878.016,65956.5182533459
220996,43878.016,51976.000327373455
220997,43878.016,21240.735694079372
220998,43878.016,14076.92341992151
220999,43878.016,13965.709309660684
221000,43878.016,17187.18330191646
221001,43878.016,39093.75856655048
221002,43878.016,40633.2169607774
221003,43878.016,11775.262884225285
221004,43878.016,11768.756691585562
221005,43878.016,8370.347368572488
221006,43878.016,25017.55017391654
221007,43878.016,18772.93450661216
221008,43878.016,27202.894462647168
221009,43878.016,25295.734875614402
221010,43878.016,40584.38689480916
221011,43878.016,49397.19203844367
221012,43878.016,36761.71129738724
221013,43878.016,55432.19359400004
221014,43878.016,23188.622803664864
221015,43878.016,109130.27837636665
221016,43878.016,30117.30486357473
221017,43878.016,65402.23840101672
221018,43878.016,38140.56833366484
221019,43878.016,34925.89935930987
221020,43878.016,56869.68957202863
221021,43878.016,63969.150137635384
221022,43878.016,42140.033786894695
221023,43878.016,11759.031193605422
221024,43878.016,47195.45924391874
221025,43878.016,43215.4535459703
221026,43878.016,19188.716439007545
221027,43878.016,11897.66614870453
221028,43878.016,11977.323127821748
221029,43878.016,26111.00435375111
221030,43878.016,13273.945554226291
221031,43878.016,51132.123567844035
221032,43878.016,17451.661220315822
221033,43878.016,18139.33566341271
221034,43878.016,66125.95459792475
221035,43878.016,10551.814481094405
221036,43878.016,12768.732294307772
221037,43878.016,32321.621967786345
221038,43878.016,7175.45466357453
221039,43878.016,15204.994261908441
221040,43878.016,34064.283062526716
221041,43878.016,19267.712955333525
221042,43878.016,55664.6164566888
221043,43878.016,3255.4229241977337
221044,43878.016,11883.559357324915
221045,43878.016,44027.862611748715
221046,43878.016,60921.06762294659
221047,43878.016,21978.368099298048
221048,43878.016,43405.34085244286
221049,43878.016,31618.465816496504
221050,43878.016,22881.443252198194
221051,43878.016,82179.89424407305
221052,43878.016,52352.833327302535
221053,43878.016,17845.398738020776
221054,43878.016,53508.67009381668
221055,43878.016,29094.755204774166
221056,43878.016,12809.977068065673
221057,43878.016,57652.16919060611
221058,43878.016,21447.55824405707
221059,43878.016,13783.166746316369
221060,43878.016,30021.09839240784
221061,43878.016,43187.96883601788
221062,43878.016,28012.195553665795
221063,43878.016,31720.241246139474
221064,43878.016,6939.566884968045
221065,43878.016,44234.37675927782
221066,43878.016,27996.692846591828
221067,43878.016,30479.257454966286
221068,43878.016,28620.268614916127
221069,43878.016,9063.347249237497
221070,43878.016,23146.505917860315
221071,43878.016,42538.0058923824
221072,43878.016,32519.28535993588
221073,43878.016,26319.077134536357
221074,43878.016,56446.528607740765
221075,43878.016,30725.930989865145
221076,43878.016,11205.25444778908
221077,43878.016,56292.841885205766
221078,43878.016,13444.45432218584
221079,43878.016,40478.79803185652
221080,43878.016,16679.350671455726
221081,43878.016,61495.38559171425
221082,43878.016,75541.12737163136
221083,43878.016,28383.84565234159
221084,43878.016,15494.08366752733
221085,43878.016,45642.44493738023
221086,43878.016,34956.79242971686
221087,43878.016,12636.418653886873
221088,43878.016,15559.23787665722
221089,43878.016,31263.31888948114
221090,43878.016,64355.15301747359
221091,43878.016,31650.089431203207
221092,43878.016,25777.338899321796
221093,43878.016,37510.00393249309
221094,43878.016,27223.788781882893
221095,43878.016,35825.962741154464
221096,43878.016,20863.51581446678
221097,43878.016,27913.97988959589
221098,43878.016,48540.319594131695
221099,43878.016,19401.09878167622
221100,43878.016,14410.487678113588
221101,43878.016,30599.973444300722
221102,43878.016,51105.0386262583
221103,43878.016,73243.20260829703
221104,43878.016,33807.09415917923
221105,43878.016,54276.19174522798
221106,43878.016,54737.23222511852
221107,43878.016,34589.97321012596
221108,43878.016,35142.008783221085
221109,43878.016,26760.23365088883
221110,43878.016,34377.83523422751
221111,43878.016,32356.18130019622
221112,43878.016,18904.49631791381
221113,43878.016,13951.609237430755
221114,43878.016,72027.51233343504
221115,43878.016,40976.79435403729
221116,43878.016,12621.691098486715
221117,43878.016,14957.951928518909
221118,43878.016,35115.190468213055
221119,43878.016,51398.68216364275
221120,43878.016,58097.624283975
221121,43878.016,52405.714275921135
221122,43878.016,16267.204862430997
221123,43878.016,83213.65403346081
221124,43878.016,75399.70552475157
221125,43878.016,58116.2597810534
221126,43878.016,14691.880566962885
221127,43878.016,43744.882812758166
221128,43878.016,31688.491532952474
221129,43878.016,36481.9337414358
221130,43878.016,30099.548561325817
221131,43878.016,21303.05738148162
221132,43878.016,28648.053847279472
221133,43878.016,38500.79133723179
221134,43878.016,38173.94856436938
221135,43878.016,60413.406384970665
221136,43878.016,9139.195798217257
221137,43878.016,23289.339038841146
221138,43878.016,42676.10920563256
221139,43878.016,71297.24701974298
221140,43878.016,20186.63510275405
221141,43878.016,43020.89340588954
221142,43878.016,9211.898637359249
221143,43878.016,41521.780697649934
221144,43878.016,11541.639434873463
221145,43878.016,49160.16539712224
221146,43878.016,47743.024716623346
221147,43878.016,36315.202454363265
221148,43878.016,22121.492322647704
221149,43878.016,18913.43186131373
221150,43878.016,60738.720523574324
221151,43878.016,60503.63620053731
221152,43878.016,21408.829284123065
221153,43878.016,60616.16648523327
221154,43878.016,36851.20849915062
221155,43878.016,7876.136889558682
221156,43878.016,40144.31245071514
221157,43878.016,22027.324854235598
221158,43878.016,33264.08284456314
221159,43878.016,13446.033934431443
221160,43878.016,41997.29709079728
221161,43878.016,64737.96975810255
221162,43878.016,28514.49868714922
221163,43878.016,12806.242506004417
221164,43878.016,26996.479429081544
221165,43878.016,36162.64812318578
221166,43878.016,36640.36825927491
221167,43878.016,43151.21308601166
221168,43878.016,48739.72945048939
221169,43878.016,44405.07089603855
221170,43878.016,60486.40050737446
221171,43878.016,68110.46311492665
221172,43878.016,13290.882149521432
221173,43878.016,62862.88030803747
221174,43878.016,53611.814689202096
221175,43878.016,33686.58266841823
221176,43878.016,27700.85893937902
221177,43878.016,6956.305745348926
221178,43878.016,14772.677566487902
221179,43878.016,69942.11506097435
221180,43878.016,11251.295096343989
221181,43878.016,29263.178602797518
221182,43878.016,39176.31219510118
221183,43878.016,38157.97513991866
221184,43878.016,54504.603509053966
221185,43878.016,6512.738541521046
221186,43878.016,19896.83781040779
221187,43878.016,11134.236332028278
221188,43878.016,51246.145164163085
221189,43878.016,43616.590278746524
221190,43878.016,60917.524711721904
221191,43878.016,28941.895811254337
221192,43878.016,6004.563546321355
221193,43878.016,8957.661488975642
221194,43878.016,67991.95986809132
221195,43878.016,54741.94032955119
221196,43878.016,6105.716651728597
221197,43878.016,24133.038450324326
221198,43878.016,70694.47972042664
221199,43878.016,108740.59068571503
221200,43878.016,15561.626040463956
221201,43878.016,61158.59298930739
221202,43878.016,34296.71029097767
221203,43878.016,65380.25771787034
221204,43878.016,51611.11639386745
221205,43878.016,37566.4953160259
221206,43878.016,27423.512837670773
221207,43878.016,30224.3547507161
221208,43878.016,36705.52241787426
221209,43878.016,36763.05337876053
221210,43878.016,36774.41764366474
221211,43878.016,31232.799814990998
221212,43878.016,35626.353962200876
221213,43878.016,44981.24263532204
221214,43878.016,20652.04246786352
221215,43878.016,7932.716250698803
221216,43878.016,36784.285218520155
221217,43878.016,45007.122145674315
221218,43878.016,21024.943016876623
221219,43878.016,56403.26601311503
221220,43878.016,63062.50827806056
221221,43878.016,12229.524423842073
221222,43878.016,22625.811244087523
221223,43878.016,24934.865002792427
221224,43878.016,24286.705822846987
221225,43878.016,15858.041240756022
221226,43878.016,36435.58228863825
221227,43878.016,21159.50117599142
221228,43878.016,11880.222599180084
221229,43878.016,14349.499664803954
221230,43878.016,39755.76505414807
221231,43878.016,36461.915505420744
221232,43878.016,39077.8382143297
221233,43878.016,42186.408666741176
221234,43878.016,48616.51349665304
221235,43878.016,31992.280611445494
221236,43878.016,74111.49427612983
221237,43878.016,70340.66795765549
221238,43878.016,43341.28153913466
221239,43878.016,17665.88509149404
221240,43878.016,32756.73718588727
221241,43878.016,64350.20301293212
221242,43878.016,13508.606815531837
221243,43878.016,19040.266598918985
221244,43878.016,40538.5975820467
221245,43878.016,31856.90315043931
221246,43878.016,67105.65753048394
221247,43878.016,11514.116619774219
221248,43878.016,11328.846929422554
221249,43878.016,36716.17208157234
221250,43878.016,18117.33311994326
221251,43878.016,51578.71380628849
221252,43878.016,14368.919466326413
221253,43878.016,40930.86419513838
221254,43878.016,31471.26386429235
221255,43878.016,27055.05264821707
221256,43878.016,34637.70571613317
221257,43878.016,36820.93710200034
221258,43878.016,54894.37598042043
221259,43878.016,26748.37865100639
221260,43878.016,30398.202295614938
221261,43878.016,63728.779305378215
221262,43878.016,49063.76610420463
221263,43878.016,34791.52541463729
221264,43878.016,11704.253499747214
221265,43878.016,16580.074011192923
221266,43878.016,66815.04452196017
221267,43878.016,106404.40581048325
221268,43878.016,47872.7801718813
221269,43878.016,28791.914404560164
221270,43878.016,23808.455889983656
221271,43878.016,50561.22110862875
221272,43878.016,29702.818694042624
221273,43878.016,37240.55915199724
221274,43878.016,14781.921631420488
221275,43878.016,22687.4949084127
221276,43878.016,56394.58605743813
221277,43878.016,25002.5652397587
221278,43878.016,23139.981676719315
221279,43878.016,61439.17919439679
221280,43878.016,7742.578294338718
221281,43878.016,52103.517119711876
221282,43878.016,31476.265525012604
221283,43878.016,57372.680988844775
221284,43878.016,20114.660537110347
221285,43878.016,38201.32301130039
221286,43878.016,18892.867012799117
221287,43878.016,10576.146409589128
221288,43878.016,55534.6123730251
221289,43878.016,8745.768471020938
221290,43878.016,20052.02616081362
221291,43878.016,17811.89491473491
221292,43878.016,5259.347497550882
221293,43878.016,42401.736635982415
221294,43878.016,29880.641493382453
221295,43878.016,15895.595174044203
221296,43878.016,10096.63929849706
221297,43878.016,52028.2958921435
221298,43878.016,39922.0664853325
221299,43878.016,55670.17256181292
221300,43878.016,43784.97004152698
221301,43878.016,49995.78547656327
221302,43878.016,52955.47843687038
221303,43878.016,38066.542257465975
221304,43878.016,15149.559045910932
221305,43878.016,87127.46037289935
221306,43878.016,15523.150561383833
221307,43878.016,16081.17346887283
221308,43878.016,7331.231113621773
221309,43878.016,42124.41608505499
221310,43878.016,28615.00896967747
221311,43878.016,24564.22119905179
221312,43878.016,28608.353338615765
221313,43878.016,19247.119077416064
221314,43878.016,77053.84573152859
221315,43878.016,47986.41551418835
221316,43878.016,46766.78923137711
221317,43878.016,27450.71699701754
221318,43878.016,57427.24733619544
221319,43878.016,63910.61176542399
221320,43878.016,16031.496775856362
221321,43878.016,26971.600140983435
221322,43878.016,14515.247233405225
221323,43878.016,10870.660859173557
221324,43878.016,14659.265481132568
221325,43878.016,8851.37530048621
221326,43878.016,12261.192686205828
221327,43878.016,15407.38663589547
221328,43878.016,25187.875982083606
221329,43878.016,26270.200499654202
221330,43878.016,34361.01883469102
221331,43878.016,66763.5856080354
221332,43878.016,20429.417352487366
221333,43878.016,59079.643361922164
221334,43878.016,66179.64928828136
221335,43878.016,16870.923620521695
221336,43878.016,49552.941757650944
221337,43878.016,63758.92403487584
221338,43878.016,28572.42456789079
221339,43878.016,21218.31058461775
221340,43878.016,56954.62986144716
221341,43878.016,51224.79288398858
221342,43878.016,39706.929271976325
221343,43878.016,14405.395052226126
221344,43878.016,16662.13868808785
221345,43878.016,53032.087837075924
221346,43878.016,39956.71557275981
221347,43878.016,14025.579704631615
221348,43878.016,7158.76879653716
221349,43878.016,48734.41059977201
221350,43878.016,33976.798175885786
221351,43878.016,73156.9061346249
221352,43878.016,45794.68531372975
221353,43878.016,60853.69681291232
221354,43878.016,52807.64752605597
221355,43878.016,10041.16330736103
221356,43878.016,49903.22731694844
221357,43878.016,23383.022135170686
221358,43878.016,49760.426563582805
221359,43878.016,46342.44320779028
221360,43878.016,29456.165734442002
221361,43878.016,68844.93787009419
221362,43878.016,13889.959305318305
221363,43878.016,14569.406466142134
221364,43878.016,13200.3652400959
221365,43878.016,28320.273168637144
221366,43878.016,33721.7685511935
221367,43878.016,31655.502903165037
221368,43878.016,19693.210404078807
221369,43878.016,28769.329059336997
221370,43878.016,16469.992668873427
221371,43878.016,34980.662575150134
221372,43878.016,57420.768420029744
221373,43878.016,50567.46869465418
221374,43878.016,69006.78657727533
221375,43878.016,8673.093530581655
221376,43878.016,34717.067030574086
221377,43878.016,24773.16738809465
221378,43878.016,35453.89883056795
221379,43878.016,76437.13059900432
221380,43878.016,34730.09050382945
221381,43878.016,59031.879326193426
221382,43878.016,20496.823851187095
221383,43878.016,33278.683321667515
221384,43878.016,39395.96803731899
221385,43878.016,15171.728571171054
221386,43878.016,18045.449457583163
221387,43878.016,17368.463933300343
221388,43878.016,8705.815395469903
221389,43878.016,56317.99133755687
221390,43878.016,19244.465902061922
221391,43878.016,26768.31926437756
221392,43878.016,64666.90274352499
221393,43878.016,48610.45051605638
221394,43878.016,8319.900157489728
221395,43878.016,53665.18279251417
221396,43878.016,35121.214969967565
221397,43878.016,42754.732576244554
221398,43878.016,52576.35072498352
221399,43878.016,13932.558462913208
221400,43878.016,31223.767892850876
221401,43878.016,63282.05031690963
221402,43878.016,50476.21722809296
221403,43878.016,49585.94504450067
221404,43878.016,40493.189565446235
221405,43878.016,43675.29270045851
221406,43878.016,26612.599539400384
221407,43878.016,51350.08738624613
221408,43878.016,32612.97277051079
221409,43878.016,27626.648747308038
221410,43878.016,23795.161995989914
221411,43878.016,54699.85288736343
221412,43878.016,25438.13847444505
221413,43878.016,49160.77279061872
221414,43878.016,42532.89137889792
221415,43878.016,38684.892987103165
221416,43878.016,55117.044721477345
221417,43878.016,32046.90121045355
221418,43878.016,85243.7985491182
221419,43878.016,57227.826152302245
221420,43878.016,41922.92012138224
221421,43878.016,59367.16105732646
221422,43878.016,19539.76073263496
221423,43878.016,21020.323254797557
221424,43878.016,24204.5962321253
221425,43878.016,40791.11215714575
221426,43878.016,33233.53463045177
221427,43878.016,28324.168928485513
221428,43878.016,54665.7558241946
221429,43878.016,23880.251262036014
221430,43878.016,28426.40101762016
221431,43878.016,14521.063821263186
221432,43878.016,34354.81649367875
221433,43878.016,50472.45740077716
221434,43878.016,22640.042126903736
221435,43878.016,33692.91008000576
221436,43878.016,26484.57428818856
221437,43878.016,57088.24823209073
221438,43878.016,59246.277084758905
221439,43878.016,41743.68803780421
221440,43878.016,52500.587326947556
221441,43878.016,26457.632668443162
221442,43878.016,27100.561362627064
221443,43878.016,34444.64802251332
221444,43878.016,37149.2368409339
221445,43878.016,16813.044903181446
221446,43878.016,52855.32913549683
221447,43878.016,19734.923406302194
221448,43878.016,84094.01690373843
221449,43878.016,15028.628613103558
221450,43878.016,48098.13946626477
221451,43878.016,49624.262229622596
221452,43878.016,54054.835986169484
221453,43878.016,27700.84208593075
221454,43878.016,27692.762423388205
221455,43878.016,27912.524098327624
221456,43878.016,30552.804333891723
221457,43878.016,28609.59294115708
221458,43878.016,9781.157611618515
221459,43878.016,21109.091134356117
221460,43878.016,33358.568887334965
221461,43878.016,47064.74087466086
221462,43878.016,111978.92320264084
221463,43878.016,18696.831093302215
221464,43878.016,37159.838372532926
221465,43878.016,37889.375781881354
221466,43878.016,41700.45364960353
221467,43878.016,52433.33635992972
221468,43878.016,9367.82992892464
221469,43878.016,11147.763840712136
221470,43878.016,28042.769762799668
221471,43878.016,30364.714035694524
221472,43878.016,19955.487065053167
221473,43878.016,8802.995301429897
221474,43878.016,32812.51681307896
221475,43878.016,29233.888997190104
221476,43878.016,10054.593621915667
221477,43878.016,49571.883761702775
221478,43878.016,41536.68342445383
221479,43878.016,25210.28886940364
221480,43878.016,13671.205883364493
221481,43878.016,64230.62682429643
221482,43878.016,15919.756634576419
221483,43878.016,24664.517505501008
221484,43878.016,67342.65215013322
221485,43878.016,46129.23776265792
221486,43878.016,72052.08372166617
221487,43878.016,11082.034089165032
221488,43878.016,17745.21517354263
221489,43878.016,71492.17391655421
221490,43878.016,50107.02532600296
221491,43878.016,30287.582546370973
221492,43878.016,63088.83775014729
221493,43878.016,12179.784881703703
221494,43878.016,15182.171452643628
221495,43878.016,60391.55236536755
221496,43878.016,30838.98845255029
221497,43878.016,42606.28798692783
221498,43878.016,55135.92163870583
221499,43878.016,37180.765182423514
221500,43878.016,12978.85539690763
221501,43878.016,38793.36815794756
221502,43878.016,8619.101314949416
221503,43878.016,53241.3929213442
221504,43878.016,54613.70785732652
221505,43878.016,46188.69454515759
221506,43878.016,62591.313398672166
221507,43878.016,21956.673192281454
221508,43878.016,15178.583901576123
221509,43878.016,20938.82452469693
221510,43878.016,21244.375545398838
221511,43878.016,59858.85071318764
221512,43878.016,56296.98436915088
221513,43878.016,44037.08182061968
221514,43878.016,48238.95616953776
221515,43878.016,47573.696426242386
221516,43878.016,15943.30086700483
221517,43878.016,18071.48658920555
221518,43878.016,29831.615908059324
221519,43878.016,51230.626056835645
221520,43878.016,12851.462737362373
221521,43878.016,17907.283171403975
221522,43878.016,44666.08367968076
221523,43878.016,29856.42488365452
221524,43878.016,40702.91892432442
221525,43878.016,21348.46525454008
221526,43878.016,47701.01117975581
221527,43878.016,20687.06096200474
221528,43878.016,66028.05108856781
221529,43878.016,20470.853127173683
221530,43878.016,37310.504195281595
221531,43878.016,87660.35794604354
221532,43878.016,6174.058855893283
221533,43878.016,24881.02706421255
221534,43878.016,16023.673836407279
221535,43878.016,61891.184215871304
221536,43878.016,46194.715096598
221537,43878.016,23733.81429304421
221538,43878.016,25445.42377899971
221539,43878.016,29353.650690519127
221540,43878.016,6625.806543183456
221541,43878.016,49626.051147964536
221542,43878.016,68175.0769600626
221543,43878.016,45589.96226302304
221544,43878.016,59371.44116170183
221545,43878.016,30577.293939907246
221546,43878.016,23101.44081228667
221547,43878.016,18667.742097005936
221548,43878.016,40259.581595353135
221549,43878.016,46886.728782363476
221550,43878.016,87731.15621206189
221551,43878.016,32415.703011130863
221552,43878.016,11766.132506800306
221553,43878.016,55766.78281223762
221554,43878.016,28964.445965227147
221555,43878.016,20872.10197584699
221556,43878.016,54799.918078688446
221557,43878.016,38648.299691282635
221558,43878.016,24035.482746032856
221559,43878.016,27715.860943245156
221560,43878.016,78056.603254621
221561,43878.016,22697.655383964237
221562,43878.016,23448.59569450671
221563,43878.016,16612.388415895108
221564,43878.016,38828.94495500007
221565,43878.016,25983.509994123047
221566,43878.016,84302.65053731893
221567,43878.016,44307.22576279792
221568,43878.016,13077.448569956905
221569,43878.016,37514.8465369255
221570,43878.016,71181.74288968377
221571,43878.016,19538.100774431314
221572,43878.016,8585.027530856763
221573,43878.016,13151.165939396073
221574,43878.016,10455.483585069549
221575,43878.016,17128.6172299068
221576,43878.016,18906.34553247271
221577,43878.016,20854.314241669326
221578,43878.016,74275.0454942416
221579,43878.016,23869.411690308792
221580,43878.016,13465.556920935654
221581,43878.016,59636.779813211615
221582,43878.016,51575.57181543861
221583,43878.016,18795.133211994023
221584,43878.016,21976.55500085192
221585,43878.016,77293.73345630476
221586,43878.016,53558.38029789699
221587,43878.016,13841.153372219178
221588,43878.016,11325.290703813316
221589,43878.016,21879.47196944305
221590,43878.016,37306.12002443424
221591,43878.016,61176.241112910386
221592,43878.016,6054.5092588505895
221593,43878.016,54308.72888162617
221594,43878.016,12766.253461766626
221595,43878.016,21687.3185252528
221596,43878.016,35210.68478817974
221597,43878.016,18382.128208852908
221598,43878.016,52812.42018807625
221599,43878.016,47968.70910664024
221600,43878.016,13022.097627215036
221601,43878.016,12407.29937736693
221602,43878.016,22490.10452650719
221603,43878.016,51243.76307744719
221604,43878.016,31727.637275368517
221605,43878.016,26122.234884893907
221606,43878.016,39244.55930799973
221607,43878.016,43881.62307806522
221608,43878.016,43891.01534509019
221609,43878.016,67494.30192320229
221610,43878.016,29016.080814631976
221611,43878.016,26998.041453916147
221612,43878.016,6243.185174254005
221613,43878.016,16945.55493512817
221614,43878.016,7616.245707281602
221615,43878.016,37811.933733435464
221616,43878.016,23250.82288136062
221617,43878.016,10368.831759479452
221618,43878.016,46526.94306516656
221619,43878.016,23827.57195077752
221620,43878.016,7023.275328198235
221621,43878.016,35238.586599397706
221622,43878.016,45121.15553903676
221623,43878.016,51928.96929226751
221624,43878.016,24700.632250023587
221625,43878.016,43217.68322478873
221626,43878.016,30620.566334527623
221627,43878.016,23597.809646217735
221628,43878.016,50032.49106842216
221629,43878.016,23229.242116440313
221630,43878.016,45507.33665720453
221631,43878.016,22995.138045217987
221632,43878.016,26275.104473305873
221633,43878.016,44533.11320327475
221634,43878.016,40634.445413881214
221635,43878.016,66314.35794580863
221636,43878.016,27543.24976347655
221637,43878.016,40204.47003301076
221638,43878.016,13301.996281838276
221639,43878.016,58988.66137537115
221640,43878.016,17143.93774788206
221641,43878.016,21340.999650691647
221642,43878.016,45134.263059853554
221643,43878.016,10980.74573834495
221644,43878.016,47074.27629590305
221645,43878.016,19908.221066934704
221646,43878.016,19503.357014799734
221647,43878.016,23103.30334761572
221648,43878.016,24760.575692562554
221649,43878.016,24523.965863397203
221650,43878.016,26519.201105292675
221651,43878.016,34550.7848848258
221652,43878.016,48051.37257617117
221653,43878.016,80881.35898866532
221654,43878.016,55074.89703602513
221655,43878.016,66860.81096584839
221656,43878.016,14722.887613393948
221657,43878.016,17831.236004298138
221658,43878.016,30903.64885219347
221659,43878.016,34761.763759018904
221660,43878.016,12598.821325968438
221661,43878.016,57126.26474735852
221662,43878.016,12997.693328016976
221663,43878.016,31617.38675595241
221664,43878.016,42156.84379989637
221665,43878.016,18483.66717843489
221666,43878.016,40348.81158550113
221667,43878.016,33075.39991870235
221668,43878.016,18653.462703566933
221669,43878.016,57244.45324575769
221670,43878.016,7908.278563961485
221671,43878.016,17264.398370031467
221672,43878.016,39866.16034451481
221673,43878.016,23902.29592437874
221674,43878.016,34133.98829560727
221675,43878.016,36542.7163117781
221676,43878.016,41739.04685789411
221677,43878.016,40819.408629100246
221678,43878.016,29409.29434861995
221679,43878.016,14817.794056216235
221680,43878.016,28161.755754681453
221681,43878.016,47067.89101484859
221682,43878.016,40182.531046484
221683,43878.016,46961.01597943398
221684,43878.016,14795.41375105995
221685,43878.016,61164.33260108698
221686,43878.016,15524.923812010287
221687,43878.016,55332.905790915625
221688,43878.016,35620.93343193432
221689,43878.016,64823.71985227928
221690,43878.016,24227.769090488553
221691,43878.016,33403.26412247492
221692,43878.016,52228.18190132743
221693,43878.016,17207.732361185434
221694,43878.016,51275.2273597982
221695,43878.016,12090.49547225148
221696,43878.016,60052.677147704155
221697,43878.016,55788.685888090055
221698,43878.016,47588.19767912624
221699,43878.016,47130.48121674298
221700,43878.016,16631.800497517474
221701,43878.016,41082.43764930197
221702,43878.016,65490.60576994174
221703,43878.016,32598.409440070645
221704,43878.016,42757.47843552591
221705,43878.016,35296.24789055128
221706,43878.016,37449.527534329754
221707,43878.016,13203.686853136047
221708,43878.016,10882.9528444987
221709,43878.016,19695.23458147286
221710,43878.016,18890.41337337574
221711,43878.016,94644.28851835402
221712,43878.016,32092.40832734163
221713,43878.016,56811.31583997144
221714,43878.016,23699.81785169599
221715,43878.016,18316.1950087598
221716,43878.016,56786.04530195175
221717,43878.016,45027.557453459325
221718,43878.016,65387.965182819935
221719,43878.016,16651.053664590723
221720,43878.016,98340.14694052275
221721,43878.016,30326.446439060714
221722,43878.016,24446.64001779776
221723,43878.016,65378.265770009326
221724,43878.016,13909.4224711516
221725,43878.016,28593.322321826534
221726,43878.016,58112.850716657405
221727,43878.016,14384.227479191457
221728,43878.016,67227.9972884838
221729,43878.016,31915.99847479447
221730,43878.016,24277.75053502036
221731,43878.016,58959.45693010792
221732,43878.016,36009.47537001608
221733,43878.016,76511.69604880817
221734,43878.016,41338.36979033599
221735,43878.016,31659.071174778008
221736,43878.016,30744.35521394871
221737,43878.016,23867.500878154835
221738,43878.016,16892.95885138825
221739,43878.016,12240.98550343864
221740,43878.016,27452.81774993021
221741,43878.016,18257.962759142352
221742,43878.016,37117.57791348804
221743,43878.016,22109.40950304455
221744,43878.016,14534.46297641576
221745,43878.016,55662.207586360026
221746,43878.016,10382.757582818796
221747,43878.016,60976.62450325119
221748,43878.016,37271.040161526995
221749,43878.016,66978.81417770391
221750,43878.016,16079.03757850189
221751,43878.016,40519.1268446678
221752,43878.016,24548.545363703768
221753,43878.016,7754.8574299594275
221754,43878.016,24634.157377685096
221755,43878.016,18757.04230398265
221756,43878.016,14917.195889338493
221757,43878.016,45820.75603153484
221758,43878.016,63042.78641173077
221759,43878.016,61631.70355482757
221760,43878.016,9492.0850801981
221761,43878.016,55184.33469573644
221762,43878.016,42849.205549631355
221763,43878.016,17723.773416265183
221764,43878.016,35122.63496226517
221765,43878.016,49889.76578630851
221766,43878.016,15839.008018139006
221767,43878.016,81328.70569344498
221768,43878.016,62528.28684976936
221769,43878.016,51697.43593632054
221770,43878.016,22234.81465657169
221771,43878.016,20513.201490005078
221772,43878.016,42200.90511888316
221773,43878.016,27524.082062942998
221774,43878.016,37609.048698736355
221775,43878.016,51575.59292544711
221776,43878.016,42496.40688225831
221777,43878.016,30195.27477291704
221778,43878.016,15143.495153702846
221779,43878.016,26491.066318207995
221780,43878.016,18273.504297943935
221781,43878.016,25485.526072492492
221782,43878.016,10997.686952545355
221783,43878.016,47794.457000052535
221784,43878.016,42462.10593914484
221785,43878.016,33442.02655695579
221786,43878.016,36257.09615108738
221787,43878.016,13199.552412084504
221788,43878.016,57470.53458582404
221789,43878.016,41057.169047379095
221790,43878.016,52897.57498839083
221791,43878.016,12103.261350404475
221792,43878.016,37452.603465498934
221793,43878.016,38695.05277721303
221794,43878.016,11588.528538637627
221795,43878.016,15051.824988263234
221796,43878.016,73800.89999135576
221797,43878.016,25155.709961704677
221798,43878.016,47789.79895899315
221799,43878.016,50540.82799046149
221800,43878.016,21621.510754237606
221801,43878.016,12351.290413320527
221802,43878.016,24845.165949041635
221803,43878.016,46572.972925497445
221804,43878.016,45539.260031939935
221805,43878.016,16874.477023000305
221806,43878.016,27859.992037247204
221807,43878.016,42378.10677162477
221808,43878.016,54241.970047203766
221809,43878.016,58891.91663317717
221810,43878.016,14632.304798967381
221811,43878.016,20609.308392618284
221812,43878.016,25875.565846802183
221813,43878.016,37298.37082737427
221814,43878.016,37359.48003907918
221815,43878.016,15128.517702194911
221816,43878.016,25890.73643817385
221817,43878.016,15353.396547708498
221818,43878.016,39498.30091584159
221819,43878.016,43101.209566599755
221820,43878.016,41554.4509680338
221821,43878.016,18949.705342927038
221822,43878.016,6337.141141901346
221823,43878.016,39757.24734430605
221824,43878.016,40302.393955954765
221825,43878.016,9839.755485959395
221826,43878.016,15852.062587517428
221827,43878.016,58484.89632352748
221828,43878.016,39171.769614353856
221829,43878.016,12555.482046028703
221830,43878.016,76938.55821055586
221831,43878.016,50077.71429291042
221832,43878.016,48156.83608043158
221833,43878.016,50784.60043979542
221834,43878.016,92773.95594811041
221835,43878.016,45821.5951939077
221836,43878.016,25311.15377217738
221837,43878.016,9864.04370434243
221838,43878.016,19857.52752506847
221839,43878.016,44124.66863188851
221840,43878.016,33693.93325416679
221841,43878.016,21363.913705597966
221842,43878.016,50769.74975286257
221843,43878.016,15035.335745566848
221844,43878.016,40381.56608821951
221845,43878.016,19039.45325026884
221846,43878.016,27829.40425271766
221847,43878.016,58278.16769517427
221848,43878.016,13524.750668233928
221849,43878.016,20917.090216922163
221850,43878.016,36117.51730957652
221851,43878.016,44602.11141234128
221852,43878.016,52972.64168364053
221853,43878.016,59621.78429337507
221854,43878.016,31303.89883889932
221855,43878.016,6706.462094723665
221856,43878.016,41052.26508931234
221857,43878.016,24959.72520576277
221858,43878.016,66129.5442085733
221859,43878.016,78457.12808468222
221860,43878.016,21463.455661508346
221861,43878.016,29526.017378531593
221862,43878.016,72408.78581165058
221863,43878.016,38941.86023650569
221864,43878.016,49988.27450274314
221865,43878.016,24204.54772390703
221866,43878.016,52260.389860238916
221867,43878.016,39707.96528507766
221868,43878.016,70339.14686725417
221869,43878.016,38694.81691255233
221870,43878.016,42096.066104435646
221871,43878.016,46781.47720033723
221872,43878.016,27434.198999044038
221873,43878.016,9786.792071541187
221874,43878.016,15770.001554070905
221875,43878.016,66331.54953124654
221876,43878.016,37466.595777384224
221877,43878.016,61480.36888360132
221878,43878.016,69218.64015233917
221879,43878.016,73324.73168785642
221880,43878.016,57252.43930897576
221881,43878.016,17874.8606235852
221882,43878.016,46580.39199318769
221883,43878.016,9027.04512651055
221884,43878.016,26256.292509018796
221885,43878.016,26474.946211937655
221886,43878.016,41360.400895617226
221887,43878.016,25744.27629544099
221888,43878.016,18518.50635894858
221889,43878.016,43481.97077592225
221890,43878.016,22545.238679147857
221891,43878.016,52679.63270767981
221892,43878.016,44289.035088849625
221893,43878.016,5402.659445937307
221894,43878.016,12128.971580624577
221895,43878.016,27663.87740999012
221896,43878.016,46923.66820447991
221897,43878.016,18775.79888347366
221898,43878.016,14566.786262503725
221899,43878.016,23270.207971539454
221900,43878.016,61794.548466504166
221901,43878.016,117091.31834757877
221902,43878.016,34371.86511597245
221903,43878.016,11027.392197687785
221904,43878.016,13707.079918543479
221905,43878.016,36314.46989737584
221906,43878.016,47030.29000465278
221907,43878.016,22506.200023670168
221908,43878.016,49941.319124684866
221909,43878.016,57759.74121540181
221910,43878.016,54024.734176678096
221911,43878.016,57041.49050342983
221912,43878.016,73821.44595935885
221913,43878.016,14491.723699999531
221914,43878.016,29597.176594430548
221915,43878.016,10011.948605672651
221916,43878.016,42116.444650896956
221917,43878.016,46972.99036223075
221918,43878.016,65383.77972797821
221919,43878.016,14577.036472005375
221920,43878.016,51754.937163550065
221921,43878.016,9318.925694439997
221922,43878.016,54268.368988725495
221923,43878.016,34284.63151312241
221924,43878.016,61411.60276133441
221925,43878.016,41701.23209580087
221926,43878.016,57949.48012447888
221927,43878.016,46759.627333599856
221928,43878.016,19889.836049816433
221929,43878.016,14609.09890854083
221930,43878.016,119554.26203366822
221931,43878.016,29431.728819340522
221932,43878.016,44699.84473291306
221933,43878.016,36088.393413303624
221934,43878.016,34730.16125715225
221935,43878.016,4783.453962422337
221936,43878.016,85559.32008327579
221937,43878.016,9764.248139197256
221938,43878.016,22105.008297810185
221939,43878.016,40630.13345154926
221940,43878.016,23258.515554334066
221941,43878.016,33139.97373738962
221942,43878.016,76539.3600243072
221943,43878.016,49504.40567446699
221944,43878.016,16975.384665723508
221945,43878.016,46909.572522710056
221946,43878.016,14575.71031176067
221947,43878.016,44240.25312582232
221948,43878.016,23960.340626227182
221949,43878.016,41538.96801656065
221950,43878.016,11172.27992547002
221951,43878.016,24747.176940078545
221952,43878.016,11284.119106640812
221953,43878.016,21877.335978445746
221954,43878.016,32024.84838037237
221955,43878.016,48981.21166318585
221956,43878.016,13982.781483850464
221957,43878.016,16511.340171264852
221958,43878.016,60563.4060654476
221959,43878.016,41383.108797351044
221960,43878.016,68457.8093256179
221961,43878.016,6907.280254120497
221962,43878.016,13860.92189359519
221963,43878.016,32459.11753683239
221964,43878.016,16833.078013598162
221965,43878.016,41406.29650711418
221966,43878.016,39738.18542182505
221967,43878.016,46445.53966092202
221968,43878.016,46204.382782701265
221969,43878.016,30478.946244323335
221970,43878.016,31001.944493973475
221971,43878.016,68194.71041968816
221972,43878.016,4564.837403336803
221973,43878.016,11249.243438685637
221974,43878.016,20798.64118946266
221975,43878.016,7109.427699490596
221976,43878.016,39515.95281511204
221977,43878.016,45262.81812549041
221978,43878.016,49536.92776300907
221979,43878.016,10154.078915460537
221980,43878.016,44149.477872394695
221981,43878.016,15751.440531472881
221982,43878.016,9274.842204581408
221983,43878.016,16621.01282102609
221984,43878.016,9320.231565453874
221985,43878.016,38022.341441395896
221986,43878.016,10372.0476768008
221987,43878.016,29638.068610085415
221988,43878.016,57205.1783517844
221989,43878.016,12018.987738267178
221990,43878.016,42966.98278256418
221991,43878.016,59094.663226788565
221992,43878.016,10667.253632121814
221993,43878.016,39212.767846727016
221994,43878.016,49170.660831304966
221995,43878.016,41579.45967580236
221996,43878.016,14973.666720453597
221997,43878.016,60469.84502691875
221998,43878.016,20182.0607878339
221999,43878.016,14102.299992099877
222000,43878.016,49811.066348461005
222001,43878.016,29086.002137803844
222002,43878.016,49753.76368092811
222003,43878.016,34611.499652938815
222004,43878.016,68931.65097195936
222005,43878.016,26152.519918175116
222006,43878.016,49061.63228650645
222007,43878.016,18658.83296331347
222008,43878.016,54084.86053351964
222009,43878.016,22519.528499857657
222010,43878.016,53476.39201138358
222011,43878.016,64517.00155958925
222012,43878.016,44919.72715640509
222013,43878.016,82148.42222239453
222014,43878.016,8403.111615496997
222015,43878.016,56514.763008335365
222016,43878.016,14822.286612862814
222017,43878.016,20909.945976180126
222018,43878.016,14024.96119991522
222019,43878.016,30830.821440824468
222020,43878.016,32441.463545205523
222021,43878.016,32491.61263242257
222022,43878.016,40486.517975378054
222023,43878.016,21589.219293218717
222024,43878.016,22798.436422770854
222025,43878.016,69439.47029081578
222026,43878.016,61161.178090022404
222027,43878.016,38519.80525888504
222028,43878.016,25794.632981393188
222029,43878.016,34307.448504114815
222030,43878.016,8535.212498094745
222031,43878.016,80727.05952149129
222032,43878.016,19366.91613469885
222033,43878.016,50595.65710742435
222034,43878.016,16394.615530177678
222035,43878.016,47400.25849442443
222036,43878.016,7817.520883311613
222037,43878.016,51231.51393222
222038,43878.016,51513.51810567411
222039,43878.016,25643.71772592569
222040,43878.016,41809.89154613453
222041,43878.016,9745.48585067174
222042,43878.016,22787.050913648636
222043,43878.016,23717.782074166134
222044,43878.016,50234.46520653507
222045,43878.016,16099.016458488873
222046,43878.016,23606.451043505942
222047,43878.016,21812.499811377023
222048,43878.016,39710.16199235712
222049,43878.016,33213.94387264359
222050,43878.016,60553.29696765173
222051,43878.016,33448.077660758434
222052,43878.016,10537.467427251815
222053,43878.016,37446.01215747742
222054,43878.016,61275.8792608918
222055,43878.016,48765.97282818932
222056,43878.016,45950.421363668196
222057,43878.016,39603.98990080463
222058,43878.016,50129.86645941252
222059,43878.016,27518.892233946935
222060,43878.016,21098.450281778867
222061,43878.016,45840.67589070507
222062,43878.016,31551.722592312904
222063,43878.016,47564.04029762286
222064,43878.016,51879.00259598095
222065,43878.016,43968.30713669144
222066,43878.016,4946.085998585499
222067,43878.016,9507.191893824483
222068,43878.016,28073.461934477902
222069,43878.016,18550.024329484422
222070,43878.016,36156.32161146887
222071,43878.016,36613.06056519639
222072,43878.016,15069.751048119693
222073,43878.016,48105.753826299035
222074,43878.016,29585.58771481443
222075,43878.016,19339.82986305422
222076,43878.016,7792.8546839412165
222077,43878.016,38428.801292970464
222078,43878.016,48331.61292870225
222079,43878.016,116177.04790351371
222080,43878.016,12267.602903968951
222081,43878.016,18871.645128867567
222082,43878.016,48849.83328262838
222083,43878.016,33565.817499468394
222084,43878.016,26587.635118929895
222085,43878.016,28820.0802520674
222086,43878.016,14606.02982366156
222087,43878.016,16234.401396130408
222088,43878.016,62840.778393202134
222089,43878.016,45068.37207200322
222090,43878.016,33340.88355385417
222091,43878.016,26577.912599587544
222092,43878.016,46908.776019044926
222093,43878.016,24519.047872256557
222094,43878.016,40614.04873292063
222095,43878.016,20848.26076509048
222096,43878.016,29036.668503830457
222097,43878.016,23222.28681315989
222098,43878.016,8600.974971575464
222099,43878.016,59778.60157067287
222100,43878.016,17624.541878974534
222101,43878.016,32448.93424519577
222102,43878.016,63932.591975219984
222103,43878.016,8123.454462779802
222104,43878.016,7474.425692033287
222105,43878.016,11002.450000202321
222106,43878.016,15439.417249753189
222107,43878.016,11530.619257163737
222108,43878.016,44043.01050258243
222109,43878.016,73708.28014588768
222110,43878.016,17037.533438133964
222111,43878.016,36925.44311194033
222112,43878.016,21045.51493089386
222113,43878.016,31886.116157172004
222114,43878.016,35424.55562070333
222115,43878.016,46139.9786613677
222116,43878.016,14816.362261753184
222117,43878.016,44105.077698997724
222118,43878.016,20190.770278438613
222119,43878.016,16881.692271464093
222120,43878.016,22394.63207922538
222121,43878.016,41369.17303242495
222122,43878.016,29291.509951010365
222123,43878.016,15769.402423051988
222124,43878.016,12480.9828872602
222125,43878.016,23096.41862686188
222126,43878.016,70605.73936452494
222127,43878.016,49606.841039323386
222128,43878.016,45142.37901428537
222129,43878.016,46965.515041287006
222130,43878.016,34777.46514031193
222131,43878.016,51675.935272363866
222132,43878.016,7923.219695853372
222133,43878.016,20155.573724202568
222134,43878.016,4801.905493985585
222135,43878.016,23986.612431215664
222136,43878.016,14838.587368776483
222137,43878.016,60442.74691074062
222138,43878.016,44232.55676453136
222139,43878.016,40885.52303856073
222140,43878.016,27866.984532798957
222141,43878.016,47263.07733298106
222142,43878.016,28219.49879616488
222143,43878.016,49319.18428406317
222144,43878.016,47299.50460884772
222145,43878.016,37979.47672773222
222146,43878.016,37062.85759213168
222147,43878.016,69813.92441995208
222148,43878.016,58191.92200006919
222149,43878.016,9221.805744982226
222150,43878.016,76947.89596341221
222151,43878.016,35848.28472773751
222152,43878.016,27727.959460144313
222153,43878.016,64636.282279563675
222154,43878.016,13305.492650490658
222155,43878.016,23848.268264014532
222156,43878.016,15952.181702460577
222157,43878.016,63759.9839501416
222158,43878.016,66367.77523469085
222159,43878.016,57928.26782017827
222160,43878.016,40725.46722881627
222161,43878.016,16255.46835400862
222162,43878.016,57515.81245295217
222163,43878.016,43663.926605802786
222164,43878.016,47960.193060403886
222165,43878.016,65275.087839052976
222166,43878.016,61459.06931021121
222167,43878.016,29585.315458448644
222168,43878.016,33162.577864185754
222169,43878.016,76525.24263426324
222170,43878.016,10040.746985302032
222171,43878.016,8002.9197091307005
222172,43878.016,36546.6259794576
222173,43878.016,12096.281153035321
222174,43878.016,39302.37214938259
222175,43878.016,105761.83719075563
222176,43878.016,24200.121307928224
222177,43878.016,9021.189708027578
222178,43878.016,27202.487044022793
222179,43878.016,37523.0359369792
222180,43878.016,48127.17073296119
222181,43878.016,6430.417697598202
222182,43878.016,36675.999885522426
222183,43878.016,27625.43457397996
222184,43878.016,14146.619152036614
222185,43878.016,23290.508330544297
222186,43878.016,12106.529087750727
222187,43878.016,46822.42679206513
222188,43878.016,74807.53753315636
222189,43878.016,20352.35719925509
222190,43878.016,66517.29190560592
222191,43878.016,21173.380828023037
222192,43878.016,37386.467578600896
222193,43878.016,104033.44340667927
222194,43878.016,19610.903574789227
222195,43878.016,36228.02263884207
222196,43878.016,32924.493465234045
222197,43878.016,5587.358684127176
222198,43878.016,83781.90440786882
222199,43878.016,34783.445974134884
222200,43878.016,24669.320345706652
222201,43878.016,71107.20923995567
222202,43878.016,26741.53535197394
222203,43878.016,42479.311346096205
222204,43878.016,25299.762561950163
222205,43878.016,51453.67862422006
222206,43878.016,18817.697074967524
222207,43878.016,36525.64484341148
222208,43878.016,60099.816088789616
222209,43878.016,42147.93719877124
222210,43878.016,51635.805736663955
222211,43878.016,40082.6020658993
222212,43878.016,70093.12388014907
222213,43878.016,9066.754127405862
222214,43878.016,33206.30530043715
222215,43878.016,20743.063152840834
222216,43878.016,22451.221492085642
222217,43878.016,29324.274415195156
222218,43878.016,53831.000819521694
222219,43878.016,40204.9169664376
222220,43878.016,42465.19472245517
222221,43878.016,46386.31862845692
222222,43878.016,56725.452531185314
222223,43878.016,31431.34115198785
222224,43878.016,18538.59949880658
222225,43878.016,25968.351441533472
222226,43878.016,32851.434266671946
222227,43878.016,11091.238471765086
222228,43878.016,52734.60008138335
222229,43878.016,74536.93492509722
222230,43878.016,26837.199263600553
222231,43878.016,15340.254834127847
222232,43878.016,24060.838016034744
222233,43878.016,38427.797985505764
222234,43878.016,27789.557934257627
222235,43878.016,16126.641284422749
222236,43878.016,29406.058295012655
222237,43878.016,19029.069080375804
222238,43878.016,13638.055735031183
222239,43878.016,33026.28535614005
222240,43878.016,46122.57946368195
222241,43878.016,41313.3180770054
222242,43878.016,35966.701692151015
222243,43878.016,40236.591692399066
222244,43878.016,37203.21028168335
222245,43878.016,41741.56105545317
222246,43878.016,23205.06754812287
222247,43878.016,69110.16566892293
222248,43878.016,54931.627460214324
222249,43878.016,56406.327212944816
222250,43878.016,49861.11193248432
222251,43878.016,35930.03843304072
222252,43878.016,65277.6050163662
222253,43878.016,26808.158203843483
222254,43878.016,48508.268682308844
222255,43878.016,21430.533752894404
222256,43878.016,20496.718551486225
222257,43878.016,9787.363678510465
222258,43878.016,63859.867545379464
222259,43878.016,54818.41355128432
222260,43878.016,43091.12042472494
222261,43878.016,11498.22419117563
222262,43878.016,61821.32605917362
222263,43878.016,24467.57054941287
222264,43878.016,10735.191671120272
222265,43878.016,53408.85775364273
222266,43878.016,47323.45732688456
222267,43878.016,47431.32382714267
222268,43878.016,34238.53138705044
222269,43878.016,61773.19164993023
222270,43878.016,18456.078183855112
222271,43878.016,37932.425862319156
222272,43878.016,26908.40895560062
222273,43878.016,24466.92254606375
222274,43878.016,5480.624321602602
222275,43878.016,22606.69960718922
222276,43878.016,17445.168463045167
222277,43878.016,52894.57921816346
222278,43878.016,62570.129824213494
222279,43878.016,26942.945255481205
222280,43878.016,32716.973715566888
222281,43878.016,41283.946160363645
222282,43878.016,119809.24837548859
222283,43878.016,28142.2617428806
222284,43878.016,15436.394924372775
222285,43878.016,63813.323469660376
222286,43878.016,57932.35194454661
222287,43878.016,13806.252373559448
222288,43878.016,21029.917002438455
222289,43878.016,26215.91074731882
222290,43878.016,30792.56894220771
222291,43878.016,12529.476364907237
222292,43878.016,65269.0083378138
222293,43878.016,39634.16846296648
222294,43878.016,81132.69523624671
222295,43878.016,35657.41839175561
222296,43878.016,37912.118808683736
222297,43878.016,62959.50188904075
222298,43878.016,50053.32707119838
222299,43878.016,16398.31071851623
222300,43878.016,61232.70647807298
222301,43878.016,31568.31614874955
222302,43878.016,80787.04672238027
222303,43878.016,60617.1267435557
222304,43878.016,47187.00900412082
222305,43878.016,23571.533521412137
222306,43878.016,32441.266924095304
222307,43878.016,20211.915425715295
222308,43878.016,8394.932051428554
222309,43878.016,47025.960849895615
222310,43878.016,31210.878432711746
222311,43878.016,54401.42283952479
222312,43878.016,26846.826054284535
222313,43878.016,14963.132747270782
222314,43878.016,33026.369897529985
222315,43878.016,34533.491777134914
222316,43878.016,74863.6429713878
222317,43878.016,29564.837479919053
222318,43878.016,60224.785028266975
222319,43878.016,40149.80320321516
222320,43878.016,83028.19210975422
222321,43878.016,14337.67347941342
222322,43878.016,26018.273564239615
222323,43878.016,22879.31013218926
222324,43878.016,52327.14170572329
222325,43878.016,49968.66977645787
222326,43878.016,8087.561538943208
222327,43878.016,63076.34286951667
222328,43878.016,18934.82708056121
222329,43878.016,50715.4057219273
222330,43878.016,9790.121415070038
222331,43878.016,51401.86107931679
222332,43878.016,41465.936736380085
222333,43878.016,21157.526488966832
222334,43878.016,18202.294845637298
222335,43878.016,31438.116975258028
222336,43878.016,63834.400113865726
222337,43878.016,30865.00409887879
222338,43878.016,8082.610119986845
222339,43878.016,41066.00164739818
222340,43878.016,49278.68515735278
222341,43878.016,46367.53317423994
222342,43878.016,54961.13552717964
222343,43878.016,78742.49081318942
222344,43878.016,18291.164155934475
222345,43878.016,12795.70809289933
222346,43878.016,55352.60487367876
222347,43878.016,7080.3099347166035
222348,43878.016,34360.51139429261
222349,43878.016,20138.75422621037
222350,43878.016,11208.030336964537
222351,43878.016,33479.27336012882
222352,43878.016,26156.244881176266
222353,43878.016,11067.111042519542
222354,43878.016,31954.934169524
222355,43878.016,36470.13510305173
222356,43878.016,51041.02976417135
222357,43878.016,10307.53782593069
222358,43878.016,11600.487023816679
222359,43878.016,5241.98006610032
222360,43878.016,60597.17475609152
222361,43878.016,54878.235881730405
222362,43878.016,52848.175456303834
222363,43878.016,54016.58732568853
222364,43878.016,14153.245749808768
222365,43878.016,41182.69474574628
222366,43878.016,37788.16913008512
222367,43878.016,18427.131419295067
222368,43878.016,20361.31399334443
222369,43878.016,51646.75246771535
222370,43878.016,8680.636308755838
222371,43878.016,9310.663346773828
222372,43878.016,24411.777543043037
222373,43878.016,12410.934128957811
222374,43878.016,68432.44055153575
222375,43878.016,25545.836464498174
222376,43878.016,43785.457531599175
222377,43878.016,27975.080855256907
222378,43878.016,29222.330643560694
222379,43878.016,27176.361762368015
222380,43878.016,42671.78383791249
222381,43878.016,24151.83179413755
222382,43878.016,18580.090525951215
222383,43878.016,10957.809724273418
222384,43878.016,7558.985660361103
222385,43878.016,28616.39081594298
222386,43878.016,21194.539360391827
222387,43878.016,19060.121554070814
222388,43878.016,25005.301636227556
222389,43878.016,34825.24764090767
222390,43878.016,73668.0692483268
222391,43878.016,108854.71295880673
222392,43878.016,45311.54705846158
222393,43878.016,73805.79663704973
222394,43878.016,9241.755010218252
222395,43878.016,15833.184060083178
222396,43878.016,44693.83948201476
222397,43878.016,32899.17892585257
222398,43878.016,4573.651807608094
222399,43878.016,37389.64138106364
222400,43878.016,24966.694348880592
222401,43878.016,11548.469791816824
222402,43878.016,51817.081835553574
222403,43878.016,21258.491900296267
222404,43878.016,22854.05663836676
222405,43878.016,12483.08928024109
222406,43878.016,45729.6872186075
222407,43878.016,27924.129246179236
222408,43878.016,9536.885234209838
222409,43878.016,9621.10134235502
222410,43878.016,34187.51074533195
222411,43878.016,15943.290227965577
222412,43878.016,17491.610033537614
222413,43878.016,75575.851275802
222414,43878.016,66007.12816316428
222415,43878.016,44280.126645173055
222416,43878.016,20902.2714597264
222417,43878.016,91932.2930893694
222418,43878.016,85122.23794314872
222419,43878.016,44613.88232527158
222420,43878.016,9283.460497254773
222421,43878.016,16597.679922429073
222422,43878.016,36234.342905124584
222423,43878.016,25391.528347303683
222424,43878.016,21444.83735747618
222425,43878.016,14884.437391439898
222426,43878.016,50816.1357624086
222427,43878.016,30217.239657411483
222428,43878.016,6629.688608031771
222429,43878.016,14310.369161461986
222430,43878.016,24824.244748351393
222431,43878.016,9556.633821453725
222432,43878.016,45371.88356411303
222433,43878.016,22910.77250864787
222434,43878.016,47194.257304741324
222435,43878.016,21602.70266242028
222436,43878.016,23989.58609555213
222437,43878.016,35133.74261084553
222438,43878.016,25416.533679791493
222439,43878.016,13792.135507863044
222440,43878.016,45759.996098691074
222441,43878.016,34305.99477053139
222442,43878.016,45115.92465414549
222443,43878.016,26331.02241806315
222444,43878.016,20768.023461553305
222445,43878.016,55903.95995010839
222446,43878.016,45199.8814426056
222447,43878.016,34712.80021486305
222448,43878.016,9611.738209777448
222449,43878.016,20046.77654606616
222450,43878.016,30297.501884784495
222451,43878.016,20319.80364033124
222452,43878.016,53778.81548232432
222453,43878.016,35832.51601742226
222454,43878.016,14473.109211194896
222455,43878.016,13805.93355293094
222456,43878.016,42179.36286834732
222457,43878.016,14444.988902977884
222458,43878.016,14618.99088251888
222459,43878.016,41804.773887402465
222460,43878.016,55621.91536793336
222461,43878.016,77110.51936859962
222462,43878.016,64933.7871331725
222463,43878.016,22669.39902164787
222464,43878.016,18840.163673082003
222465,43878.016,27442.58613210106
222466,43878.016,16605.309640313688
222467,43878.016,16675.084343353654
222468,43878.016,20153.94756559066
222469,43878.016,27988.05410544588
222470,43878.016,64936.03697916372
222471,43878.016,9166.118435172717
222472,43878.016,30972.268164729736
222473,43878.016,62967.03187604142
222474,43878.016,14883.70386614241
222475,43878.016,22435.15060645823
222476,43878.016,47030.1888567285
222477,43878.016,7239.269584520405
222478,43878.016,43931.018783692256
222479,43878.016,8382.984005494043
222480,43878.016,16591.585444634875
222481,43878.016,46399.9232184492
222482,43878.016,5879.339671133117
222483,43878.016,39946.36626726119
222484,43878.016,58945.12082432006
222485,43878.016,56718.80699705761
222486,43878.016,6641.30340445239
222487,43878.016,14914.059420105446
222488,43878.016,12232.351194876104
222489,43878.016,37305.966046273636
222490,43878.016,7023.1265633115545
222491,43878.016,33245.51717911931
222492,43878.016,29915.63837353247
222493,43878.016,30820.46170567973
222494,43878.016,66190.83746642164
222495,43878.016,26611.222418976315
222496,43878.016,14215.918920905533
222497,43878.016,19143.458738434136
222498,43878.016,42608.77304335438
222499,43878.016,13654.446699570004
222500,43878.016,9175.312377722681
222501,43878.016,11208.049979040341
222502,43878.016,56224.62091283023
222503,43878.016,20409.903264858927
222504,43878.016,55162.675135296944
222505,43878.016,27879.067546526854
222506,43878.016,11163.747298212267
222507,43878.016,9824.322987752515
222508,43878.016,9729.16907408904
222509,43878.016,70263.60414574806
222510,43878.016,29718.66324517975
222511,43878.016,56224.58905725082
222512,43878.016,13152.658093025919
222513,43878.016,60373.368691947595
222514,43878.016,42525.539501581596
222515,43878.016,52294.65497856432
222516,43878.016,23709.251042444153
222517,43878.016,64178.979547276154
222518,43878.016,12260.945897197817
222519,43878.016,21776.55761665822
222520,43878.016,30645.889827754432
222521,43878.016,58971.1512002884
222522,43878.016,37388.88499459003
222523,43878.016,66433.10755256024
222524,43878.016,16133.431993279022
222525,43878.016,66513.7568195585
222526,43878.016,35173.90423520027
222527,43878.016,34035.13927422227
222528,43878.016,35563.29156411457
222529,43878.016,58426.47836680443
222530,43878.016,14319.56074738495
222531,43878.016,20889.894779486756
222532,43878.016,73441.79869690392
222533,43878.016,17529.39117173457
222534,43878.016,41276.895553866714
222535,43878.016,16846.33042403864
222536,43878.016,37796.4396411538
222537,43878.016,19436.853019917395
222538,43878.016,61737.24283616473
222539,43878.016,36425.295766033814
222540,43878.016,45341.307856509295
222541,43878.016,34697.40014742491
222542,43878.016,46813.67335172956
222543,43878.016,43589.878645731806
222544,43878.016,21559.35721145189
222545,43878.016,6788.355321666496
222546,43878.016,46171.20792398732
222547,43878.016,76230.21929168959
222548,43878.016,7140.766691346028
222549,43878.016,15976.12743080195
222550,43878.016,24610.686619026314
222551,43878.016,13508.151574767398
222552,43878.016,26371.707960079184
222553,43878.016,47757.64746530315
222554,43878.016,47265.87765998155
222555,43878.016,13815.977020139157
222556,43878.016,8230.617588790868
222557,43878.016,39383.5397829805
222558,43878.016,12423.918573855646
222559,43878.016,56063.16764743319
222560,43878.016,12748.5848212049
222561,43878.016,94103.735936992
222562,43878.016,57984.27944605959
222563,43878.016,43297.95825506835
222564,43878.016,9072.694974561819
222565,43878.016,40628.59535480554
222566,43878.016,56140.09036468904
222567,43878.016,68866.34208993106
222568,43878.016,67300.57357695192
222569,43878.016,39631.42133121384
222570,43878.016,28042.629298881046
222571,43878.016,52689.66545017218
222572,43878.016,50700.215951447935
222573,43878.016,29696.584967800623
222574,43878.016,12246.10284414873
222575,43878.016,62266.089040176776
222576,43878.016,28819.129299182423
222577,43878.016,27869.872526182862
222578,43878.016,18805.821578664018
222579,43878.016,56151.75548659172
222580,43878.016,32662.24326301781
222581,43878.016,74412.38314285415
222582,43878.016,22347.732763371147
222583,43878.016,43079.58743239438
222584,43878.016,10754.525700410555
222585,43878.016,17319.370357426706
222586,43878.016,17953.73391753853
222587,43878.016,59742.71695153204
222588,43878.016,32673.23207615314
222589,43878.016,16410.009320978526
222590,43878.016,15735.157501694588
222591,43878.016,45030.12583461469
222592,43878.016,35136.16565112672
222593,43878.016,49425.465851936635
222594,43878.016,18382.09921027571
222595,43878.016,20447.66467715451
222596,43878.016,24226.57407684604
222597,43878.016,69186.92617363611
222598,43878.016,59078.45893071738
222599,43878.016,72109.91251986052
222600,43878.016,31923.770243354036
222601,43878.016,50881.13315959256
222602,43878.016,45808.5736547741
222603,43878.016,11944.03981997857
222604,43878.016,52948.92188616141
222605,43878.016,23389.67237056397
222606,43878.016,7311.483550003422
222607,43878.016,33514.05045668097
222608,43878.016,3135.5506204317912
222609,43878.016,8885.102768592997
222610,43878.016,43147.041545383276
222611,43878.016,13135.917864039362
222612,43878.016,51596.23037435331
222613,43878.016,13705.335789277337
222614,43878.016,36567.49134336204
222615,43878.016,38713.333253931545
222616,43878.016,36652.6099554247
222617,43878.016,24778.77735620822
222618,43878.016,6974.13019642006
222619,43878.016,45044.30143883966
222620,43878.016,38274.97338461955
222621,43878.016,11652.494301466113
222622,43878.016,27355.857676984513
222623,43878.016,18434.84314698601
222624,43878.016,20232.00569040234
222625,43878.016,27059.170065692386
222626,43878.016,68910.11421323725
222627,43878.016,51944.80583622562
222628,43878.016,56158.93623972385
222629,43878.016,59241.53763051522
222630,43878.016,44761.28975032976
222631,43878.016,68471.56718411032
222632,43878.016,13307.661078611378
222633,43878.016,56025.81669351689
222634,43878.016,16187.440014047916
222635,43878.016,51404.51355652574
222636,43878.016,48853.49392144464
222637,43878.016,19702.15677459806
222638,43878.016,20868.06395233216
222639,43878.016,50322.59147764969
222640,43878.016,50868.58840076777
222641,43878.016,11301.478081611065
222642,43878.016,26228.73630089783
222643,43878.016,30829.246008162794
222644,43878.016,28339.386171845472
222645,43878.016,77815.72031939635
222646,43878.016,34956.46031451158
222647,43878.016,41919.95083807792
222648,43878.016,29616.898226647863
222649,43878.016,26191.486887516752
222650,43878.016,77613.59712530165
222651,43878.016,48732.58400134876
222652,43878.016,47446.10339202313
222653,43878.016,11056.480722251561
222654,43878.016,9474.123438743743
222655,43878.016,27425.108953885236
222656,43878.016,6055.416935065672
222657,43878.016,12746.89343884049
222658,43878.016,10239.11221110487
222659,43878.016,22581.766797360175
222660,43878.016,35134.08563295179
222661,43878.016,58415.17266443631
222662,43878.016,23324.820443085024
222663,43878.016,51443.52539687975
222664,43878.016,40440.5183801255
222665,43878.016,14719.701689225523
222666,43878.016,41559.35688119849
222667,43878.016,14051.473226821652
222668,43878.016,33370.925043618714
222669,43878.016,24613.091136197956
222670,43878.016,57799.29751714443
222671,43878.016,57089.359342460644
222672,43878.016,35366.36569032639
222673,43878.016,40643.417205787926
222674,43878.016,31016.922147042224
222675,43878.016,32438.694410704156
222676,43878.016,11464.652998561278
222677,43878.016,10689.542229108953
222678,43878.016,33162.89768357644
222679,43878.016,31519.155455407512
222680,43878.016,48047.39192471481
222681,43878.016,59914.83484846073
222682,43878.016,41987.63990746489
222683,43878.016,15770.029561846759
222684,43878.016,23433.658270438147
222685,43878.016,51423.66258355182
222686,43878.016,44032.16878322694
222687,43878.016,9184.954117301628
222688,43878.016,77063.72639215486
222689,43878.016,11018.972041030123
222690,43878.016,24506.0298431422
222691,43878.016,22350.617599816353
222692,43878.016,24436.835049455287
222693,43878.016,36191.89253776708
222694,43878.016,22513.16245483045
222695,43878.016,10176.190157297
222696,43878.016,5580.935278774483
222697,43878.016,30263.395946749213
222698,43878.016,72899.28708672817
222699,43878.016,15788.853768799183
222700,43878.016,12708.339647969176
222701,43878.016,21600.276066294708
222702,43878.016,48333.11831429359
222703,43878.016,17586.98454400602
222704,43878.016,26379.745912973893
222705,43878.016,38640.40624950597
222706,43878.016,23142.968907060276
222707,43878.016,39751.80103290553
222708,43878.016,28616.816769115958
222709,43878.016,55875.9108754529
222710,43878.016,50301.71323796481
222711,43878.016,66732.46509824487
222712,43878.016,15511.870432757376
222713,43878.016,18036.66051080727
222714,43878.016,11745.92876759739
222715,43878.016,42091.93303829733
222716,43878.016,8587.812068955558
222717,43878.016,64043.719041364515
222718,43878.016,35040.99635121582
222719,43878.016,31906.78637225756
222720,43878.016,18245.963163899632
222721,43878.016,29150.91531987358
222722,43878.016,7166.82756237107
222723,43878.016,49983.89656728195
222724,43878.016,20678.748417089275
222725,43878.016,11382.77131333253
222726,43878.016,37830.29378251054
222727,43878.016,38852.37987611946
222728,43878.016,41829.45673712737
222729,43878.016,16362.001913513788
222730,43878.016,37836.708025980435
222731,43878.016,30172.36232930337
222732,43878.016,33425.69830158913
222733,43878.016,20536.772277115146
222734,43878.016,49245.72128706469
222735,43878.016,29405.566540058862
222736,43878.016,66143.12739750097
222737,43878.016,14298.249649922067
222738,43878.016,60049.744668944055
222739,43878.016,55964.42950448739
222740,43878.016,17641.89097603567
222741,43878.016,20514.78301426727
222742,43878.016,11429.09235428552
222743,43878.016,14964.075801311912
222744,43878.016,60397.77711109903
222745,43878.016,41335.62682865322
222746,43878.016,21813.570127486862
222747,43878.016,39395.786395277886
222748,43878.016,26378.988276410193
222749,43878.016,31663.489706958127
222750,43878.016,66302.0150347183
222751,43878.016,67237.68652629401
222752,43878.016,8076.659466160358
222753,43878.016,40025.7526212571
222754,43878.016,28665.73944468276
222755,43878.016,57376.64715409902
222756,43878.016,23457.03017932798
222757,43878.016,61574.83529905634
222758,43878.016,40507.32956148916
222759,43878.016,47856.69280368088
222760,43878.016,80186.51837010775
222761,43878.016,59201.02865260328
222762,43878.016,54024.30131346924
222763,43878.016,42012.37523254922
222764,43878.016,20973.81947266958
222765,43878.016,40635.98139226808
222766,43878.016,36398.29581795309
222767,43878.016,51638.28363392732
222768,43878.016,74058.37525605768
222769,43878.016,23156.807491826923
222770,43878.016,41000.848912910275
222771,43878.016,8505.799193904431
222772,43878.016,17364.121722396463
222773,43878.016,56624.29235126398
222774,43878.016,15887.60289442945
222775,43878.016,35320.540095627606
222776,43878.016,26046.046407760594
222777,43878.016,73088.11265386743
222778,43878.016,46934.54244348058
222779,43878.016,15147.375581183449
222780,43878.016,25012.129872576443
222781,43878.016,38323.25427326873
222782,43878.016,59631.10654226239
222783,43878.016,10123.21116841594
222784,43878.016,25043.033649401958
222785,43878.016,10468.609252218066
222786,43878.016,26519.15122505384
222787,43878.016,33795.12736457541
222788,43878.016,5040.593545659146
222789,43878.016,52716.45875906866
222790,43878.016,20021.21506617846
222791,43878.016,63983.466483488344
222792,43878.016,22460.677117898784
222793,43878.016,27885.689627689502
222794,43878.016,41292.63637119752
222795,43878.016,56859.45097882853
222796,43878.016,11629.398925257536
222797,43878.016,15087.064215008784
222798,43878.016,48860.9138294537
222799,43878.016,9071.030806068753
222800,43878.016,53951.971601881334
222801,43878.016,64200.0890878624
222802,43878.016,39616.72051343548
222803,43878.016,36051.75377256562
222804,43878.016,9603.364659039671
222805,43878.016,30442.718831244878
222806,43878.016,18431.550710683605
222807,43878.016,28363.590955490272
222808,43878.016,22410.172027382632
222809,43878.016,45427.862360826155
222810,43878.016,33100.47085209676
222811,43878.016,42760.249071576916
222812,43878.016,44598.45419211811
222813,43878.016,25855.03599322022
222814,43878.016,43110.1021229384
222815,43878.016,44999.77885220159
222816,43878.016,56450.84514037527
222817,43878.016,20360.021679617643
222818,43878.016,12790.264436564097
222819,43878.016,12930.302153666431
222820,43878.016,29944.6818971123
222821,43878.016,7194.651108182737
222822,43878.016,47613.41198346879
222823,43878.016,14901.248944473038
222824,43878.016,30127.804533961607
222825,43878.016,39217.94206843671
222826,43878.016,56411.26481716394
222827,43878.016,19246.737920941418
222828,43878.016,11821.165299366208
222829,43878.016,46999.080425737535
222830,43878.016,56496.40862585962
222831,43878.016,29379.925935168772
222832,43878.016,54874.41862254593
222833,43878.016,13118.921894732273
222834,43878.016,42848.66361602185
222835,43878.016,52892.97074170822
222836,43878.016,24961.21714957848
222837,43878.016,32709.203896238643
222838,43878.016,57585.26967867243
222839,43878.016,7629.720787201862
222840,43878.016,50503.82666207915
222841,43878.016,47859.877121397854
222842,43878.016,69304.30403061931
222843,43878.016,40673.76515956407
222844,43878.016,46146.78291420685
222845,43878.016,14185.710043674344
222846,43878.016,49668.687594309704
222847,43878.016,59433.6365323762
222848,43878.016,18057.537477174887
222849,43878.016,75521.08312423708
222850,43878.016,87478.18782499994
222851,43878.016,44919.08622134913
222852,43878.016,28947.35412686196
222853,43878.016,11688.040748446545
222854,43878.016,17474.03694207992
222855,43878.016,6389.651992525117
222856,43878.016,62144.26083859877
222857,43878.016,62210.70786257384
222858,43878.016,39021.66590147834
222859,43878.016,16795.33994852244
222860,43878.016,27015.727330908077
222861,43878.016,25175.596228726678
222862,43878.016,41872.523415110394
222863,43878.016,51476.153972371634
222864,43878.016,44505.9944443398
222865,43878.016,70262.62377243633
222866,43878.016,44246.821077473236
222867,43878.016,56241.31024048023
222868,43878.016,22501.888610879127
222869,43878.016,43421.92829318957
222870,43878.016,34930.37824727855
222871,43878.016,39869.4400724407
222872,43878.016,27041.106271880126
222873,43878.016,50225.952883756676
222874,43878.016,55288.91870200065
222875,43878.016,42163.22712846072
222876,43878.016,59869.871279966486
222877,43878.016,34021.995978977815
222878,43878.016,17090.1921883877
222879,43878.016,37060.37104248094
222880,43878.016,73645.29981525794
222881,43878.016,18413.05206185328
222882,43878.016,50018.129089808994
222883,43878.016,45351.780937993884
222884,43878.016,21601.091476890066
222885,43878.016,30783.798550083015
222886,43878.016,42610.73021208853
222887,43878.016,17906.62087891096
222888,43878.016,51042.3947304253
222889,43878.016,42496.35486781813
222890,43878.016,31064.686199064676
222891,43878.016,58385.85233382917
222892,43878.016,17336.227358670814
222893,43878.016,13895.954549343418
222894,43878.016,75171.60844483641
222895,43878.016,33801.79834061685
222896,43878.016,30108.648510478186
222897,43878.016,45760.81960494463
222898,43878.016,35107.63981424767
222899,43878.016,45324.80947885423
222900,43878.016,27435.702772935907
222901,43878.016,55665.434545029064
222902,43878.016,20515.061002228707
222903,43878.016,8848.256033764086
222904,43878.016,40537.18087978003
222905,43878.016,20367.369142067906
222906,43878.016,45740.333609948764
222907,43878.016,62087.32915340153
222908,43878.016,36603.65049886519
222909,43878.016,57273.61261252526
222910,43878.016,32975.97499111059
222911,43878.016,47242.28987692087
222912,43878.016,25274.069367623786
222913,43878.016,30383.667963570373
222914,43878.016,36353.71223494024
222915,43878.016,25361.068998809504
222916,43878.016,11936.186156933903
222917,43878.016,53910.99301244529
222918,43878.016,25383.161092623504
222919,43878.016,35313.89737965879
222920,43878.016,68450.82810750682
222921,43878.016,30080.880174125035
222922,43878.016,36397.68942229942
222923,43878.016,36074.59138118631
222924,43878.016,36581.79767228271
222925,43878.016,41179.5181314644
222926,43878.016,20138.477338474004
222927,43878.016,55727.04822453348
222928,43878.016,49491.92862984993
222929,43878.016,56275.387771411195
222930,43878.016,7393.445746357252
222931,43878.016,29352.949118034256
222932,43878.016,17747.362968218193
222933,43878.016,66356.1001469728
222934,43878.016,42738.59769241142
222935,43878.016,28677.003978761746
222936,43878.016,42530.87667367641
222937,43878.016,32569.294912952788
222938,43878.016,8148.8310180983835
222939,43878.016,46128.41213890794
222940,43878.016,118470.43399920022
222941,43878.016,16652.571421856243
222942,43878.016,50055.48259608285
222943,43878.016,32146.567323120693
222944,43878.016,67011.23402579731
222945,43878.016,29449.821900845876
222946,43878.016,22278.744014428103
222947,43878.016,69262.28019372054
222948,43878.016,20881.657582373962
222949,43878.016,47079.322387729386
222950,43878.016,53554.09036423956
222951,43878.016,19594.13808272265
222952,43878.016,49569.97863650036
222953,43878.016,20411.95517193641
222954,43878.016,24777.829994701966
222955,43878.016,28030.829112789226
222956,43878.016,13025.349226849126
222957,43878.016,55054.594385013625
222958,43878.016,42447.5229661327
222959,43878.016,35659.66035453868
222960,43878.016,26605.66387784476
222961,43878.016,56348.79462795147
222962,43878.016,42847.79504473983
222963,43878.016,12883.789603148476
222964,43878.016,39732.68942099512
222965,43878.016,19404.653681848762
222966,43878.016,17750.597401786148
222967,43878.016,52116.721023695194
222968,43878.016,20871.813680330153
222969,43878.016,37529.55294583627
222970,43878.016,81739.6028571724
222971,43878.016,12344.888276147249
222972,43878.016,56325.608649407135
222973,43878.016,21394.09993242806
222974,43878.016,25854.048222139812
222975,43878.016,33088.58860425792
222976,43878.016,7702.816716070409
222977,43878.016,15904.847570640037
222978,43878.016,53241.88582496464
222979,43878.016,21220.49389699597
222980,43878.016,33120.05790061202
222981,43878.016,27821.732308580955
222982,43878.016,48860.78557328529
222983,43878.016,19544.560864230214
222984,43878.016,56327.66084756359
222985,43878.016,50113.9075345561
222986,43878.016,18803.628173084013
222987,43878.016,89024.73822787793
222988,43878.016,16448.834117364797
222989,43878.016,96561.18154059647
222990,43878.016,27379.484683946815
222991,43878.016,25262.525385554218
222992,43878.016,55983.28348006252
222993,43878.016,45666.428709529006
222994,43878.016,42633.16866558101
222995,43878.016,56183.77641225695
222996,43878.016,14913.48896443861
222997,43878.016,35205.059604361784
222998,43878.016,7804.568238342348
222999,43878.016,35952.394096283744
223000,43878.016,20166.93381723141
223001,43878.016,7310.797432835625
223002,43878.016,10728.571097502532
223003,43878.016,39617.48664035938
223004,43878.016,29122.24432749583
223005,43878.016,41227.88474611815
223006,43878.016,13525.865944415335
223007,43878.016,68646.77235050933
223008,43878.016,53392.4107392811
223009,43878.016,23688.66220988758
223010,43878.016,44204.54229472235
223011,43878.016,44656.26523070596
223012,43878.016,68483.2446554395
223013,43878.016,35272.37457485864
223014,43878.016,65141.207450553724
223015,43878.016,52407.09042889929
223016,43878.016,22257.099851021856
223017,43878.016,18766.585550041644
223018,43878.016,70336.35696943515
223019,43878.016,9356.184627868173
223020,43878.016,41302.59220188769
223021,43878.016,42368.873515242405
223022,43878.016,41679.952289082066
223023,43878.016,26864.429370070964
223024,43878.016,53632.128617391056
223025,43878.016,47379.318371166635
223026,43878.016,21935.444605097062
223027,43878.016,31311.372352700026
223028,43878.016,44037.30984392235
223029,43878.016,21074.832896237425
223030,43878.016,23957.99709301119
223031,43878.016,18391.377914240828
223032,43878.016,34190.39077281848
223033,43878.016,33894.308487973954
223034,43878.016,9580.0583364285
223035,43878.016,33050.01966439189
223036,43878.016,49093.02093809596
223037,43878.016,22751.01803746951
223038,43878.016,16691.107834603463
223039,43878.016,14961.111366145546
223040,43878.016,47958.72894497577
223041,43878.016,50829.38198631658
223042,43878.016,29420.463488932033
223043,43878.016,49290.950194916375
223044,43878.016,44791.41513769674
223045,43878.016,10670.988330740227
223046,43878.016,18736.68990639939
223047,43878.016,65587.39983539766
223048,43878.016,66212.02217537523
223049,43878.016,17276.690754417366
223050,43878.016,18919.110533396266
223051,43878.016,9036.838008582425
223052,43878.016,42037.75358595294
223053,43878.016,30870.588054010186
223054,43878.016,20402.549637792556
223055,43878.016,31784.548426454392
223056,43878.016,35771.37032646541
223057,43878.016,23968.907350860347
223058,43878.016,33578.96839128559
223059,43878.016,59521.84106541618
223060,43878.016,21580.318039013197
223061,43878.016,32390.808668241378
223062,43878.016,26085.108554499806
223063,43878.016,25678.367259874656
223064,43878.016,37432.310479255015
223065,43878.016,23465.997043015974
223066,43878.016,17777.205389002815
223067,43878.016,46578.828016807856
223068,43878.016,46587.29256679658
223069,43878.016,37679.140275669764
223070,43878.016,31890.186990982016
223071,43878.016,16966.078887560507
223072,43878.016,47829.88736973325
223073,43878.016,27226.73888016451
223074,43878.016,15414.399988552774
223075,43878.016,26329.264115998463
223076,43878.016,66799.76112106055
223077,43878.016,19322.57975634557
223078,43878.016,46174.8919033643
223079,43878.016,19680.013935564955
223080,43878.016,11254.415401166027
223081,43878.016,60762.19827580121
223082,43878.016,9842.663416554064
223083,43878.016,31687.614532075135
223084,43878.016,49755.37008145367
223085,43878.016,40884.09801337627
223086,43878.016,56272.14852291262
223087,43878.016,47219.80793512988
223088,43878.016,22876.395579175158
223089,43878.016,64325.2094897323
223090,43878.016,22201.974491926077
223091,43878.016,25907.055122346585
223092,43878.016,9587.035282990064
223093,43878.016,60312.433296421914
223094,43878.016,53431.3798664444
223095,43878.016,23073.488563330113
223096,43878.016,24726.332363704663
223097,43878.016,13939.959198957937
223098,43878.016,60000.37347332836
223099,43878.016,30378.08267374044
223100,43878.016,22918.29418292241
223101,43878.016,30990.784365037493
223102,43878.016,32441.512617731405
223103,43878.016,48445.356839943255
223104,43878.016,65217.47273255715
223105,43878.016,44033.6632569189
223106,43878.016,42950.8518476718
223107,43878.016,17860.03325517916
223108,43878.016,27221.719936388326
223109,43878.016,18999.140424742713
223110,43878.016,10373.639269610901
223111,43878.016,29997.464551164598
223112,43878.016,20832.048933807237
223113,43878.016,48597.95435659175
223114,43878.016,13322.23124060916
223115,43878.016,70983.23656811498
223116,43878.016,17139.958395909296
223117,43878.016,56294.510401164116
223118,43878.016,43718.98717501786
223119,43878.016,15377.332275356115
223120,43878.016,21695.348002054026
223121,43878.016,24012.46486662641
223122,43878.016,41245.42506825112
223123,43878.016,23587.33302290235
223124,43878.016,57814.2520190455
223125,43878.016,25600.226596216533
223126,43878.016,23818.57861433474
223127,43878.016,46529.52901624318
223128,43878.016,51120.01683854974
223129,43878.016,40903.457545045465
223130,43878.016,17134.24395371291
223131,43878.016,31572.80708141733
223132,43878.016,20924.01735930358
223133,43878.016,10371.603336540456
223134,43878.016,32956.78045090396
223135,43878.016,77272.22913708008
223136,43878.016,10778.371888817885
223137,43878.016,51412.23438452887
223138,43878.016,38990.725720770715
223139,43878.016,41929.36314767617
223140,43878.016,7306.110154567331
223141,43878.016,8281.46452889747
223142,43878.016,42756.83181818936
223143,43878.016,64092.48372690148
223144,43878.016,60331.94394480299
223145,43878.016,38280.11528921501
223146,43878.016,36913.61535099899
223147,43878.016,37668.599791166045
223148,43878.016,52388.91195073076
223149,43878.016,70842.07923861683
223150,43878.016,35661.94128014876
223151,43878.016,54928.15594738992
223152,43878.016,35733.935427883946
223153,43878.016,18008.517416959516
223154,43878.016,51460.42603140908
223155,43878.016,9801.483987505402
223156,43878.016,36030.98725635817
223157,43878.016,45305.08465674043
223158,43878.016,55697.604948366316
223159,43878.016,11805.592754480174
223160,43878.016,31252.323464134985
223161,43878.016,16857.362268232733
223162,43878.016,14419.350014542933
223163,43878.016,68826.52817401759
223164,43878.016,46128.60656202693
223165,43878.016,45322.237383750195
223166,43878.016,47494.65264515694
223167,43878.016,19684.853215888063
223168,43878.016,76154.92431915354
223169,43878.016,19926.154015012136
223170,43878.016,13013.047946552268
223171,43878.016,10222.975165903195
223172,43878.016,40792.702222915104
223173,43878.016,45375.42990300602
223174,43878.016,24300.24026176129
223175,43878.016,52324.18309762142
223176,43878.016,48829.99481607863
223177,43878.016,63461.45614301545
223178,43878.016,15186.565706271429
223179,43878.016,34801.55224542091
223180,43878.016,35149.915461151475
223181,43878.016,47813.151484635084
223182,43878.016,44190.75077951664
223183,43878.016,25549.40900427708
223184,43878.016,45812.397071585445
223185,43878.016,48597.35044865403
223186,43878.016,15605.603669234968
223187,43878.016,32500.42035991687
223188,43878.016,34271.08638914543
223189,43878.016,47715.71536331806
223190,43878.016,74993.4962442014
223191,43878.016,56359.010646491486
223192,43878.016,19926.82058771774
223193,43878.016,58614.599870331636
223194,43878.016,43842.091402667356
223195,43878.016,41652.21420552525
223196,43878.016,40882.98871506301
223197,43878.016,12056.244743661346
223198,43878.016,29311.93789943365
223199,43878.016,22713.467306003542
223200,43878.016,43555.64636469862
223201,43878.016,39681.32719232961
223202,43878.016,16783.404614354586
223203,43878.016,22484.789929607796
223204,43878.016,49649.96887075478
223205,43878.016,18717.715661565006
223206,43878.016,19926.996419857314
223207,43878.016,39473.63374926091
223208,43878.016,61057.22632767272
223209,43878.016,11047.444978796972
223210,43878.016,29246.78821846241
223211,43878.016,15435.403627238178
223212,43878.016,24834.32839637835
223213,43878.016,12584.758887848879
223214,43878.016,51822.55254771641
223215,43878.016,10827.285634646167
223216,43878.016,49294.0888876174
223217,43878.016,15762.119700402929
223218,43878.016,22702.727955781505
223219,43878.016,39334.39187028049
223220,43878.016,25963.29631128068
223221,43878.016,35680.03827798209
223222,43878.016,20124.614099200244
223223,43878.016,49661.07834425672
223224,43878.016,36287.19199586031
223225,43878.016,31543.538735723167
223226,43878.016,17085.055405957148
223227,43878.016,21765.801567395334
223228,43878.016,53906.904958792395
223229,43878.016,54386.20928112767
223230,43878.016,18371.909936767966
223231,43878.016,24516.081370306245
223232,43878.016,76553.27803067703
223233,43878.016,70192.79737691273
223234,43878.016,11610.280279861961
223235,43878.016,43077.37233028938
223236,43878.016,12025.986787022064
223237,43878.016,41112.22680412008
223238,43878.016,14678.458423048194
223239,43878.016,115294.19148032987
223240,43878.016,36319.69785597596
223241,43878.016,10282.176954720568
223242,43878.016,18945.22986872911
223243,43878.016,69134.48172083107
223244,43878.016,57599.996077488395
223245,43878.016,44352.66630462244
223246,43878.016,45040.77463094114
223247,43878.016,18864.46747675342
223248,43878.016,17205.494035566393
223249,43878.016,60464.0123863093
223250,43878.016,11089.926261946122
223251,43878.016,14105.359940937933
223252,43878.016,40804.81343909796
223253,43878.016,8912.985365106306
223254,43878.016,32720.63692827587
223255,43878.016,39866.29310961512
223256,43878.016,35570.876515372845
223257,43878.016,16271.872437666905
223258,43878.016,22350.857290053034
223259,43878.016,14310.222497249164
223260,43878.016,18767.269816313372
223261,43878.016,61332.389445255736
223262,43878.016,49180.4303999741
223263,43878.016,55789.037577610325
223264,43878.016,26882.11724990858
223265,43878.016,40307.26243169694
223266,43878.016,43656.88389199057
223267,43878.016,54458.49441328097
223268,43878.016,15805.1916599891
223269,43878.016,54674.49087844174
223270,43878.016,44465.67395211986
223271,43878.016,17574.772626230377
223272,43878.016,19149.637392258126
223273,43878.016,27529.37793139652
223274,43878.016,68185.69700402238
223275,43878.016,29605.235531995404
223276,43878.016,51903.20070266557
223277,43878.016,45427.42517843172
223278,43878.016,28183.99035608074
223279,43878.016,55163.28647995211
223280,43878.016,13334.50569420351
223281,43878.016,19278.953940831467
223282,43878.016,49288.16084331743
223283,43878.016,32575.303901831376
223284,43878.016,17805.12293620437
223285,43878.016,34868.73509296467
223286,43878.016,15328.644718993175
223287,43878.016,27683.401818405793
223288,43878.016,43993.47966951052
223289,43878.016,86149.70765999873
223290,43878.016,33478.11102648358
223291,43878.016,23454.14549600336
223292,43878.016,48424.71197460724
223293,43878.016,52339.081122331976
223294,43878.016,45420.90886800012
223295,43878.016,52599.94029050371
223296,43878.016,77559.89365610295
223297,43878.016,31241.2807931263
223298,43878.016,9683.205050276718
223299,43878.016,40105.38139796487
223300,43878.016,24889.979679523374
223301,43878.016,55978.27333567367
223302,43878.016,74453.21552565128
223303,43878.016,22931.715767585498
223304,43878.016,37989.14421254099
223305,43878.016,9030.173598876261
223306,43878.016,12233.68068906839
223307,43878.016,21940.771823530715
223308,43878.016,13794.068831044007
223309,43878.016,24572.3553798289
223310,43878.016,38500.72015648612
223311,43878.016,28740.55350467282
223312,43878.016,48367.34267705222
223313,43878.016,41581.72402132894
223314,43878.016,22547.462584242043
223315,43878.016,11525.195440881931
223316,43878.016,23726.443236105835
223317,43878.016,14453.149861804111
223318,43878.016,16607.71449787424
223319,43878.016,67114.5388768111
223320,43878.016,32032.19993433836
223321,43878.016,82336.51044514283
223322,43878.016,23821.278133882777
223323,43878.016,51346.28386874793
223324,43878.016,31139.658317781657
223325,43878.016,18941.997910410813
223326,43878.016,27056.552547078394
223327,43878.016,64510.42528127434
223328,43878.016,14420.34103544193
223329,43878.016,62537.441892431045
223330,43878.016,26827.02702421661
223331,43878.016,19521.868167177836
223332,43878.016,13731.103338056702
223333,43878.016,21514.17268210424
223334,43878.016,48229.800817938754
223335,43878.016,30063.847843858453
223336,43878.016,41613.27896433369
223337,43878.016,22921.62021126608
223338,43878.016,25041.98313405578
223339,43878.016,13024.28799883845
223340,43878.016,63850.69114413495
223341,43878.016,32532.469512931453
223342,43878.016,11973.234521451785
223343,43878.016,43705.424262051325
223344,43878.016,20164.908243236245
223345,43878.016,7717.516822413049
223346,43878.016,34829.19611200208
223347,43878.016,22152.995404809088
223348,43878.016,30969.593513589265
223349,43878.016,52640.82194234729
223350,43878.016,20625.228222409904
223351,43878.016,32009.665311163317
223352,43878.016,61542.76875734925
223353,43878.016,40201.530752325554
223354,43878.016,32910.3017014923
223355,43878.016,48733.23346549847
223356,43878.016,35209.725560173756
223357,43878.016,38459.852901328275
223358,43878.016,50066.38449018892
223359,43878.016,19437.232173194127
223360,43878.016,49179.14436615532
223361,43878.016,16452.19644746501
223362,43878.016,23917.70978181835
223363,43878.016,28335.938362839162
223364,43878.016,34721.951465682076
223365,43878.016,46710.0708272231
223366,43878.016,37623.58367066153
223367,43878.016,8601.9708281865
223368,43878.016,13130.249031486497
223369,43878.016,11745.989340293832
223370,43878.016,41228.365169721816
223371,43878.016,57861.36803014441
223372,43878.016,9454.616774738026
223373,43878.016,29852.665375953206
223374,43878.016,42856.64748524207
223375,43878.016,69817.79815314307
223376,43878.016,51862.43128678589
223377,43878.016,15891.330840182616
223378,43878.016,47871.78263787365
223379,43878.016,42871.42628661545
223380,43878.016,41550.133716064556
223381,43878.016,32536.982653256695
223382,43878.016,45212.460042911625
223383,43878.016,44076.7221365339
223384,43878.016,40957.024528567985
223385,43878.016,11920.526936412842
223386,43878.016,14209.406644748105
223387,43878.016,64277.43870126254
223388,43878.016,5043.165004282422
223389,43878.016,36494.65899623909
223390,43878.016,14547.508777643709
223391,43878.016,26871.659001253844
223392,43878.016,36096.42480260595
223393,43878.016,42166.57986471563
223394,43878.016,42578.83945927949
223395,43878.016,26215.457807601673
223396,43878.016,47291.07158613692
223397,43878.016,53402.77157378345
223398,43878.016,42951.225330224246
223399,43878.016,46683.346376395086
223400,43878.016,42630.07116033166
223401,43878.016,25057.245418092585
223402,43878.016,48749.80917705861
223403,43878.016,41091.497981145556
223404,43878.016,52643.616551779
223405,43878.016,64995.53983675967
223406,43878.016,53768.8358456985
223407,43878.016,20367.266902436473
223408,43878.016,10251.91616510674
223409,43878.016,47499.046189955465
223410,43878.016,17713.97902002508
223411,43878.016,63386.812405451536
223412,43878.016,34132.435074851324
223413,43878.016,21134.3822228451
223414,43878.016,8173.920747603697
223415,43878.016,76460.76764437949
223416,43878.016,45253.22910642329
223417,43878.016,60551.38399694948
223418,43878.016,17598.67492878343
223419,43878.016,61328.773316665116
223420,43878.016,31978.678303905806
223421,43878.016,48851.607611949185
223422,43878.016,29245.42168641826
223423,43878.016,62557.410291975284
223424,43878.016,52882.682032748766
223425,43878.016,39677.90562156427
223426,43878.016,27994.500640729417
223427,43878.016,51572.30797833397
223428,43878.016,21293.64484565471
223429,43878.016,29785.33616713267
223430,43878.016,33963.31854208457
223431,43878.016,30805.387815360424
223432,43878.016,17216.326616760754
223433,43878.016,39553.169982959895
223434,43878.016,7499.715038627049
223435,43878.016,15629.220552444127
223436,43878.016,58204.396426649786
223437,43878.016,42388.524836822464
223438,43878.016,37817.318794370454
223439,43878.016,16409.430789604627
223440,43878.016,38642.18561277204
223441,43878.016,26245.227792905625
223442,43878.016,50356.004658895
223443,43878.016,49526.621170201885
223444,43878.016,20249.108395993633
223445,43878.016,54531.43009619386
223446,43878.016,6055.975511239449
223447,43878.016,34529.537663162824
223448,43878.016,53261.66344640713
223449,43878.016,19189.234063415355
223450,43878.016,41591.01339842707
223451,43878.016,51782.31942476567
223452,43878.016,31737.072128902062
223453,43878.016,50012.507228866
223454,43878.016,55195.71058565102
223455,43878.016,14706.559487875487
223456,43878.016,14461.070694368538
223457,43878.016,74480.58517189631
223458,43878.016,60519.15096202294
223459,43878.016,53114.56796874842
223460,43878.016,6517.486594146436
223461,43878.016,26641.99345530977
223462,43878.016,23419.617989120274
223463,43878.016,13430.437106734884
223464,43878.016,12843.147593230562
223465,43878.016,29698.94408515207
223466,43878.016,27431.37586846536
223467,43878.016,57315.61784434065
223468,43878.016,59205.313576666245
223469,43878.016,7858.026182994056
223470,43878.016,65391.94722681966
223471,43878.016,32714.676719230214
223472,43878.016,23734.549271392265
223473,43878.016,27752.087438722687
223474,43878.016,43654.51637147567
223475,43878.016,49928.55719429824
223476,43878.016,43574.91841434573
223477,43878.016,53381.60119177621
223478,43878.016,59154.95454273526
223479,43878.016,45308.93709408376
223480,43878.016,56662.579500280684
223481,43878.016,23410.04766172031
223482,43878.016,29709.457826024758
223483,43878.016,36046.04262566761
223484,43878.016,48533.24305726944
223485,43878.016,22108.813747273158
223486,43878.016,60655.58310314475
223487,43878.016,8199.359735919676
223488,43878.016,63240.579848172936
223489,43878.016,28858.852563227745
223490,43878.016,46708.76663962867
223491,43878.016,71343.07086876813
223492,43878.016,68347.97970386845
223493,43878.016,78089.87365060391
223494,43878.016,56050.24972901598
223495,43878.016,29424.830912479883
223496,43878.016,12583.01250626234
223497,43878.016,31776.21395405043
223498,43878.016,25497.648659640374
223499,43878.016,22019.275059815503
223500,43878.016,64086.018008968626
223501,43878.016,19882.352376581643
223502,43878.016,33439.902512885565
223503,43878.016,14567.067210455463
223504,43878.016,11325.885098670693
223505,43878.016,21241.579869188292
223506,43878.016,9750.646990748386
223507,43878.016,29091.121894874253
223508,43878.016,17367.12466232881
223509,43878.016,46213.95873642814
223510,43878.016,43269.95304242634
223511,43878.016,5179.630471123653
223512,43878.016,47257.594295171104
223513,43878.016,18869.119488736942
223514,43878.016,69314.32825919804
223515,43878.016,82763.58895928292
223516,43878.016,4591.074645662027
223517,43878.016,41426.51136173498
223518,43878.016,13740.665983763352
223519,43878.016,47396.99603947118
223520,43878.016,10573.537827003467
223521,43878.016,32591.818676716295
223522,43878.016,21990.293159415964
223523,43878.016,47214.25778820168
223524,43878.016,31060.187048578522
223525,43878.016,46470.60573349933
223526,43878.016,65654.298909929
223527,43878.016,46412.68375611145
223528,43878.016,57098.81907998848
223529,43878.016,103221.2319121226
223530,43878.016,45491.935791760545
223531,43878.016,8129.353285049969
223532,43878.016,30149.22861454618
223533,43878.016,47008.39235211048
223534,43878.016,20187.92623588534
223535,43878.016,30684.313268375892
223536,43878.016,21630.489541297535
223537,43878.016,27428.971200908807
223538,43878.016,56647.01700971316
223539,43878.016,51269.850484404626
223540,43878.016,8070.344912129472
223541,43878.016,9391.142085081228
223542,43878.016,35637.72059479237
223543,43878.016,39697.3272697281
223544,43878.016,23906.274360570165
223545,43878.016,23715.44854923649
223546,43878.016,29582.132826609464
223547,43878.016,31155.989934599133
223548,43878.016,18265.39003553378
223549,43878.016,56688.12648644957
223550,43878.016,25464.3359316702
223551,43878.016,48566.339111319314
223552,43878.016,31480.01771299631
223553,43878.016,43260.84846661007
223554,43878.016,29133.76784209225
223555,43878.016,14681.797572572355
223556,43878.016,14568.041054509074
223557,43878.016,25725.597529254337
223558,43878.016,47677.65359805748
223559,43878.016,63103.70455853879
223560,43878.016,37262.04584368456
223561,43878.016,18012.77324428038
223562,43878.016,30176.289437081257
223563,43878.016,28861.76020437755
223564,43878.016,13478.02117170127
223565,43878.016,48088.91990312805
223566,43878.016,24362.77064170069
223567,43878.016,23304.41182748732
223568,43878.016,57690.92259030482
223569,43878.016,31766.0217269046
223570,43878.016,52411.90885222248
223571,43878.016,22431.68105849398
223572,43878.016,33379.23883265898
223573,43878.016,58918.7754117361
223574,43878.016,30415.5705353538
223575,43878.016,44319.192788087836
223576,43878.016,30735.671498593027
223577,43878.016,59928.02524923273
223578,43878.016,14467.102731405623
223579,43878.016,37080.1722436339
223580,43878.016,12783.515535366236
223581,43878.016,33542.35276578312
223582,43878.016,56991.10026015162
223583,43878.016,7149.419633214388
223584,43878.016,52822.54388487109
223585,43878.016,42416.27584980899
223586,43878.016,8166.6903876813285
223587,43878.016,37337.94303729928
223588,43878.016,41909.583950937755
223589,43878.016,55692.278031310096
223590,43878.016,25339.22260612541
223591,43878.016,54581.65186090914
223592,43878.016,9054.18017486227
223593,43878.016,60908.53578405056
223594,43878.016,50047.90489562008
223595,43878.016,24162.309844197207
223596,43878.016,10508.686416841942
223597,43878.016,75373.73646379124
223598,43878.016,18569.085194999487
223599,43878.016,56130.69126259618
223600,43878.016,42602.90639306734
223601,43878.016,21219.027641779852
223602,43878.016,12334.669079825511
223603,43878.016,39919.999572387875
223604,43878.016,64882.43873626664
223605,43878.016,54717.39131496679
223606,43878.016,57435.402666737624
223607,43878.016,55550.16396323871
223608,43878.016,52490.1137026342
223609,43878.016,34149.564202971
223610,43878.016,38546.41216094759
223611,43878.016,22827.026951118067
223612,43878.016,50675.23871627019
223613,43878.016,73834.04572477346
223614,43878.016,8037.981261916981
223615,43878.016,38223.31810181604
223616,43878.016,29333.292146484895
223617,43878.016,42873.84114505618
223618,43878.016,56378.85762282175
223619,43878.016,56365.71159439507
223620,43878.016,27748.616395844492
223621,43878.016,18110.656446196303
223622,43878.016,44138.255194738034
223623,43878.016,31000.760802194683
223624,43878.016,33933.1348973729
223625,43878.016,34841.861999108536
223626,43878.016,44448.63934676754
223627,43878.016,10007.68228882948
223628,43878.016,32299.76289750616
223629,43878.016,22276.04672942517
223630,43878.016,46755.68014579186
223631,43878.016,16375.497261101369
223632,43878.016,52533.94404758558
223633,43878.016,39284.75398424801
223634,43878.016,22209.05656122495
223635,43878.016,24984.74495854023
223636,43878.016,38242.784626611145
223637,43878.016,44705.76491231662
223638,43878.016,61765.58391048807
223639,43878.016,68444.453297035
223640,43878.016,13548.081083870838
223641,43878.016,52159.41406921694
223642,43878.016,8501.62661116646
223643,43878.016,49011.67528576199
223644,43878.016,70556.4779952212
223645,43878.016,64619.017142870835
223646,43878.016,67846.06902236505
223647,43878.016,39974.944001767166
223648,43878.016,10477.648586870064
223649,43878.016,51312.74913385855
223650,43878.016,33997.45154027329
223651,43878.016,67761.30711146693
223652,43878.016,37509.46361481421
223653,43878.016,13526.228349384732
223654,43878.016,39449.35440725679
223655,43878.016,40746.745447589696
223656,43878.016,56831.35917370794
223657,43878.016,10136.696644955115
223658,43878.016,39937.501503244705
223659,43878.016,45221.53934168056
223660,43878.016,40387.3249684227
223661,43878.016,62868.23987024753
223662,43878.016,21617.799795326202
223663,43878.016,10745.017348725069
223664,43878.016,30649.7269838497
223665,43878.016,37135.862691649636
223666,43878.016,17907.252144558264
223667,43878.016,54608.070124515885
223668,43878.016,29563.661801995833
223669,43878.016,28192.046008353118
223670,43878.016,31958.169069945965
223671,43878.016,47864.84745152599
223672,43878.016,16829.050878393253
223673,43878.016,46479.47859041652
223674,43878.016,54921.57548443001
223675,43878.016,74969.69739771319
223676,43878.016,17461.76368523034
223677,43878.016,18302.430203146545
223678,43878.016,4421.802986571189
223679,43878.016,62687.24357254823
223680,43878.016,14671.60582156988
223681,43878.016,19251.751294244965
223682,43878.016,18052.60055836821
223683,43878.016,39931.76250515166
223684,43878.016,13793.69240349526
223685,43878.016,51076.1122498729
223686,43878.016,17069.661744448073
223687,43878.016,14024.426145235218
223688,43878.016,16422.381267101056
223689,43878.016,7859.116145870992
223690,43878.016,53942.835193714
223691,43878.016,57576.25806238525
223692,43878.016,16759.323665279884
223693,43878.016,24267.960206556716
223694,43878.016,10799.803391004914
223695,43878.016,34459.51761539921
223696,43878.016,27218.727198708457
223697,43878.016,42682.41724227452
223698,43878.016,28715.35599827123
223699,43878.016,29255.345289913686
223700,43878.016,61938.978242255325
223701,43878.016,49269.33969416712
223702,43878.016,32147.67749969591
223703,43878.016,24563.80499861025
223704,43878.016,30834.624112273505
223705,43878.016,31247.695543805363
223706,43878.016,4523.3034110679255
223707,43878.016,12269.133726533359
223708,43878.016,49328.51799205083
223709,43878.016,9277.659591531165
223710,43878.016,43668.44626335136
223711,43878.016,20204.47738715468
223712,43878.016,10804.249038923037
223713,43878.016,49599.22222938082
223714,43878.016,58809.789242485356
223715,43878.016,26702.52459567002
223716,43878.016,33368.57920068323
223717,43878.016,50494.49951922603
223718,43878.016,18158.09325756349
223719,43878.016,17821.64628486248
223720,43878.016,47158.97672923602
223721,43878.016,33610.94247263666
223722,43878.016,33795.36035688929
223723,43878.016,25051.174386892355
223724,43878.016,67135.09765192588
223725,43878.016,37385.72091676299
223726,43878.016,22801.71635283686
223727,43878.016,17900.060378279188
223728,43878.016,31311.79238010138
223729,43878.016,12411.27963478865
223730,43878.016,38469.2502917348
223731,43878.016,29182.339991546753
223732,43878.016,41972.200999303095
223733,43878.016,59238.9072404269
223734,43878.016,76232.31049841185
223735,43878.016,60727.23242996098
223736,43878.016,17537.787378866535
223737,43878.016,56861.46113270465
223738,43878.016,12562.345039555996
223739,43878.016,24932.274601861554
223740,43878.016,26596.38214069577
223741,43878.016,50532.04374009659
223742,43878.016,50519.03400474961
223743,43878.016,45975.47648969083
223744,43878.016,42471.44886596722
223745,43878.016,9814.029656600578
223746,43878.016,13265.898405134945
223747,43878.016,24643.04485253061
223748,43878.016,16348.342805326065
223749,43878.016,23660.32642946664
223750,43878.016,17717.429380445326
223751,43878.016,44005.35782545436
223752,43878.016,13051.978800952069
223753,43878.016,18534.959604813583
223754,43878.016,47938.33431155679
223755,43878.016,7758.719879121222
223756,43878.016,67659.7425059056
223757,43878.016,23947.34611101662
223758,43878.016,34243.57851835089
223759,43878.016,22307.707744783835
223760,43878.016,15879.416873638651
223761,43878.016,19102.47392194109
223762,43878.016,18775.275923474488
223763,43878.016,26336.433643608438
223764,43878.016,46390.59101563439
223765,43878.016,25200.1756626573
223766,43878.016,22818.60248246251
223767,43878.016,48248.69678661693
223768,43878.016,44712.49326794832
223769,43878.016,12114.016242414204
223770,43878.016,33662.62626834306
223771,43878.016,43809.157543963374
223772,43878.016,50664.94461063388
223773,43878.016,20437.00751505582
223774,43878.016,6749.5629696177975
223775,43878.016,32462.685185620332
223776,43878.016,51223.48216395878
223777,43878.016,60065.522581051104
223778,43878.016,10449.562985089755
223779,43878.016,26378.970120396185
223780,43878.016,47240.44613548892
223781,43878.016,54138.192081420304
223782,43878.016,21084.10763545975
223783,43878.016,20850.79463012247
223784,43878.016,27467.27765847765
223785,43878.016,13204.564665397325
223786,43878.016,17535.904727350106
223787,43878.016,11691.271388459689
223788,43878.016,10549.382631047501
223789,43878.016,18947.31026948945
223790,43878.016,57126.88241239465
223791,43878.016,40806.99299034955
223792,43878.016,12020.045243035387
223793,43878.016,8962.02578403118
223794,43878.016,9965.411143369125
223795,43878.016,43118.46272096788
223796,43878.016,42240.11725160836
223797,43878.016,39219.91807834506
223798,43878.016,10239.435823405449
223799,43878.016,57670.406930343896
223800,43878.016,51210.7919529532
223801,43878.016,16422.673375585327
223802,43878.016,44925.712733518776
223803,43878.016,31975.04523023643
223804,43878.016,13476.433651348349
223805,43878.016,46708.67561183734
223806,43878.016,19556.03760522317
223807,43878.016,29659.285509909332
223808,43878.016,24060.17350632681
223809,43878.016,8734.85206688304
223810,43878.016,7409.6516569750265
223811,43878.016,15674.672510814293
223812,43878.016,28885.320730826978
223813,43878.016,37617.02602367555
223814,43878.016,66683.99088014636
223815,43878.016,8204.981509968986
223816,43878.016,18250.46298583893
223817,43878.016,70536.38277478152
223818,43878.016,51833.88992618672
223819,43878.016,20548.567042422772
223820,43878.016,35601.25465625742
223821,43878.016,10974.490406766403
223822,43878.016,43026.9793807111
223823,43878.016,47870.94352269628
223824,43878.016,64063.57797842211
223825,43878.016,52715.92130316401
223826,43878.016,48235.59555315645
223827,43878.016,37323.858566388364
223828,43878.016,43576.22031633115
223829,43878.016,9366.05099466093
223830,43878.016,9115.054683632005
223831,43878.016,10810.073192477877
223832,43878.016,16220.046325096533
223833,43878.016,43825.65105873607
223834,43878.016,12055.598406683019
223835,43878.016,59350.48198209932
223836,43878.016,4843.234371986547
223837,43878.016,7688.968778509474
223838,43878.016,42630.53115758522
223839,43878.016,34234.11796458655
223840,43878.016,48468.4157929365
223841,43878.016,14113.388984080228
223842,43878.016,18852.037199878047
223843,43878.016,45747.958179064175
223844,43878.016,13615.97556795197
223845,43878.016,30074.919566309458
223846,43878.016,44608.231759004346
223847,43878.016,46321.67530736124
223848,43878.016,5942.322315953044
223849,43878.016,70021.52690717914
223850,43878.016,13726.434655888668
223851,43878.016,34663.00983902518
223852,43878.016,86321.85439429272
223853,43878.016,50252.4592156426
223854,43878.016,35853.57892532258
223855,43878.016,47760.70759331046
223856,43878.016,53026.8150411008
223857,43878.016,43912.96248625681
223858,43878.016,70937.97184827938
223859,43878.016,6512.905323890238
223860,43878.016,74019.676732293
223861,43878.016,24809.115076834223
223862,43878.016,21729.327090456747
223863,43878.016,19525.509906220617
223864,43878.016,30832.585259426472
223865,43878.016,32637.497621631006
223866,43878.016,55315.858858798485
223867,43878.016,32991.54002147798
223868,43878.016,7590.6244579218355
223869,43878.016,41518.73102508217
223870,43878.016,60744.39554014604
223871,43878.016,11854.69299213475
223872,43878.016,19792.701392989544
223873,43878.016,71191.78212695138
223874,43878.016,32811.982877287315
223875,43878.016,51245.831963378325
223876,43878.016,64800.65639111596
223877,43878.016,16545.047598584926
223878,43878.016,19853.177211997798
223879,43878.016,16797.013749552792
223880,43878.016,12139.111792207274
223881,43878.016,14601.194966586978
223882,43878.016,44851.48108859406
223883,43878.016,7988.096636989136
223884,43878.016,23091.83077526064
223885,43878.016,10809.54405839841
223886,43878.016,21334.24105879805
223887,43878.016,41199.68381978239
223888,43878.016,8117.89303340056
223889,43878.016,7923.33009670431
223890,43878.016,12256.501896670838
223891,43878.016,48096.564254291494
223892,43878.016,47254.60338201292
223893,43878.016,40640.93206571051
223894,43878.016,15250.026551050645
223895,43878.016,6029.749311863607
223896,43878.016,22802.641341955914
223897,43878.016,47693.03638951681
223898,43878.016,41188.2071780975
223899,43878.016,46904.80530328562
223900,43878.016,37699.527158529505
223901,43878.016,47441.854332220566
223902,43878.016,29349.876950437912
223903,43878.016,60216.01092808901
223904,43878.016,52764.53120427051
223905,43878.016,46244.03724883545
223906,43878.016,40805.24249813482
223907,43878.016,36473.61670112221
223908,43878.016,50690.78791604066
223909,43878.016,33533.759733455576
223910,43878.016,53040.097455318035
223911,43878.016,6953.446479003807
223912,43878.016,6423.688053565503
223913,43878.016,45308.88503996773
223914,43878.016,40771.00420025989
223915,43878.016,63235.438449488116
223916,43878.016,44125.56805634908
223917,43878.016,13896.56491646844
223918,43878.016,47789.86524208476
223919,43878.016,25017.066166093162
223920,43878.016,30044.842768508006
223921,43878.016,57624.72923348034
223922,43878.016,9224.529117281714
223923,43878.016,14306.915754212974
223924,43878.016,40612.88468295244
223925,43878.016,50644.29427715833
223926,43878.016,31987.701960075075
223927,43878.016,22538.869487585613
223928,43878.016,20603.409263772155
223929,43878.016,46955.25330529396
223930,43878.016,58743.22540685959
223931,43878.016,33595.76457188957
223932,43878.016,33049.07797653292
223933,43878.016,29394.635528631174
223934,43878.016,47634.90543947657
223935,43878.016,61833.2562673334
223936,43878.016,42643.4637506968
223937,43878.016,49983.65188994181
223938,43878.016,32055.178035207027
223939,43878.016,14191.675734977676
223940,43878.016,36957.190321456495
223941,43878.016,35168.01216125072
223942,43878.016,27541.95767788639
223943,43878.016,57356.303599179795
223944,43878.016,17031.265084721716
223945,43878.016,15051.240887494927
223946,43878.016,47203.93003312237
223947,43878.016,20459.807079876995
223948,43878.016,24230.081235232297
223949,43878.016,36398.51845944395
223950,43878.016,17114.935902458714
223951,43878.016,30835.38816254181
223952,43878.016,16892.33696321345
223953,43878.016,21538.022294642953
223954,43878.016,20998.829598551605
223955,43878.016,44173.29762123248
223956,43878.016,53791.580759175704
223957,43878.016,21661.980995618916
223958,43878.016,20819.748892380667
223959,43878.016,35259.37830147035
223960,43878.016,27338.739430441965
223961,43878.016,61271.12257305474
223962,43878.016,66956.81169209501
223963,43878.016,61141.69786572373
223964,43878.016,12328.361552817734
223965,43878.016,32719.591647351615
223966,43878.016,41614.60981154229
223967,43878.016,47003.80606037518
223968,43878.016,40301.11281929932
223969,43878.016,52165.87433766044
223970,43878.016,19660.711778121986
223971,43878.016,28527.878213915916
223972,43878.016,33816.9569257837
223973,43878.016,9007.790505693527
223974,43878.016,13776.747222180587
223975,43878.016,37862.26808523128
223976,43878.016,34158.62501749526
223977,43878.016,18574.933116612523
223978,43878.016,58319.70501589391
223979,43878.016,19146.91570918703
223980,43878.016,64268.50787054521
223981,43878.016,35240.42651083502
223982,43878.016,55346.30815021914
223983,43878.016,41435.42403564038
223984,43878.016,44584.77357471199
223985,43878.016,25912.964238814242
223986,43878.016,55020.392198677895
223987,43878.016,54063.43423063117
223988,43878.016,33277.780221806606
223989,43878.016,9457.611137712522
223990,43878.016,36890.270258051176
223991,43878.016,54528.31320284818
223992,43878.016,24375.276603100676
223993,43878.016,33372.038900823645
223994,43878.016,10636.071326031235
223995,43878.016,55725.89588473004
223996,43878.016,12056.884121973759
223997,43878.016,16931.884871704096
223998,43878.016,12405.990550220642
223999,43878.016,7768.93849884743
224000,43878.016,19651.86214714337
224001,43878.016,51045.1648273148
224002,43878.016,37375.37872888601
224003,43878.016,47010.86967699827
224004,43878.016,66932.5816747958
224005,43878.016,34187.27916689303
224006,43878.016,62034.48883839894
224007,43878.016,28797.720078842718
224008,43878.016,49731.233488519865
224009,43878.016,40014.63765681884
224010,43878.016,12104.76941395117
224011,43878.016,50942.94316208985
224012,43878.016,78963.23701835562
224013,43878.016,30022.046904987594
224014,43878.016,21626.439592969626
224015,43878.016,16333.56346481546
224016,43878.016,33413.58302791546
224017,43878.016,28766.3837006868
224018,43878.016,29616.975724371117
224019,43878.016,49267.7406032312
224020,43878.016,24803.181275216168
224021,43878.016,17769.403997879726
224022,43878.016,33249.821662297916
224023,43878.016,33327.76072134494
224024,43878.016,51234.03723107867
224025,43878.016,54664.86457737517
224026,43878.016,33860.66376326586
224027,43878.016,44063.12695720872
224028,43878.016,43288.3803183906
224029,43878.016,52501.99742479286
224030,43878.016,56955.92751835405
224031,43878.016,46660.542966287394
224032,43878.016,16157.037167667084
224033,43878.016,21268.099701878728
224034,43878.016,57000.93345209112
224035,43878.016,46755.996377069816
224036,43878.016,19608.639960099277
224037,43878.016,42885.82598222625
224038,43878.016,54864.93091501761
224039,43878.016,59113.25796026731
224040,43878.016,7327.345733706652
224041,43878.016,25327.64367071668
224042,43878.016,40602.008901415975
224043,43878.016,51755.11109282402
224044,43878.016,15923.546320000632
224045,43878.016,41216.4886205461
224046,43878.016,61965.833772250495
224047,43878.016,25255.592881599845
224048,43878.016,7998.77514383141
224049,43878.016,17998.27223546015
224050,43878.016,99564.23619836371
224051,43878.016,17750.490074662703
224052,43878.016,26378.79252037472
224053,43878.016,14808.892409124668
224054,43878.016,53421.00461973012
224055,43878.016,21086.465095844404
224056,43878.016,40448.70236285898
224057,43878.016,52089.64777634372
224058,43878.016,10635.809792914311
224059,43878.016,58532.37059686741
224060,43878.016,51930.80352880931
224061,43878.016,49387.75175056287
224062,43878.016,42034.55487979156
224063,43878.016,22062.45775159154
224064,43878.016,9607.203424544885
224065,43878.016,30409.592057406786
224066,43878.016,58302.8551549004
224067,43878.016,111468.18714089777
224068,43878.016,13437.599207323075
224069,43878.016,38603.44914617095
224070,43878.016,23505.799983075256
224071,43878.016,26505.867725592383
224072,43878.016,9072.374531553958
224073,43878.016,58069.11668896295
224074,43878.016,16662.234450399003
224075,43878.016,47151.51289257465
224076,43878.016,57354.13493680801
224077,43878.016,59788.565139518505
224078,43878.016,29527.560697328954
224079,43878.016,46900.577586650485
224080,43878.016,45195.776455578176
224081,43878.016,11350.387036562228
224082,43878.016,76817.1428934425
224083,43878.016,54656.07863634165
224084,43878.016,31637.32699642849
224085,43878.016,33455.5980339414
224086,43878.016,28894.232975850282
224087,43878.016,15182.13001277906
224088,43878.016,10860.528043578684
224089,43878.016,17009.08422568349
224090,43878.016,51580.45674890351
224091,43878.016,19452.988088331254
224092,43878.016,22142.95763201466
224093,43878.016,12656.827975278391
224094,43878.016,61280.73341615303
224095,43878.016,63658.34241423613
224096,43878.016,37753.31868144158
224097,43878.016,17755.158974587528
224098,43878.016,46400.89719501963
224099,43878.016,14712.039015190734
224100,43878.016,51530.23129383114
224101,43878.016,70696.58487525962
224102,43878.016,48929.99665405663
224103,43878.016,44626.791249854476
224104,43878.016,34893.58929768827
224105,43878.016,20546.3451741086
224106,43878.016,22903.946848038682
224107,43878.016,73061.26510343254
224108,43878.016,44516.806640762865
224109,43878.016,31469.534887076272
224110,43878.016,62776.57368778802
224111,43878.016,61952.24566619774
224112,43878.016,21924.224202023383
224113,43878.016,34654.716335572906
224114,43878.016,58386.25674148006
224115,43878.016,20131.43231731997
224116,43878.016,12846.953758768783
224117,43878.016,20714.37535794805
224118,43878.016,32971.4504120275
224119,43878.016,62077.47375051119
224120,43878.016,36098.03411847469
224121,43878.016,44026.38210710921
224122,43878.016,59447.284379399054
224123,43878.016,11565.284815619623
224124,43878.016,13667.089989379658
224125,43878.016,19957.360068327405
224126,43878.016,13193.464949412706
224127,43878.016,34410.36738145515
224128,43878.016,62329.25940612632
224129,43878.016,19545.094499509854
224130,43878.016,54514.95372484636
224131,43878.016,3096.5717240419613
224132,43878.016,69136.94969841398
224133,43878.016,22352.534683227255
224134,43878.016,47318.976828906925
224135,43878.016,7439.649126184899
224136,43878.016,20313.36584161104
224137,43878.016,63221.21984366382
224138,43878.016,48718.246887092355
224139,43878.016,71435.66687523296
224140,43878.016,50543.09285507481
224141,43878.016,60458.772776660386
224142,43878.016,47586.018246918036
224143,43878.016,56882.1722903807
224144,43878.016,21162.997584547997
224145,43878.016,37966.458305513544
224146,43878.016,46065.2360149703
224147,43878.016,61037.885348848205
224148,43878.016,58423.02990323743
224149,43878.016,12466.998943249846
224150,43878.016,72337.46257790395
224151,43878.016,34642.53942522909
224152,43878.016,21984.32710246099
224153,43878.016,25300.83568745683
224154,43878.016,108564.64376889006
224155,43878.016,39537.75469240582
224156,43878.016,24267.895942428262
224157,43878.016,60295.149586131745
224158,43878.016,24977.463024924295
224159,43878.016,49810.13390473529
224160,43878.016,23686.706586573644
224161,43878.016,47099.117244182715
224162,43878.016,31898.552125496917
224163,43878.016,56177.35228669773
224164,43878.016,45999.9284999987
224165,43878.016,37281.05205905297
224166,43878.016,51757.14838394116
224167,43878.016,38543.449661226216
224168,43878.016,14901.815290097356
224169,43878.016,27019.537026808073
224170,43878.016,49085.72504106466
224171,43878.016,48171.38145926983
224172,43878.016,59190.31819500529
224173,43878.016,58984.91505710445
224174,43878.016,47829.85193083701
224175,43878.016,20797.29081835346
224176,43878.016,68152.48567912419
224177,43878.016,15039.41604387492
224178,43878.016,32353.695157443493
224179,43878.016,28301.431041114287
224180,43878.016,11340.065516339666
224181,43878.016,14235.95764358287
224182,43878.016,30717.532358250533
224183,43878.016,42481.726918728724
224184,43878.016,36758.13468717989
224185,43878.016,11897.715247153788
224186,43878.016,29280.421042763835
224187,43878.016,39017.79978881376
224188,43878.016,9965.112192173356
224189,43878.016,23579.76695069888
224190,43878.016,5540.88929052146
224191,43878.016,31848.397370251092
224192,43878.016,32827.17413301314
224193,43878.016,7543.9093443422125
224194,43878.016,10625.432045719997
224195,43878.016,15915.292303595263
224196,43878.016,42396.127111934795
224197,43878.016,64058.93771673599
224198,43878.016,53550.08579436871
224199,43878.016,12360.499188219172
224200,43878.016,48780.56740835235
224201,43878.016,33638.84908528188
224202,43878.016,15421.902413522006
224203,43878.016,15912.379742705501
224204,43878.016,22946.69318154019
224205,43878.016,71385.63133378596
224206,43878.016,64535.59636934349
224207,43878.016,40341.74006185802
224208,43878.016,43473.83994407411
224209,43878.016,30617.90210452978
224210,43878.016,15362.780822417952
224211,43878.016,37078.29382497287
224212,43878.016,50678.966546728276
224213,43878.016,76363.32447143819
224214,43878.016,59181.639561713535
224215,43878.016,38739.579535258636
224216,43878.016,33036.3883799303
224217,43878.016,40720.002756654925
224218,43878.016,76204.01987584024
224219,43878.016,31915.696352376206
224220,43878.016,19845.631083269862
224221,43878.016,38409.36400445607
224222,43878.016,25488.375253337883
224223,43878.016,37453.42637539984
224224,43878.016,20089.579023355236
224225,43878.016,16089.87441372256
224226,43878.016,54038.11346721069
224227,43878.016,77789.51871138945
224228,43878.016,44044.85391833821
224229,43878.016,20686.874449385417
224230,43878.016,11673.393496172414
224231,43878.016,106633.04904717131
224232,43878.016,5993.882600613223
224233,43878.016,32849.36839581944
224234,43878.016,4742.584394759845
224235,43878.016,30363.846941860724
224236,43878.016,32676.641912250827
224237,43878.016,70483.62941560768
224238,43878.016,40750.92682290662
224239,43878.016,50625.95702044244
224240,43878.016,15659.977263786612
224241,43878.016,71538.34952049842
224242,43878.016,39255.614566005024
224243,43878.016,10029.577042583005
224244,43878.016,46384.3960979571
224245,43878.016,53776.447645631786
224246,43878.016,63191.609598664734
224247,43878.016,21408.800599251088
224248,43878.016,61120.94640217298
224249,43878.016,7217.566169446241
224250,43878.016,34782.02091317918
224251,43878.016,37202.509547587746
224252,43878.016,30389.980158032093
224253,43878.016,36033.22195241393
224254,43878.016,49533.46028561535
224255,43878.016,10400.72246557017
224256,43878.016,29104.689574706063
224257,43878.016,30042.506085082365
224258,43878.016,33196.81660635684
224259,43878.016,8043.161495891364
224260,43878.016,39309.15076480657
224261,43878.016,60353.10650405024
224262,43878.016,65840.0181957459
224263,43878.016,78124.86960077938
224264,43878.016,27125.948863711394
224265,43878.016,12425.428274859285
224266,43878.016,37018.535094581806
224267,43878.016,9540.087788152214
224268,43878.016,28973.31671779732
224269,43878.016,15406.193102261032
224270,43878.016,44603.16984872623
224271,43878.016,26043.048579578648
224272,43878.016,9997.662998232101
224273,43878.016,14458.372290571504
224274,43878.016,68976.20466726992
224275,43878.016,20175.307499029
224276,43878.016,46911.41530537853
224277,43878.016,39414.71430194289
224278,43878.016,14611.567097014959
224279,43878.016,18521.039378778056
224280,43878.016,54921.432929992174
224281,43878.016,30324.787855363124
224282,43878.016,53960.47855407674
224283,43878.016,51413.20777481842
224284,43878.016,12868.226635754363
224285,43878.016,33069.41361080569
224286,43878.016,54188.69261864373
224287,43878.016,33170.28565060931
224288,43878.016,15377.471496183485
224289,43878.016,43628.53327009869
224290,43878.016,14228.411158079592
224291,43878.016,31927.704790112613
224292,43878.016,7403.805037668896
224293,43878.016,45208.88147410792
224294,43878.016,57688.90892240797
224295,43878.016,34737.064680795826
224296,43878.016,58073.677738276696
224297,43878.016,29606.578786900754
224298,43878.016,4879.372169689959
224299,43878.016,26051.50294190224
224300,43878.016,20350.866677060847
224301,43878.016,21358.264760836126
224302,43878.016,52299.58543902503
224303,43878.016,31152.212280087384
224304,43878.016,36883.6257682055
224305,43878.016,34158.80024229526
224306,43878.016,40844.46436361527
224307,43878.016,20513.844249029542
224308,43878.016,14732.990371464324
224309,43878.016,53639.0662149697
224310,43878.016,42364.17176350758
224311,43878.016,27307.0016375021
224312,43878.016,37552.918822231324
224313,43878.016,52171.846816954516
224314,43878.016,23772.851299988877
224315,43878.016,27328.079831661864
224316,43878.016,29912.52928203143
224317,43878.016,15215.110001394614
224318,43878.016,45411.50022372852
224319,43878.016,57223.93887076247
224320,43878.016,41675.893590831496
224321,43878.016,25732.95729811141
224322,43878.016,39674.96988653428
224323,43878.016,58183.61836464667
224324,43878.016,41743.88090113137
224325,43878.016,31000.44362998826
224326,43878.016,34674.534545406575
224327,43878.016,13224.422016631512
224328,43878.016,27392.198873459445
224329,43878.016,38505.241466934065
224330,43878.016,21484.329985337357
224331,43878.016,59981.16505114985
224332,43878.016,26125.712064475967
224333,43878.016,47742.633375836296
224334,43878.016,11793.103992292854
224335,43878.016,12663.953055443528
224336,43878.016,39726.796297025314
224337,43878.016,49701.874688734155
224338,43878.016,46405.97900354193
224339,43878.016,11206.868527677621
224340,43878.016,21336.94411305419
224341,43878.016,21614.082478640223
224342,43878.016,42848.35750559415
224343,43878.016,13956.999485011036
224344,43878.016,24635.065109916017
224345,43878.016,35249.53568247104
224346,43878.016,13842.918091319218
224347,43878.016,46299.9460078964
224348,43878.016,26150.04574643113
224349,43878.016,59689.533166802605
224350,43878.016,18676.673575883455
224351,43878.016,35802.97191255254
224352,43878.016,18575.953059038507
224353,43878.016,44630.6219549712
224354,43878.016,42127.099677983104
224355,43878.016,23389.226421773517
224356,43878.016,65446.95858797555
224357,43878.016,41655.85156416964
224358,43878.016,62249.8808524361
224359,43878.016,53486.58256544241
224360,43878.016,27635.505781116957
224361,43878.016,24877.170172437185
224362,43878.016,23216.68251796286
224363,43878.016,49082.61549326289
224364,43878.016,31523.539165037604
224365,43878.016,9759.935955488592
224366,43878.016,50770.52825927819
224367,43878.016,27801.581837258214
224368,43878.016,32572.868966315727
224369,43878.016,44106.590755967845
224370,43878.016,31199.08669674606
224371,43878.016,36584.77596883604
224372,43878.016,21756.8489274522
224373,43878.016,61989.555848519136
224374,43878.016,59878.06483596719
224375,43878.016,28953.3527751363
224376,43878.016,6799.022257104398
224377,43878.016,16354.908464906153
224378,43878.016,68888.32823726039
224379,43878.016,64541.15263136101
224380,43878.016,25420.272147999145
224381,43878.016,39310.27818880297
224382,43878.016,61084.55321713864
224383,43878.016,5329.300422002206
224384,43878.016,23364.28529867288
224385,43878.016,29762.197395666128
224386,43878.016,14132.61739486504
224387,43878.016,5745.334987678602
224388,43878.016,69785.97014571993
224389,43878.016,12740.074919608172
224390,43878.016,16128.47263891442
224391,43878.016,74350.14847888712
224392,43878.016,30711.762992319684
224393,43878.016,10184.186760780449
224394,43878.016,15621.79359982747
224395,43878.016,52322.55550378324
224396,43878.016,21171.6660058992
224397,43878.016,51284.42283714254
224398,43878.016,20585.31292221868
224399,43878.016,31003.354698851126
224400,43878.016,11459.695998241074
224401,43878.016,16806.643628398255
224402,43878.016,39455.29331827271
224403,43878.016,65817.60379470297
224404,43878.016,26801.11951577255
224405,43878.016,50403.904748925605
224406,43878.016,14768.204934617645
224407,43878.016,63333.90582578636
224408,43878.016,58877.4509439918
224409,43878.016,25094.44059976597
224410,43878.016,34805.210168250786
224411,43878.016,28361.331646654944
224412,43878.016,47893.468099705
224413,43878.016,13219.907740898163
224414,43878.016,52542.88174831235
224415,43878.016,27359.7781414212
224416,43878.016,34308.77514344723
224417,43878.016,21278.487874162336
224418,43878.016,9132.854476366745
224419,43878.016,59330.98274152509
224420,43878.016,53821.05045826064
224421,43878.016,14273.391459751563
224422,43878.016,23968.00975198722
224423,43878.016,25210.824396258497
224424,43878.016,49698.58055791497
224425,43878.016,19664.073248027977
224426,43878.016,52656.309097923
224427,43878.016,59906.25924125732
224428,43878.016,16814.46561565165
224429,43878.016,51076.215665395146
224430,43878.016,30290.37903272798
224431,43878.016,10977.776634972697
224432,43878.016,46409.771679237645
224433,43878.016,60414.722297554865
224434,43878.016,46359.12311922499
224435,43878.016,69736.03642673779
224436,43878.016,13335.924712725619
224437,43878.016,50936.412508722664
224438,43878.016,53998.38113329498
224439,43878.016,14595.136916134878
224440,43878.016,39894.941584398744
224441,43878.016,12712.280886225288
224442,43878.016,46478.17135979528
224443,43878.016,38099.30762694176
224444,43878.016,12423.492266577916
224445,43878.016,53651.36631500012
224446,43878.016,13033.867190177116
224447,43878.016,23789.805636667294
224448,43878.016,18966.591039401184
224449,43878.016,15194.679406544325
224450,43878.016,7308.573036610949
224451,43878.016,16693.832476516454
224452,43878.016,23068.622376299496
224453,43878.016,19717.42195443144
224454,43878.016,30624.8871693254
224455,43878.016,41884.12079642845
224456,43878.016,56407.823898425
224457,43878.016,8975.527295096334
224458,43878.016,58187.5662671002
224459,43878.016,26758.686349233543
224460,43878.016,32497.619563302396
224461,43878.016,25290.17976109519
224462,43878.016,22588.06219819444
224463,43878.016,55985.668941028016
224464,43878.016,20360.73851127392
224465,43878.016,44161.56385064492
224466,43878.016,20672.73098632982
224467,43878.016,35941.807939552025
224468,43878.016,24692.59014390493
224469,43878.016,50678.389017005335
224470,43878.016,55072.34099316462
224471,43878.016,34113.38337445456
224472,43878.016,21577.583334586732
224473,43878.016,28916.500428981366
224474,43878.016,14046.889370905252
224475,43878.016,13598.20013344534
224476,43878.016,8609.868976683862
224477,43878.016,15924.383880724157
224478,43878.016,10251.25895210625
224479,43878.016,15284.720650282121
224480,43878.016,28167.936370473257
224481,43878.016,19495.137369433134
224482,43878.016,21719.474074727485
224483,43878.016,16513.435912686706
224484,43878.016,10344.005399817761
224485,43878.016,63919.10792195003
224486,43878.016,78608.61275942577
224487,43878.016,74143.1802162007
224488,43878.016,45270.551671658846
224489,43878.016,43882.511678693794
224490,43878.016,21080.899622762015
224491,43878.016,22139.70749877491
224492,43878.016,19470.699713144037
224493,43878.016,59842.850639854754
224494,43878.016,54956.40535964774
224495,43878.016,10826.479488454232
224496,43878.016,53187.92421045913
224497,43878.016,9416.192760376973
224498,43878.016,44175.07375737171
224499,43878.016,4418.630188007283
224500,43878.016,23851.004440389275
224501,43878.016,11951.89645886547
224502,43878.016,12911.691792881842
224503,43878.016,48519.82369848582
224504,43878.016,16811.06310353425
224505,43878.016,39291.60668047067
224506,43878.016,19363.558730406126
224507,43878.016,58037.36088782214
224508,43878.016,33924.54451429308
224509,43878.016,40446.64637279342
224510,43878.016,33127.62010277738
224511,43878.016,50874.595767365754
224512,43878.016,9414.998688039934
224513,43878.016,21272.147963182077
224514,43878.016,14397.900924481095
224515,43878.016,36651.54385896257
224516,43878.016,21400.379584827366
224517,43878.016,13312.687703726111
224518,43878.016,29811.526516286507
224519,43878.016,9497.479912700031
224520,43878.016,61229.28524653999
224521,43878.016,80991.98650285382
224522,43878.016,18900.599166080294
224523,43878.016,7721.919034802423
224524,43878.016,55638.21888907458
224525,43878.016,12142.972763599115
224526,43878.016,24011.694564690504
224527,43878.016,39238.280879625294
224528,43878.016,32024.061473310256
224529,43878.016,53269.55240418361
224530,43878.016,10777.474056270563
224531,43878.016,50527.8055604398
224532,43878.016,34905.69267720094
224533,43878.016,39319.98456403562
224534,43878.016,10207.109190168272
224535,43878.016,61577.94589150508
224536,43878.016,56726.64030401171
224537,43878.016,15113.469952409281
224538,43878.016,37058.26222391244
224539,43878.016,60373.40592721191
224540,43878.016,28175.915352972075
224541,43878.016,51368.095166911495
224542,43878.016,42740.70994346577
224543,43878.016,47006.87950250896
224544,43878.016,27795.767116932187
224545,43878.016,60350.51697299703
224546,43878.016,47861.20277907495
224547,43878.016,13104.097126907629
224548,43878.016,43947.65703784575
224549,43878.016,8285.31645027692
224550,43878.016,50302.3256861831
224551,43878.016,49680.642405934144
224552,43878.016,33183.65734139145
224553,43878.016,36953.13647736212
224554,43878.016,16512.74009122082
224555,43878.016,45235.76019868982
224556,43878.016,51609.86979506249
224557,43878.016,40104.6753696925
224558,43878.016,38535.70099186366
224559,43878.016,49849.10745816648
224560,43878.016,19397.283438580118
224561,43878.016,71068.87065352954
224562,43878.016,56750.82016544973
224563,43878.016,65247.12834382815
224564,43878.016,37153.75037812006
224565,43878.016,49047.49932451293
224566,43878.016,33225.78176464536
224567,43878.016,31842.07045150986
224568,43878.016,38048.123264742615
224569,43878.016,40373.32529838743
224570,43878.016,29675.000547153668
224571,43878.016,72999.7765450935
224572,43878.016,23277.03069619455
224573,43878.016,10600.961207912804
224574,43878.016,42956.53837589336
224575,43878.016,26553.001735085265
224576,43878.016,49296.22948970347
224577,43878.016,21992.79173118706
224578,43878.016,19421.067849139145
224579,43878.016,48910.33956007105
224580,43878.016,54623.852977146904
224581,43878.016,30654.64450423297
224582,43878.016,30966.939798056887
224583,43878.016,11586.405015182125
224584,43878.016,47685.76280705143
224585,43878.016,37316.499615616674
224586,43878.016,68604.27569393993
224587,43878.016,11568.732773123033
224588,43878.016,11811.886268773182
224589,43878.016,27509.060693940653
224590,43878.016,18223.962362567305
224591,43878.016,10475.424970242157
224592,43878.016,18375.051159429542
224593,43878.016,21678.62445674141
224594,43878.016,26196.54113982446
224595,43878.016,28480.38857417015
224596,43878.016,7132.764693291233
224597,43878.016,46727.023350619645
224598,43878.016,50084.32451951008
224599,43878.016,7230.361611475616
224600,43878.016,14466.734949982612
224601,43878.016,17519.24503088201
224602,43878.016,18855.295966836104
224603,43878.016,17358.962039982805
224604,43878.016,20391.73340044098
224605,43878.016,20799.578319420423
224606,43878.016,38269.28092051336
224607,43878.016,28417.626020696625
224608,43878.016,20810.18267608692
224609,43878.016,31714.687045980656
224610,43878.016,10384.149719965279
224611,43878.016,36818.58508375147
224612,43878.016,47662.798955611164
224613,43878.016,31141.63846025973
224614,43878.016,49172.030764415846
224615,43878.016,26653.015593579377
224616,43878.016,23592.609514483287
224617,43878.016,10268.1178852105
224618,43878.016,15691.381230501458
224619,43878.016,31620.42712877029
224620,43878.016,17922.543628475632
224621,43878.016,17210.52677461586
224622,43878.016,13261.788748980573
224623,43878.016,38585.657587452675
224624,43878.016,51231.328074181794
224625,43878.016,52061.16255048837
224626,43878.016,24026.499663000493
224627,43878.016,80441.33801133766
224628,43878.016,12133.993203449963
224629,43878.016,46346.54907357874
224630,43878.016,51810.55624584006
224631,43878.016,32343.732691911606
224632,43878.016,74669.4398478266
224633,43878.016,15203.69972970744
224634,43878.016,52871.26232734057
224635,43878.016,31148.44718674768
224636,43878.016,35666.893776083736
224637,43878.016,45329.91578822151
224638,43878.016,36460.835837646904
224639,43878.016,11552.777423923235
224640,43878.016,29106.577558864672
224641,43878.016,39683.86193496072
224642,43878.016,28019.86342996109
224643,43878.016,30463.64625477156
224644,43878.016,32594.030926389125
224645,43878.016,27637.717695607236
224646,43878.016,15610.639631707976
224647,43878.016,42420.247626548815
224648,43878.016,84395.07598235099
224649,43878.016,18853.437449521396
224650,43878.016,9647.911857939547
224651,43878.016,33086.46860612223
224652,43878.016,22281.012399256226
224653,43878.016,31687.638662700258
224654,43878.016,38255.168863600054
224655,43878.016,31790.527175049952
224656,43878.016,25766.108581874574
224657,43878.016,25793.374116823634
224658,43878.016,25098.452546882072
224659,43878.016,39953.25167538571
224660,43878.016,67073.44047673706
224661,43878.016,21082.80509579875
224662,43878.016,29834.459596886958
224663,43878.016,50245.12972474046
224664,43878.016,11397.986428879336
224665,43878.016,26191.166409881906
224666,43878.016,4260.008543848876
224667,43878.016,7517.941245856014
224668,43878.016,57437.0301092435
224669,43878.016,23371.53871175512
224670,43878.016,68428.42503976823
224671,43878.016,49846.99008422367
224672,43878.016,28891.11949302694
224673,43878.016,13700.976752204844
224674,43878.016,61275.90469563014
224675,43878.016,45028.43581653944
224676,43878.016,11591.960623161238
224677,43878.016,25853.529919440934
224678,43878.016,26725.942925306907
224679,43878.016,28574.322575545248
224680,43878.016,14293.288830437721
224681,43878.016,33908.03438838859
224682,43878.016,30320.98042488622
224683,43878.016,26019.110499190574
224684,43878.016,9027.325580703375
224685,43878.016,10673.787418533148
224686,43878.016,11893.346772051793
224687,43878.016,12363.79701635392
224688,43878.016,24459.821106365252
224689,43878.016,70897.5093371504
224690,43878.016,41334.9752930648
224691,43878.016,41656.1390474521
224692,43878.016,34617.50826285823
224693,43878.016,50304.39755733317
224694,43878.016,63958.408252124456
224695,43878.016,26334.831894360814
224696,43878.016,45558.2743687
224697,43878.016,15271.283771896142
224698,43878.016,12295.763563840022
224699,43878.016,37303.159628780144
224700,43878.016,41278.10925847413
224701,43878.016,11921.866046618588
224702,43878.016,13787.835245816119
224703,43878.016,29983.82389620319
224704,43878.016,51577.90113685398
224705,43878.016,42377.51238822036
224706,43878.016,15058.81874760238
224707,43878.016,91056.66408873451
224708,43878.016,41336.4095702557
224709,43878.016,26106.74832150712
224710,43878.016,19036.713553647372
224711,43878.016,33784.729652261405
224712,43878.016,17279.971817522284
224713,43878.016,26904.457833397977
224714,43878.016,7492.125246761197
224715,43878.016,36162.3495899358
224716,43878.016,16288.162536176378
224717,43878.016,32861.18566531085
224718,43878.016,25897.119906223088
224719,43878.016,23384.140111495548
224720,43878.016,13982.747337554098
224721,43878.016,21169.824973084287
224722,43878.016,15878.096910545419
224723,43878.016,59110.37498963647
224724,43878.016,22640.00528142465
224725,43878.016,32358.001105065327
224726,43878.016,32897.500156735274
224727,43878.016,30058.366463090886
224728,43878.016,36431.07303381157
224729,43878.016,20467.46339224215
224730,43878.016,52116.67091499723
224731,43878.016,52791.35863539045
224732,43878.016,16924.746409203708
224733,43878.016,17416.288294111713
224734,43878.016,15959.133045117333
224735,43878.016,40201.922264022985
224736,43878.016,29476.7145459761
224737,43878.016,19456.0481237919
224738,43878.016,22999.719153132613
224739,43878.016,25649.715899668958
224740,43878.016,14156.827107496703
224741,43878.016,25754.960953917605
224742,43878.016,39962.34894423066
224743,43878.016,39491.13908774179
224744,43878.016,49955.80572567853
224745,43878.016,11721.060883566888
224746,43878.016,33819.22152018112
224747,43878.016,11744.473800372423
224748,43878.016,24727.394702647543
224749,43878.016,33705.90917267142
224750,43878.016,38220.84725536759
224751,43878.016,50994.69587320644
224752,43878.016,25631.554143880843
224753,43878.016,61786.17557551523
224754,43878.016,14887.5855800964
224755,43878.016,49614.05081347286
224756,43878.016,54556.160701843975
224757,43878.016,14079.629340967549
224758,43878.016,25963.403674198024
224759,43878.016,52959.834634709834
224760,43878.016,16015.85572874025
224761,43878.016,48155.6331875809
224762,43878.016,5402.504851900359
224763,43878.016,45213.858579879794
224764,43878.016,28200.65244098256
224765,43878.016,62461.02942631971
224766,43878.016,26787.396909923937
224767,43878.016,25005.824840226844
224768,43878.016,18104.193319172628
224769,43878.016,5391.201295044403
224770,43878.016,37990.87635108042
224771,43878.016,64723.43045398845
224772,43878.016,13367.299794606832
224773,43878.016,36594.446760733146
224774,43878.016,32903.736657204936
224775,43878.016,61222.08250281203
224776,43878.016,33730.616970852876
224777,43878.016,29639.963735405563
224778,43878.016,45279.97469196962
224779,43878.016,26345.912523755236
224780,43878.016,38522.78372744862
224781,43878.016,19857.17337398057
224782,43878.016,63464.58065306964
224783,43878.016,11227.264438449047
224784,43878.016,62457.41089718474
224785,43878.016,65386.1038486882
224786,43878.016,46506.531681343055
224787,43878.016,8779.33904644245
224788,43878.016,14483.94438182501
224789,43878.016,18369.482665053423
224790,43878.016,30981.628537352404
224791,43878.016,37398.546554302506
224792,43878.016,54565.19105058829
224793,43878.016,8051.858083316159
224794,43878.016,60666.33979154129
224795,43878.016,51095.77730922372
224796,43878.016,29557.01969432826
224797,43878.016,37000.43371849057
224798,43878.016,35658.01566701845
224799,43878.016,16988.839963517818
224800,43878.016,51074.39044965209
224801,43878.016,56231.775339071515
224802,43878.016,35324.69327036004
224803,43878.016,69976.27557896447
224804,43878.016,27024.210241663903
224805,43878.016,27191.860051779426
224806,43878.016,62907.988635807305
224807,43878.016,57224.1667226705
224808,43878.016,16214.008918955067
224809,43878.016,68763.20695414457
224810,43878.016,56075.80832491603
224811,43878.016,58784.94464187897
224812,43878.016,67626.93853949785
224813,43878.016,39603.7804179393
224814,43878.016,42767.68650015786
224815,43878.016,64371.57766484404
224816,43878.016,45217.56589998551
224817,43878.016,43221.39898600825
224818,43878.016,15486.435491670833
224819,43878.016,12683.926113049809
224820,43878.016,18273.18347500288
224821,43878.016,51464.37711503733
224822,43878.016,30967.638063484854
224823,43878.016,22861.368846019923
224824,43878.016,31079.527328660843
224825,43878.016,22763.98320653798
224826,43878.016,15296.937801254926
224827,43878.016,33479.96880213581
224828,43878.016,36695.01333864862
224829,43878.016,3816.315507734505
224830,43878.016,68386.77937388896
224831,43878.016,14651.906100499045
224832,43878.016,18920.348825407367
224833,43878.016,38694.749144559355
224834,43878.016,5217.154164884539
224835,43878.016,65327.78847243667
224836,43878.016,20271.437686104797
224837,43878.016,71998.81738173826
224838,43878.016,13354.810274816346
224839,43878.016,45615.04966638997
224840,43878.016,14708.444935268273
224841,43878.016,79175.2571228275
224842,43878.016,60045.425221447615
224843,43878.016,46301.84381002085
224844,43878.016,41939.27293839682
224845,43878.016,37750.87325292295
224846,43878.016,49702.106550513054
224847,43878.016,16347.525379455816
224848,43878.016,55245.68930286307
224849,43878.016,77128.51825025576
224850,43878.016,18062.560517845075
224851,43878.016,14923.239743713779
224852,43878.016,47930.44774373205
224853,43878.016,45168.24990205395
224854,43878.016,18982.568589526487
224855,43878.016,38421.326553328916
224856,43878.016,36124.846352331915
224857,43878.016,38630.07809664914
224858,43878.016,12324.342406640164
224859,43878.016,33196.91227671077
224860,43878.016,31808.233840174362
224861,43878.016,50856.253471374424
224862,43878.016,17852.651536256926
224863,43878.016,5518.027070674369
224864,43878.016,8247.533353524572
224865,43878.016,36297.68671403145
224866,43878.016,35734.8442682355
224867,43878.016,50243.92319460266
224868,43878.016,53576.26837250154
224869,43878.016,9793.55105782305
224870,43878.016,9693.852001413436
224871,43878.016,39606.286736411865
224872,43878.016,27918.648470959768
224873,43878.016,54715.09908057186
224874,43878.016,25740.569029521397
224875,43878.016,16025.143692887828
224876,43878.016,9818.175319595462
224877,43878.016,25360.13967410492
224878,43878.016,10050.902282429512
224879,43878.016,48709.61439510975
224880,43878.016,26847.519030761112
224881,43878.016,11548.902469779292
224882,43878.016,21035.3696154158
224883,43878.016,58560.83513489809
224884,43878.016,42460.64395974951
224885,43878.016,16495.894158728403
224886,43878.016,6703.622032515572
224887,43878.016,47743.01609093008
224888,43878.016,9024.874080487161
224889,43878.016,35909.32730712906
224890,43878.016,39568.273762665835
224891,43878.016,48975.14158649604
224892,43878.016,23137.087546835002
224893,43878.016,29333.59894988206
224894,43878.016,5499.628734658514
224895,43878.016,57888.40729411278
224896,43878.016,32306.67977506424
224897,43878.016,10279.226278919099
224898,43878.016,59310.245595249195
224899,43878.016,50274.28368226275
224900,43878.016,41743.29759620373
224901,43878.016,35054.96176034303
224902,43878.016,14673.53486145663
224903,43878.016,53305.52811259183
224904,43878.016,26551.814263125045
224905,43878.016,64323.399776662765
224906,43878.016,44539.96485149495
224907,43878.016,18090.122458816357
224908,43878.016,9690.855592719656
224909,43878.016,20930.375699459077
224910,43878.016,5613.351432703533
224911,43878.016,30512.58233150894
224912,43878.016,15975.485341855128
224913,43878.016,36791.29232614141
224914,43878.016,49328.4266624505
224915,43878.016,70696.59014530286
224916,43878.016,18723.210760678878
224917,43878.016,78093.37316637108
224918,43878.016,43629.547681867894
224919,43878.016,52533.27177152339
224920,43878.016,5608.801967132107
224921,43878.016,21824.023448595322
224922,43878.016,20207.464458155344
224923,43878.016,58032.47808651647
224924,43878.016,74023.62023108789
224925,43878.016,12063.638833404211
224926,43878.016,46358.31983492051
224927,43878.016,39141.1832625475
224928,43878.016,52146.33288739052
224929,43878.016,36630.47673301884
224930,43878.016,91204.39776861835
224931,43878.016,41363.93894591277
224932,43878.016,16075.004411731261
224933,43878.016,53402.7142134366
224934,43878.016,17536.146135185074
224935,43878.016,28691.592051860844
224936,43878.016,14177.498570177779
224937,43878.016,12632.31822049998
224938,43878.016,32666.066254453108
224939,43878.016,7882.802529562079
224940,43878.016,38280.67089161212
224941,43878.016,35270.16260793688
224942,43878.016,66014.55925726854
224943,43878.016,14811.92186543523
224944,43878.016,34482.30975830515
224945,43878.016,35024.18456782913
224946,43878.016,44568.64632937413
224947,43878.016,54377.4697534248
224948,43878.016,10410.688696347715
224949,43878.016,48661.95284825634
224950,43878.016,55480.77608453866
224951,43878.016,15868.006776633301
224952,43878.016,45988.4779917965
224953,43878.016,27240.802091614078
224954,43878.016,52114.951963877786
224955,43878.016,15690.15410549865
224956,43878.016,78647.9430291006
224957,43878.016,39353.762465839674
224958,43878.016,27467.235483369564
224959,43878.016,52393.251598308365
224960,43878.016,66049.14792079778
224961,43878.016,18454.042279084464
224962,43878.016,7542.544253601032
224963,43878.016,71768.49388692103
224964,43878.016,46847.700394080035
224965,43878.016,12355.956180550187
224966,43878.016,57189.012995861434
224967,43878.016,24612.356629138634
224968,43878.016,25316.720079128852
224969,43878.016,12118.73215404406
224970,43878.016,24240.1894687444
224971,43878.016,40775.92064071017
224972,43878.016,23294.79293709023
224973,43878.016,43313.4430863187
224974,43878.016,11976.717501305959
224975,43878.016,18264.88928263852
224976,43878.016,29143.008710313858
224977,43878.016,41266.862443371334
224978,43878.016,42640.35408871739
224979,43878.016,51760.544417920064
224980,43878.016,16843.884063445188
224981,43878.016,72676.27906843224
224982,43878.016,19699.35337764201
224983,43878.016,37781.66149790887
224984,43878.016,80271.53164423318
224985,43878.016,63288.05548913696
224986,43878.016,37613.696890127525
224987,43878.016,8725.258268339783
224988,43878.016,2924.169764530276
224989,43878.016,76901.29294855453
224990,43878.016,41184.095241219904
224991,43878.016,73195.61465975216
224992,43878.016,38119.40049327673
224993,43878.016,54624.15748468799
224994,43878.016,47220.22227561444
224995,43878.016,17450.37473742893
224996,43878.016,35108.48396550268
224997,43878.016,7124.253272599438
224998,43878.016,45039.662098962246
224999,43878.016,43805.872904083924
225000,43878.016,43056.23576960809
225001,43878.016,16957.17076475075
225002,43878.016,8745.687757957015
225003,43878.016,32491.70991856645
225004,43878.016,34311.270349174185
225005,43878.016,8469.21788500694
225006,43878.016,32693.06687975864
225007,43878.016,33927.955854941785
225008,43878.016,16027.56464089186
225009,43878.016,30624.08323791796
225010,43878.016,49805.74504140481
225011,43878.016,46563.5763358379
225012,43878.016,44744.73128602359
225013,43878.016,19501.842386130993
225014,43878.016,45835.43181040671
225015,43878.016,16561.39495561163
225016,43878.016,39904.266830318134
225017,43878.016,8220.916686367305
225018,43878.016,42578.19927722414
225019,43878.016,24457.370701708558
225020,43878.016,14271.30833401245
225021,43878.016,14933.827828225014
225022,43878.016,41538.26026506729
225023,43878.016,14747.272783692342
225024,43878.016,20395.27158441416
225025,43878.016,42684.35626926717
225026,43878.016,33365.03341162166
225027,43878.016,29373.544490429365
225028,43878.016,62585.222538172944
225029,43878.016,14443.003040886511
225030,43878.016,24604.535437101968
225031,43878.016,23072.289730451128
225032,43878.016,55147.481803451046
225033,43878.016,8963.56621740999
225034,43878.016,17083.249231739377
225035,43878.016,30779.809499992683
225036,43878.016,17159.706252071697
225037,43878.016,23457.826627151007
225038,43878.016,17498.473244023437
225039,43878.016,53757.398448305816
225040,43878.016,14774.67269257128
225041,43878.016,48792.172422441305
225042,43878.016,74141.8651879807
225043,43878.016,19430.426074349307
225044,43878.016,31348.16596242566
225045,43878.016,51825.63147927679
225046,43878.016,6313.098212279478
225047,43878.016,55777.20265775037
225048,43878.016,24937.237165900617
225049,43878.016,11511.049742329245
225050,43878.016,24318.44794955651
225051,43878.016,46656.78482147062
225052,43878.016,51533.41935572403
225053,43878.016,24458.816641576304
225054,43878.016,15261.501540655314
225055,43878.016,13609.036554052016
225056,43878.016,11581.543312983396
225057,43878.016,17107.56585384512
225058,43878.016,18891.45845388277
225059,43878.016,68952.87851205959
225060,43878.016,30986.220551292925
225061,43878.016,29663.912274295966
225062,43878.016,56593.19154948106
225063,43878.016,35653.87402198691
225064,43878.016,13044.999227259674
225065,43878.016,23945.980601951298
225066,43878.016,54799.773227593105
225067,43878.016,8350.575190903426
225068,43878.016,12252.945227951566
225069,43878.016,21193.030816641447
225070,43878.016,58811.31317317643
225071,43878.016,43636.8985694273
225072,43878.016,17825.618460551446
225073,43878.016,16699.660605046516
225074,43878.016,19112.990436726133
225075,43878.016,9639.298010073111
225076,43878.016,38130.639378203574
225077,43878.016,51722.04765539469
225078,43878.016,32138.404640496992
225079,43878.016,37672.76771594408
225080,43878.016,43701.783553180496
225081,43878.016,12387.084141643378
225082,43878.016,46697.24136399
225083,43878.016,21494.787747700593
225084,43878.016,30851.23139089207
225085,43878.016,36397.2838310938
225086,43878.016,10849.816776421592
225087,43878.016,34658.32236277564
225088,43878.016,57477.532434418805
225089,43878.016,60748.835396983246
225090,43878.016,45049.23484454261
225091,43878.016,8595.689966411848
225092,43878.016,47976.068298721286
225093,43878.016,72177.32067243937
225094,43878.016,46351.13806708437
225095,43878.016,40019.56191413105
225096,43878.016,11593.783081734893
225097,43878.016,27663.036912391188
225098,43878.016,52776.555870240976
225099,43878.016,40645.88580655113
225100,43878.016,43856.8121202639
225101,43878.016,39448.98680028259
225102,43878.016,32905.3421704284
225103,43878.016,13618.913093006986
225104,43878.016,25169.708109184434
225105,43878.016,34286.642446913414
225106,43878.016,60277.60840451904
225107,43878.016,56452.078598882144
225108,43878.016,68329.12489295474
225109,43878.016,31328.095586390275
225110,43878.016,9489.660284113168
225111,43878.016,8743.652876118771
225112,43878.016,22235.948720465756
225113,43878.016,44644.662805520245
225114,43878.016,36748.30234427111
225115,43878.016,22293.23764178117
225116,43878.016,19526.416383143966
225117,43878.016,13215.840501555766
225118,43878.016,52560.12512896134
225119,43878.016,19972.813810365475
225120,43878.016,46375.2855486913
225121,43878.016,10144.291495727177
225122,43878.016,27396.222563474897
225123,43878.016,28849.628423858125
225124,43878.016,21220.139876257545
225125,43878.016,32571.01769445759
225126,43878.016,32905.60255106976
225127,43878.016,15014.507466349689
225128,43878.016,48640.07169785594
225129,43878.016,16905.581205529394
225130,43878.016,31798.791938333383
225131,43878.016,7150.469284884685
225132,43878.016,6187.939327848374
225133,43878.016,34404.505420444024
225134,43878.016,13646.074465064608
225135,43878.016,12948.254829086434
225136,43878.016,23066.562800574342
225137,43878.016,37795.20218381867
225138,43878.016,56569.04898592164
225139,43878.016,46512.74284465187
225140,43878.016,43605.830164711224
225141,43878.016,13202.666404553978
225142,43878.016,60980.36278811353
225143,43878.016,35967.76700825911
225144,43878.016,17248.826731598423
225145,43878.016,86754.85926393163
225146,43878.016,24001.031045807493
225147,43878.016,20987.66608814933
225148,43878.016,20127.988612674806
225149,43878.016,9725.578839718095
225150,43878.016,110382.767725881
225151,43878.016,46689.6084131737
225152,43878.016,27655.353280896885
225153,43878.016,66751.19265916459
225154,43878.016,49064.71414654918
225155,43878.016,44063.00833502166
225156,43878.016,36447.800907952624
225157,43878.016,97316.34968743876
225158,43878.016,25150.417998250963
225159,43878.016,44522.56727280123
225160,43878.016,48997.85277416835
225161,43878.016,39514.93736443686
225162,43878.016,39783.38241359534
225163,43878.016,30574.37432532448
225164,43878.016,14159.690207853579
225165,43878.016,10379.150509958587
225166,43878.016,9998.97431948868
225167,43878.016,38679.9075470686
225168,43878.016,59121.569276181326
225169,43878.016,19035.433064353856
225170,43878.016,58225.959258553215
225171,43878.016,14530.27443242415
225172,43878.016,58407.97746570858
225173,43878.016,17417.052404013284
225174,43878.016,23489.005242915176
225175,43878.016,12987.617700405865
225176,43878.016,19945.81636554552
225177,43878.016,14591.507798373044
225178,43878.016,6720.339292391532
225179,43878.016,48521.91271105122
225180,43878.016,4101.836965828358
225181,43878.016,39764.30595007478
225182,43878.016,69202.65609192684
225183,43878.016,37892.32603951327
225184,43878.016,53445.114748317144
225185,43878.016,74246.64104401121
225186,43878.016,18298.841089337093
225187,43878.016,15301.844985136253
225188,43878.016,51397.03138955955
225189,43878.016,55818.78701328757
225190,43878.016,13165.28800290886
225191,43878.016,18475.863846190117
225192,43878.016,28268.04467749036
225193,43878.016,53099.97041879968
225194,43878.016,60536.28096517535
225195,43878.016,25509.3617101152
225196,43878.016,25149.600221742618
225197,43878.016,58057.66407294116
225198,43878.016,17065.132199543597
225199,43878.016,39224.642820969
225200,43878.016,33577.904306481396
225201,43878.016,17075.569853745976
225202,43878.016,50342.642616523626
225203,43878.016,45140.371618137215
225204,43878.016,7959.8927390144545
225205,43878.016,37014.68812968861
225206,43878.016,25137.328956163452
225207,43878.016,10693.047105618305
225208,43878.016,8154.8017653853085
225209,43878.016,27640.28300241185
225210,43878.016,49403.481143565215
225211,43878.016,13958.56163563585
225212,43878.016,62819.372415798454
225213,43878.016,37613.86831747323
225214,43878.016,38318.83645265253
225215,43878.016,51444.67023486233
225216,43878.016,44591.63470467893
225217,43878.016,21107.95309486614
225218,43878.016,15338.669537055674
225219,43878.016,51476.093169449814
225220,43878.016,26354.37249329036
225221,43878.016,64894.474109889496
225222,43878.016,14299.48120087969
225223,43878.016,56973.59828802807
225224,43878.016,37875.31613633117
225225,43878.016,41399.085295875826
225226,43878.016,24835.565210473294
225227,43878.016,60295.148170393586
225228,43878.016,7590.04431138509
225229,43878.016,13902.95669175487
225230,43878.016,19916.823081119896
225231,43878.016,32352.46978411205
225232,43878.016,54207.9275733328
225233,43878.016,22170.243780721637
225234,43878.016,53319.55908014889
225235,43878.016,35812.325196449536
225236,43878.016,58216.37960985261
225237,43878.016,16750.941253109195
225238,43878.016,60921.074397100514
225239,43878.016,18758.021057232578
225240,43878.016,112645.29979659585
225241,43878.016,14205.645188244644
225242,43878.016,51914.257246468114
225243,43878.016,32059.772824198844
225244,43878.016,30120.952395024764
225245,43878.016,86402.67489721032
225246,43878.016,28131.797365737613
225247,43878.016,49306.02042122047
225248,43878.016,51485.74880828277
225249,43878.016,48877.897903300276
225250,43878.016,39656.926421659686
225251,43878.016,47972.06038850874
225252,43878.016,23614.548043778737
225253,43878.016,38257.94790448488
225254,43878.016,37255.21952128524
225255,43878.016,51135.752921542735
225256,43878.016,46419.42464585618
225257,43878.016,47673.395709785575
225258,43878.016,17197.96935908421
225259,43878.016,79335.92925448142
225260,43878.016,45776.48085097004
225261,43878.016,61656.339489039456
225262,43878.016,49578.82303581577
225263,43878.016,59226.164121952635
225264,43878.016,45587.77975359257
225265,43878.016,16168.546982007992
225266,43878.016,49177.582430167065
225267,43878.016,19816.3702009078
225268,43878.016,44071.193195344
225269,43878.016,26873.158004384088
225270,43878.016,75341.83012228349
225271,43878.016,22350.806045953956
225272,43878.016,37988.037076408305
225273,43878.016,61651.21112534155
225274,43878.016,19131.81087811475
225275,43878.016,8214.22098582209
225276,43878.016,46575.56963295104
225277,43878.016,68063.19083177307
225278,43878.016,22242.011783452446
225279,43878.016,53738.61671209674
225280,43878.016,7015.174039470796
225281,43878.016,20350.10097507994
225282,43878.016,44797.04648252871
225283,43878.016,52542.648698986035
225284,43878.016,52837.05033873023
225285,43878.016,27257.883281582905
225286,43878.016,11404.723932676283
225287,43878.016,39297.554342283685
225288,43878.016,44013.65028536551
225289,43878.016,19537.571598219783
225290,43878.016,50527.68569076512
225291,43878.016,17850.054198113296
225292,43878.016,52334.2509484337
225293,43878.016,32202.3863181018
225294,43878.016,50804.42034403205
225295,43878.016,50210.014201910715
225296,43878.016,33678.77435679192
225297,43878.016,24152.90366736405
225298,43878.016,46069.67719200566
225299,43878.016,37136.164621024924
225300,43878.016,52676.00711174424
225301,43878.016,16857.203259440976
225302,43878.016,25899.81746885316
225303,43878.016,47897.55026822176
225304,43878.016,48101.52511889404
225305,43878.016,48739.07377861778
225306,43878.016,5931.127129695265
225307,43878.016,12852.969724492055
225308,43878.016,30454.967134512677
225309,43878.016,48988.20824668352
225310,43878.016,61696.96830947446
225311,43878.016,43380.879713364346
225312,43878.016,21786.309835144166
225313,43878.016,9775.487564537232
225314,43878.016,24620.12715480628
225315,43878.016,19269.393247375832
225316,43878.016,41597.58493480498
225317,43878.016,45826.60679146569
225318,43878.016,15747.653005863218
225319,43878.016,36777.187542180574
225320,43878.016,42609.637125803754
225321,43878.016,15953.165857956472
225322,43878.016,47790.42285491893
225323,43878.016,36546.59743806119
225324,43878.016,35166.97866628448
225325,43878.016,20179.043870367546
225326,43878.016,41700.9602648356
225327,43878.016,7622.138119427223
225328,43878.016,41347.63904947119
225329,43878.016,7001.396486747994
225330,43878.016,33081.351716281366
225331,43878.016,11924.286905058709
225332,43878.016,28351.532625957952
225333,43878.016,46328.73821799153
225334,43878.016,9560.151272538062
225335,43878.016,22166.576750587694
225336,43878.016,28873.417856938915
225337,43878.016,26962.479801272442
225338,43878.016,66650.05993089458
225339,43878.016,44849.88907131932
225340,43878.016,19256.606459175688
225341,43878.016,7684.060412295455
225342,43878.016,19036.550357033957
225343,43878.016,41286.8434778382
225344,43878.016,47573.995361051544
225345,43878.016,6149.973913509003
225346,43878.016,5125.693783111844
225347,43878.016,74395.38168487807
225348,43878.016,60332.68117399568
225349,43878.016,18504.242375462763
225350,43878.016,25410.724739463058
225351,43878.016,63363.15437875237
225352,43878.016,36817.013896296514
225353,43878.016,33700.40416111503
225354,43878.016,53334.059200532734
225355,43878.016,49352.05334099366
225356,43878.016,46689.07217399431
225357,43878.016,11877.139518372975
225358,43878.016,20305.160710273336
225359,43878.016,47624.83895679522
225360,43878.016,53845.37749151612
225361,43878.016,46183.413616793434
225362,43878.016,51253.629495878726
225363,43878.016,14916.121027681673
225364,43878.016,38763.212145883044
225365,43878.016,15289.531300561308
225366,43878.016,43606.78755047783
225367,43878.016,52682.57693677396
225368,43878.016,14444.84917494619
225369,43878.016,13989.074070783336
225370,43878.016,86731.79902862647
225371,43878.016,33511.31379230505
225372,43878.016,20426.069125735306
225373,43878.016,47198.25457024433
225374,43878.016,48716.96407128648
225375,43878.016,14749.958415920652
225376,43878.016,58115.99285082816
225377,43878.016,64322.895350146675
225378,43878.016,54315.2704805208
225379,43878.016,57975.40848074229
225380,43878.016,34816.52776101636
225381,43878.016,39084.08712106685
225382,43878.016,37436.76598235535
225383,43878.016,33081.35319346891
225384,43878.016,79544.72800941337
225385,43878.016,22908.418264746088
225386,43878.016,20289.913414248986
225387,43878.016,40585.24574049014
225388,43878.016,50662.44596234519
225389,43878.016,25543.86053447065
225390,43878.016,28996.20857309214
225391,43878.016,42967.579840025595
225392,43878.016,40647.2371831438
225393,43878.016,55682.9988514787
225394,43878.016,5697.701435944342
225395,43878.016,22610.574345229375
225396,43878.016,8473.893822337106
225397,43878.016,13078.49927272029
225398,43878.016,23764.68910410915
225399,43878.016,18834.138570305036
225400,43878.016,33394.90614214867
225401,43878.016,35368.346962533295
225402,43878.016,50887.16056359126
225403,43878.016,14158.539974213054
225404,43878.016,25274.591825640608
225405,43878.016,24342.184019231823
225406,43878.016,50431.01549257376
225407,43878.016,7754.334631822443
225408,43878.016,51473.43995434919
225409,43878.016,64914.55880869131
225410,43878.016,19441.59185249865
225411,43878.016,61644.977497189466
225412,43878.016,31397.18817604088
225413,43878.016,35310.603856006885
225414,43878.016,27246.18516466594
225415,43878.016,22092.658467886584
225416,43878.016,24803.944022157808
225417,43878.016,24149.666968337453
225418,43878.016,56362.34417680728
225419,43878.016,16810.13996800518
225420,43878.016,81167.14841746548
225421,43878.016,56397.38055384826
225422,43878.016,44546.6589304888
225423,43878.016,63304.798175541495
225424,43878.016,10465.072810357633
225425,43878.016,48223.55532682699
225426,43878.016,21609.856420310614
225427,43878.016,24247.87359400027
225428,43878.016,16729.28974798587
225429,43878.016,15815.125586375001
225430,43878.016,17128.231307902504
225431,43878.016,42688.233302113986
225432,43878.016,19489.34592442486
225433,43878.016,20270.846360428393
225434,43878.016,25945.536682220245
225435,43878.016,46558.37751561693
225436,43878.016,18785.91842797416
225437,43878.016,15603.268586553413
225438,43878.016,64803.62905684583
225439,43878.016,45643.66929768702
225440,43878.016,13098.392168706376
225441,43878.016,20582.538082838524
225442,43878.016,28205.96183111006
225443,43878.016,49519.48692184953
225444,43878.016,50169.20474319843
225445,43878.016,41439.570499444955
225446,43878.016,36571.27156374566
225447,43878.016,32276.29499572049
225448,43878.016,32287.35454666128
225449,43878.016,53126.29385817448
225450,43878.016,43055.01073937731
225451,43878.016,6765.069514483204
225452,43878.016,51698.744985251826
225453,43878.016,20359.56094936583
225454,43878.016,28392.67620653142
225455,43878.016,20744.460139574094
225456,43878.016,8155.415073169605
225457,43878.016,15070.794618476304
225458,43878.016,14898.420710435672
225459,43878.016,23448.288239134552
225460,43878.016,46320.77110634865
225461,43878.016,12827.510398696037
225462,43878.016,38712.34059068048
225463,43878.016,15582.50252426155
225464,43878.016,45406.60467339491
225465,43878.016,18484.42684681106
225466,43878.016,63119.90111292513
225467,43878.016,16029.193233528045
225468,43878.016,49262.6197814536
225469,43878.016,8762.774250740023
225470,43878.016,70746.68952973117
225471,43878.016,20046.664140983652
225472,43878.016,19664.607911429135
225473,43878.016,47934.78257784235
225474,43878.016,64841.156438029124
225475,43878.016,16559.278775428855
225476,43878.016,53248.93106752921
225477,43878.016,47996.520155859405
225478,43878.016,27522.445205822893
225479,43878.016,33713.031484176034
225480,43878.016,9345.219488349247
225481,43878.016,69730.19963957282
225482,43878.016,45142.000401826044
225483,43878.016,12293.286523520794
225484,43878.016,49180.695972460075
225485,43878.016,20982.601554403816
225486,43878.016,57244.6691735188
225487,43878.016,66069.32541106072
225488,43878.016,21385.02984188433
225489,43878.016,76259.45118264308
225490,43878.016,26735.925799546232
225491,43878.016,11941.784842210298
225492,43878.016,59017.15658551427
225493,43878.016,26372.460667325275
225494,43878.016,22379.465984560124
225495,43878.016,34913.30964979997
225496,43878.016,41234.20613033913
225497,43878.016,17387.677914855165
225498,43878.016,55016.46298781593
225499,43878.016,9410.928148471745
225500,43878.016,49369.55309835023
225501,43878.016,38321.81298920403
225502,43878.016,25412.077520733994
225503,43878.016,40335.30222919654
225504,43878.016,13899.585607029994
225505,43878.016,51194.09593661389
225506,43878.016,68807.63193721569
225507,43878.016,19457.64584014655
225508,43878.016,57810.94676977413
225509,43878.016,15272.044940365651
225510,43878.016,46074.60346705731
225511,43878.016,32186.037131034056
225512,43878.016,46824.61927495186
225513,43878.016,45072.997389794546
225514,43878.016,9397.807211093332
225515,43878.016,40714.16456467442
225516,43878.016,63624.06697742408
225517,43878.016,16585.23981917973
225518,43878.016,89324.54966479003
225519,43878.016,23280.352113549397
225520,43878.016,71608.11322497841
225521,43878.016,54606.25467901866
225522,43878.016,77020.1112987159
225523,43878.016,23254.273326607366
225524,43878.016,65828.39276260328
225525,43878.016,22057.723588374105
225526,43878.016,8016.720707131
225527,43878.016,48031.26039468152
225528,43878.016,33602.05886017643
225529,43878.016,25145.36044121655
225530,43878.016,16047.05589671726
225531,43878.016,8676.640657515185
225532,43878.016,17799.163714731727
225533,43878.016,26991.08441831496
225534,43878.016,35162.014864716075
225535,43878.016,52064.30559685319
225536,43878.016,29496.740515133108
225537,43878.016,45230.95864518979
225538,43878.016,36714.353661757494
225539,43878.016,32864.47887415598
225540,43878.016,64554.09859623569
225541,43878.016,54627.22220146065
225542,43878.016,30845.211394683687
225543,43878.016,34998.64157181082
225544,43878.016,17051.87537777804
225545,43878.016,61717.241722917104
225546,43878.016,11078.703186724864
225547,43878.016,22068.863170334935
225548,43878.016,24232.316660944838
225549,43878.016,22679.193145104236
225550,43878.016,13872.93447807867
225551,43878.016,15663.751182766584
225552,43878.016,44603.25757612909
225553,43878.016,55818.2866455834
225554,43878.016,32921.812836203244
225555,43878.016,51976.96423441767
225556,43878.016,17269.10855722417
225557,43878.016,55638.35535052371
225558,43878.016,52948.07901411474
225559,43878.016,10388.673984614281
225560,43878.016,38787.09581225375
225561,43878.016,73278.34501249713
225562,43878.016,27134.427538079537
225563,43878.016,34998.45422231655
225564,43878.016,7045.801534982088
225565,43878.016,48395.04837345493
225566,43878.016,23470.368610830035
225567,43878.016,24434.440019857524
225568,43878.016,14623.122568173942
225569,43878.016,13970.768544332066
225570,43878.016,50644.242135762244
225571,43878.016,51427.57493239222
225572,43878.016,14688.236415262392
225573,43878.016,55218.01626836341
225574,43878.016,39155.749291541804
225575,43878.016,8540.014385807948
225576,43878.016,6356.228178161847
225577,43878.016,23692.963667452655
225578,43878.016,63972.0340105308
225579,43878.016,26611.812355427013
225580,43878.016,14503.206325882584
225581,43878.016,49765.07339029477
225582,43878.016,26099.948185321085
225583,43878.016,23071.995414642006
225584,43878.016,51648.78466733517
225585,43878.016,13662.191866657253
225586,43878.016,88168.60965342002
225587,43878.016,29789.824463107245
225588,43878.016,21308.290420280526
225589,43878.016,10113.235803071631
225590,43878.016,54272.10214170496
225591,43878.016,7824.796503861114
225592,43878.016,76518.73809133579
225593,43878.016,70065.07505547616
225594,43878.016,14478.701107276906
225595,43878.016,22887.612301690766
225596,43878.016,28996.13557230518
225597,43878.016,8553.197989845503
225598,43878.016,9121.98085998778
225599,43878.016,25837.629043060675
225600,43878.016,17317.899696718832
225601,43878.016,47339.05933165475
225602,43878.016,5652.618735653089
225603,43878.016,48719.85583565018
225604,43878.016,32860.099829349274
225605,43878.016,74278.22441269954
225606,43878.016,59090.20039313094
225607,43878.016,22351.171104229565
225608,43878.016,47573.24686886437
225609,43878.016,62764.95294331281
225610,43878.016,59611.255614870264
225611,43878.016,51288.17615585049
225612,43878.016,9085.918743284954
225613,43878.016,48094.88220719629
225614,43878.016,91451.94290908483
225615,43878.016,23544.0190149614
225616,43878.016,21047.60069716762
225617,43878.016,22070.990969338203
225618,43878.016,6282.87925790632
225619,43878.016,58184.91925167855
225620,43878.016,41383.414049045095
225621,43878.016,20538.84553782503
225622,43878.016,28471.49579115266
225623,43878.016,64177.535704425085
225624,43878.016,56179.568088998305
225625,43878.016,20319.479462900523
225626,43878.016,59419.215922331874
225627,43878.016,22319.220742999743
225628,43878.016,37012.163418874254
225629,43878.016,29966.91397415994
225630,43878.016,51106.66864384901
225631,43878.016,18792.44835218257
225632,43878.016,49264.1338771015
225633,43878.016,62854.173847273734
225634,43878.016,28726.248025744444
225635,43878.016,47933.09671174492
225636,43878.016,29457.244715733184
225637,43878.016,29970.521121880207
225638,43878.016,53086.95388921447
225639,43878.016,12257.240717618419
225640,43878.016,26013.460096973464
225641,43878.016,56490.712910721195
225642,43878.016,37984.89674001265
225643,43878.016,45795.38175794836
225644,43878.016,57386.49250783665
225645,43878.016,34305.35768437572
225646,43878.016,32310.514264636546
225647,43878.016,41645.73026710016
225648,43878.016,32555.135208178875
225649,43878.016,39509.775355828926
225650,43878.016,27022.393388164546
225651,43878.016,62833.45842511771
225652,43878.016,22928.999677174048
225653,43878.016,38360.19129513688
225654,43878.016,51095.55942977523
225655,43878.016,49099.62405413811
225656,43878.016,22454.50464653788
225657,43878.016,60984.121167525336
225658,43878.016,16774.627695017345
225659,43878.016,5759.000054647024
225660,43878.016,18882.591560773893
225661,43878.016,34122.8674898493
225662,43878.016,43345.60494625866
225663,43878.016,28410.770115183277
225664,43878.016,35195.830934611586
225665,43878.016,45100.707453836076
225666,43878.016,35706.79708384583
225667,43878.016,13922.573921311736
225668,43878.016,12266.095622568
225669,43878.016,15472.074150157396
225670,43878.016,57384.474181587364
225671,43878.016,81323.04703932273
225672,43878.016,16417.891266860956
225673,43878.016,25855.631451502806
225674,43878.016,33882.16546241783
225675,43878.016,24419.208246383314
225676,43878.016,7901.634841497684
225677,43878.016,26089.896595671693
225678,43878.016,12991.977661771922
225679,43878.016,37164.46475581122
225680,43878.016,25440.555817561097
225681,43878.016,16533.849077473657
225682,43878.016,49794.74256262344
225683,43878.016,30594.249659788373
225684,43878.016,61774.42313440674
225685,43878.016,57742.38719354617
225686,43878.016,50887.6080106645
225687,43878.016,39583.711835869166
225688,43878.016,55681.723958846094
225689,43878.016,69193.02655794473
225690,43878.016,48311.51802470942
225691,43878.016,54478.13012830042
225692,43878.016,32085.749531103556
225693,43878.016,14779.86338429571
225694,43878.016,33717.025119890524
225695,43878.016,52190.55715592499
225696,43878.016,8295.650619789772
225697,43878.016,102421.27025933664
225698,43878.016,58491.3246075199
225699,43878.016,31384.78658430095
225700,43878.016,54505.464944251406
225701,43878.016,62230.28597255251
225702,43878.016,22505.647174578018
225703,43878.016,22629.670865239612
225704,43878.016,46313.709897007204
225705,43878.016,7432.8131558275945
225706,43878.016,27743.30888038582
225707,43878.016,19211.082810194523
225708,43878.016,59253.64041384428
225709,43878.016,5766.579716230022
225710,43878.016,39671.35658327188
225711,43878.016,35840.768013755085
225712,43878.016,54055.6382969143
225713,43878.016,33547.0416474889
225714,43878.016,46803.51694286053
225715,43878.016,22933.61295188257
225716,43878.016,63270.221215306854
225717,43878.016,36125.566130308216
225718,43878.016,22561.986775479472
225719,43878.016,44403.69629027937
225720,43878.016,43823.652321788504
225721,43878.016,47100.63337460257
225722,43878.016,30916.75602319546
225723,43878.016,18164.411661353046
225724,43878.016,36248.35515391747
225725,43878.016,91388.9953866033
225726,43878.016,25102.47311014515
225727,43878.016,34511.98345316704
225728,43878.016,21620.436187081385
225729,43878.016,53128.92406637861
225730,43878.016,7730.712297280629
225731,43878.016,22823.642243518516
225732,43878.016,27187.791884535418
225733,43878.016,37500.61129991853
225734,43878.016,59664.01596570482
225735,43878.016,57412.326109776965
225736,43878.016,43345.52537995763
225737,43878.016,16941.9077902683
225738,43878.016,4161.520416675119
225739,43878.016,10300.721524050305
225740,43878.016,17769.246174499636
225741,43878.016,21290.932197834038
225742,43878.016,25524.6307190983
225743,43878.016,57142.09813648083
225744,43878.016,12701.145801609517
225745,43878.016,25217.52709439997
225746,43878.016,39144.20940653296
225747,43878.016,54301.597966581685
225748,43878.016,21234.523920283893
225749,43878.016,59533.912630211686
225750,43878.016,58054.67360537948
225751,43878.016,34288.592797517565
225752,43878.016,47694.18965890378
225753,43878.016,73502.48486497244
225754,43878.016,18494.344610395437
225755,43878.016,12800.950393364516
225756,43878.016,51640.15081125909
225757,43878.016,19510.48696043612
225758,43878.016,21203.04363662156
225759,43878.016,15060.210524681477
225760,43878.016,14931.415553678826
225761,43878.016,59977.12312312553
225762,43878.016,22474.81366266006
225763,43878.016,52796.408907537676
225764,43878.016,53540.25129481381
225765,43878.016,40373.845538286085
225766,43878.016,34426.45071944405
225767,43878.016,44584.74238695277
225768,43878.016,16866.71349234703
225769,43878.016,40375.66242983366
225770,43878.016,23531.001973962713
225771,43878.016,47780.60597827466
225772,43878.016,28974.805017041817
225773,43878.016,55105.19771706651
225774,43878.016,55908.211262661054
225775,43878.016,29638.913212596333
225776,43878.016,13061.561815730021
225777,43878.016,22173.32747728261
225778,43878.016,47359.78543369277
225779,43878.016,56548.46356215912
225780,43878.016,10808.029679734811
225781,43878.016,29889.391764310825
225782,43878.016,37367.10608006456
225783,43878.016,13233.214080780172
225784,43878.016,12706.600624888923
225785,43878.016,24373.632790390307
225786,43878.016,45134.60719557825
225787,43878.016,57916.98665850095
225788,43878.016,11981.10042644283
225789,43878.016,8905.822548802722
225790,43878.016,53885.82274681988
225791,43878.016,41977.935187311385
225792,43878.016,8650.594988694631
225793,43878.016,23388.003847972028
225794,43878.016,46611.12637321416
225795,43878.016,8852.376809124959
225796,43878.016,44504.70361045334
225797,43878.016,37244.4700184857
225798,43878.016,21589.937009744015
225799,43878.016,50430.54573987557
225800,43878.016,56704.01298980399
225801,43878.016,39975.74625403008
225802,43878.016,61262.62123910037
225803,43878.016,12373.514272968627
225804,43878.016,43435.073711868485
225805,43878.016,27844.522784466855
225806,43878.016,15072.399602528207
225807,43878.016,60472.75651269311
225808,43878.016,24663.793403751075
225809,43878.016,9504.507360360185
225810,43878.016,48249.283248145235
225811,43878.016,49586.44939526002
225812,43878.016,21507.97186332109
225813,43878.016,14153.536388315699
225814,43878.016,8138.595172951862
225815,43878.016,29920.862085217836
225816,43878.016,43851.94656607523
225817,43878.016,19183.102962967594
225818,43878.016,8729.673694789528
225819,43878.016,43477.50270987998
225820,43878.016,25509.980821631292
225821,43878.016,28007.538668011643
225822,43878.016,15620.025498006826
225823,43878.016,43163.13492019799
225824,43878.016,27432.44221126527
225825,43878.016,22845.870223181893
225826,43878.016,29277.026459732206
225827,43878.016,27316.223408066802
225828,43878.016,64698.555093574316
225829,43878.016,43861.872190805094
225830,43878.016,55239.772036008006
225831,43878.016,33456.14052789537
225832,43878.016,56289.26256578888
225833,43878.016,30159.21387193621
225834,43878.016,35277.990048141306
225835,43878.016,8024.852768059976
225836,43878.016,53312.426134738096
225837,43878.016,8923.879245854323
225838,43878.016,35701.65751918154
225839,43878.016,22222.093088157075
225840,43878.016,24022.38836228876
225841,43878.016,20641.46337688809
225842,43878.016,29575.641995549835
225843,43878.016,9030.474807801416
225844,43878.016,12346.870827272558
225845,43878.016,43627.08309670379
225846,43878.016,48525.745287774575
225847,43878.016,18057.54278790568
225848,43878.016,39339.43160266946
225849,43878.016,21197.64234587682
225850,43878.016,49720.83456349673
225851,43878.016,20568.76933725697
225852,43878.016,13806.084236071083
225853,43878.016,12573.2041543201
225854,43878.016,14698.788461291771
225855,43878.016,40152.88988897119
225856,43878.016,10780.91887236832
225857,43878.016,56809.88679249464
225858,43878.016,23091.57211261581
225859,43878.016,11615.606519810723
225860,43878.016,13449.216356292598
225861,43878.016,7167.92810631256
225862,43878.016,57197.01467144864
225863,43878.016,31077.022658804664
225864,43878.016,14670.044599665973
225865,43878.016,58087.84267039763
225866,43878.016,42167.32496242854
225867,43878.016,49042.82916297091
225868,43878.016,59398.788285277886
225869,43878.016,10318.03015908456
225870,43878.016,32214.342660191403
225871,43878.016,42428.157497055414
225872,43878.016,16919.79070207579
225873,43878.016,48805.80427863747
225874,43878.016,29762.89875067815
225875,43878.016,22661.38226933177
225876,43878.016,7760.9331990930195
225877,43878.016,27373.296601167942
225878,43878.016,47323.70303287783
225879,43878.016,35597.536564137925
225880,43878.016,10065.178013279592
225881,43878.016,8393.833002881716
225882,43878.016,6199.328646075068
225883,43878.016,29544.647093981344
225884,43878.016,53795.25797950036
225885,43878.016,12271.391059059759
225886,43878.016,27396.39565226249
225887,43878.016,22941.106900064577
225888,43878.016,46720.4176100095
225889,43878.016,31437.58557483437
225890,43878.016,13383.551238561175
225891,43878.016,36410.79546464191
225892,43878.016,44070.93461064468
225893,43878.016,23772.100867149766
225894,43878.016,12622.075226243827
225895,43878.016,34414.69157145341
225896,43878.016,54420.90963936564
225897,43878.016,17421.34844083311
225898,43878.016,6502.308443594797
225899,43878.016,54167.92932824077
225900,43878.016,58543.91142321103
225901,43878.016,12936.714041971945
225902,43878.016,46751.53588443589
225903,43878.016,25860.578926062037
225904,43878.016,28211.14102083525
225905,43878.016,59886.19796664537
225906,43878.016,13900.164775323836
225907,43878.016,38215.66072249592
225908,43878.016,36184.572623712185
225909,43878.016,11218.524083235667
225910,43878.016,49535.785042184645
225911,43878.016,35782.398564231145
225912,43878.016,38481.595400909915
225913,43878.016,17153.951524503886
225914,43878.016,35754.53035078034
225915,43878.016,34767.36169466866
225916,43878.016,16975.41885298402
225917,43878.016,23682.160108700606
225918,43878.016,25466.85799604799
225919,43878.016,54906.375641561586
225920,43878.016,29056.147141767287
225921,43878.016,21321.09472962308
225922,43878.016,65419.739311259924
225923,43878.016,62301.73965434035
225924,43878.016,25872.307205633533
225925,43878.016,55996.64350811602
225926,43878.016,50202.46071936938
225927,43878.016,28272.013155943412
225928,43878.016,9234.401391053521
225929,43878.016,56816.54048450184
225930,43878.016,35119.96454850801
225931,43878.016,46042.38586632383
225932,43878.016,39758.037255284486
225933,43878.016,7183.174959307009
225934,43878.016,57669.00632006298
225935,43878.016,54307.60235435573
225936,43878.016,48920.113848208624
225937,43878.016,53198.82472609127
225938,43878.016,45590.526245970424
225939,43878.016,60724.41257532622
225940,43878.016,29775.431264864
225941,43878.016,34854.13690980817
225942,43878.016,30796.775936231716
225943,43878.016,33423.42519112058
225944,43878.016,52796.61658768751
225945,43878.016,31813.659603468263
225946,43878.016,36988.899177001025
225947,43878.016,15728.66105955053
225948,43878.016,26509.454697362995
225949,43878.016,43778.79502658167
225950,43878.016,50703.92851830231
225951,43878.016,28727.898227091726
225952,43878.016,57820.8579646493
225953,43878.016,24049.000973886923
225954,43878.016,11288.880543975913
225955,43878.016,24826.716604774276
225956,43878.016,40773.40922512634
225957,43878.016,56669.63884064216
225958,43878.016,48390.14958980266
225959,43878.016,9473.28985703702
225960,43878.016,40928.17653235066
225961,43878.016,15297.293925422337
225962,43878.016,8577.905510114913
225963,43878.016,20884.19141584854
225964,43878.016,73486.97747796244
225965,43878.016,22778.11606267956
225966,43878.016,47708.02292766769
225967,43878.016,28627.900666346828
225968,43878.016,39918.639288734375
225969,43878.016,11886.704277698995
225970,43878.016,20511.849435255728
225971,43878.016,9384.815534917212
225972,43878.016,47405.719576341035
225973,43878.016,20536.623823217244
225974,43878.016,13724.24844547182
225975,43878.016,34344.66452584159
225976,43878.016,46304.267441444776
225977,43878.016,14320.588583256991
225978,43878.016,7448.160633338138
225979,43878.016,7156.373090697773
225980,43878.016,25375.026385741232
225981,43878.016,21941.480571405395
225982,43878.016,22453.33743659057
225983,43878.016,45261.030031568545
225984,43878.016,9571.687263473945
225985,43878.016,37018.24722588618
225986,43878.016,15219.599471532392
225987,43878.016,14617.567930776222
225988,43878.016,20978.7429244697
225989,43878.016,9887.448876588798
225990,43878.016,30354.970978475758
225991,43878.016,21044.69854383252
225992,43878.016,7702.929256054293
225993,43878.016,23465.33115515053
225994,43878.016,44745.18341570994
225995,43878.016,64258.45197183084
225996,43878.016,12414.035785479571
225997,43878.016,32925.79531145855
225998,43878.016,20082.250611327843
225999,43878.016,81685.67962311256
226000,43878.016,46318.51129803229
226001,43878.016,47373.24729875675
226002,43878.016,48070.39617125785
226003,43878.016,61021.92133466984
226004,43878.016,16349.92421061976
226005,43878.016,6030.426141921683
226006,43878.016,73776.53668595171
226007,43878.016,70134.29555274815
226008,43878.016,13494.350566345342
226009,43878.016,62225.81469172283
226010,43878.016,9870.092473525496
226011,43878.016,36219.506313800346
226012,43878.016,36954.046357453924
226013,43878.016,33987.25334093731
226014,43878.016,19322.372932111746
226015,43878.016,37214.18771971285
226016,43878.016,14750.528487479562
226017,43878.016,50072.77733619017
226018,43878.016,47539.37396578473
226019,43878.016,54642.39551217597
226020,43878.016,41546.13621877107
226021,43878.016,15534.215356254343
226022,43878.016,34218.267495467415
226023,43878.016,19921.50846235646
226024,43878.016,48090.76450925985
226025,43878.016,14185.092037367784
226026,43878.016,73503.28083390961
226027,43878.016,16550.751782776726
226028,43878.016,30104.42328993432
226029,43878.016,58921.993324426316
226030,43878.016,55895.569114981394
226031,43878.016,30593.565850788356
226032,43878.016,61388.122936938315
226033,43878.016,85539.58683778362
226034,43878.016,52287.548069796874
226035,43878.016,14447.586618736676
226036,43878.016,24437.31286261604
226037,43878.016,18129.85221599396
226038,43878.016,32178.106520217792
226039,43878.016,9226.444157360706
226040,43878.016,76074.29001736476
226041,43878.016,98232.48731373121
226042,43878.016,40851.652934819824
226043,43878.016,81201.60717545466
226044,43878.016,21480.063009022873
226045,43878.016,12628.40929667129
226046,43878.016,39251.97890306048
226047,43878.016,24901.098819563707
226048,43878.016,25235.83956067134
226049,43878.016,14271.336470672462
226050,43878.016,62965.30218006215
226051,43878.016,17686.985738985688
226052,43878.016,16324.957268348076
226053,43878.016,58712.82830670547
226054,43878.016,79353.38050512342
226055,43878.016,8328.624759468505
226056,43878.016,9523.785292600815
226057,43878.016,63011.31096769855
226058,43878.016,13213.085673738458
226059,43878.016,60914.250721525816
226060,43878.016,89920.18923431342
226061,43878.016,39279.99446825166
226062,43878.016,10733.01023662077
226063,43878.016,44143.61411932734
226064,43878.016,26242.850074702656
226065,43878.016,53855.94693089557
226066,43878.016,43736.40274340002
226067,43878.016,52753.34187105662
226068,43878.016,10574.188016140071
226069,43878.016,40379.86850774062
226070,43878.016,25293.79703201135
226071,43878.016,22352.281530711512
226072,43878.016,39578.58348800023
226073,43878.016,70885.79286144809
226074,43878.016,65892.57264618947
226075,43878.016,44748.30631250429
226076,43878.016,35494.14660940627
226077,43878.016,71225.20976400953
226078,43878.016,10103.956122047059
226079,43878.016,8180.201048283742
226080,43878.016,33013.168487420255
226081,43878.016,59008.90684322289
226082,43878.016,27362.205248928985
226083,43878.016,37182.49385662276
226084,43878.016,60863.055859613545
226085,43878.016,15981.789763423549
226086,43878.016,53808.009310454865
226087,43878.016,29536.72739789762
226088,43878.016,51790.771793844906
226089,43878.016,8470.879221076379
226090,43878.016,24643.34541259087
226091,43878.016,31600.840074793123
226092,43878.016,60293.32590345527
226093,43878.016,56432.016853172565
226094,43878.016,52492.5311354984
226095,43878.016,48089.68985855361
226096,43878.016,23760.67186365574
226097,43878.016,30409.56286836133
226098,43878.016,59667.95024006597
226099,43878.016,44960.299058979355
226100,43878.016,51144.886303312465
226101,43878.016,24042.81546277704
226102,43878.016,18915.43283507583
226103,43878.016,60233.95916375381
226104,43878.016,50372.65211559971
226105,43878.016,33118.460429752035
226106,43878.016,15608.526980650498
226107,43878.016,28896.445927932946
226108,43878.016,7519.901942190979
226109,43878.016,40203.67057629952
226110,43878.016,13095.724813489222
226111,43878.016,55327.176451986976
226112,43878.016,32064.35796203225
226113,43878.016,25710.225233250334
226114,43878.016,26018.237014353494
226115,43878.016,7299.3089029920175
226116,43878.016,21053.37039555309
226117,43878.016,48515.472934202546
226118,43878.016,46153.0383481479
226119,43878.016,57683.566616372766
226120,43878.016,28343.569984713777
226121,43878.016,27678.292738804284
226122,43878.016,56428.42165133895
226123,43878.016,13445.989392047426
226124,43878.016,21050.537603549616
226125,43878.016,19034.726144475782
226126,43878.016,35256.91664251443
226127,43878.016,50856.2622782156
226128,43878.016,52555.951924529465
226129,43878.016,19874.40899208334
226130,43878.016,52587.28502587615
226131,43878.016,12862.374581273212
226132,43878.016,58709.02812652578
226133,43878.016,32217.959110439017
226134,43878.016,60672.78178976215
226135,43878.016,37981.104386565115
226136,43878.016,57010.87670660582
226137,43878.016,11406.034501814587
226138,43878.016,30628.488051277956
226139,43878.016,8441.722111014155
226140,43878.016,19458.71725672756
226141,43878.016,13190.739391149711
226142,43878.016,48696.88685390076
226143,43878.016,32022.78180745664
226144,43878.016,40659.97067095417
226145,43878.016,30961.776565198885
226146,43878.016,64788.76687464226
226147,43878.016,18408.059711525162
226148,43878.016,15807.65869748944
226149,43878.016,46121.27398697591
226150,43878.016,37385.00596834818
226151,43878.016,75374.12841572416
226152,43878.016,35397.00495215035
226153,43878.016,53368.6167065672
226154,43878.016,37148.67334857034
226155,43878.016,60596.08475266015
226156,43878.016,51220.07730384249
226157,43878.016,14464.026170047624
226158,43878.016,84803.07111134226
226159,43878.016,27365.20782573585
226160,43878.016,25877.69815220907
226161,43878.016,17059.94186826843
226162,43878.016,34757.05949035248
226163,43878.016,32732.432446638435
226164,43878.016,19053.016674398652
226165,43878.016,49925.560787069146
226166,43878.016,16851.657154243592
226167,43878.016,51728.752053828415
226168,43878.016,90802.9067078037
226169,43878.016,68015.1265238494
226170,43878.016,11351.543659322491
226171,43878.016,24233.826651563744
226172,43878.016,11095.644537918417
226173,43878.016,41063.54413584022
226174,43878.016,19086.301888616934
226175,43878.016,116953.02764850916
226176,43878.016,14017.18532356054
226177,43878.016,41807.91420275984
226178,43878.016,61050.258989731876
226179,43878.016,50232.60871700795
226180,43878.016,24470.70245119039
226181,43878.016,26830.97196134649
226182,43878.016,42269.33754721127
226183,43878.016,49891.23816007768
226184,43878.016,40203.355951519465
226185,43878.016,56852.777979994506
226186,43878.016,27073.87258809228
226187,43878.016,12173.188798703939
226188,43878.016,32271.69166934706
226189,43878.016,18680.967493464108
226190,43878.016,18013.025560686398
226191,43878.016,28729.520209327056
226192,43878.016,15879.212206405931
226193,43878.016,19535.315555762634
226194,43878.016,15567.718406410113
226195,43878.016,60319.0964027402
226196,43878.016,31285.801724415564
226197,43878.016,65121.574163187935
226198,43878.016,20409.276250652612
226199,43878.016,17788.68732593626
226200,43878.016,34646.48810270674
226201,43878.016,12023.522299181886
226202,43878.016,34407.36475036822
226203,43878.016,55675.835619558056
226204,43878.016,10864.86171510386
226205,43878.016,17477.001973372582
226206,43878.016,54565.71374377222
226207,43878.016,41585.416697104476
226208,43878.016,65434.65334017883
226209,43878.016,23303.752391841834
226210,43878.016,20628.60325578308
226211,43878.016,29843.56776439307
226212,43878.016,26361.274618559626
226213,43878.016,13586.683151923544
226214,43878.016,26930.630932077667
226215,43878.016,31367.15243199813
226216,43878.016,23791.723474340895
226217,43878.016,45815.29628152079
226218,43878.016,54824.988242293315
226219,43878.016,37854.43293624843
226220,43878.016,27382.482383932867
226221,43878.016,80128.12645796653
226222,43878.016,14510.083600704835
226223,43878.016,46471.98463716821
226224,43878.016,34937.278838698505
226225,43878.016,58667.877363263055
226226,43878.016,27534.368748293677
226227,43878.016,23409.488356433674
226228,43878.016,36915.877555480314
226229,43878.016,73520.27570393954
226230,43878.016,12217.790259152222
226231,43878.016,21887.798149293943
226232,43878.016,32644.66776154421
226233,43878.016,57252.37553977564
226234,43878.016,29552.76661779104
226235,43878.016,22913.101553437373
226236,43878.016,25030.330368468174
226237,43878.016,7838.635874759564
226238,43878.016,55647.40865485527
226239,43878.016,42336.716909662806
226240,43878.016,9023.083803802507
226241,43878.016,66359.81231292652
226242,43878.016,14417.924435247836
226243,43878.016,12557.288731618826
226244,43878.016,27946.57284427365
226245,43878.016,71933.41901587888
226246,43878.016,7786.011232101385
226247,43878.016,59557.926252308054
226248,43878.016,20300.836811934747
226249,43878.016,20019.1928960827
226250,43878.016,11441.29065819512
226251,43878.016,23862.45829397282
226252,43878.016,53121.1601714228
226253,43878.016,12066.714698900621
226254,43878.016,16666.539439573815
226255,43878.016,5918.067317656067
226256,43878.016,35132.013174693835
226257,43878.016,17249.263401384815
226258,43878.016,26292.780093000383
226259,43878.016,9881.188764351746
226260,43878.016,24410.035401433717
226261,43878.016,43498.8597662904
226262,43878.016,47088.4258310636
226263,43878.016,41122.53265601154
226264,43878.016,18511.504418711364
226265,43878.016,13898.486022606747
226266,43878.016,52801.51923993825
226267,43878.016,42051.25261991972
226268,43878.016,7781.66138071667
226269,43878.016,50674.28945982778
226270,43878.016,71819.9669186388
226271,43878.016,13265.060710031794
226272,43878.016,32952.54205961562
226273,43878.016,57981.663442045625
226274,43878.016,20431.817622864186
226275,43878.016,4510.626904520622
226276,43878.016,26851.4241017682
226277,43878.016,34325.89168836685
226278,43878.016,25218.586563937333
226279,43878.016,45925.48365671086
226280,43878.016,42967.233025435424
226281,43878.016,55669.553859307925
226282,43878.016,14902.417376187866
226283,43878.016,28636.524698549732
226284,43878.016,54669.21081241406
226285,43878.016,12368.2004684952
226286,43878.016,22276.608975786687
226287,43878.016,17842.13766361029
226288,43878.016,53651.27338621368
226289,43878.016,59016.25528220935
226290,43878.016,9839.705902534955
226291,43878.016,13679.176730085836
226292,43878.016,50159.22677707674
226293,43878.016,10705.612165370247
226294,43878.016,19809.935517382022
226295,43878.016,19882.109315459886
226296,43878.016,28236.231238174605
226297,43878.016,35749.65099575438
226298,43878.016,37360.831126184785
226299,43878.016,5737.55955574345
226300,43878.016,68124.69784538113
226301,43878.016,50838.949660775186
226302,43878.016,48225.840070027116
226303,43878.016,49304.70527394487
226304,43878.016,17338.62170682194
226305,43878.016,10368.561403727896
226306,43878.016,13073.862758522326
226307,43878.016,10650.241282902285
226308,43878.016,16448.0909449967
226309,43878.016,14959.3534576055
226310,43878.016,84543.49719997906
226311,43878.016,49278.4328279726
226312,43878.016,62713.13057971352
226313,43878.016,33968.066386498314
226314,43878.016,25593.378300555447
226315,43878.016,35941.63047324203
226316,43878.016,28406.577681503248
226317,43878.016,42381.90009807532
226318,43878.016,34113.049406523154
226319,43878.016,50866.01315934156
226320,43878.016,45525.71994872325
226321,43878.016,26156.156457222492
226322,43878.016,46307.039658367496
226323,43878.016,81311.09916522997
226324,43878.016,49006.5536686911
226325,43878.016,13823.59009718084
226326,43878.016,45155.031889658654
226327,43878.016,19350.18812024702
226328,43878.016,27226.135665061855
226329,43878.016,20604.70783036378
226330,43878.016,30983.32585894167
226331,43878.016,39395.14616196873
226332,43878.016,55922.31320822789
226333,43878.016,30192.98957013842
226334,43878.016,54549.86552176508
226335,43878.016,36629.40282904911
226336,43878.016,13548.707698236405
226337,43878.016,55851.722246363184
226338,43878.016,14872.643445644664
226339,43878.016,24899.193243078393
226340,43878.016,67975.78419868422
226341,43878.016,43774.26196940299
226342,43878.016,65875.92287587604
226343,43878.016,65089.7093338676
226344,43878.016,20486.840529936962
226345,43878.016,57443.63317277664
226346,43878.016,14512.80635619201
226347,43878.016,65482.17730459881
226348,43878.016,16277.180294664491
226349,43878.016,14798.136072888436
226350,43878.016,29683.44382000103
226351,43878.016,54639.63296339026
226352,43878.016,32103.62220663939
226353,43878.016,29794.167307892276
226354,43878.016,38574.36436001633
226355,43878.016,68940.44193075963
226356,43878.016,35682.733862249916
226357,43878.016,34750.58959746671
226358,43878.016,9618.66661381323
226359,43878.016,40442.3552154007
226360,43878.016,11401.01144181045
226361,43878.016,32681.120092964782
226362,43878.016,61161.68811431172
226363,43878.016,13205.951356444368
226364,43878.016,13932.234223945137
226365,43878.016,11372.628610347836
226366,43878.016,42303.241635266306
226367,43878.016,41108.50498866165
226368,43878.016,115127.54883164552
226369,43878.016,49850.698500305465
226370,43878.016,63027.37647205802
226371,43878.016,30193.684772237084
226372,43878.016,18258.977395345722
226373,43878.016,17292.779102933473
226374,43878.016,7744.526906231262
226375,43878.016,11823.20215513402
226376,43878.016,64919.64408066711
226377,43878.016,36891.031310587496
226378,43878.016,48357.760241221134
226379,43878.016,10587.574589045164
226380,43878.016,59700.045160404145
226381,43878.016,10939.146910692001
226382,43878.016,68341.24816419139
226383,43878.016,40795.330967535156
226384,43878.016,8860.737786334612
226385,43878.016,29994.685148398446
226386,43878.016,15038.313952857032
226387,43878.016,7347.914107979358
226388,43878.016,104476.24200357188
226389,43878.016,90039.4708709945
226390,43878.016,52209.756529947605
226391,43878.016,62588.83084720733
226392,43878.016,35744.402663994835
226393,43878.016,35753.42470289158
226394,43878.016,23923.28130708558
226395,43878.016,40350.06355645356
226396,43878.016,41914.83647783255
226397,43878.016,14517.523712359764
226398,43878.016,29853.266015626876
226399,43878.016,57493.43683660868
226400,43878.016,12672.15404045127
226401,43878.016,53749.44719237209
226402,43878.016,32758.069401996105
226403,43878.016,64493.480023683755
226404,43878.016,59071.44894229083
226405,43878.016,5790.807172208723
226406,43878.016,22599.201532498526
226407,43878.016,20187.800941602145
226408,43878.016,51935.063745279585
226409,43878.016,11546.683980778495
226410,43878.016,66551.6855030438
226411,43878.016,54637.95250117807
226412,43878.016,57776.49534618087
226413,43878.016,20205.154874150052
226414,43878.016,49197.153186505464
226415,43878.016,8377.423032219436
226416,43878.016,11480.397806262605
226417,43878.016,16112.353261386656
226418,43878.016,20437.741558120946
226419,43878.016,6005.81591398541
226420,43878.016,68601.79016662433
226421,43878.016,54178.149078120325
226422,43878.016,56294.479116857285
226423,43878.016,9844.86139868536
226424,43878.016,46399.5084143027
226425,43878.016,43795.28997129177
226426,43878.016,43645.511835491336
226427,43878.016,15071.453265509343
226428,43878.016,46171.09776828208
226429,43878.016,31142.83242274153
226430,43878.016,31067.98348015972
226431,43878.016,27496.25982412021
226432,43878.016,21066.12378898887
226433,43878.016,38178.13158625254
226434,43878.016,29450.07341084273
226435,43878.016,9984.516320179753
226436,43878.016,39641.68796693753
226437,43878.016,38038.698907225014
226438,43878.016,83804.18202368938
226439,43878.016,40904.74852743725
226440,43878.016,53231.75169737417
226441,43878.016,31720.57604507103
226442,43878.016,36267.83956180554
226443,43878.016,47728.94381300868
226444,43878.016,20306.744908677578
226445,43878.016,3397.2608829845854
226446,43878.016,70549.63698502508
226447,43878.016,25576.349717683122
226448,43878.016,74909.69131096784
226449,43878.016,65614.88197114716
226450,43878.016,54536.1730082484
226451,43878.016,33251.36007592265
226452,43878.016,35868.35637309487
226453,43878.016,45459.085926411484
226454,43878.016,16161.443361877902
226455,43878.016,57218.639949021905
226456,43878.016,67526.19323594625
226457,43878.016,21822.031724683256
226458,43878.016,43251.20517198626
226459,43878.016,12856.538431213514
226460,43878.016,22723.1032814316
226461,43878.016,19665.326514588425
226462,43878.016,46593.59603775837
226463,43878.016,19185.748425793307
226464,43878.016,28871.811572776056
226465,43878.016,20873.300736577818
226466,43878.016,26620.746891064715
226467,43878.016,18594.151052398753
226468,43878.016,9185.472423497205
226469,43878.016,30859.983162955323
226470,43878.016,26285.70164878942
226471,43878.016,29703.74877534146
226472,43878.016,7333.270121997183
226473,43878.016,9772.099565534103
226474,43878.016,53394.30285066099
226475,43878.016,48415.65802231931
226476,43878.016,32609.40349877986
226477,43878.016,51989.650660165506
226478,43878.016,5143.208429828672
226479,43878.016,37093.04223959201
226480,43878.016,31025.370559316892
226481,43878.016,49908.03940509291
226482,43878.016,33673.404795443144
226483,43878.016,16514.90256267939
226484,43878.016,26467.820587814043
226485,43878.016,46473.03233317189
226486,43878.016,40381.03916201753
226487,43878.016,13051.247523175574
226488,43878.016,33436.26501142593
226489,43878.016,24452.848524357076
226490,43878.016,8182.040425039292
226491,43878.016,39187.44972877887
226492,43878.016,79276.7450664128
226493,43878.016,44843.34439926103
226494,43878.016,49669.15125287526
226495,43878.016,14553.840131481978
226496,43878.016,51923.70557664329
226497,43878.016,30071.090113126138
226498,43878.016,11674.411114812052
226499,43878.016,16077.629115694166
226500,43878.016,38481.87936080232
226501,43878.016,57433.815548682134
226502,43878.016,16879.733384061197
226503,43878.016,70207.33936045674
226504,43878.016,60613.89053432912
226505,43878.016,6536.6328307383665
226506,43878.016,31546.159449627343
226507,43878.016,52299.55490535217
226508,43878.016,22555.963270281834
226509,43878.016,27513.569804469047
226510,43878.016,77380.51836824424
226511,43878.016,37719.283297178605
226512,43878.016,21916.05371441525
226513,43878.016,41166.856689436325
226514,43878.016,42900.28652290965
226515,43878.016,53645.98187480796
226516,43878.016,10475.919164829405
226517,43878.016,51757.94795889688
226518,43878.016,7238.058151469261
226519,43878.016,36411.36885297602
226520,43878.016,60958.81329654333
226521,43878.016,23788.702252906805
226522,43878.016,5124.002269042838
226523,43878.016,34192.69116911844
226524,43878.016,41515.78375942063
226525,43878.016,38430.015475640874
226526,43878.016,10781.360411555228
226527,43878.016,25651.74008812295
226528,43878.016,6942.378910763107
226529,43878.016,9186.840715532482
226530,43878.016,6148.398158012412
226531,43878.016,51704.49248750472
226532,43878.016,36023.88660946297
226533,43878.016,91552.41228157641
226534,43878.016,14190.64704187859
226535,43878.016,68557.42755608665
226536,43878.016,65673.2693511816
226537,43878.016,52953.146980128746
226538,43878.016,41244.34715350465
226539,43878.016,31215.13179397651
226540,43878.016,94527.15026656933
226541,43878.016,34646.52934196751
226542,43878.016,47693.79870588014
226543,43878.016,53190.18604783311
226544,43878.016,36730.752438546515
226545,43878.016,45687.922224665126
226546,43878.016,29695.739062158293
226547,43878.016,45601.48251441577
226548,43878.016,32558.67618855395
226549,43878.016,34626.49151844662
226550,43878.016,12311.634620981438
226551,43878.016,28410.35165038288
226552,43878.016,54604.809752849724
226553,43878.016,46361.562612458845
226554,43878.016,35807.669434228745
226555,43878.016,82435.91684468821
226556,43878.016,39055.42143667052
226557,43878.016,9370.454765547594
226558,43878.016,52770.56422907938
226559,43878.016,6705.747687529567
226560,43878.016,74880.38981268965
226561,43878.016,44910.56780518491
226562,43878.016,9037.385435970935
226563,43878.016,54384.98983565463
226564,43878.016,35006.83415965819
226565,43878.016,26984.95013438414
226566,43878.016,45931.76338868325
226567,43878.016,26451.79096569979
226568,43878.016,36184.37392801281
226569,43878.016,42564.91856974221
226570,43878.016,30447.751236165805
226571,43878.016,20339.847742873182
226572,43878.016,9738.354710413432
226573,43878.016,30606.756694489563
226574,43878.016,15341.354790895171
226575,43878.016,54195.741720281825
226576,43878.016,95669.39518849504
226577,43878.016,44643.57773639091
226578,43878.016,46297.22645514193
226579,43878.016,41491.531865202785
226580,43878.016,30483.73654813175
226581,43878.016,11288.003782453952
226582,43878.016,8702.208839073888
226583,43878.016,23606.753794855973
226584,43878.016,38978.786105893545
226585,43878.016,14844.125790511485
226586,43878.016,56756.40021145359
226587,43878.016,36503.950327779894
226588,43878.016,30549.423209838762
226589,43878.016,36118.422349167085
226590,43878.016,34878.38458607163
226591,43878.016,31559.089528281675
226592,43878.016,25435.025246849447
226593,43878.016,9390.951090467235
226594,43878.016,21436.03551604805
226595,43878.016,4286.520518477705
226596,43878.016,12557.238463901476
226597,43878.016,6671.686446579753
226598,43878.016,23265.752078912363
226599,43878.016,17902.386722677442
226600,43878.016,15830.877888555018
226601,43878.016,23217.550116308066
226602,43878.016,22523.664493456192
226603,43878.016,52339.264779822384
226604,43878.016,58854.46654928507
226605,43878.016,45899.54043953548
226606,43878.016,39110.537959625515
226607,43878.016,17727.21584002172
226608,43878.016,32199.1460887118
226609,43878.016,14105.872632995264
226610,43878.016,11499.225632160222
226611,43878.016,18399.42257261383
226612,43878.016,36551.8600924071
226613,43878.016,93038.35146718913
226614,43878.016,51789.77451200038
226615,43878.016,48100.44188635812
226616,43878.016,9875.024383575967
226617,43878.016,9500.829714183054
226618,43878.016,35674.439996156325
226619,43878.016,10120.204748542348
226620,43878.016,52101.75286796432
226621,43878.016,28943.710394020643
226622,43878.016,73276.23175877516
226623,43878.016,32353.395907463102
226624,43878.016,55776.053914827084
226625,43878.016,71073.77621420566
226626,43878.016,25647.21777298473
226627,43878.016,19734.840114256524
226628,43878.016,48279.405250280746
226629,43878.016,13438.675656773743
226630,43878.016,23929.00429648807
226631,43878.016,50025.33702150246
226632,43878.016,62457.690598604546
226633,43878.016,13386.348909454775
226634,43878.016,12108.115182956515
226635,43878.016,35773.474692248165
226636,43878.016,17959.978884719083
226637,43878.016,61218.24860571497
226638,43878.016,29778.494051791946
226639,43878.016,19663.15918412425
226640,43878.016,25376.14494037444
226641,43878.016,54584.37627106601
226642,43878.016,5077.088843275189
226643,43878.016,30814.71318702097
226644,43878.016,38203.697918829705
226645,43878.016,34483.3616958225
226646,43878.016,14655.773853445897
226647,43878.016,63375.402779683835
226648,43878.016,44792.9666985668
226649,43878.016,57388.52268761627
226650,43878.016,10220.397698341245
226651,43878.016,29028.962153513094
226652,43878.016,33726.164991188525
226653,43878.016,23058.660112640864
226654,43878.016,46356.89340722652
226655,43878.016,46764.292708336914
226656,43878.016,50182.58514158835
226657,43878.016,34578.94351551546
226658,43878.016,9430.652661568949
226659,43878.016,7234.697734937617
226660,43878.016,44067.230451553565
226661,43878.016,114618.40499613073
226662,43878.016,43903.66889241566
226663,43878.016,33217.95250987785
226664,43878.016,92995.15859934027
226665,43878.016,24806.265865567748
226666,43878.016,32000.281606583874
226667,43878.016,36213.59468093167
226668,43878.016,57740.331963788485
226669,43878.016,69340.75739611709
226670,43878.016,52539.420223254856
226671,43878.016,34490.90440091246
226672,43878.016,28706.337821751298
226673,43878.016,32958.16090124679
226674,43878.016,15594.611190470912
226675,43878.016,47394.52782803992
226676,43878.016,10761.519308058212
226677,43878.016,24896.005875205872
226678,43878.016,11845.716310347605
226679,43878.016,28736.562845672997
226680,43878.016,10281.664159896447
226681,43878.016,54353.14908537287
226682,43878.016,67175.61843790958
226683,43878.016,44734.94493488127
226684,43878.016,32029.18775371074
226685,43878.016,53133.30091422635
226686,43878.016,57137.80626963261
226687,43878.016,45079.46234266988
226688,43878.016,22598.55689612358
226689,43878.016,46442.125210846745
226690,43878.016,49769.48963274768
226691,43878.016,29541.107078474357
226692,43878.016,45465.73461924502
226693,43878.016,50571.24428619378
226694,43878.016,23786.3218078888
226695,43878.016,39055.268582653865
226696,43878.016,26175.813174870953
226697,43878.016,11954.737876530207
226698,43878.016,32135.983362905714
226699,43878.016,32060.59111700553
226700,43878.016,52668.883116886966
226701,43878.016,26976.91892505859
226702,43878.016,17661.396580737357
226703,43878.016,49160.59756610507
226704,43878.016,20841.261522251516
226705,43878.016,41277.591364806525
226706,43878.016,58869.14310425153
226707,43878.016,28690.15986026997
226708,43878.016,15963.192427399068
226709,43878.016,58814.65490882629
226710,43878.016,52568.729273307246
226711,43878.016,10319.191827050367
226712,43878.016,29485.40986104996
226713,43878.016,32341.694438208575
226714,43878.016,35229.263274674006
226715,43878.016,64813.95159722867
226716,43878.016,17319.61267061509
226717,43878.016,32408.347344449623
226718,43878.016,16628.39648465493
226719,43878.016,32304.30691266524
226720,43878.016,60974.23324987922
226721,43878.016,54237.18553379591
226722,43878.016,20223.261097011073
226723,43878.016,29410.399720165384
226724,43878.016,56334.58039996747
226725,43878.016,9907.326142980355
226726,43878.016,10208.042373988488
226727,43878.016,30689.650321554764
226728,43878.016,16623.62322703172
226729,43878.016,20472.083438946695
226730,43878.016,38337.96806537996
226731,43878.016,38220.240964273486
226732,43878.016,37717.41604574949
226733,43878.016,44305.38099597298
226734,43878.016,26545.00463740934
226735,43878.016,12394.802961154715
226736,43878.016,33377.87763312207
226737,43878.016,17598.530362780413
226738,43878.016,50448.01781854679
226739,43878.016,32060.070342094583
226740,43878.016,56212.37572571118
226741,43878.016,62401.20283339843
226742,43878.016,25961.217725065162
226743,43878.016,39912.57468541962
226744,43878.016,35511.96432040295
226745,43878.016,8181.908869979646
226746,43878.016,10409.356092004768
226747,43878.016,14366.802704212343
226748,43878.016,41368.852349971385
226749,43878.016,34271.608316472004
226750,43878.016,55286.61190282031
226751,43878.016,33110.635753645336
226752,43878.016,68918.20536221929
226753,43878.016,46094.51334426425
226754,43878.016,64637.72818136339
226755,43878.016,16317.239626153021
226756,43878.016,58669.97439388746
226757,43878.016,28407.896797695976
226758,43878.016,57077.534919198384
226759,43878.016,14718.7596698421
226760,43878.016,18235.26310786526
226761,43878.016,10139.85170708029
226762,43878.016,11390.855919914557
226763,43878.016,36768.885343045076
226764,43878.016,9945.542599352515
226765,43878.016,58331.85256383527
226766,43878.016,14257.938968962344
226767,43878.016,43069.28375698499
226768,43878.016,18867.336950372817
226769,43878.016,15546.435694073647
226770,43878.016,47546.77173982152
226771,43878.016,53037.765526389514
226772,43878.016,33170.66008283029
226773,43878.016,26083.171035379597
226774,43878.016,24922.07366867726
226775,43878.016,13789.007327635043
226776,43878.016,19239.360831357404
226777,43878.016,9869.951206776304
226778,43878.016,33871.683847582884
226779,43878.016,56999.94839213633
226780,43878.016,21175.0209007376
226781,43878.016,31500.25001995932
226782,43878.016,29627.485168477277
226783,43878.016,49602.35247252855
226784,43878.016,14195.335863360271
226785,43878.016,48281.26971726455
226786,43878.016,11620.609902632585
226787,43878.016,51529.9941883556
226788,43878.016,54323.773638096114
226789,43878.016,14977.746836465667
226790,43878.016,50607.64891328341
226791,43878.016,60084.06781415496
226792,43878.016,45982.840625219746
226793,43878.016,21082.953644174344
226794,43878.016,24137.60133879228
226795,43878.016,42036.536513123225
226796,43878.016,20289.554585894544
226797,43878.016,43294.45031837962
226798,43878.016,49517.714855971295
226799,43878.016,10996.78264488941
226800,43878.016,21483.73128452586
226801,43878.016,33617.533424540605
226802,43878.016,7800.984529898548
226803,43878.016,12641.3699479099
226804,43878.016,50616.432401973536
226805,43878.016,32999.20415951598
226806,43878.016,11671.372735582767
226807,43878.016,76429.56554031844
226808,43878.016,44231.12757106821
226809,43878.016,44294.328691209914
226810,43878.016,67324.22026445625
226811,43878.016,17982.715144683334
226812,43878.016,58737.729915401804
226813,43878.016,29267.3187386782
226814,43878.016,19060.470921984313
226815,43878.016,39147.19558988939
226816,43878.016,14397.858299308537
226817,43878.016,47784.74836837294
226818,43878.016,26355.743032390594
226819,43878.016,36062.95119214987
226820,43878.016,9431.256159497589
226821,43878.016,61569.13389033704
226822,43878.016,17556.412804492615
226823,43878.016,54793.71685995926
226824,43878.016,48002.25729121299
226825,43878.016,47278.73374905227
226826,43878.016,35169.175782493934
226827,43878.016,41989.43472511926
226828,43878.016,38989.990250713425
226829,43878.016,26545.27578972575
226830,43878.016,36319.16261571126
226831,43878.016,13609.734992053016
226832,43878.016,47211.91683342782
226833,43878.016,15933.36538231834
226834,43878.016,16167.762573050637
226835,43878.016,35019.99920447531
226836,43878.016,16087.283418061132
226837,43878.016,7849.952313166184
226838,43878.016,60345.39389036987
226839,43878.016,29337.431868259606
226840,43878.016,53013.84179522411
226841,43878.016,24009.54508673213
226842,43878.016,5005.895070648977
226843,43878.016,21176.649635542275
226844,43878.016,42261.0501281704
226845,43878.016,27231.04625734306
226846,43878.016,24642.31046208651
226847,43878.016,55011.02015767277
226848,43878.016,70218.57555578281
226849,43878.016,49223.99720606328
226850,43878.016,7870.681959624625
226851,43878.016,37973.80409971713
226852,43878.016,73063.08285544407
226853,43878.016,18557.852412289914
226854,43878.016,63828.365478505504
226855,43878.016,15534.20675732318
226856,43878.016,28372.904600360183
226857,43878.016,15262.767725803895
226858,43878.016,61681.55917701505
226859,43878.016,50819.99275802082
226860,43878.016,22282.18694014691
226861,43878.016,9890.1476537097
226862,43878.016,38405.520522245126
226863,43878.016,63354.221086210644
226864,43878.016,36013.49215089819
226865,43878.016,51007.05275783623
226866,43878.016,3498.970222393683
226867,43878.016,24061.842360129216
226868,43878.016,14272.584652936717
226869,43878.016,33150.69099212466
226870,43878.016,20021.2380270609
226871,43878.016,37314.73634565204
226872,43878.016,20727.147666879027
226873,43878.016,61631.62386170873
226874,43878.016,34518.153750911544
226875,43878.016,16786.696496136694
226876,43878.016,48978.355792038594
226877,43878.016,55394.94548348857
226878,43878.016,18372.769239797675
226879,43878.016,23234.184360581352
226880,43878.016,48608.453343969784
226881,43878.016,40539.745089786215
226882,43878.016,29951.17603450402
226883,43878.016,10256.801581992577
226884,43878.016,36862.60905867797
226885,43878.016,50336.89522878378
226886,43878.016,18159.433312595942
226887,43878.016,22045.6936549112
226888,43878.016,5816.070327022875
226889,43878.016,23802.639304274187
226890,43878.016,22993.295547434565
226891,43878.016,9231.206825668216
226892,43878.016,17711.807764052104
226893,43878.016,18368.29064449397
226894,43878.016,31912.9491608284
226895,43878.016,47227.628186990245
226896,43878.016,43042.58083938404
226897,43878.016,61739.17873436013
226898,43878.016,15913.096066056294
226899,43878.016,43242.03830890855
226900,43878.016,6092.938039715091
226901,43878.016,25836.906185138552
226902,43878.016,40102.30068224728
226903,43878.016,11838.901383079565
226904,43878.016,54839.21641280594
226905,43878.016,30977.418783294477
226906,43878.016,13426.453962658783
226907,43878.016,51536.330495875845
226908,43878.016,66498.84224925334
226909,43878.016,17637.596160589757
226910,43878.016,113194.50432757426
226911,43878.016,22733.13633381976
226912,43878.016,20592.508700725277
226913,43878.016,34415.68075379784
226914,43878.016,48747.22749420273
226915,43878.016,65838.25164654669
226916,43878.016,7219.831030023054
226917,43878.016,46208.009116325455
226918,43878.016,34190.945263124784
226919,43878.016,64099.48831233256
226920,43878.016,8479.984063949963
226921,43878.016,33740.29077083713
226922,43878.016,19908.598821970838
226923,43878.016,73139.10086088386
226924,43878.016,21427.953344477268
226925,43878.016,11884.911657047118
226926,43878.016,54746.06467789009
226927,43878.016,16610.72316841435
226928,43878.016,30854.31200303689
226929,43878.016,50747.88053679929
226930,43878.016,47121.53248757111
226931,43878.016,44000.37587117883
226932,43878.016,72374.70338149705
226933,43878.016,11194.20074717929
226934,43878.016,31053.13958897017
226935,43878.016,15821.393582975208
226936,43878.016,15182.423484583785
226937,43878.016,8829.864278542751
226938,43878.016,6018.4690501072055
226939,43878.016,49107.68968972361
226940,43878.016,38843.47478998845
226941,43878.016,38564.49162856974
226942,43878.016,13192.919346166724
226943,43878.016,50657.43256324087
226944,43878.016,108506.81439686412
226945,43878.016,24043.87221507236
226946,43878.016,71796.86647536278
226947,43878.016,11285.570739393033
226948,43878.016,39654.091266604635
226949,43878.016,94645.68491318595
226950,43878.016,14483.046418497566
226951,43878.016,29996.180739741536
226952,43878.016,16133.407064909188
226953,43878.016,48626.86454646889
226954,43878.016,42384.11380399565
226955,43878.016,28790.879625393613
226956,43878.016,73911.96061017764
226957,43878.016,58518.699895202306
226958,43878.016,35103.71989097353
226959,43878.016,68672.02663649574
226960,43878.016,50368.36372374254
226961,43878.016,57834.48771628938
226962,43878.016,55673.13225158639
226963,43878.016,31010.75750010732
226964,43878.016,57314.54690667979
226965,43878.016,49144.69993145473
226966,43878.016,20582.025360676995
226967,43878.016,65372.72913702294
226968,43878.016,53230.84143141343
226969,43878.016,33116.959237999865
226970,43878.016,29716.596130573645
226971,43878.016,35928.87508509155
226972,43878.016,9054.791138092369
226973,43878.016,37153.15695049378
226974,43878.016,21889.890545268583
226975,43878.016,13222.83905639789
226976,43878.016,29611.636242396045
226977,43878.016,38049.11101344872
226978,43878.016,35160.87390591098
226979,43878.016,30437.2603063995
226980,43878.016,45543.02644077985
226981,43878.016,22724.18547109663
226982,43878.016,12422.665765241985
226983,43878.016,55532.72351002159
226984,43878.016,46269.11464189099
226985,43878.016,19896.273900032964
226986,43878.016,32939.4570757375
226987,43878.016,25124.52074604936
226988,43878.016,57034.39497137174
226989,43878.016,37475.955207153806
226990,43878.016,54656.21101386409
226991,43878.016,13441.166487180471
226992,43878.016,15411.158756232287
226993,43878.016,19628.34445797076
226994,43878.016,56068.56468457081
226995,43878.016,30134.865903934744
226996,43878.016,35990.264677044644
226997,43878.016,12851.615127522153
226998,43878.016,26508.5989059148
226999,43878.016,51163.48501294829
227000,43878.016,34508.741548461716
227001,43878.016,50521.58357511378
227002,43878.016,15578.178697408932
227003,43878.016,34874.49695983092
227004,43878.016,9978.485315375754
227005,43878.016,48935.30607645639
227006,43878.016,60060.52739805001
227007,43878.016,64557.34557535307
227008,43878.016,8836.60175405544
227009,43878.016,13019.939323705064
227010,43878.016,59289.70673153125
227011,43878.016,51453.237855458414
227012,43878.016,35704.56940964975
227013,43878.016,15371.796722935484
227014,43878.016,10980.858098086228
227015,43878.016,28325.543958281207
227016,43878.016,35093.31245969527
227017,43878.016,27349.54279918011
227018,43878.016,11858.441692334078
227019,43878.016,75427.75293934008
227020,43878.016,27902.47107013162
227021,43878.016,69058.06532688152
227022,43878.016,9259.592640461393
227023,43878.016,42182.2100313863
227024,43878.016,11327.151652812032
227025,43878.016,35444.196410752564
227026,43878.016,30846.049789848526
227027,43878.016,59732.178608633476
227028,43878.016,51041.818451762585
227029,43878.016,64863.77075696809
227030,43878.016,54699.01608772345
227031,43878.016,34629.791001044476
227032,43878.016,9427.397630797179
227033,43878.016,34926.60286146285
227034,43878.016,10410.145488260629
227035,43878.016,61466.69415690101
227036,43878.016,48918.087881851374
227037,43878.016,76442.6621813638
227038,43878.016,9853.505261476592
227039,43878.016,63317.97067081597
227040,43878.016,8866.86290423482
227041,43878.016,38645.435039641176
227042,43878.016,16477.76844730497
227043,43878.016,12932.413408693541
227044,43878.016,15429.552113485133
227045,43878.016,51497.51341461015
227046,43878.016,19832.95995346396
227047,43878.016,16417.586027378933
227048,43878.016,13624.584406531485
227049,43878.016,32756.47561529655
227050,43878.016,28233.998230128534
227051,43878.016,26629.81408802691
227052,43878.016,58178.35138622373
227053,43878.016,46200.95068154129
227054,43878.016,17173.306316543072
227055,43878.016,77468.07281247573
227056,43878.016,31025.956321939833
227057,43878.016,9898.48628621303
227058,43878.016,45343.48114374027
227059,43878.016,52159.62816009591
227060,43878.016,41520.77996817125
227061,43878.016,17053.396648197187
227062,43878.016,57756.34828962404
227063,43878.016,17749.759877673227
227064,43878.016,32003.048478611894
227065,43878.016,22009.698088308545
227066,43878.016,53444.29269760165
227067,43878.016,23361.841326584043
227068,43878.016,43550.92456483622
227069,43878.016,5920.084112800401
227070,43878.016,35562.156138031525
227071,43878.016,22494.88086976528
227072,43878.016,45187.56964279935
227073,43878.016,43260.56983894488
227074,43878.016,24388.348583751627
227075,43878.016,47957.4341604461
227076,43878.016,33958.03195640576
227077,43878.016,24837.062300993086
227078,43878.016,31547.87736959162
227079,43878.016,34481.00336888906
227080,43878.016,58016.87211191069
227081,43878.016,18893.35442658066
227082,43878.016,19657.731070828468
227083,43878.016,61151.97913283024
227084,43878.016,49450.07814292152
227085,43878.016,50998.49864993032
227086,43878.016,38332.34532787813
227087,43878.016,32275.097225105797
227088,43878.016,19236.319098887405
227089,43878.016,57384.44328339113
227090,43878.016,50304.4280753565
227091,43878.016,21164.777350932927
227092,43878.016,36197.640968077816
227093,43878.016,31389.808941859814
227094,43878.016,27582.18606776318
227095,43878.016,45201.24587557561
227096,43878.016,11941.489970637549
227097,43878.016,13456.28237636467
227098,43878.016,18827.34701885091
227099,43878.016,16780.07495278644
227100,43878.016,19094.812088460596
227101,43878.016,18816.81039082779
227102,43878.016,35647.05521944165
227103,43878.016,52414.110640664185
227104,43878.016,19774.873774799773
227105,43878.016,8176.747544006004
227106,43878.016,30410.48562393683
227107,43878.016,66301.83462974137
227108,43878.016,32699.93194385069
227109,43878.016,19232.98431331459
227110,43878.016,46514.86264215113
227111,43878.016,19599.836689872973
227112,43878.016,8850.7840363724
227113,43878.016,70478.68576685224
227114,43878.016,49134.91167486812
227115,43878.016,5012.478839811228
227116,43878.016,16085.617575969229
227117,43878.016,25864.70560695502
227118,43878.016,41819.11467611225
227119,43878.016,28805.957919907214
227120,43878.016,82430.46380945752
227121,43878.016,23805.880910720898
227122,43878.016,36283.10836107681
227123,43878.016,3987.7084682244704
227124,43878.016,33203.43787088461
227125,43878.016,49744.596907568906
227126,43878.016,36204.6544999305
227127,43878.016,59678.412051627834
227128,43878.016,31995.41157533763
227129,43878.016,43344.03794431877
227130,43878.016,7391.828070185684
227131,43878.016,54785.901849660055
227132,43878.016,29886.06029825772
227133,43878.016,18867.69347149458
227134,43878.016,52039.00817602231
227135,43878.016,14143.74970859632
227136,43878.016,23269.29068614359
227137,43878.016,8677.402705156643
227138,43878.016,147527.1562465195
227139,43878.016,36340.26874099027
227140,43878.016,8216.4341998274
227141,43878.016,23234.144093667608
227142,43878.016,24448.388078722568
227143,43878.016,16499.41286004226
227144,43878.016,50872.28500013492
227145,43878.016,19358.243866675344
227146,43878.016,36259.35655130915
227147,43878.016,19143.287552391044
227148,43878.016,62212.5835729924
227149,43878.016,8732.946145573545
227150,43878.016,53895.11643700427
227151,43878.016,50309.901884613246
227152,43878.016,62784.32180154671
227153,43878.016,12289.801118169747
227154,43878.016,23540.117692932246
227155,43878.016,31955.16621032735
227156,43878.016,12573.081640668563
227157,43878.016,23511.967058893828
227158,43878.016,43173.03377125651
227159,43878.016,45622.39500772427
227160,43878.016,24538.41738307352
227161,43878.016,10697.605796484806
227162,43878.016,48748.06007027208
227163,43878.016,19738.979910361835
227164,43878.016,22796.078116164605
227165,43878.016,17562.711154320335
227166,43878.016,68608.80940576753
227167,43878.016,6183.275797147396
227168,43878.016,12398.707698337801
227169,43878.016,56588.278933486385
227170,43878.016,13583.775533887027
227171,43878.016,22582.455898668923
227172,43878.016,39295.98618660129
227173,43878.016,13754.30925798662
227174,43878.016,25651.980505293806
227175,43878.016,70350.0452586277
227176,43878.016,24177.837881926058
227177,43878.016,9776.747273042056
227178,43878.016,13824.261709747028
227179,43878.016,14443.727924018121
227180,43878.016,42582.84046705743
227181,43878.016,72657.75297495222
227182,43878.016,10545.939117227283
227183,43878.016,11998.156263658155
227184,43878.016,31149.307997351934
227185,43878.016,32827.30731605376
227186,43878.016,18433.83134985151
227187,43878.016,27226.2209063769
227188,43878.016,33213.90834974877
227189,43878.016,9443.198912884973
227190,43878.016,26431.043384565128
227191,43878.016,33414.90329940945
227192,43878.016,66480.54068882657
227193,43878.016,26377.52122399024
227194,43878.016,61260.46731151896
227195,43878.016,11920.295728442406
227196,43878.016,55004.59397248181
227197,43878.016,29770.12995280122
227198,43878.016,22186.714840044373
227199,43878.016,12190.13171030736
227200,43878.016,58420.13541448628
227201,43878.016,51196.39645003104
227202,43878.016,6637.559939951207
227203,43878.016,48941.93776230824
227204,43878.016,61343.39150667111
227205,43878.016,33620.2506007622
227206,43878.016,47069.29657855062
227207,43878.016,43875.30626639144
227208,43878.016,31792.28535987806
227209,43878.016,63746.92718048609
227210,43878.016,52331.606049047754
227211,43878.016,23290.313435805383
227212,43878.016,57905.0730312631
227213,43878.016,13097.122448162854
227214,43878.016,42126.67130139178
227215,43878.016,46496.87987186651
227216,43878.016,53850.15391384278
227217,43878.016,39183.06112387958
227218,43878.016,43899.74931386785
227219,43878.016,33111.62188139356
227220,43878.016,49798.9381409554
227221,43878.016,20732.8414730286
227222,43878.016,17240.39533507088
227223,43878.016,92839.15895124941
227224,43878.016,14153.72240413886
227225,43878.016,23488.998411495908
227226,43878.016,11351.983900012754
227227,43878.016,13141.529227683226
227228,43878.016,7817.15473301514
227229,43878.016,49799.70636018781
227230,43878.016,33466.573274788185
227231,43878.016,65460.033235789684
227232,43878.016,119614.76764057262
227233,43878.016,118677.69446663422
227234,43878.016,20073.155467025517
227235,43878.016,50694.22696576287
227236,43878.016,21480.07103997307
227237,43878.016,34271.83588517157
227238,43878.016,11699.32984933431
227239,43878.016,13992.802773892408
227240,43878.016,17191.43784936095
227241,43878.016,69328.35440360721
227242,43878.016,8832.02175523576
227243,43878.016,41653.919408696966
227244,43878.016,15162.310821396279
227245,43878.016,27495.270897863178
227246,43878.016,38176.26529952798
227247,43878.016,43630.69633545124
227248,43878.016,10932.349354417209
227249,43878.016,55935.01802545141
227250,43878.016,63786.167805105164
227251,43878.016,40060.205689129805
227252,43878.016,9959.412316056056
227253,43878.016,52121.097434444986
227254,43878.016,24316.268318418304
227255,43878.016,22220.56291650006
227256,43878.016,64127.46362687013
227257,43878.016,28438.878858967037
227258,43878.016,41188.14239988464
227259,43878.016,19537.986312660516
227260,43878.016,16209.159205942902
227261,43878.016,29129.579911941488
227262,43878.016,21298.063490650507
227263,43878.016,28872.410781874136
227264,43878.016,28285.11399308338
227265,43878.016,23082.469110391354
227266,43878.016,48479.99141443681
227267,43878.016,7892.306306154271
227268,43878.016,8969.460303876729
227269,43878.016,30504.049562072683
227270,43878.016,65802.57076401955
227271,43878.016,18611.300135072044
227272,43878.016,77070.64449386823
227273,43878.016,11220.98763819938
227274,43878.016,28380.101337026448
227275,43878.016,14597.00066843064
227276,43878.016,44590.723761224406
227277,43878.016,18396.339879032992
227278,43878.016,53174.1916211511
227279,43878.016,18027.107769311675
227280,43878.016,48357.461219636345
227281,43878.016,42004.03635815935
227282,43878.016,96414.93504111771
227283,43878.016,48572.24894450359
227284,43878.016,36201.79029992916
227285,43878.016,19767.11177066263
227286,43878.016,24323.506462593574
227287,43878.016,60839.70519281795
227288,43878.016,33399.852618635334
227289,43878.016,52354.15309801421
227290,43878.016,16673.79464572436
227291,43878.016,77461.76796685692
227292,43878.016,27863.315792980786
227293,43878.016,44994.05775078349
227294,43878.016,61209.01625981842
227295,43878.016,54070.06920597061
227296,43878.016,47132.630537726145
227297,43878.016,42047.4243524221
227298,43878.016,10506.743412773207
227299,43878.016,51137.17169914919
227300,43878.016,26695.285486272733
227301,43878.016,54446.10675645097
227302,43878.016,34386.940808160856
227303,43878.016,44606.84961701756
227304,43878.016,54801.97528471521
227305,43878.016,42467.035060698254
227306,43878.016,13688.561664312816
227307,43878.016,21522.381714262992
227308,43878.016,45100.20307696302
227309,43878.016,9575.856935181706
227310,43878.016,34030.320547938194
227311,43878.016,46700.205981022715
227312,43878.016,6939.15625913743
227313,43878.016,14927.669565091961
227314,43878.016,57849.155702650125
227315,43878.016,6248.529907225132
227316,43878.016,7491.950042601535
227317,43878.016,53908.470368512266
227318,43878.016,14110.085940473478
227319,43878.016,25709.586161599076
227320,43878.016,25308.04379591292
227321,43878.016,9687.614580298634
227322,43878.016,58203.86862441365
227323,43878.016,46007.34496757782
227324,43878.016,31694.041020788463
227325,43878.016,58799.859018814146
227326,43878.016,18218.724486557818
227327,43878.016,55655.316130440144
227328,43878.016,30938.07960937032
227329,43878.016,51596.465963189294
227330,43878.016,6851.232943254652
227331,43878.016,44199.80226059298
227332,43878.016,50349.92613205305
227333,43878.016,47720.928897722224
227334,43878.016,12045.384806896895
227335,43878.016,46078.18527323669
227336,43878.016,35899.65394500803
227337,43878.016,32335.808890305372
227338,43878.016,27507.444716706304
227339,43878.016,10238.654077185245
227340,43878.016,65155.868179336874
227341,43878.016,20363.13037641076
227342,43878.016,53936.37380862994
227343,43878.016,27573.16148782133
227344,43878.016,55238.78277862046
227345,43878.016,27830.258077704017
227346,43878.016,50644.72726317939
227347,43878.016,50334.03003628413
227348,43878.016,9975.263922511915
227349,43878.016,13361.37920590238
227350,43878.016,48607.86631528208
227351,43878.016,47691.1234240828
227352,43878.016,33504.750296562306
227353,43878.016,49565.49639239355
227354,43878.016,17931.795949810697
227355,43878.016,16803.406982442986
227356,43878.016,17836.05099328946
227357,43878.016,20680.981339443526
227358,43878.016,13869.065737242627
227359,43878.016,114987.51093293929
227360,43878.016,45922.83202384637
227361,43878.016,20653.155660807897
227362,43878.016,34847.10387166353
227363,43878.016,75271.05608436535
227364,43878.016,10159.517325025094
227365,43878.016,53268.87253028249
227366,43878.016,41180.74242776976
227367,43878.016,48546.099900165515
227368,43878.016,58698.098498305226
227369,43878.016,42424.89476665084
227370,43878.016,23173.5400396303
227371,43878.016,19292.43708454741
227372,43878.016,32809.60505887625
227373,43878.016,19747.888626960575
227374,43878.016,60157.003795759665
227375,43878.016,45714.27751715514
227376,43878.016,24341.070537688498
227377,43878.016,66255.32211936646
227378,43878.016,15965.168567387684
227379,43878.016,50879.6991212243
227380,43878.016,35146.743171447146
227381,43878.016,7901.908018466422
227382,43878.016,18349.54824121554
227383,43878.016,30283.095568023447
227384,43878.016,48613.80952572582
227385,43878.016,17597.389327088025
227386,43878.016,63073.70594312413
227387,43878.016,36430.37064592711
227388,43878.016,13966.052418058707
227389,43878.016,44587.89085529425
227390,43878.016,11645.986927652239
227391,43878.016,38014.167956417725
227392,43878.016,37005.13856840799
227393,43878.016,57898.23563719372
227394,43878.016,57874.29338141026
227395,43878.016,6429.529995746311
227396,43878.016,47515.034967260784
227397,43878.016,21308.35384549079
227398,43878.016,25855.192082024587
227399,43878.016,43254.152615823325
227400,43878.016,46626.7106367572
227401,43878.016,38790.68248778014
227402,43878.016,41057.28517561509
227403,43878.016,56006.16980824651
227404,43878.016,41943.41392355128
227405,43878.016,10411.901139028201
227406,43878.016,11101.451823796004
227407,43878.016,27032.692277274782
227408,43878.016,11498.188010150143
227409,43878.016,40255.58077236611
227410,43878.016,31458.644182175234
227411,43878.016,21402.560099106755
227412,43878.016,119575.69327891452
227413,43878.016,12876.144578183272
227414,43878.016,45562.05943772545
227415,43878.016,20046.660581179476
227416,43878.016,54695.62302730937
227417,43878.016,33155.28439803739
227418,43878.016,36391.929413513935
227419,43878.016,13035.116662583112
227420,43878.016,70414.13367092496
227421,43878.016,30499.70671406709
227422,43878.016,22101.311617577365
227423,43878.016,57192.0934634249
227424,43878.016,31408.66894363044
227425,43878.016,22299.852926025305
227426,43878.016,15884.12486403052
227427,43878.016,14724.259734015797
227428,43878.016,20862.08819486404
227429,43878.016,32765.823577088016
227430,43878.016,41145.009582177634
227431,43878.016,51605.935448781805
227432,43878.016,16460.36961473271
227433,43878.016,34250.997489856745
227434,43878.016,55289.13344291454
227435,43878.016,21464.11266238312
227436,43878.016,11750.889484973632
227437,43878.016,21647.77107444033
227438,43878.016,37099.09144881134
227439,43878.016,26955.600054459184
227440,43878.016,34264.30140323993
227441,43878.016,44823.84463634191
227442,43878.016,37343.99706591449
227443,43878.016,9995.605980346325
227444,43878.016,15169.271036016902
227445,43878.016,39465.12058907495
227446,43878.016,38550.67481017913
227447,43878.016,26533.21367268187
227448,43878.016,14434.606543247763
227449,43878.016,23286.35464361437
227450,43878.016,19809.80339007941
227451,43878.016,9366.790871404843
227452,43878.016,24736.687682913467
227453,43878.016,17920.739845924814
227454,43878.016,13870.266948124447
227455,43878.016,52607.98746386359
227456,43878.016,48651.373091437585
227457,43878.016,16238.834617274131
227458,43878.016,7930.274800332464
227459,43878.016,10182.49035384749
227460,43878.016,10198.966318334507
227461,43878.016,36091.306335685615
227462,43878.016,17948.745277803562
227463,43878.016,19066.685739240133
227464,43878.016,55067.58222843838
227465,43878.016,50071.89767256752
227466,43878.016,27047.172369573193
227467,43878.016,55864.06740190073
227468,43878.016,37268.06911426722
227469,43878.016,67411.69606019082
227470,43878.016,57469.681547886226
227471,43878.016,38613.283784498875
227472,43878.016,60545.59258690091
227473,43878.016,10849.057275141322
227474,43878.016,12577.042393501823
227475,43878.016,31952.856018099246
227476,43878.016,21340.651457765918
227477,43878.016,47246.41780289232
227478,43878.016,6427.544516014969
227479,43878.016,25277.054397512762
227480,43878.016,31343.66831815823
227481,43878.016,10028.440055482362
227482,43878.016,27430.252191581665
227483,43878.016,12803.691145510116
227484,43878.016,15623.182233077023
227485,43878.016,33218.95900507934
227486,43878.016,57443.43226384136
227487,43878.016,19149.104507173954
227488,43878.016,24126.121057866163
227489,43878.016,22520.843823745323
227490,43878.016,25401.974501684796
227491,43878.016,40126.87511101384
227492,43878.016,89605.40868395584
227493,43878.016,48230.0440845756
227494,43878.016,58318.68819714565
227495,43878.016,63553.10846679376
227496,43878.016,23694.616213064455
227497,43878.016,17154.30999492699
227498,43878.016,45564.458662866986
227499,43878.016,17289.26479898627
227500,43878.016,25816.15850138837
227501,43878.016,69170.41068583757
227502,43878.016,58348.54195599339
227503,43878.016,30723.394469790757
227504,43878.016,40489.92309494461
227505,43878.016,8243.525914133164
227506,43878.016,34644.123338610465
227507,43878.016,61517.429100763205
227508,43878.016,37456.36952499546
227509,43878.016,51767.153725334356
227510,43878.016,49412.43108332539
227511,43878.016,29211.391213532643
227512,43878.016,36325.46421470539
227513,43878.016,7262.462525233363
227514,43878.016,6965.938785586885
227515,43878.016,14385.104589565603
227516,43878.016,20811.306013570796
227517,43878.016,22764.377582129706
227518,43878.016,23478.60127283672
227519,43878.016,23730.87030202067
227520,43878.016,40073.607410440934
227521,43878.016,31386.909186651195
227522,43878.016,28455.629216338843
227523,43878.016,5925.387903438039
227524,43878.016,34095.08304703598
227525,43878.016,28919.834488689572
227526,43878.016,12867.892847287763
227527,43878.016,16623.21014091127
227528,43878.016,13497.812630840759
227529,43878.016,10223.981704375872
227530,43878.016,24072.80791397167
227531,43878.016,48546.85669894985
227532,43878.016,7812.75981185492
227533,43878.016,21411.545295777803
227534,43878.016,15723.036316562617
227535,43878.016,37687.79535649213
227536,43878.016,18317.469462401743
227537,43878.016,30836.66707878468
227538,43878.016,63973.63200465143
227539,43878.016,17480.778893534116
227540,43878.016,21134.000343596283
227541,43878.016,18392.79556529188
227542,43878.016,20541.717698280045
227543,43878.016,11582.077389254504
227544,43878.016,17652.351486009666
227545,43878.016,17996.625111755784
227546,43878.016,45435.08436457372
227547,43878.016,52033.711509926
227548,43878.016,53185.177222239916
227549,43878.016,24832.78836006786
227550,43878.016,18741.99241418299
227551,43878.016,21082.972978473703
227552,43878.016,47391.1431101327
227553,43878.016,62214.63186274276
227554,43878.016,63155.926910301714
227555,43878.016,75232.41087346351
227556,43878.016,30412.254346473917
227557,43878.016,7649.925961755958
227558,43878.016,12363.753124028415
227559,43878.016,34990.461024733224
227560,43878.016,34222.38635419394
227561,43878.016,45487.519020649466
227562,43878.016,20120.899933843953
227563,43878.016,28609.485957626635
227564,43878.016,8953.627775193298
227565,43878.016,47295.95720401254
227566,43878.016,59560.51863380946
227567,43878.016,35157.51635729403
227568,43878.016,51601.256780976364
227569,43878.016,22759.79452444732
227570,43878.016,20286.73290504353
227571,43878.016,49734.49470711421
227572,43878.016,58236.981987160216
227573,43878.016,13613.73282324112
227574,43878.016,40490.58997622558
227575,43878.016,45686.38672572232
227576,43878.016,35398.326437546544
227577,43878.016,22134.816347757504
227578,43878.016,29851.455899927478
227579,43878.016,20709.109209766688
227580,43878.016,18525.997804189024
227581,43878.016,13546.6131091665
227582,43878.016,38549.30958454385
227583,43878.016,59051.475850704745
227584,43878.016,12177.044113344757
227585,43878.016,74224.06189196886
227586,43878.016,17612.543181705656
227587,43878.016,47461.602359173376
227588,43878.016,36170.438935533835
227589,43878.016,41748.97107723783
227590,43878.016,22182.197443975452
227591,43878.016,14947.899427715565
227592,43878.016,39866.39733878645
227593,43878.016,33852.67557671393
227594,43878.016,47112.142736942296
227595,43878.016,58045.64806182603
227596,43878.016,63820.437516442966
227597,43878.016,47181.29493283724
227598,43878.016,49974.593306707204
227599,43878.016,62249.81015593419
227600,43878.016,52945.22968727734
227601,43878.016,19600.128169649528
227602,43878.016,30525.434757478237
227603,43878.016,42596.76002153986
227604,43878.016,11782.713925409202
227605,43878.016,38763.270090783095
227606,43878.016,14702.545408104545
227607,43878.016,37195.64964588437
227608,43878.016,57734.02187025706
227609,43878.016,32759.462654219133
227610,43878.016,22810.88660091314
227611,43878.016,29689.750959805377
227612,43878.016,25546.442545652575
227613,43878.016,18116.9965444824
227614,43878.016,38986.342832779395
227615,43878.016,18782.823832404953
227616,43878.016,28386.68623392535
227617,43878.016,55639.63847872684
227618,43878.016,50207.47449378801
227619,43878.016,33793.57831807466
227620,43878.016,11150.618669796511
227621,43878.016,27423.74717483126
227622,43878.016,54782.78135060838
227623,43878.016,14196.373360361948
227624,43878.016,40508.01174931228
227625,43878.016,30633.959379999567
227626,43878.016,72590.84918382496
227627,43878.016,67934.25936448187
227628,43878.016,35812.8777066279
227629,43878.016,67275.5731459309
227630,43878.016,26512.453396975154
227631,43878.016,41838.59062110012
227632,43878.016,65129.3010628762
227633,43878.016,41795.20218437438
227634,43878.016,23282.92910028003
227635,43878.016,45839.781657654166
227636,43878.016,11321.645996836722
227637,43878.016,12405.022232142885
227638,43878.016,66365.53989776589
227639,43878.016,17378.917375397796
227640,43878.016,35054.192730128765
227641,43878.016,30311.819154194673
227642,43878.016,42976.114931396856
227643,43878.016,55236.67809116212
227644,43878.016,47416.01052621334
227645,43878.016,11727.898496361373
227646,43878.016,33007.53502505723
227647,43878.016,48086.90454123163
227648,43878.016,32580.75322762735
227649,43878.016,23546.12966376072
227650,43878.016,23675.281189963433
227651,43878.016,49933.95125209972
227652,43878.016,74264.48186560975
227653,43878.016,39464.62006460695
227654,43878.016,27256.41987620693
227655,43878.016,35205.52424494657
227656,43878.016,52496.02747189463
227657,43878.016,14375.17542064959
227658,43878.016,34133.05821719409
227659,43878.016,26318.140186303153
227660,43878.016,15737.482001361424
227661,43878.016,11520.216687978096
227662,43878.016,39994.24099030292
227663,43878.016,71612.57234434705
227664,43878.016,45088.577560787446
227665,43878.016,48956.07418262757
227666,43878.016,37859.64068684242
227667,43878.016,42280.460815781495
227668,43878.016,42461.03230393305
227669,43878.016,30965.958245398404
227670,43878.016,96220.38632086905
227671,43878.016,19723.3217970051
227672,43878.016,46686.48373873431
227673,43878.016,21436.387561672887
227674,43878.016,11429.378010959037
227675,43878.016,43669.27260922209
227676,43878.016,28624.3093756976
227677,43878.016,9321.725606899465
227678,43878.016,35012.85591844237
227679,43878.016,35876.11711517797
227680,43878.016,19946.238299520006
227681,43878.016,61776.63342524954
227682,43878.016,50621.21870543003
227683,43878.016,25680.041759394986
227684,43878.016,73674.27126197664
227685,43878.016,31234.520343383225
227686,43878.016,8333.494445060976
227687,43878.016,51929.796459453115
227688,43878.016,57947.25199011649
227689,43878.016,40923.26788820921
227690,43878.016,40926.76439172459
227691,43878.016,17777.52330862907
227692,43878.016,13515.988795216663
227693,43878.016,51251.93340419269
227694,43878.016,24264.238780427768
227695,43878.016,47401.663959900434
227696,43878.016,23283.388015840574
227697,43878.016,16881.252054708686
227698,43878.016,33424.54257896653
227699,43878.016,14001.533599478995
227700,43878.016,71832.33518946887
227701,43878.016,24952.28135295392
227702,43878.016,69575.0548008153
227703,43878.016,56901.79261055447
227704,43878.016,43205.629140147124
227705,43878.016,24487.059498446608
227706,43878.016,26781.74529922301
227707,43878.016,11980.891539441294
227708,43878.016,22579.340928741934
227709,43878.016,10606.228306597044
227710,43878.016,8895.538830945972
227711,43878.016,13585.08454848653
227712,43878.016,55862.55360097927
227713,43878.016,27455.500711237033
227714,43878.016,16889.953543607673
227715,43878.016,15057.117928992711
227716,43878.016,22109.968359651542
227717,43878.016,25695.024426485816
227718,43878.016,56741.68120908383
227719,43878.016,6589.128962116036
227720,43878.016,46629.44616929817
227721,43878.016,28678.951884882055
227722,43878.016,61493.84033978693
227723,43878.016,48714.34804540743
227724,43878.016,30174.516021717474
227725,43878.016,18875.760401055995
227726,43878.016,56353.901001212835
227727,43878.016,17346.933126623273
227728,43878.016,42605.40520772099
227729,43878.016,43309.07757368402
227730,43878.016,9656.713902548287
227731,43878.016,24089.256961903662
227732,43878.016,31796.4703433527
227733,43878.016,12471.871233268832
227734,43878.016,43735.100157909685
227735,43878.016,52825.71825450189
227736,43878.016,34492.11711194061
227737,43878.016,22724.518433664656
227738,43878.016,17794.14997291595
227739,43878.016,26973.368560768828
227740,43878.016,44485.37083248697
227741,43878.016,24358.07730667659
227742,43878.016,17728.773618305233
227743,43878.016,7113.700353041618
227744,43878.016,5763.896852480253
227745,43878.016,56922.12775977198
227746,43878.016,48292.21675227267
227747,43878.016,10607.525996880211
227748,43878.016,26358.07317024489
227749,43878.016,101142.62047041628
227750,43878.016,17680.644589514457
227751,43878.016,84060.22733738684
227752,43878.016,23254.30910830895
227753,43878.016,48396.643857128314
227754,43878.016,9263.482266261148
227755,43878.016,18845.190455892647
227756,43878.016,23277.996508444598
227757,43878.016,37256.31033798422
227758,43878.016,25029.125374872096
227759,43878.016,39717.62411990207
227760,43878.016,23689.87746585974
227761,43878.016,21655.169734020154
227762,43878.016,42114.75002501552
227763,43878.016,16630.138984359375
227764,43878.016,13965.375057892037
227765,43878.016,23818.12687860474
227766,43878.016,10816.745105029304
227767,43878.016,20170.33881959097
227768,43878.016,13859.439668608067
227769,43878.016,38267.33943537761
227770,43878.016,30139.21695367716
227771,43878.016,16104.24934167039
227772,43878.016,55668.63810468011
227773,43878.016,30601.66538042207
227774,43878.016,45491.54715199221
227775,43878.016,57530.43506325408
227776,43878.016,47599.43386956475
227777,43878.016,18842.508346601826
227778,43878.016,21964.576410212172
227779,43878.016,45995.44144190645
227780,43878.016,18123.170995819157
227781,43878.016,55878.494264977504
227782,43878.016,26701.865215414866
227783,43878.016,50114.40735325025
227784,43878.016,8217.569290000032
227785,43878.016,14224.161898964781
227786,43878.016,36278.901876176824
227787,43878.016,60796.166483488
227788,43878.016,15477.399754662569
227789,43878.016,53675.603479610305
227790,43878.016,20575.455280210543
227791,43878.016,13337.732075273376
227792,43878.016,45893.313947200004
227793,43878.016,18534.385834498193
227794,43878.016,9425.809118847956
227795,43878.016,11756.42407198871
227796,43878.016,89248.24947839932
227797,43878.016,13175.790695763644
227798,43878.016,24012.01156577783
227799,43878.016,23150.2725293301
227800,43878.016,34049.7854841617
227801,43878.016,33788.06603014472
227802,43878.016,7236.795633630089
227803,43878.016,43471.16924132988
227804,43878.016,16291.7927216159
227805,43878.016,52435.283459895116
227806,43878.016,9763.298017366064
227807,43878.016,13963.907762045548
227808,43878.016,16081.551819893952
227809,43878.016,66530.48529941842
227810,43878.016,26920.65667173467
227811,43878.016,59848.99260751852
227812,43878.016,35842.17199493851
227813,43878.016,15596.856554800608
227814,43878.016,55478.28656801955
227815,43878.016,17576.088781819934
227816,43878.016,19197.180516043853
227817,43878.016,24551.217476658814
227818,43878.016,52847.2125828739
227819,43878.016,42035.17195030419
227820,43878.016,10793.962764065653
227821,43878.016,29379.215540876685
227822,43878.016,28214.602428358423
227823,43878.016,24487.133504745958
227824,43878.016,48440.25831925051
227825,43878.016,26108.691267488095
227826,43878.016,72415.02231618212
227827,43878.016,17909.06879561521
227828,43878.016,40436.40156823025
227829,43878.016,19397.477534809
227830,43878.016,38481.56665964021
227831,43878.016,13104.477139391402
227832,43878.016,11777.916310716002
227833,43878.016,61032.8635110714
227834,43878.016,53018.39901553045
227835,43878.016,18951.15390670985
227836,43878.016,78474.49571391326
227837,43878.016,64655.907890636285
227838,43878.016,53328.24929910143
227839,43878.016,16897.502940756025
227840,43878.016,21807.816320468766
227841,43878.016,12520.527828811415
227842,43878.016,57423.8016217085
227843,43878.016,39400.04579516625
227844,43878.016,51282.09436504013
227845,43878.016,51518.71087517193
227846,43878.016,48470.75161819842
227847,43878.016,19539.8212275005
227848,43878.016,15035.492742563614
227849,43878.016,26173.810155427393
227850,43878.016,62928.52761422438
227851,43878.016,27151.767467303653
227852,43878.016,11213.234405341249
227853,43878.016,9455.532266854387
227854,43878.016,35374.654293235006
227855,43878.016,29036.865146054726
227856,43878.016,33660.53067040084
227857,43878.016,31406.619554606496
227858,43878.016,8764.59471337613
227859,43878.016,24917.929809375764
227860,43878.016,46406.55872866284
227861,43878.016,54672.4009616116
227862,43878.016,49693.97912677801
227863,43878.016,58801.01396016364
227864,43878.016,42369.28187203179
227865,43878.016,25354.919208608124
227866,43878.016,52844.78079448504
227867,43878.016,16475.26221788902
227868,43878.016,15248.281337085387
227869,43878.016,45397.87063768939
227870,43878.016,77281.79699300863
227871,43878.016,58411.630706851014
227872,43878.016,21777.087085661908
227873,43878.016,59501.305520937254
227874,43878.016,22049.55991155574
227875,43878.016,25952.92327505613
227876,43878.016,16501.4820937085
227877,43878.016,65373.43879352963
227878,43878.016,30174.963346046683
227879,43878.016,14283.664678735773
227880,43878.016,15124.907432300897
227881,43878.016,38280.91566860076
227882,43878.016,21534.18998558285
227883,43878.016,22114.41713104197
227884,43878.016,44618.97632115884
227885,43878.016,9922.997791303706
227886,43878.016,91216.53592593766
227887,43878.016,41963.99237725409
227888,43878.016,40186.625229129386
227889,43878.016,22931.87032743036
227890,43878.016,86791.60897789293
227891,43878.016,20564.616531798594
227892,43878.016,46365.44109278169
227893,43878.016,30819.90352903887
227894,43878.016,14976.737792638924
227895,43878.016,29444.031580931212
227896,43878.016,47394.83453126707
227897,43878.016,66971.88206329543
227898,43878.016,28349.736341614775
227899,43878.016,14693.30103681242
227900,43878.016,40686.28146998272
227901,43878.016,5287.327459465738
227902,43878.016,45671.51010210036
227903,43878.016,7773.892436398651
227904,43878.016,54373.19470683732
227905,43878.016,35463.28415737036
227906,43878.016,12020.456187675367
227907,43878.016,36832.75215574368
227908,43878.016,57942.856271739896
227909,43878.016,51883.78706044894
227910,43878.016,31012.434561819813
227911,43878.016,9620.230803232544
227912,43878.016,13093.627455082733
227913,43878.016,31940.4304230218
227914,43878.016,41809.80359057649
227915,43878.016,30256.295429069
227916,43878.016,31977.72011382059
227917,43878.016,52953.95987430286
227918,43878.016,12618.440009966735
227919,43878.016,25817.40524466698
227920,43878.016,50566.93787976005
227921,43878.016,27026.637606389526
227922,43878.016,16241.20862632602
227923,43878.016,22050.580389431947
227924,43878.016,23899.10439297163
227925,43878.016,17486.96842335958
227926,43878.016,13150.007648373561
227927,43878.016,72928.47190292168
227928,43878.016,51046.88576213634
227929,43878.016,5901.826957683811
227930,43878.016,20383.711434355788
227931,43878.016,51137.18445980894
227932,43878.016,46758.36734796938
227933,43878.016,71325.95085617538
227934,43878.016,57080.60673570349
227935,43878.016,24037.82260230753
227936,43878.016,20171.891093739305
227937,43878.016,52963.259976366324
227938,43878.016,80760.10271568662
227939,43878.016,84082.05761945917
227940,43878.016,42504.709565680525
227941,43878.016,11344.902784510961
227942,43878.016,8845.031379098124
227943,43878.016,27217.303534034167
227944,43878.016,48980.99002514163
227945,43878.016,22985.44461156404
227946,43878.016,9101.679027091413
227947,43878.016,17556.964666872624
227948,43878.016,7598.487934916905
227949,43878.016,56362.546735930315
227950,43878.016,17397.022068441936
227951,43878.016,8913.384121987678
227952,43878.016,50145.8949674947
227953,43878.016,18910.17485751311
227954,43878.016,47135.104644433166
227955,43878.016,32077.842520208298
227956,43878.016,25469.7692072405
227957,43878.016,31305.19314525402
227958,43878.016,10950.353759648135
227959,43878.016,54313.41302714048
227960,43878.016,37435.18022794856
227961,43878.016,22370.869888981128
227962,43878.016,29317.017998618958
227963,43878.016,31462.686891102083
227964,43878.016,24343.685058029023
227965,43878.016,28325.138949738597
227966,43878.016,39565.26339770819
227967,43878.016,66697.97150938582
227968,43878.016,46931.88155861801
227969,43878.016,44447.29088065633
227970,43878.016,8345.878492578242
227971,43878.016,20746.976481710983
227972,43878.016,25498.269297385148
227973,43878.016,68986.16466493701
227974,43878.016,20741.745599681573
227975,43878.016,48587.830733217874
227976,43878.016,27555.02807924158
227977,43878.016,28537.275864000327
227978,43878.016,12134.576063547504
227979,43878.016,8747.958213364609
227980,43878.016,48058.64624496307
227981,43878.016,38020.255643429286
227982,43878.016,25511.442641513273
227983,43878.016,23757.50229962542
227984,43878.016,30386.850304762826
227985,43878.016,40027.24839077872
227986,43878.016,16092.46807023228
227987,43878.016,41899.087643367915
227988,43878.016,17541.767098004675
227989,43878.016,40492.354404580714
227990,43878.016,21582.465566173
227991,43878.016,21342.244315044067
227992,43878.016,34525.21811629159
227993,43878.016,62924.328561239505
227994,43878.016,55893.99371932514
227995,43878.016,23107.841715978437
227996,43878.016,63730.769917917845
227997,43878.016,77472.80472861601
227998,43878.016,50051.67629761557
227999,43878.016,60935.8325628506
228000,43878.016,46790.16251209088
228001,43878.016,43239.47776814426
228002,43878.016,30824.85594338893
228003,43878.016,43503.98500443696
228004,43878.016,44138.41776602853
228005,43878.016,25989.27340448309
228006,43878.016,48438.11620891404
228007,43878.016,32877.687074112386
228008,43878.016,12160.81613169293
228009,43878.016,21952.8187646891
228010,43878.016,15494.950089896787
228011,43878.016,68809.29251183929
228012,43878.016,39748.52496082173
228013,43878.016,35952.886234960184
228014,43878.016,58226.73506612434
228015,43878.016,13307.249585046928
228016,43878.016,18712.867378827385
228017,43878.016,31498.613234189612
228018,43878.016,46453.12526315085
228019,43878.016,22303.199075487617
228020,43878.016,11309.72602105981
228021,43878.016,23201.4288075954
228022,43878.016,10998.34779943368
228023,43878.016,15147.837054382078
228024,43878.016,32707.011244080804
228025,43878.016,39209.18688326014
228026,43878.016,68366.79650106854
228027,43878.016,29080.69525951911
228028,43878.016,54893.76050777853
228029,43878.016,17405.467228488673
228030,43878.016,46600.68448839974
228031,43878.016,50430.57172244217
228032,43878.016,49519.36702052652
228033,43878.016,48192.383940617096
228034,43878.016,70931.90275622484
228035,43878.016,11468.883754171959
228036,43878.016,5106.0330213145335
228037,43878.016,33473.80211338075
228038,43878.016,10114.456968618186
228039,43878.016,65129.35561867659
228040,43878.016,45472.04579367409
228041,43878.016,28363.36605650713
228042,43878.016,44790.5587220638
228043,43878.016,6860.865569474033
228044,43878.016,10536.304033097427
228045,43878.016,75846.09922942898
228046,43878.016,9653.749439712592
228047,43878.016,50531.315745936496
228048,43878.016,47779.695231497324
228049,43878.016,48146.89356484962
228050,43878.016,55529.684951380914
228051,43878.016,39926.440311853985
228052,43878.016,43462.691178233705
228053,43878.016,47442.020500689774
228054,43878.016,52268.00018651
228055,43878.016,37905.87199371638
228056,43878.016,31919.869832579
228057,43878.016,20932.113410389935
228058,43878.016,28159.730869978164
228059,43878.016,86483.38849117028
228060,43878.016,10737.691590225873
228061,43878.016,16320.259710147413
228062,43878.016,40970.066518522486
228063,43878.016,30600.599441201823
228064,43878.016,47901.872035017535
228065,43878.016,32942.1253925747
228066,43878.016,26992.107596066144
228067,43878.016,19804.975274847406
228068,43878.016,30525.088545055365
228069,43878.016,42005.98824896313
228070,43878.016,30776.283567444363
228071,43878.016,49242.361415763924
228072,43878.016,32696.49371377038
228073,43878.016,36668.70111298579
228074,43878.016,51225.9506917717
228075,43878.016,60948.5593392646
228076,43878.016,12008.68269765416
228077,43878.016,20888.091917673155
228078,43878.016,9956.364472094487
228079,43878.016,53211.97068536174
228080,43878.016,38369.80111262799
228081,43878.016,45236.04450650721
228082,43878.016,60701.844691899714
228083,43878.016,20943.565429827868
228084,43878.016,35143.4011647303
228085,43878.016,22176.011027568777
228086,43878.016,11290.4667530339
228087,43878.016,62543.67375958948
228088,43878.016,11993.955832854508
228089,43878.016,27129.567705653124
228090,43878.016,36649.60094138626
228091,43878.016,19827.636638698314
228092,43878.016,41346.19118799437
228093,43878.016,29670.514504301867
228094,43878.016,8881.324164684478
228095,43878.016,26919.901094971734
228096,43878.016,20872.149615713144
228097,43878.016,51278.72969644248
228098,43878.016,39689.55955887322
228099,43878.016,52770.83964677307
228100,43878.016,12383.683199323534
228101,43878.016,27376.533063685365
228102,43878.016,31686.950840730893
228103,43878.016,60979.00598300348
228104,43878.016,46757.309681403334
228105,43878.016,7200.158916626747
228106,43878.016,8536.535964764453
228107,43878.016,24977.335400270593
228108,43878.016,35973.18951661211
228109,43878.016,57501.22921588837
228110,43878.016,42340.68837252862
228111,43878.016,6893.003486358063
228112,43878.016,24504.93205671952
228113,43878.016,21994.154997892398
228114,43878.016,65076.598013964314
228115,43878.016,59298.67393257154
228116,43878.016,50756.709838522685
228117,43878.016,17793.49744610924
228118,43878.016,29520.133203192516
228119,43878.016,47935.94274415067
228120,43878.016,32560.184437310923
228121,43878.016,53829.30943150334
228122,43878.016,39251.03689076793
228123,43878.016,18891.810061443364
228124,43878.016,43711.677375513194
228125,43878.016,11384.404837732294
228126,43878.016,16835.589706535113
228127,43878.016,46773.33686249768
228128,43878.016,16691.16513532935
228129,43878.016,9488.207512287483
228130,43878.016,42749.96383760142
228131,43878.016,70762.38598632859
228132,43878.016,42332.79735511389
228133,43878.016,44815.256392746305
228134,43878.016,56294.566011449475
228135,43878.016,56703.0806532315
228136,43878.016,24221.09257824412
228137,43878.016,15383.124282468347
228138,43878.016,57381.0765293714
228139,43878.016,35480.797918845084
228140,43878.016,7234.0799917141885
228141,43878.016,38470.55896019576
228142,43878.016,65767.26631645761
228143,43878.016,33197.68190778592
228144,43878.016,57062.11680759653
228145,43878.016,39952.55904989001
228146,43878.016,52675.97315234554
228147,43878.016,43962.41242624636
228148,43878.016,37542.21724468224
228149,43878.016,29077.236653641266
228150,43878.016,54530.597151388785
228151,43878.016,9076.345406706396
228152,43878.016,64489.600064292856
228153,43878.016,17436.63444737188
228154,43878.016,17077.800170014056
228155,43878.016,64449.068528701595
228156,43878.016,18628.095135926535
228157,43878.016,18280.53857426652
228158,43878.016,26343.8305105591
228159,43878.016,69616.49595513151
228160,43878.016,34867.35490640259
228161,43878.016,30216.373845460726
228162,43878.016,9597.283203222984
228163,43878.016,42273.06977595255
228164,43878.016,10521.837789998117
228165,43878.016,58509.11642383384
228166,43878.016,27031.369899028665
228167,43878.016,66998.23883723065
228168,43878.016,70262.29136991668
228169,43878.016,54621.09256451314
228170,43878.016,56638.335882402665
228171,43878.016,9339.2605705623
228172,43878.016,18993.213600797095
228173,43878.016,60456.80296442724
228174,43878.016,55575.63799126872
228175,43878.016,18753.52839936222
228176,43878.016,63059.19387267537
228177,43878.016,20045.930775165012
228178,43878.016,10419.289631388869
228179,43878.016,8718.272485497017
228180,43878.016,62140.01611421412
228181,43878.016,17919.196091300688
228182,43878.016,45074.19082863739
228183,43878.016,9823.08293647898
228184,43878.016,15124.030579254326
228185,43878.016,26966.252694958126
228186,43878.016,35676.11322136999
228187,43878.016,46494.75723404087
228188,43878.016,37854.352807096315
228189,43878.016,19989.094398485937
228190,43878.016,62464.21152620049
228191,43878.016,34430.7089802257
228192,43878.016,30851.757973887357
228193,43878.016,68513.9631340927
228194,43878.016,60035.67018214271
228195,43878.016,40005.05754447452
228196,43878.016,11042.322671568252
228197,43878.016,14818.124972218266
228198,43878.016,78100.01820160003
228199,43878.016,19832.76878653937
228200,43878.016,40164.50347830285
228201,43878.016,37836.18333565613
228202,43878.016,53125.22225895995
228203,43878.016,57487.45053875742
228204,43878.016,33647.266848767256
228205,43878.016,7988.887424602393
228206,43878.016,16942.055159269978
228207,43878.016,40858.833553251396
228208,43878.016,8292.447610792646
228209,43878.016,36676.344529996066
228210,43878.016,15086.999550589055
228211,43878.016,13658.081908652095
228212,43878.016,31913.46206677994
228213,43878.016,14922.620974063979
228214,43878.016,40836.63172935359
228215,43878.016,12147.983410519642
228216,43878.016,58317.258203458674
228217,43878.016,28585.820804515846
228218,43878.016,62773.31435469658
228219,43878.016,31813.18707030612
228220,43878.016,16786.151424408352
228221,43878.016,45297.00770913333
228222,43878.016,3878.9547994030754
228223,43878.016,45565.409461207775
228224,43878.016,55665.10008449266
228225,43878.016,54619.73868113917
228226,43878.016,73813.38678473006
228227,43878.016,15759.223125153234
228228,43878.016,54104.263732775704
228229,43878.016,21488.51196069508
228230,43878.016,52518.095380703344
228231,43878.016,13970.096580024816
228232,43878.016,37481.639342759
228233,43878.016,76800.67638643202
228234,43878.016,48784.638198326014
228235,43878.016,74792.16930188544
228236,43878.016,13355.719002279024
228237,43878.016,34455.02640841084
228238,43878.016,12123.200028736584
228239,43878.016,45082.47550146275
228240,43878.016,14173.442715048359
228241,43878.016,41917.38233834859
228242,43878.016,34157.59258563314
228243,43878.016,60201.44002689126
228244,43878.016,8928.853089963926
228245,43878.016,13398.943103051992
228246,43878.016,44511.342054467605
228247,43878.016,21095.582281059007
228248,43878.016,23224.583629377506
228249,43878.016,17305.838859066534
228250,43878.016,43788.807924516164
228251,43878.016,11191.684580312642
228252,43878.016,38715.334993214085
228253,43878.016,36471.594261082355
228254,43878.016,31048.467552243794
228255,43878.016,62907.24933929349
228256,43878.016,71160.53963648227
228257,43878.016,33663.1952444961
228258,43878.016,72476.16546300892
228259,43878.016,46654.39827512592
228260,43878.016,13307.922063571645
228261,43878.016,32004.819383947317
228262,43878.016,11256.685790358402
228263,43878.016,43994.927265807695
228264,43878.016,65315.7402848386
228265,43878.016,16396.60918426098
228266,43878.016,33041.47405401791
228267,43878.016,10583.844292017335
228268,43878.016,36475.49442982549
228269,43878.016,54438.85818516827
228270,43878.016,41835.1031814322
228271,43878.016,79786.69117780769
228272,43878.016,48286.60004368365
228273,43878.016,38481.44259959733
228274,43878.016,56750.42421912166
228275,43878.016,67530.9419118167
228276,43878.016,9787.498028632663
228277,43878.016,44417.063525902806
228278,43878.016,44654.898741095276
228279,43878.016,61923.82081070532
228280,43878.016,9000.844661789579
228281,43878.016,10695.79187263112
228282,43878.016,23167.744363581296
228283,43878.016,23810.436863514424
228284,43878.016,33320.5456414557
228285,43878.016,9091.466336597863
228286,43878.016,51345.50579774172
228287,43878.016,39630.44654169216
228288,43878.016,59079.08049170017
228289,43878.016,8203.732196397277
228290,43878.016,16010.40969313646
228291,43878.016,32442.93620435013
228292,43878.016,6465.53092101607
228293,43878.016,11736.409362663479
228294,43878.016,32774.98694028107
228295,43878.016,44319.43591015204
228296,43878.016,68917.87709777412
228297,43878.016,50363.777650724296
228298,43878.016,51301.93825986358
228299,43878.016,23766.991195364535
228300,43878.016,82456.76501279035
228301,43878.016,15796.757901922276
228302,43878.016,30168.112110720795
228303,43878.016,43477.32596688782
228304,43878.016,26737.79813979892
228305,43878.016,23017.68105363181
228306,43878.016,29877.433073462737
228307,43878.016,24338.69984702123
228308,43878.016,58210.65451325121
228309,43878.016,40013.334944932685
228310,43878.016,15459.458196163745
228311,43878.016,24011.81001554994
228312,43878.016,55032.81141427149
228313,43878.016,20806.609329567156
228314,43878.016,15578.987903396704
228315,43878.016,19256.85432383817
228316,43878.016,22899.60640033446
228317,43878.016,44683.81377867545
228318,43878.016,15047.659764332206
228319,43878.016,14066.591110420892
228320,43878.016,46480.99796567328
228321,43878.016,58721.86241341268
228322,43878.016,24569.614296652042
228323,43878.016,21806.265374968658
228324,43878.016,24112.7247703525
228325,43878.016,25894.331178893535
228326,43878.016,46501.4258578133
228327,43878.016,45467.494469063255
228328,43878.016,30515.957126917645
228329,43878.016,39156.66371962519
228330,43878.016,20215.113944474117
228331,43878.016,12068.302866867954
228332,43878.016,53067.07014465315
228333,43878.016,53608.23221202951
228334,43878.016,25767.5891292604
228335,43878.016,46966.33301773598
228336,43878.016,37632.78187283508
228337,43878.016,19158.553079714766
228338,43878.016,53012.55746635053
228339,43878.016,29916.482640087917
228340,43878.016,14653.389870601297
228341,43878.016,18385.6572082011
228342,43878.016,41783.752461068674
228343,43878.016,32517.221812642954
228344,43878.016,32901.54716929059
228345,43878.016,6641.109973994134
228346,43878.016,33410.61935610703
228347,43878.016,45704.11530833537
228348,43878.016,29080.758625993803
228349,43878.016,10061.923756775894
228350,43878.016,61281.65275846798
228351,43878.016,9433.626209909662
228352,43878.016,33718.50311518317
228353,43878.016,38175.32662733761
228354,43878.016,53123.463787119435
228355,43878.016,18924.440906963722
228356,43878.016,13660.189653523354
228357,43878.016,26191.337007908245
228358,43878.016,37965.9840249091
228359,43878.016,10461.154145431412
228360,43878.016,30007.27991119277
228361,43878.016,20205.8061473485
228362,43878.016,26568.32919499938
228363,43878.016,15466.957712801715
228364,43878.016,28595.308077262664
228365,43878.016,28052.730258963602
228366,43878.016,21871.700222889063
228367,43878.016,27299.6276567696
228368,43878.016,52483.370865291574
228369,43878.016,30483.377263789636
228370,43878.016,23729.85857765374
228371,43878.016,7866.945502215311
228372,43878.016,9707.385615027591
228373,43878.016,61913.581162146314
228374,43878.016,76493.52537447747
228375,43878.016,11760.72290695127
228376,43878.016,33695.07035764982
228377,43878.016,27412.373047312405
228378,43878.016,10111.72830942974
228379,43878.016,61264.27212779773
228380,43878.016,15079.113382611204
228381,43878.016,46009.21310903725
228382,43878.016,16986.347676238343
228383,43878.016,51155.00395500837
228384,43878.016,32956.12280280423
228385,43878.016,15667.84992459146
228386,43878.016,32651.103629561047
228387,43878.016,45913.31568106518
228388,43878.016,45283.0621938894
228389,43878.016,19519.488529334165
228390,43878.016,35456.056518706566
228391,43878.016,47802.078794175
228392,43878.016,64887.95104793449
228393,43878.016,8075.129304868293
228394,43878.016,99542.9163582775
228395,43878.016,38012.63421375139
228396,43878.016,59211.560379882394
228397,43878.016,37823.62930126778
228398,43878.016,30822.439392675107
228399,43878.016,54663.35215748805
228400,43878.016,20887.137104328864
228401,43878.016,7546.682658294198
228402,43878.016,39711.676310599
228403,43878.016,7758.072563008763
228404,43878.016,17917.06543892182
228405,43878.016,39356.184244653436
228406,43878.016,31891.879546987326
228407,43878.016,7296.325536250285
228408,43878.016,8668.455671803611
228409,43878.016,48751.89027023112
228410,43878.016,26302.742487718464
228411,43878.016,31479.524313954782
228412,43878.016,17752.26271261945
228413,43878.016,44127.528110822175
228414,43878.016,51535.20508948175
228415,43878.016,59687.82616776245
228416,43878.016,34429.85079505294
228417,43878.016,20987.113324801318
228418,43878.016,17824.58781015255
228419,43878.016,64790.69885932402
228420,43878.016,12094.482527684044
228421,43878.016,24807.417039764034
228422,43878.016,12341.622450877645
228423,43878.016,69869.32410898438
228424,43878.016,24375.918188793148
228425,43878.016,11099.85267507734
228426,43878.016,27389.536101737882
228427,43878.016,16696.081810061874
228428,43878.016,37324.971870789916
228429,43878.016,31629.90750166031
228430,43878.016,27408.764444541703
228431,43878.016,39261.36461006056
228432,43878.016,58815.46728366676
228433,43878.016,12487.493157724695
228434,43878.016,5985.5641113988295
228435,43878.016,37708.05859506875
228436,43878.016,19552.57615317467
228437,43878.016,46948.47682415123
228438,43878.016,71469.37632640207
228439,43878.016,11526.563545589186
228440,43878.016,61682.351707591304
228441,43878.016,31297.79702145514
228442,43878.016,55160.68574582296
228443,43878.016,21163.99453042271
228444,43878.016,12037.11687929886
228445,43878.016,26657.015685669598
228446,43878.016,35874.302551413035
228447,43878.016,76645.23230447301
228448,43878.016,56062.74289296454
228449,43878.016,55543.39839315729
228450,43878.016,66255.41752579424
228451,43878.016,13678.74609551706
228452,43878.016,49073.9107089187
228453,43878.016,11131.074755136411
228454,43878.016,21465.233266274
228455,43878.016,18166.151622965102
228456,43878.016,49752.47009658577
228457,43878.016,9329.831223815512
228458,43878.016,12054.974213754376
228459,43878.016,73162.03604809214
228460,43878.016,40252.576684046646
228461,43878.016,51731.1528416345
228462,43878.016,27655.929642540523
228463,43878.016,15287.707089864865
228464,43878.016,58529.24151371773
228465,43878.016,109128.77773360061
228466,43878.016,48091.5315167561
228467,43878.016,17285.88876119191
228468,43878.016,28743.19014880682
228469,43878.016,26887.782623184896
228470,43878.016,19997.247899165868
228471,43878.016,29000.349555752044
228472,43878.016,13863.207894236166
228473,43878.016,57985.07300015877
228474,43878.016,12698.52972406238
228475,43878.016,41429.86542376677
228476,43878.016,18278.972519161813
228477,43878.016,43360.83610582542
228478,43878.016,34519.23786110972
228479,43878.016,30485.96138280698
228480,43878.016,8191.037355956849
228481,43878.016,10849.11355460951
228482,43878.016,62922.511935294395
228483,43878.016,21564.723527167345
228484,43878.016,31384.092306595634
228485,43878.016,44577.339550094315
228486,43878.016,47203.54637096739
228487,43878.016,57097.69949099998
228488,43878.016,38091.872265541344
228489,43878.016,50896.27724160606
228490,43878.016,66885.01499266973
228491,43878.016,20768.11621615232
228492,43878.016,29453.514136588008
228493,43878.016,24416.562054734797
228494,43878.016,48214.46897852992
228495,43878.016,14720.538805312837
228496,43878.016,46096.56901734673
228497,43878.016,50542.430934294774
228498,43878.016,37413.31858384251
228499,43878.016,22724.381189102784
228500,43878.016,51161.047586751374
228501,43878.016,14382.716487353688
228502,43878.016,23070.382014460018
228503,43878.016,44818.80725513779
228504,43878.016,28646.393287183015
228505,43878.016,26843.710966440398
228506,43878.016,20408.035282195826
228507,43878.016,22175.88991892042
228508,43878.016,13536.70103823425
228509,43878.016,30802.924574580265
228510,43878.016,12328.78939466424
228511,43878.016,16250.3186262283
228512,43878.016,20016.738778695224
228513,43878.016,42811.604203367046
228514,43878.016,22592.28606825068
228515,43878.016,52021.518665939075
228516,43878.016,38708.277965986716
228517,43878.016,41868.19731507503
228518,43878.016,83714.08450060175
228519,43878.016,7780.3190670289005
228520,43878.016,9799.241396983627
228521,43878.016,74960.68231167308
228522,43878.016,29455.413789325037
228523,43878.016,59263.002662383435
228524,43878.016,28798.69264716956
228525,43878.016,18188.112864230076
228526,43878.016,47613.2063849411
228527,43878.016,97112.8661473122
228528,43878.016,41800.54051744167
228529,43878.016,8716.730457909875
228530,43878.016,52044.143382207374
228531,43878.016,48051.520983540475
228532,43878.016,69264.46216048062
228533,43878.016,21105.434112507708
228534,43878.016,34396.99132503369
228535,43878.016,52206.18703966447
228536,43878.016,22616.32624628914
228537,43878.016,54601.94800372568
228538,43878.016,24844.56766185722
228539,43878.016,51254.27682604847
228540,43878.016,78558.8099645898
228541,43878.016,51137.70735413844
228542,43878.016,36761.527514903595
228543,43878.016,36757.540088384165
228544,43878.016,24547.20876747132
228545,43878.016,46459.80445603023
228546,43878.016,67319.83324916383
228547,43878.016,49929.8757969761
228548,43878.016,15276.032600800474
228549,43878.016,54797.730051679704
228550,43878.016,9953.706258910463
228551,43878.016,144980.01649540916
228552,43878.016,39029.022771279284
228553,43878.016,21295.39209814397
228554,43878.016,30836.947229179146
228555,43878.016,46240.87572407752
228556,43878.016,64145.20671739607
228557,43878.016,70988.82676067315
228558,43878.016,55047.60988197909
228559,43878.016,31565.251057387068
228560,43878.016,52799.62695483507
228561,43878.016,74105.60405433273
228562,43878.016,16970.445883474415
228563,43878.016,52924.26509598705
228564,43878.016,53654.88406070704
228565,43878.016,7525.328914633304
228566,43878.016,59953.28495802052
228567,43878.016,41282.07114587966
228568,43878.016,15448.514466814871
228569,43878.016,41017.599997656966
228570,43878.016,55706.4803562133
228571,43878.016,14910.862240848517
228572,43878.016,16259.98110211031
228573,43878.016,23988.037824651972
228574,43878.016,21605.238027513384
228575,43878.016,73635.12925057877
228576,43878.016,13863.963845613243
228577,43878.016,30788.100583668333
228578,43878.016,21388.55944295913
228579,43878.016,29336.37222682888
228580,43878.016,52876.040670527414
228581,43878.016,10796.290746276103
228582,43878.016,15813.046566429706
228583,43878.016,21783.799013806936
228584,43878.016,22259.537870672244
228585,43878.016,30407.184068890645
228586,43878.016,15940.589734479941
228587,43878.016,58006.80837798204
228588,43878.016,28416.057072737247
228589,43878.016,32018.04657793417
228590,43878.016,26316.406415269583
228591,43878.016,11971.31690394116
228592,43878.016,53781.811798459494
228593,43878.016,55797.71399350153
228594,43878.016,29565.220817817357
228595,43878.016,66234.20497995387
228596,43878.016,43199.839108397115
228597,43878.016,19077.649430206453
228598,43878.016,15548.850012498056
228599,43878.016,70455.39092564565
228600,43878.016,14545.286212492048
228601,43878.016,70787.84602110588
228602,43878.016,37550.1041711027
228603,43878.016,59274.72918403838
228604,43878.016,16140.369109932652
228605,43878.016,32338.640297943624
228606,43878.016,36677.13739136707
228607,43878.016,9073.808734483946
228608,43878.016,14610.55641281068
228609,43878.016,11926.000624551743
228610,43878.016,27851.95265200915
228611,43878.016,10586.969057104341
228612,43878.016,32752.573743602683
228613,43878.016,52529.569334750035
228614,43878.016,11527.97734620205
228615,43878.016,21186.373970098444
228616,43878.016,58570.299405545375
228617,43878.016,18157.907723688702
228618,43878.016,13894.85970466923
228619,43878.016,24961.538042828244
228620,43878.016,10518.59783840762
228621,43878.016,37359.7445681104
228622,43878.016,36144.53452278203
228623,43878.016,13688.834565951101
228624,43878.016,18723.794138489222
228625,43878.016,48120.79304938412
228626,43878.016,20521.393365846026
228627,43878.016,50540.871182167124
228628,43878.016,30148.445250282686
228629,43878.016,24657.418369978364
228630,43878.016,17477.6058708247
228631,43878.016,35102.22101506886
228632,43878.016,59931.826640302024
228633,43878.016,15087.44765671636
228634,43878.016,26292.224646160805
228635,43878.016,47809.49140620716
228636,43878.016,19854.983797749137
228637,43878.016,23614.79503708667
228638,43878.016,38791.849359894084
228639,43878.016,43413.15354728569
228640,43878.016,52544.17257301408
228641,43878.016,48105.27704021539
228642,43878.016,50263.66367056278
228643,43878.016,24141.85194098475
228644,43878.016,27395.717581687386
228645,43878.016,36534.756714385694
228646,43878.016,20278.367071733333
228647,43878.016,38188.621164719254
228648,43878.016,55077.01296513536
228649,43878.016,41238.82644536141
228650,43878.016,19242.972961302727
228651,43878.016,14098.868322004524
228652,43878.016,66673.0964968783
228653,43878.016,65452.51838947662
228654,43878.016,51582.36225028322
228655,43878.016,55070.13582508621
228656,43878.016,19680.798713089218
228657,43878.016,51372.67308016597
228658,43878.016,10176.678697335363
228659,43878.016,10295.579582630868
228660,43878.016,42319.030368227825
228661,43878.016,38306.68069890812
228662,43878.016,63778.417775421025
228663,43878.016,38296.24043830534
228664,43878.016,11351.218755549806
228665,43878.016,43281.90583618069
228666,43878.016,29814.750445248785
228667,43878.016,58724.36179854236
228668,43878.016,56518.90433429945
228669,43878.016,16147.368659018373
228670,43878.016,29610.439733325424
228671,43878.016,13845.549041647912
228672,43878.016,13408.698122933518
228673,43878.016,24949.41473546341
228674,43878.016,15941.319732474214
228675,43878.016,36759.693356520824
228676,43878.016,16330.55568863219
228677,43878.016,13280.514595267083
228678,43878.016,45577.136556888
228679,43878.016,37629.825100089925
228680,43878.016,35843.9433982461
228681,43878.016,19469.867896654014
228682,43878.016,12640.80966484592
228683,43878.016,39331.709371170764
228684,43878.016,44820.6754804352
228685,43878.016,46093.7842053877
228686,43878.016,33597.43075268757
228687,43878.016,13653.447606694072
228688,43878.016,15425.451346920541
228689,43878.016,41734.99991719234
228690,43878.016,27139.19690839479
228691,43878.016,35202.812709112906
228692,43878.016,30953.8312422475
228693,43878.016,13877.788976304433
228694,43878.016,17944.077395794495
228695,43878.016,23461.38876126483
228696,43878.016,18296.107842487814
228697,43878.016,24294.282619561625
228698,43878.016,17076.53257223471
228699,43878.016,41312.24233768534
228700,43878.016,34628.99048309471
228701,43878.016,47733.975733919564
228702,43878.016,34427.54359794322
228703,43878.016,21175.79320358425
228704,43878.016,49262.951597026375
228705,43878.016,34042.41964373466
228706,43878.016,44017.76117579176
228707,43878.016,6274.737301242951
228708,43878.016,71699.88757534446
228709,43878.016,64441.74058076262
228710,43878.016,49191.7217625372
228711,43878.016,15912.304837168804
228712,43878.016,23519.581983874737
228713,43878.016,17828.120028908488
228714,43878.016,8444.176704715583
228715,43878.016,21842.23633412689
228716,43878.016,17242.13331792254
228717,43878.016,46800.72338502454
228718,43878.016,29528.875194453838
228719,43878.016,71725.74825050391
228720,43878.016,9636.93723836116
228721,43878.016,14583.694404473334
228722,43878.016,19105.222405868375
228723,43878.016,63599.69945457553
228724,43878.016,17383.74486723635
228725,43878.016,11709.36044770287
228726,43878.016,45827.06846862615
228727,43878.016,103894.20548209315
228728,43878.016,26452.668417443936
228729,43878.016,12508.088172247217
228730,43878.016,46941.16855215945
228731,43878.016,70468.61379424369
228732,43878.016,20197.601055413725
228733,43878.016,74798.75238593943
228734,43878.016,37917.56547411312
228735,43878.016,31004.544325683735
228736,43878.016,17373.955035513893
228737,43878.016,43730.56102271236
228738,43878.016,38141.68805574016
228739,43878.016,23195.38916317683
228740,43878.016,12185.186310240639
228741,43878.016,37208.659448016646
228742,43878.016,22024.490307850072
228743,43878.016,22174.487866952782
228744,43878.016,36480.98443401143
228745,43878.016,17860.608481637057
228746,43878.016,10696.791600667799
228747,43878.016,43549.18328560438
228748,43878.016,19165.480263347752
228749,43878.016,28278.76985811723
228750,43878.016,55662.719304443555
228751,43878.016,22391.55829048596
228752,43878.016,105344.86163477301
228753,43878.016,33104.48357533105
228754,43878.016,14196.687838091433
228755,43878.016,46535.29947034944
228756,43878.016,39552.584586387806
228757,43878.016,38079.154309126454
228758,43878.016,11965.285638607696
228759,43878.016,5683.228341569143
228760,43878.016,47646.07376749665
228761,43878.016,31237.983566057406
228762,43878.016,51825.53442780558
228763,43878.016,55331.30058835351
228764,43878.016,28382.597270651615
228765,43878.016,2509.0063651573078
228766,43878.016,17391.848345316026
228767,43878.016,35061.581015921256
228768,43878.016,29734.706287302797
228769,43878.016,24499.00675946754
228770,43878.016,31395.02607620125
228771,43878.016,86980.68154332235
228772,43878.016,54721.96174023362
228773,43878.016,23219.496921547936
228774,43878.016,29727.81346234968
228775,43878.016,30529.684988056408
228776,43878.016,28159.106504604977
228777,43878.016,33842.91019413072
228778,43878.016,9536.872774479056
228779,43878.016,31441.65557793493
228780,43878.016,25103.79811293101
228781,43878.016,45861.08944159864
228782,43878.016,34796.496061301106
228783,43878.016,24688.030613334195
228784,43878.016,19705.62108471956
228785,43878.016,23556.55037812302
228786,43878.016,21763.472324666258
228787,43878.016,95237.4120997906
228788,43878.016,20497.662166053327
228789,43878.016,60845.15007427029
228790,43878.016,55300.816473767365
228791,43878.016,13980.407194314676
228792,43878.016,17153.019677241617
228793,43878.016,37210.01034229105
228794,43878.016,9049.30267287781
228795,43878.016,14578.987162652957
228796,43878.016,46779.64181804612
228797,43878.016,49418.905198653934
228798,43878.016,39541.11188167106
228799,43878.016,8731.984696622552
228800,43878.016,24250.027369966185
228801,43878.016,27289.637293656146
228802,43878.016,9332.39809086981
228803,43878.016,26873.510277475543
228804,43878.016,27451.86150736106
228805,43878.016,35487.31188870064
228806,43878.016,27556.47628629393
228807,43878.016,20377.51429682293
228808,43878.016,36236.800472076
228809,43878.016,76566.79629984585
228810,43878.016,24596.996768091947
228811,43878.016,65185.35916567384
228812,43878.016,117545.09439847148
228813,43878.016,30032.94518145468
228814,43878.016,25617.45148005638
228815,43878.016,55295.96004900219
228816,43878.016,48369.65944474633
228817,43878.016,42097.607048438
228818,43878.016,48692.122118306324
228819,43878.016,13593.638838664541
228820,43878.016,6563.880223444007
228821,43878.016,30141.980793829283
228822,43878.016,22657.97880324967
228823,43878.016,23542.422689476138
228824,43878.016,22422.491707655616
228825,43878.016,67871.22788319012
228826,43878.016,55157.72120734678
228827,43878.016,43780.35294752734
228828,43878.016,57518.8395990828
228829,43878.016,57655.43411479942
228830,43878.016,43469.05625698041
228831,43878.016,121500.20952315014
228832,43878.016,31548.809475655486
228833,43878.016,44450.69950425663
228834,43878.016,13159.206598614424
228835,43878.016,6047.874298309245
228836,43878.016,10879.38795522529
228837,43878.016,49735.27309721232
228838,43878.016,65877.95944449458
228839,43878.016,11172.352109297477
228840,43878.016,65092.11448761291
228841,43878.016,16360.795925920198
228842,43878.016,58688.603317456225
228843,43878.016,25339.301743765194
228844,43878.016,25064.644164937665
228845,43878.016,22773.015372189286
228846,43878.016,38244.63326803256
228847,43878.016,49513.90267711464
228848,43878.016,31290.32119859479
228849,43878.016,22007.856225099324
228850,43878.016,8389.670559197742
228851,43878.016,55705.96772006108
228852,43878.016,17462.354557729002
228853,43878.016,76658.3610864955
228854,43878.016,29743.583389816744
228855,43878.016,36742.815591310624
228856,43878.016,83108.39363723632
228857,43878.016,78816.44729933004
228858,43878.016,45892.58847125648
228859,43878.016,7347.947686905358
228860,43878.016,28497.39440749172
228861,43878.016,19722.878905264683
228862,43878.016,41433.811385556866
228863,43878.016,48317.5292656233
228864,43878.016,49147.41324005339
228865,43878.016,50985.61877230787
228866,43878.016,11576.109995939385
228867,43878.016,55877.66271780084
228868,43878.016,19857.690690534717
228869,43878.016,11616.287188297216
228870,43878.016,43803.14641683694
228871,43878.016,36114.48506462577
228872,43878.016,12194.289395431928
228873,43878.016,38131.66640223332
228874,43878.016,21763.75475593645
228875,43878.016,34698.0003310248
228876,43878.016,75914.38553974993
228877,43878.016,21017.89223812079
228878,43878.016,15270.709980256592
228879,43878.016,53649.177548021435
228880,43878.016,71047.18197264739
228881,43878.016,31382.406933361508
228882,43878.016,50039.3401791006
228883,43878.016,29574.354279799783
228884,43878.016,12997.164229765005
228885,43878.016,38330.52570183992
228886,43878.016,46417.29490682158
228887,43878.016,36474.67014062456
228888,43878.016,32375.63819996848
228889,43878.016,19762.081156834847
228890,43878.016,8704.015461646015
228891,43878.016,17651.320447217364
228892,43878.016,25306.983604752593
228893,43878.016,30471.02570677696
228894,43878.016,13489.892095212837
228895,43878.016,74903.96682325614
228896,43878.016,8436.363468902902
228897,43878.016,12383.516581020116
228898,43878.016,22306.133056403924
228899,43878.016,47889.91925832745
228900,43878.016,16250.716816243386
228901,43878.016,43160.86650308279
228902,43878.016,55101.33704890056
228903,43878.016,38380.46181266149
228904,43878.016,49660.86586674506
228905,43878.016,19133.163667211677
228906,43878.016,51627.3181697117
228907,43878.016,27487.60400545553
228908,43878.016,17567.662143463735
228909,43878.016,28534.47445878681
228910,43878.016,10867.347178294829
228911,43878.016,25878.804624958004
228912,43878.016,37916.38205416465
228913,43878.016,21336.726147544334
228914,43878.016,24934.823212262825
228915,43878.016,59063.73475351711
228916,43878.016,10083.83113166043
228917,43878.016,17381.01159527582
228918,43878.016,15556.07770207059
228919,43878.016,36546.169454292554
228920,43878.016,49655.10519525431
228921,43878.016,14885.573318350034
228922,43878.016,16714.296872687286
228923,43878.016,59602.07608590502
228924,43878.016,40783.72403895671
228925,43878.016,11108.955121166668
228926,43878.016,33920.31378346071
228927,43878.016,15192.875178919301
228928,43878.016,25379.459675612212
228929,43878.016,8109.132081129095
228930,43878.016,44041.82114303391
228931,43878.016,14834.122429394682
228932,43878.016,15920.46141382603
228933,43878.016,44344.40639465813
228934,43878.016,16910.544503809706
228935,43878.016,42734.82970752325
228936,43878.016,18099.469519371487
228937,43878.016,20988.969315767965
228938,43878.016,70562.07484634632
228939,43878.016,40344.68154281369
228940,43878.016,59197.65638160471
228941,43878.016,72518.04729946851
228942,43878.016,17181.53314003117
228943,43878.016,59965.965335068286
228944,43878.016,28172.52862661375
228945,43878.016,49738.77240907637
228946,43878.016,15501.365421323477
228947,43878.016,36235.70938211078
228948,43878.016,48823.65143488009
228949,43878.016,38431.44027182588
228950,43878.016,40234.506227201244
228951,43878.016,19233.729242729532
228952,43878.016,38771.82088878225
228953,43878.016,57851.574492396234
228954,43878.016,57267.9993323411
228955,43878.016,10090.603549576133
228956,43878.016,55405.74875606109
228957,43878.016,24714.914584151447
228958,43878.016,18189.780920287118
228959,43878.016,13025.012841515712
228960,43878.016,14736.560640026795
228961,43878.016,7092.439481579751
228962,43878.016,20170.73751653678
228963,43878.016,10231.14901398982
228964,43878.016,58796.30945642812
228965,43878.016,34180.35361065596
228966,43878.016,37602.15868052624
228967,43878.016,25510.825012958638
228968,43878.016,17583.939461047023
228969,43878.016,54138.57903807623
228970,43878.016,47449.87116608427
228971,43878.016,10541.186954004583
228972,43878.016,67254.43127037663
228973,43878.016,12878.25073615645
228974,43878.016,57378.775380334875
228975,43878.016,17371.63484178506
228976,43878.016,32884.841243511175
228977,43878.016,35554.46591584721
228978,43878.016,41273.846913382586
228979,43878.016,9059.04943541144
228980,43878.016,46212.02501688388
228981,43878.016,34388.239576186235
228982,43878.016,62974.98978959866
228983,43878.016,31998.667865838488
228984,43878.016,12760.734656164017
228985,43878.016,46646.64968048648
228986,43878.016,49592.719512282936
228987,43878.016,31700.020730319528
228988,43878.016,36658.95724269331
228989,43878.016,52563.12379884021
228990,43878.016,13925.804199771166
228991,43878.016,24513.446947824716
228992,43878.016,28450.28343069293
228993,43878.016,33291.54272626946
228994,43878.016,22189.513577991773
228995,43878.016,28479.330676725294
228996,43878.016,10383.88460703318
228997,43878.016,40601.59913961713
228998,43878.016,37045.335567080416
228999,43878.016,16494.845533631295
229000,43878.016,11590.038869997019
229001,43878.016,12567.323603459752
229002,43878.016,87738.45088850218
229003,43878.016,55119.44960735186
229004,43878.016,18700.69801140194
229005,43878.016,25809.628054931498
229006,43878.016,28603.013005242585
229007,43878.016,19057.61182034511
229008,43878.016,13495.319680041566
229009,43878.016,61545.53456554026
229010,43878.016,26900.796439312813
229011,43878.016,60096.63939458178
229012,43878.016,40258.076994456256
229013,43878.016,17876.86520109294
229014,43878.016,87073.36734644847
229015,43878.016,7708.874661163527
229016,43878.016,63248.78612920062
229017,43878.016,78375.02765132766
229018,43878.016,14434.782502475944
229019,43878.016,9245.196558745727
229020,43878.016,15728.552233159398
229021,43878.016,22329.410268270185
229022,43878.016,22213.445150543997
229023,43878.016,18777.89133914169
229024,43878.016,18550.582243411634
229025,43878.016,26197.354425054604
229026,43878.016,53389.254662821935
229027,43878.016,66710.07157349272
229028,43878.016,11083.016200052354
229029,43878.016,40599.39419272689
229030,43878.016,26064.42444393648
229031,43878.016,25779.94819919925
229032,43878.016,27297.404811281765
229033,43878.016,67103.81703195172
229034,43878.016,14076.642073052826
229035,43878.016,23085.891314193752
229036,43878.016,49042.155263866596
229037,43878.016,51542.90344949372
229038,43878.016,71178.0903723058
229039,43878.016,22792.19368065281
229040,43878.016,16060.603219117704
229041,43878.016,31527.502948025132
229042,43878.016,7954.543005877542
229043,43878.016,13385.49909491798
229044,43878.016,57295.473252084594
229045,43878.016,66865.64975550774
229046,43878.016,51004.78126647165
229047,43878.016,19099.059500698502
229048,43878.016,29410.869960518154
229049,43878.016,33100.79188052314
229050,43878.016,68368.9098097398
229051,43878.016,47651.37447491306
229052,43878.016,17858.331997824447
229053,43878.016,46151.82071346524
229054,43878.016,52784.427750676
229055,43878.016,92018.67041697094
229056,43878.016,29755.209091057674
229057,43878.016,71250.11090638707
229058,43878.016,55367.51406370592
229059,43878.016,50087.138941199366
229060,43878.016,2990.653109233903
229061,43878.016,71516.68233676616
229062,43878.016,116414.4487786705
229063,43878.016,41188.08055285058
229064,43878.016,18771.544359507025
229065,43878.016,51993.76001863026
229066,43878.016,52984.513210691344
229067,43878.016,77812.66179262062
229068,43878.016,29345.81162723102
229069,43878.016,13274.835441112551
229070,43878.016,27794.378275092386
229071,43878.016,20630.67169860848
229072,43878.016,17978.40540967289
229073,43878.016,47823.35797625605
229074,43878.016,45292.01207406602
229075,43878.016,22597.689126226276
229076,43878.016,26556.362739874385
229077,43878.016,28229.43958470773
229078,43878.016,55463.53118286993
229079,43878.016,39156.727086472354
229080,43878.016,47297.5754866012
229081,43878.016,44314.048487225984
229082,43878.016,65817.18615076081
229083,43878.016,14030.940026221295
229084,43878.016,48849.0075564378
229085,43878.016,59061.27338616846
229086,43878.016,11283.574020845936
229087,43878.016,48707.17815580702
229088,43878.016,46804.73747635391
229089,43878.016,39940.30823728811
229090,43878.016,14182.241317335145
229091,43878.016,36754.33328560234
229092,43878.016,27628.47696133187
229093,43878.016,24852.862129480254
229094,43878.016,48165.78568477551
229095,43878.016,54949.51671322452
229096,43878.016,22113.5078743335
229097,43878.016,76541.29489591837
229098,43878.016,30142.661329764356
229099,43878.016,53265.38971308851
229100,43878.016,21083.427277148552
229101,43878.016,32521.309686826768
229102,43878.016,14942.279004716514
229103,43878.016,9677.59091932807
229104,43878.016,13073.028387835406
229105,43878.016,29075.06562700789
229106,43878.016,6162.185047921709
229107,43878.016,32216.625326783666
229108,43878.016,31872.08584625593
229109,43878.016,26312.841283973383
229110,43878.016,40980.319294398876
229111,43878.016,62646.605368315584
229112,43878.016,49900.49772972621
229113,43878.016,13009.566929552524
229114,43878.016,63235.95810230225
229115,43878.016,13405.235238109193
229116,43878.016,20725.948228647616
229117,43878.016,13484.188246842787
229118,43878.016,48684.94963905006
229119,43878.016,20381.73283601226
229120,43878.016,16835.735736199244
229121,43878.016,9533.096966115363
229122,43878.016,14662.25876816525
229123,43878.016,80133.62862865163
229124,43878.016,44150.987554961874
229125,43878.016,42215.753261012964
229126,43878.016,24877.800644714367
229127,43878.016,23319.812339197026
229128,43878.016,54016.6722498794
229129,43878.016,36386.07826372643
229130,43878.016,12905.424047314198
229131,43878.016,53726.426721868935
229132,43878.016,39498.15722835522
229133,43878.016,50444.99087681364
229134,43878.016,26937.876269554585
229135,43878.016,25195.359221004084
229136,43878.016,19886.738936669848
229137,43878.016,65759.2862744391
229138,43878.016,20455.561139184218
229139,43878.016,7447.705786724157
229140,43878.016,49966.36082128805
229141,43878.016,23038.749134339705
229142,43878.016,40956.93799884399
229143,43878.016,65513.89081804466
229144,43878.016,22903.244334070496
229145,43878.016,50284.517298822844
229146,43878.016,20999.19386060657
229147,43878.016,44195.911989682645
229148,43878.016,14368.890742037716
229149,43878.016,39922.50757649107
229150,43878.016,28714.260136152014
229151,43878.016,65131.74833346372
229152,43878.016,63090.281989604635
229153,43878.016,51642.224753284514
229154,43878.016,71965.46607061748
229155,43878.016,33857.04256171419
229156,43878.016,26479.19664204405
229157,43878.016,29722.6506774864
229158,43878.016,9175.895149345957
229159,43878.016,19931.340751702413
229160,43878.016,73370.81195638012
229161,43878.016,52203.73320904483
229162,43878.016,24575.969186325077
229163,43878.016,81099.02651240477
229164,43878.016,30644.02299345208
229165,43878.016,64684.59545541671
229166,43878.016,21134.269147012503
229167,43878.016,31617.731310483803
229168,43878.016,14910.467314762413
229169,43878.016,43924.12695754039
229170,43878.016,27198.88631241442
229171,43878.016,14073.00875789805
229172,43878.016,65708.6293614002
229173,43878.016,50598.70391158413
229174,43878.016,51760.98616675321
229175,43878.016,66216.57682147842
229176,43878.016,34030.21265403588
229177,43878.016,16110.178449553654
229178,43878.016,80381.96208225816
229179,43878.016,45676.50745635163
229180,43878.016,21857.106976425603
229181,43878.016,41006.40030433671
229182,43878.016,22391.586916517066
229183,43878.016,45618.24788776236
229184,43878.016,52003.419294957595
229185,43878.016,12560.043779448451
229186,43878.016,53019.54938866328
229187,43878.016,38298.992194810024
229188,43878.016,14028.162206456373
229189,43878.016,34524.98661294898
229190,43878.016,40337.65085614455
229191,43878.016,12528.377606590715
229192,43878.016,49343.04491886867
229193,43878.016,27819.857545386727
229194,43878.016,41654.48667703276
229195,43878.016,11629.635989329974
229196,43878.016,37703.85102449098
229197,43878.016,44669.44211475673
229198,43878.016,47049.407615660915
229199,43878.016,15669.975640580367
229200,43878.016,46641.47821794599
229201,43878.016,67080.78634965818
229202,43878.016,31425.202466654075
229203,43878.016,63061.094433234684
229204,43878.016,60494.52189163566
229205,43878.016,63523.200241809645
229206,43878.016,30619.515861328277
229207,43878.016,19415.186348246043
229208,43878.016,44002.00956599238
229209,43878.016,21752.255520800663
229210,43878.016,51421.89710901163
229211,43878.016,22818.897273204104
229212,43878.016,43920.30396727742
229213,43878.016,52033.74463359624
229214,43878.016,26813.178077732246
229215,43878.016,60688.95269315895
229216,43878.016,37712.59585442108
229217,43878.016,15889.895488152439
229218,43878.016,59276.76205290437
229219,43878.016,62492.68917472127
229220,43878.016,46942.125234647814
229221,43878.016,12924.418644516998
229222,43878.016,15266.92885781568
229223,43878.016,59911.44741924428
229224,43878.016,17137.64576633338
229225,43878.016,27567.357117200805
229226,43878.016,23823.38946493642
229227,43878.016,19771.881464700633
229228,43878.016,57353.21077411909
229229,43878.016,48550.81150141505
229230,43878.016,7847.997048625578
229231,43878.016,14832.79741874172
229232,43878.016,51244.53828290769
229233,43878.016,10468.766875305993
229234,43878.016,6162.360380872249
229235,43878.016,61355.077730653706
229236,43878.016,47050.64814395827
229237,43878.016,52485.937005174776
229238,43878.016,27134.481458293598
229239,43878.016,40078.06586189919
229240,43878.016,15929.73420302862
229241,43878.016,20796.811111329243
229242,43878.016,21475.15741278007
229243,43878.016,31378.39374075397
229244,43878.016,14822.433312493622
229245,43878.016,24329.582027653036
229246,43878.016,29935.86757947431
229247,43878.016,43226.9686200222
229248,43878.016,20532.831626534597
229249,43878.016,53594.37845235828
229250,43878.016,35475.10282467886
229251,43878.016,30632.342069234754
229252,43878.016,68521.18387708068
229253,43878.016,37509.72061514023
229254,43878.016,9105.532514349263
229255,43878.016,42783.19301155671
229256,43878.016,69744.70807292053
229257,43878.016,64322.25048681515
229258,43878.016,15510.82802102521
229259,43878.016,16588.492144232117
229260,43878.016,32657.633823141387
229261,43878.016,10316.504577526539
229262,43878.016,58323.25664333145
229263,43878.016,39760.965323195815
229264,43878.016,7353.386161565663
229265,43878.016,27287.563861575403
229266,43878.016,32068.8705894752
229267,43878.016,36152.54323004056
229268,43878.016,38300.44618382639
229269,43878.016,17931.558014782517
229270,43878.016,61158.093630219424
229271,43878.016,33634.67663935323
229272,43878.016,29220.73937036869
229273,43878.016,21090.16641263619
229274,43878.016,37537.21763729114
229275,43878.016,14469.218299270302
229276,43878.016,64770.75679886894
229277,43878.016,37005.08520272888
229278,43878.016,24350.887886979934
229279,43878.016,45639.24330461664
229280,43878.016,24122.93690255907
229281,43878.016,59460.42927217854
229282,43878.016,30930.689216380368
229283,43878.016,11000.954517994942
229284,43878.016,46279.20359807357
229285,43878.016,28598.67841792189
229286,43878.016,45823.672459599795
229287,43878.016,29011.58042885825
229288,43878.016,13182.131456623358
229289,43878.016,49726.89971300573
229290,43878.016,21079.26008143357
229291,43878.016,65055.353324871256
229292,43878.016,11749.50480784672
229293,43878.016,13980.937405199176
229294,43878.016,28397.239614592512
229295,43878.016,13215.830354060037
229296,43878.016,66111.38818729625
229297,43878.016,60602.37521318739
229298,43878.016,27197.421701870433
229299,43878.016,46706.37941290303
229300,43878.016,49769.65103431028
229301,43878.016,61628.42916650577
229302,43878.016,50555.07335154551
229303,43878.016,17305.12401541128
229304,43878.016,16940.09080163108
229305,43878.016,45900.04060229849
229306,43878.016,19835.644444759084
229307,43878.016,51429.93620689079
229308,43878.016,38081.39405815479
229309,43878.016,11618.664723852195
229310,43878.016,64494.563677521466
229311,43878.016,18514.196015974067
229312,43878.016,28833.989060989305
229313,43878.016,30179.361449588207
229314,43878.016,23912.26975414665
229315,43878.016,55504.48033226242
229316,43878.016,20062.276157688517
229317,43878.016,54572.7017706387
229318,43878.016,91239.24696293674
229319,43878.016,60573.41131359878
229320,43878.016,39810.95999157799
229321,43878.016,46159.26705218996
229322,43878.016,45790.0408677495
229323,43878.016,27074.279600255133
229324,43878.016,13684.71317829201
229325,43878.016,27069.57298933814
229326,43878.016,48634.62842200402
229327,43878.016,10097.207801368826
229328,43878.016,45216.30582918606
229329,43878.016,27951.546751621292
229330,43878.016,6155.480646599627
229331,43878.016,43418.341947735295
229332,43878.016,13582.342420447047
229333,43878.016,9312.427009767907
229334,43878.016,32417.371857048252
229335,43878.016,24560.907652090777
229336,43878.016,11410.310701400047
229337,43878.016,56476.975063801205
229338,43878.016,15628.590157781997
229339,43878.016,38756.47473134923
229340,43878.016,39634.49706560896
229341,43878.016,21867.608931135255
229342,43878.016,50986.807232440246
229343,43878.016,43510.28154125384
229344,43878.016,25350.85401765478
229345,43878.016,17778.93392353911
229346,43878.016,15016.18895211195
229347,43878.016,32953.40874756135
229348,43878.016,11091.125619178209
229349,43878.016,8184.193648260791
229350,43878.016,42788.96395782615
229351,43878.016,30425.812910062785
229352,43878.016,27515.510098566014
229353,43878.016,13588.04435760853
229354,43878.016,41520.25565912428
229355,43878.016,60124.27510569764
229356,43878.016,39645.085908062145
229357,43878.016,57156.35551834798
229358,43878.016,18313.81917774474
229359,43878.016,53066.65153080825
229360,43878.016,58420.0308565384
229361,43878.016,24830.787685236322
229362,43878.016,6394.827394109264
229363,43878.016,50453.16885722326
229364,43878.016,51139.36664609905
229365,43878.016,78694.82988949801
229366,43878.016,19847.768496091932
229367,43878.016,20817.41529787999
229368,43878.016,27984.97181246588
229369,43878.016,57308.92086892268
229370,43878.016,30519.833931099824
229371,43878.016,21844.645793096694
229372,43878.016,10599.896403891742
229373,43878.016,48457.33054410815
229374,43878.016,56766.9522946596
229375,43878.016,32463.085857138227
229376,43878.016,15509.10434423507
229377,43878.016,17314.781607593184
229378,43878.016,17331.68791345469
229379,43878.016,43827.885913633734
229380,43878.016,48554.70377604274
229381,43878.016,55659.91692204436
229382,43878.016,26154.688540811047
229383,43878.016,44352.10736324913
229384,43878.016,39840.549898869336
229385,43878.016,21505.656165763725
229386,43878.016,28518.32843459334
229387,43878.016,33687.699148455715
229388,43878.016,27079.56959344632
229389,43878.016,33191.383632454854
229390,43878.016,36275.12836750401
229391,43878.016,47372.24624787718
229392,43878.016,7722.276582049454
229393,43878.016,21756.615571748032
229394,43878.016,8851.825222136173
229395,43878.016,38336.39827672802
229396,43878.016,52155.35862404686
229397,43878.016,26796.37261078448
229398,43878.016,43213.18513900478
229399,43878.016,6304.024297153293
229400,43878.016,71570.8683614726
229401,43878.016,47761.07079194572
229402,43878.016,47135.92229688644
229403,43878.016,15663.000018685952
229404,43878.016,58084.48228744143
229405,43878.016,79588.38109561832
229406,43878.016,72378.57411172004
229407,43878.016,11646.767729134282
229408,43878.016,66203.8046267289
229409,43878.016,43495.72015460139
229410,43878.016,22759.46631330073
229411,43878.016,11287.746196848851
229412,43878.016,21171.906418632745
229413,43878.016,15207.477211244333
229414,43878.016,51802.74465921779
229415,43878.016,9590.655126650594
229416,43878.016,48864.77317690046
229417,43878.016,15017.441069948425
229418,43878.016,32245.821748699556
229419,43878.016,47302.91881904943
229420,43878.016,25205.554631994688
229421,43878.016,21446.779043474977
229422,43878.016,41577.981535921936
229423,43878.016,10562.66873481942
229424,43878.016,34159.283741772866
229425,43878.016,22172.981646575063
229426,43878.016,10014.432925396999
229427,43878.016,23810.499609878934
229428,43878.016,12562.54100312656
229429,43878.016,9739.61127735812
229430,43878.016,15847.555499795537
229431,43878.016,35486.355637039924
229432,43878.016,37997.75289608502
229433,43878.016,14582.944150323963
229434,43878.016,42141.31583310082
229435,43878.016,27813.45013574218
229436,43878.016,63752.10482882464
229437,43878.016,14800.937216873508
229438,43878.016,77154.25374336234
229439,43878.016,29925.467623963
229440,43878.016,68491.68316884972
229441,43878.016,24778.420669686315
229442,43878.016,34972.97081154565
229443,43878.016,20853.68687275835
229444,43878.016,28659.66801269551
229445,43878.016,55115.0457323658
229446,43878.016,48987.03207531309
229447,43878.016,47149.25191674264
229448,43878.016,45686.39685501956
229449,43878.016,19883.89686109443
229450,43878.016,25878.654244948935
229451,43878.016,45528.89488396785
229452,43878.016,55465.10006946085
229453,43878.016,13427.954910314442
229454,43878.016,6422.384420610269
229455,43878.016,44150.435470591685
229456,43878.016,10880.332398958626
229457,43878.016,37865.11438825279
229458,43878.016,27963.44250653261
229459,43878.016,28075.799190829686
229460,43878.016,21899.827600233748
229461,43878.016,20667.44697468531
229462,43878.016,55918.46332283484
229463,43878.016,24999.95037685415
229464,43878.016,54860.87595947337
229465,43878.016,49091.66225449222
229466,43878.016,18308.044402724696
229467,43878.016,39366.32082293673
229468,43878.016,52819.78982370353
229469,43878.016,32979.311565243705
229470,43878.016,44767.59697846924
229471,43878.016,7913.516973452938
229472,43878.016,35223.34947237172
229473,43878.016,22913.125138788884
229474,43878.016,89367.84642972965
229475,43878.016,61764.85384440112
229476,43878.016,32031.55052984611
229477,43878.016,39231.58501956757
229478,43878.016,53013.99999519707
229479,43878.016,20778.429921190836
229480,43878.016,34987.890536231
229481,43878.016,46968.2227184564
229482,43878.016,28647.75836345186
229483,43878.016,54323.33244470599
229484,43878.016,49506.83547770288
229485,43878.016,16657.31910407419
229486,43878.016,8526.85276283345
229487,43878.016,32530.33963874052
229488,43878.016,26593.45689489294
229489,43878.016,13307.644974699666
229490,43878.016,20141.97466907831
229491,43878.016,40721.30653993216
229492,43878.016,6941.890064447617
229493,43878.016,17442.068846127895
229494,43878.016,25649.231143563862
229495,43878.016,19660.884940782835
229496,43878.016,23213.336432137803
229497,43878.016,15212.024171045536
229498,43878.016,5828.867962171182
229499,43878.016,17955.954130654864
229500,43878.016,54358.40709927128
229501,43878.016,20557.527853661333
229502,43878.016,34462.75546435832
229503,43878.016,10389.355334510874
229504,43878.016,64163.601850032304
229505,43878.016,5258.962245756353
229506,43878.016,63274.80400108728
229507,43878.016,22843.912867652027
229508,43878.016,20710.95511395974
229509,43878.016,49525.63335203438
229510,43878.016,9255.221145430516
229511,43878.016,17377.979018231083
229512,43878.016,8723.2673570448
229513,43878.016,11699.31211100788
229514,43878.016,23123.89601252335
229515,43878.016,54768.512653772326
229516,43878.016,47012.02343066763
229517,43878.016,19793.660462842672
229518,43878.016,25992.09612462858
229519,43878.016,53143.846576898555
229520,43878.016,16975.938874902113
229521,43878.016,53732.15641163312
229522,43878.016,19805.595597204225
229523,43878.016,67599.1858532663
229524,43878.016,27988.334072714413
229525,43878.016,29907.603976388156
229526,43878.016,12535.901614597433
229527,43878.016,21375.09849361103
229528,43878.016,49739.5092427028
229529,43878.016,51163.71920586043
229530,43878.016,31328.93809151436
229531,43878.016,18145.6997343346
229532,43878.016,22930.515591267173
229533,43878.016,26998.780038406177
229534,43878.016,36733.15874048998
229535,43878.016,33108.944782591134
229536,43878.016,17649.5733087404
229537,43878.016,18101.087553742782
229538,43878.016,51604.24955665585
229539,43878.016,14985.963802337463
229540,43878.016,6479.3087870993095
229541,43878.016,77387.26005078682
229542,43878.016,12843.98617267613
229543,43878.016,58214.886199757915
229544,43878.016,25343.999542437687
229545,43878.016,53684.71450703033
229546,43878.016,40365.36065703041
229547,43878.016,18696.983918498452
229548,43878.016,41015.24513209882
229549,43878.016,29012.23350076215
229550,43878.016,16895.899141654398
229551,43878.016,38648.48503956075
229552,43878.016,25448.19791177082
229553,43878.016,63986.51254093726
229554,43878.016,50476.8834929648
229555,43878.016,48568.40403530681
229556,43878.016,51495.68090128156
229557,43878.016,23524.285422571924
229558,43878.016,55919.42370377447
229559,43878.016,56817.04862616156
229560,43878.016,83543.01464969602
229561,43878.016,32772.99156014738
229562,43878.016,30154.90944910227
229563,43878.016,23656.60154190319
229564,43878.016,61811.73619441567
229565,43878.016,62873.38626273206
229566,43878.016,58345.349234722475
229567,43878.016,32140.153469451598
229568,43878.016,14646.658919934516
229569,43878.016,53382.033233275164
229570,43878.016,15934.254009488823
229571,43878.016,44205.274485576934
229572,43878.016,32297.83135089872
229573,43878.016,41478.82812648723
229574,43878.016,25211.847245666675
229575,43878.016,11013.174333849582
229576,43878.016,17899.020173412344
229577,43878.016,54199.90068041191
229578,43878.016,47689.39780376229
229579,43878.016,49314.85180913675
229580,43878.016,31129.519528371664
229581,43878.016,30706.32133259355
229582,43878.016,23872.255599431264
229583,43878.016,20095.958180689893
229584,43878.016,58016.86098418727
229585,43878.016,54126.895931969906
229586,43878.016,22977.741623915754
229587,43878.016,10538.74320390273
229588,43878.016,17833.230087334807
229589,43878.016,14141.991649606049
229590,43878.016,38414.00435134586
229591,43878.016,74719.006274042
229592,43878.016,12116.739554439042
229593,43878.016,50920.11469598113
229594,43878.016,41380.08180125139
229595,43878.016,87548.56933789863
229596,43878.016,6413.463134755228
229597,43878.016,51790.2304282621
229598,43878.016,32934.83846176212
229599,43878.016,45987.57549103074
229600,43878.016,43395.44762338448
229601,43878.016,31822.16557519387
229602,43878.016,17682.37224962449
229603,43878.016,10883.56208079563
229604,43878.016,19887.22006686932
229605,43878.016,31183.368970764648
229606,43878.016,31794.780577593752
229607,43878.016,21161.081069716776
229608,43878.016,58230.22732160316
229609,43878.016,18326.222823385244
229610,43878.016,35694.48599659027
229611,43878.016,48421.96893226222
229612,43878.016,48861.13765258001
229613,43878.016,61978.06742243217
229614,43878.016,55884.45195899993
229615,43878.016,39737.566692020184
229616,43878.016,77908.36556522438
229617,43878.016,26620.617024824416
229618,43878.016,32352.43287477908
229619,43878.016,60486.697560259905
229620,43878.016,13513.731833849528
229621,43878.016,13854.214146859675
229622,43878.016,8513.664346400825
229623,43878.016,30048.551115874274
229624,43878.016,9201.801507704435
229625,43878.016,15462.045888631439
229626,43878.016,33083.6281218623
229627,43878.016,16608.103613757805
229628,43878.016,9290.494812354978
229629,43878.016,13538.9800778059
229630,43878.016,14250.277082210343
229631,43878.016,49998.467388874415
229632,43878.016,64842.98456167069
229633,43878.016,20962.80245353275
229634,43878.016,40879.81438554744
229635,43878.016,60740.70580730906
229636,43878.016,15862.751161767334
229637,43878.016,26205.912559275243
229638,43878.016,14781.861050324973
229639,43878.016,51379.79558398936
229640,43878.016,25904.06259029789
229641,43878.016,10447.607541446047
229642,43878.016,19707.690973721023
229643,43878.016,41821.38543175775
229644,43878.016,81605.53509076925
229645,43878.016,24737.583050935595
229646,43878.016,75707.11403704801
229647,43878.016,10397.980711525193
229648,43878.016,28918.528957418912
229649,43878.016,39543.71617193221
229650,43878.016,15412.319181219355
229651,43878.016,50093.546658296465
229652,43878.016,26898.982022412634
229653,43878.016,35446.647280639336
229654,43878.016,15601.577334364061
229655,43878.016,17618.08955511368
229656,43878.016,62189.01975712595
229657,43878.016,39163.29519716415
229658,43878.016,63364.07843728162
229659,43878.016,12344.978503866438
229660,43878.016,31607.77322325355
229661,43878.016,52401.26614690029
229662,43878.016,11655.458763758623
229663,43878.016,55686.63342949817
229664,43878.016,32073.9181221016
229665,43878.016,14440.27513685
229666,43878.016,29117.329968540642
229667,43878.016,57563.3855681514
229668,43878.016,76127.56745163194
229669,43878.016,22497.741399882227
229670,43878.016,59142.86386219964
229671,43878.016,52211.593406608685
229672,43878.016,24853.70959581146
229673,43878.016,10563.267595387853
229674,43878.016,67482.12583205513
229675,43878.016,46539.35888465127
229676,43878.016,17851.501096153494
229677,43878.016,23280.26062129051
229678,43878.016,31493.368783653157
229679,43878.016,20668.134211756762
229680,43878.016,50039.781710636926
229681,43878.016,34937.82474235251
229682,43878.016,31199.448464041583
229683,43878.016,40212.567828690175
229684,43878.016,17558.90348059071
229685,43878.016,21942.388507751177
229686,43878.016,85781.91958672163
229687,43878.016,44778.521178932264
229688,43878.016,50616.28957262606
229689,43878.016,33330.183967959994
229690,43878.016,9160.837036421324
229691,43878.016,51690.89902201895
229692,43878.016,20797.85182270871
229693,43878.016,17762.34278220329
229694,43878.016,40730.33867197051
229695,43878.016,46948.041974590575
229696,43878.016,8048.0782227311165
229697,43878.016,82468.28913676145
229698,43878.016,63611.76879462707
229699,43878.016,37801.44485407536
229700,43878.016,23500.754785204495
229701,43878.016,56100.43994987237
229702,43878.016,35231.41508186649
229703,43878.016,48116.894647945184
229704,43878.016,27042.438701634183
229705,43878.016,81336.83820862367
229706,43878.016,19602.26393634062
229707,43878.016,5827.620459176497
229708,43878.016,36166.36657891238
229709,43878.016,38855.9452218715
229710,43878.016,22857.899718580557
229711,43878.016,12169.761789776025
229712,43878.016,18992.226806514398
229713,43878.016,24081.423157276648
229714,43878.016,13777.128331010748
229715,43878.016,69631.66777354562
229716,43878.016,25333.497735036402
229717,43878.016,10759.922058571416
229718,43878.016,11666.849692042968
229719,43878.016,80079.03565943883
229720,43878.016,59105.76909512778
229721,43878.016,32276.840021533768
229722,43878.016,59340.03782339347
229723,43878.016,9193.882197663754
229724,43878.016,36069.20178404787
229725,43878.016,57693.541405427546
229726,43878.016,17752.645338691986
229727,43878.016,2725.3038660876477
229728,43878.016,31303.37061198018
229729,43878.016,11011.464806369642
229730,43878.016,14750.10292384361
229731,43878.016,8620.066618769826
229732,43878.016,25391.40843477266
229733,43878.016,17383.02361634668
229734,43878.016,18362.958053368147
229735,43878.016,34114.65878254027
229736,43878.016,7374.22145651582
229737,43878.016,35985.177357153974
229738,43878.016,60215.78370356745
229739,43878.016,42944.58239522774
229740,43878.016,42081.45788959455
229741,43878.016,47193.17866667275
229742,43878.016,7103.74751324037
229743,43878.016,30110.52692331973
229744,43878.016,7146.474453434472
229745,43878.016,22359.739701089176
229746,43878.016,6645.083711823807
229747,43878.016,16734.536325177774
229748,43878.016,20627.73163998384
229749,43878.016,28561.136164863132
229750,43878.016,8412.413494569748
229751,43878.016,51853.082708465816
229752,43878.016,49400.79594171332
229753,43878.016,20459.979472846906
229754,43878.016,57247.959552818866
229755,43878.016,17249.312873974384
229756,43878.016,43270.06762670765
229757,43878.016,61491.338823222715
229758,43878.016,50692.85817777937
229759,43878.016,22177.377582847374
229760,43878.016,29512.28271643494
229761,43878.016,23495.406043141793
229762,43878.016,42503.474301276525
229763,43878.016,31936.909552469817
229764,43878.016,36395.955018886474
229765,43878.016,24828.651344993326
229766,43878.016,17575.928866210274
229767,43878.016,10189.28361321954
229768,43878.016,57729.684930421856
229769,43878.016,10120.158661727159
229770,43878.016,38770.00292579959
229771,43878.016,25722.040718705495
229772,43878.016,13717.009325319694
229773,43878.016,63457.227741900795
229774,43878.016,48863.67003937495
229775,43878.016,58645.590439139465
229776,43878.016,16057.59052630945
229777,43878.016,11272.700573654272
229778,43878.016,9605.44179790445
229779,43878.016,40127.607093779865
229780,43878.016,9730.714422759904
229781,43878.016,23406.15513857178
229782,43878.016,12359.995440658118
229783,43878.016,16196.312523700408
229784,43878.016,32741.848602813432
229785,43878.016,47312.03745872552
229786,43878.016,33646.68346876109
229787,43878.016,41126.31361418549
229788,43878.016,57597.17346179548
229789,43878.016,20597.654394245208
229790,43878.016,77417.31447529087
229791,43878.016,35909.474321518726
229792,43878.016,28057.48881995071
229793,43878.016,59262.71782257587
229794,43878.016,65633.56049357688
229795,43878.016,11114.761734589112
229796,43878.016,117531.58673080144
229797,43878.016,9902.153295254044
229798,43878.016,25238.143645606528
229799,43878.016,54068.83305921027
229800,43878.016,24701.48977944885
229801,43878.016,52462.40298775107
229802,43878.016,29330.13439348538
229803,43878.016,56503.36542353167
229804,43878.016,28729.768193337735
229805,43878.016,16492.58194470882
229806,43878.016,36537.28502657883
229807,43878.016,13856.205030736653
229808,43878.016,9252.747897468984
229809,43878.016,15223.527336847299
229810,43878.016,116787.63237647002
229811,43878.016,39117.940315808184
229812,43878.016,38704.572791645485
229813,43878.016,44978.375456660804
229814,43878.016,24056.13746277977
229815,43878.016,70822.07978897622
229816,43878.016,23877.588450805997
229817,43878.016,34706.84778255093
229818,43878.016,43864.63476626385
229819,43878.016,12898.543615567205
229820,43878.016,37139.857496122706
229821,43878.016,24209.835504027847
229822,43878.016,20568.55663195501
229823,43878.016,41187.647070821644
229824,43878.016,22902.591751696815
229825,43878.016,16416.41388091085
229826,43878.016,36299.67601755756
229827,43878.016,87039.51870553211
229828,43878.016,42896.61510785832
229829,43878.016,13762.960259810474
229830,43878.016,47425.574830055295
229831,43878.016,56845.5429751429
229832,43878.016,23533.042218077313
229833,43878.016,22134.24348934693
229834,43878.016,7618.307896372592
229835,43878.016,36809.51229633269
229836,43878.016,40372.41962857067
229837,43878.016,12224.399282872539
229838,43878.016,15353.55837335084
229839,43878.016,29057.995091396944
229840,43878.016,18287.595458325086
229841,43878.016,9076.194496562985
229842,43878.016,41805.04607885405
229843,43878.016,22325.964701219775
229844,43878.016,30416.7375159234
229845,43878.016,10095.111715263809
229846,43878.016,7156.634367208614
229847,43878.016,5834.79513638714
229848,43878.016,8322.720221292595
229849,43878.016,48616.48537319745
229850,43878.016,12605.564739568581
229851,43878.016,31292.599306049604
229852,43878.016,34804.221175378356
229853,43878.016,20380.708848029295
229854,43878.016,37142.47112036048
229855,43878.016,26198.247545720653
229856,43878.016,28794.156432975382
229857,43878.016,14030.325753684265
229858,43878.016,39951.60165422039
229859,43878.016,27812.69855882655
229860,43878.016,53505.87124577501
229861,43878.016,50800.529173443
229862,43878.016,41965.73067434542
229863,43878.016,62175.790901257074
229864,43878.016,35051.85610041903
229865,43878.016,55644.24201158216
229866,43878.016,53384.39410699876
229867,43878.016,64230.762131672454
229868,43878.016,59299.895964172676
229869,43878.016,8923.898784206262
229870,43878.016,43162.82688133033
229871,43878.016,63372.449083514955
229872,43878.016,14366.822197491429
229873,43878.016,8118.999789266811
229874,43878.016,67310.52690161378
229875,43878.016,10077.138677399855
229876,43878.016,56157.33976104939
229877,43878.016,40910.65695410329
229878,43878.016,24060.698712252764
229879,43878.016,11078.063505744201
229880,43878.016,6402.918284497018
229881,43878.016,15650.53363907446
229882,43878.016,38501.946690677505
229883,43878.016,22647.64283068447
229884,43878.016,58375.27911681789
229885,43878.016,31549.175930723424
229886,43878.016,8664.677899875172
229887,43878.016,37399.350086293765
229888,43878.016,10280.953172111478
229889,43878.016,10697.072705527566
229890,43878.016,15658.336907791367
229891,43878.016,16018.579620794932
229892,43878.016,50972.60255433806
229893,43878.016,13061.804904109142
229894,43878.016,30116.177243069633
229895,43878.016,8679.797289074142
229896,43878.016,27472.019708718188
229897,43878.016,38253.71688280947
229898,43878.016,44587.48434987188
229899,43878.016,43161.611248560046
229900,43878.016,38005.735532832485
229901,43878.016,46494.95150123918
229902,43878.016,40916.075226054076
229903,43878.016,46936.84598621128
229904,43878.016,68409.52496694752
229905,43878.016,48278.42991872052
229906,43878.016,9694.616045026405
229907,43878.016,16546.733018969186
229908,43878.016,37462.54725598779
229909,43878.016,44215.63187387054
229910,43878.016,20665.47664932782
229911,43878.016,12221.903944450216
229912,43878.016,42309.265955823976
229913,43878.016,34300.68756850309
229914,43878.016,62348.78843450277
229915,43878.016,28115.688585349668
229916,43878.016,8237.099522909082
229917,43878.016,41611.23475135651
229918,43878.016,8256.452166769846
229919,43878.016,11072.304453766508
229920,43878.016,17108.6761157685
229921,43878.016,13426.849806743008
229922,43878.016,28963.58225873317
229923,43878.016,30720.63887731981
229924,43878.016,8442.92984652497
229925,43878.016,14002.425104113896
229926,43878.016,36526.51153628894
229927,43878.016,16558.655078216598
229928,43878.016,56754.9353094724
229929,43878.016,24220.090313364366
229930,43878.016,18303.44989053898
229931,43878.016,27978.57748342614
229932,43878.016,9018.084473960762
229933,43878.016,68738.48704284505
229934,43878.016,48462.574920081985
229935,43878.016,38722.405954782334
229936,43878.016,36048.491917630025
229937,43878.016,20235.32130524935
229938,43878.016,39339.98384721986
229939,43878.016,21802.744320271395
229940,43878.016,52716.196104360715
229941,43878.016,18199.029005016775
229942,43878.016,34591.53051164461
229943,43878.016,45336.88493003733
229944,43878.016,16848.135536181857
229945,43878.016,18665.194335045166
229946,43878.016,35406.394437574876
229947,43878.016,40740.99085439868
229948,43878.016,15166.347315573923
229949,43878.016,48554.37592691125
229950,43878.016,29251.048181677183
229951,43878.016,48839.86658662598
229952,43878.016,22207.10687488358
229953,43878.016,19456.380607044124
229954,43878.016,35422.836833983725
229955,43878.016,30635.773230824165
229956,43878.016,42756.96315373116
229957,43878.016,24058.499014807458
229958,43878.016,43993.32177227042
229959,43878.016,62135.61221802502
229960,43878.016,43467.021558395514
229961,43878.016,17486.009891336722
229962,43878.016,62245.64964266946
229963,43878.016,46731.46696602978
229964,43878.016,7422.9160503591065
229965,43878.016,14589.229797386713
229966,43878.016,49309.50297084132
229967,43878.016,51756.13058570012
229968,43878.016,27732.09482367921
229969,43878.016,20438.23705195754
229970,43878.016,16425.722809913015
229971,43878.016,19817.68181847754
229972,43878.016,28898.71054485774
229973,43878.016,45978.13907720577
229974,43878.016,53302.74118466698
229975,43878.016,55432.98995836964
229976,43878.016,68417.45719604702
229977,43878.016,65993.73780381106
229978,43878.016,70654.41542890399
229979,43878.016,11996.798318152794
229980,43878.016,33053.102019531594
229981,43878.016,41064.86522754416
229982,43878.016,31657.543488799605
229983,43878.016,12853.93280036141
229984,43878.016,28004.940635689127
229985,43878.016,47720.956079660486
229986,43878.016,16571.698519372836
229987,43878.016,58064.4079911706
229988,43878.016,37751.842080542745
229989,43878.016,33018.583381877055
229990,43878.016,23381.742480758177
229991,43878.016,15539.15213797049
229992,43878.016,28001.13082682652
229993,43878.016,32771.09121981092
229994,43878.016,10574.968186302374
229995,43878.016,30392.097101426523
229996,43878.016,6906.791601749046
229997,43878.016,62636.3426315966
229998,43878.016,40595.703913697136
229999,43878.016,44973.760252286964
230000,43878.016,52248.40259460613
230001,43878.016,68541.65495414584
230002,43878.016,61484.52888512212
230003,43878.016,25498.9088529747
230004,43878.016,98667.10275361042
230005,43878.016,49123.22636007554
230006,43878.016,54542.116116662415
230007,43878.016,24600.74596165304
230008,43878.016,8408.741532623179
230009,43878.016,25401.461688910695
230010,43878.016,14446.63454443945
230011,43878.016,13493.965558933845
230012,43878.016,8760.159633041558
230013,43878.016,57222.93794661989
230014,43878.016,18002.328466082243
230015,43878.016,29863.802990127955
230016,43878.016,28349.831070017546
230017,43878.016,46525.704566221
230018,43878.016,35460.90919423953
230019,43878.016,58126.82390337914
230020,43878.016,19654.72352092019
230021,43878.016,7869.743230657025
230022,43878.016,59098.73292659504
230023,43878.016,57423.22221392578
230024,43878.016,20733.81784484459
230025,43878.016,58048.524780907384
230026,43878.016,53823.36108993854
230027,43878.016,12479.907873884944
230028,43878.016,20327.495161352705
230029,43878.016,37422.48537367293
230030,43878.016,28267.13117895858
230031,43878.016,23017.25471715413
230032,43878.016,72788.7005438993
230033,43878.016,32233.528466652988
230034,43878.016,17940.576247370638
230035,43878.016,54174.065268552644
230036,43878.016,40576.81047916335
230037,43878.016,42167.90481089866
230038,43878.016,63180.861723962626
230039,43878.016,37330.34387154335
230040,43878.016,14627.433116678943
230041,43878.016,54297.61007098196
230042,43878.016,49237.499718293766
230043,43878.016,40819.38988586372
230044,43878.016,11599.816766698843
230045,43878.016,41531.667186793704
230046,43878.016,85770.2287174362
230047,43878.016,12133.315024461137
230048,43878.016,42411.58796359227
230049,43878.016,21101.303986295523
230050,43878.016,39776.459087516414
230051,43878.016,33481.96492512262
230052,43878.016,18546.370547836843
230053,43878.016,10958.029681873973
230054,43878.016,10727.444564606036
230055,43878.016,12325.272504096065
230056,43878.016,21806.552183637847
230057,43878.016,78930.30626661454
230058,43878.016,78732.92857557282
230059,43878.016,36422.507669517174
230060,43878.016,27721.710448134003
230061,43878.016,29353.830151348742
230062,43878.016,9385.564739283765
230063,43878.016,16443.300478821096
230064,43878.016,36590.649314054324
230065,43878.016,52787.76299762796
230066,43878.016,25968.976769659315
230067,43878.016,25591.68834146011
230068,43878.016,57276.24972897415
230069,43878.016,86721.35614344018
230070,43878.016,27443.22989940547
230071,43878.016,11491.443307203228
230072,43878.016,25062.214569209995
230073,43878.016,74853.3683075173
230074,43878.016,15715.078058561223
230075,43878.016,16525.478978879943
230076,43878.016,35679.19822167836
230077,43878.016,74853.35737252075
230078,43878.016,15600.969941658195
230079,43878.016,45476.412742834196
230080,43878.016,60139.702225630375
230081,43878.016,59224.416540327584
230082,43878.016,41139.35764936731
230083,43878.016,58117.77741510019
230084,43878.016,68227.50545125696
230085,43878.016,54069.29339358666
230086,43878.016,40610.88940348394
230087,43878.016,40309.74895824885
230088,43878.016,32553.27969182522
230089,43878.016,68486.58374564222
230090,43878.016,34017.21545585027
230091,43878.016,10506.539330686133
230092,43878.016,57901.75317422788
230093,43878.016,43118.13902081635
230094,43878.016,36599.7814562576
230095,43878.016,45146.110695073534
230096,43878.016,7213.434774117796
230097,43878.016,16553.92809197654
230098,43878.016,37026.36722426305
230099,43878.016,76370.94528463189
230100,43878.016,29187.86361021137
230101,43878.016,33725.60853767796
230102,43878.016,20712.120084906546
230103,43878.016,37682.64833095173
230104,43878.016,29124.505437804823
230105,43878.016,81367.49961255572
230106,43878.016,66556.24009400615
230107,43878.016,10590.311633843165
230108,43878.016,13665.241715657357
230109,43878.016,39034.88812254207
230110,43878.016,9995.884477716256
230111,43878.016,23425.32854037729
230112,43878.016,56550.7074438766
230113,43878.016,11709.913153743324
230114,43878.016,22666.861903551762
230115,43878.016,50140.054314286135
230116,43878.016,35424.95088177666
230117,43878.016,35798.769961649195
230118,43878.016,10986.48252708682
230119,43878.016,31278.656492301943
230120,43878.016,42353.80698033731
230121,43878.016,64712.68715061293
230122,43878.016,7329.9004339922585
230123,43878.016,53238.79117238409
230124,43878.016,40994.92748120892
230125,43878.016,31141.440167419052
230126,43878.016,56527.02801403257
230127,43878.016,48744.2171652506
230128,43878.016,43264.49745560555
230129,43878.016,47687.490656721675
230130,43878.016,23600.242460241876
230131,43878.016,42348.574545857446
230132,43878.016,13140.174587819049
230133,43878.016,39998.33523358982
230134,43878.016,31359.09870387277
230135,43878.016,15429.746370716195
230136,43878.016,25714.749219689213
230137,43878.016,22234.535078156285
230138,43878.016,58436.629500376184
230139,43878.016,42044.4068075598
230140,43878.016,30362.687547722166
230141,43878.016,23594.7988037861
230142,43878.016,58556.32244857689
230143,43878.016,14898.578401721892
230144,43878.016,12836.363656550991
230145,43878.016,48943.29934437003
230146,43878.016,22808.340450371816
230147,43878.016,30262.174917658027
230148,43878.016,20455.383305581323
230149,43878.016,28347.732957723343
230150,43878.016,34364.208994450884
230151,43878.016,25114.786678112858
230152,43878.016,59581.01882436401
230153,43878.016,18925.569734941353
230154,43878.016,22639.69590855401
230155,43878.016,21435.153225029448
230156,43878.016,38012.061527443395
230157,43878.016,38915.233113480484
230158,43878.016,22245.092209894097
230159,43878.016,100107.61271377008
230160,43878.016,37575.95319957929
230161,43878.016,48947.11763071916
230162,43878.016,75333.78568160853
230163,43878.016,54238.169486236555
230164,43878.016,10795.430835107447
230165,43878.016,17772.907690666147
230166,43878.016,9427.070114676917
230167,43878.016,46184.91892469367
230168,43878.016,50869.346474719125
230169,43878.016,24703.29390766826
230170,43878.016,38659.27855667758
230171,43878.016,30015.280350948105
230172,43878.016,11614.144530000991
230173,43878.016,40279.30699726968
230174,43878.016,19172.239667725986
230175,43878.016,65219.967879589225
230176,43878.016,12509.05222438848
230177,43878.016,35732.57070150508
230178,43878.016,12401.889342315195
230179,43878.016,48025.6778333806
230180,43878.016,20132.264407474857
230181,43878.016,24961.05991485069
230182,43878.016,28793.847781678647
230183,43878.016,120392.79101049792
230184,43878.016,20763.96447720296
230185,43878.016,57960.39439105897
230186,43878.016,12465.589447455177
230187,43878.016,50252.405782212394
230188,43878.016,81395.7424056335
230189,43878.016,5677.545997403335
230190,43878.016,47591.69642935485
230191,43878.016,19912.74679578962
230192,43878.016,49560.955069355376
230193,43878.016,22513.734625629768
230194,43878.016,28901.489221927575
230195,43878.016,21077.625923513027
230196,43878.016,14085.435789836549
230197,43878.016,12663.531318720236
230198,43878.016,28129.64021505972
230199,43878.016,49630.37176052286
230200,43878.016,58509.78066726944
230201,43878.016,25794.950988424145
230202,43878.016,51224.57429827049
230203,43878.016,12073.31881202513
230204,43878.016,27962.34967439041
230205,43878.016,47215.31831492734
230206,43878.016,71526.6560244039
230207,43878.016,48022.448900018506
230208,43878.016,29181.58268475593
230209,43878.016,43816.431251036054
230210,43878.016,24914.950496977093
230211,43878.016,25532.828315086208
230212,43878.016,36416.05962739899
230213,43878.016,13110.46145596726
230214,43878.016,20282.919116193432
230215,43878.016,16691.05312057765
230216,43878.016,53526.55073698414
230217,43878.016,30112.607877726216
230218,43878.016,46053.4906226689
230219,43878.016,5154.617307681552
230220,43878.016,36227.92484035098
230221,43878.016,65476.81509480852
230222,43878.016,35607.87748306669
230223,43878.016,29332.18413487717
230224,43878.016,29635.28240362259
230225,43878.016,15623.661494807699
230226,43878.016,19519.44074112595
230227,43878.016,4807.131438913267
230228,43878.016,19764.069065674346
230229,43878.016,9475.219777705799
230230,43878.016,12577.168546692315
230231,43878.016,43252.459382306166
230232,43878.016,60778.0554982825
230233,43878.016,37316.66183484632
230234,43878.016,23357.9316026543
230235,43878.016,38661.53373113053
230236,43878.016,13016.223822521966
230237,43878.016,25883.216640709004
230238,43878.016,38838.33367486846
230239,43878.016,19103.14097888643
230240,43878.016,64712.24288370861
230241,43878.016,37395.755323953534
230242,43878.016,35860.33984309243
230243,43878.016,32402.103398916912
230244,43878.016,46819.28890389536
230245,43878.016,51742.96082674961
230246,43878.016,22938.835160168488
230247,43878.016,62548.01846239519
230248,43878.016,24640.01433493416
230249,43878.016,12832.100881929115
230250,43878.016,23467.69483756602
230251,43878.016,47481.96478802649
230252,43878.016,50786.441662912795
230253,43878.016,34866.80236476109
230254,43878.016,45940.02562976283
230255,43878.016,15660.821434873606
230256,43878.016,17519.980802869606
230257,43878.016,43154.397943432465
230258,43878.016,43260.96689706681
230259,43878.016,5849.408862607639
230260,43878.016,50776.580467168475
230261,43878.016,39727.54670765542
230262,43878.016,23034.948566333336
230263,43878.016,73387.6683150062
230264,43878.016,18387.1264657391
230265,43878.016,14272.861602097713
230266,43878.016,20727.423112162392
230267,43878.016,14699.200818768071
230268,43878.016,64660.5597341367
230269,43878.016,12154.004450669181
230270,43878.016,6952.9478881398145
230271,43878.016,101139.0344178283
230272,43878.016,25999.423895055155
230273,43878.016,18162.594822092964
230274,43878.016,15900.815799634991
230275,43878.016,25806.30264240482
230276,43878.016,53564.21634573218
230277,43878.016,52831.18823880333
230278,43878.016,16749.516697182997
230279,43878.016,7173.588648272132
230280,43878.016,46524.25716155667
230281,43878.016,8092.512174732156
230282,43878.016,24318.509676071022
230283,43878.016,49237.28822850112
230284,43878.016,17415.211644127783
230285,43878.016,28752.4325171338
230286,43878.016,37490.021355263314
230287,43878.016,11656.34245230937
230288,43878.016,19879.91539638876
230289,43878.016,37045.542022935464
230290,43878.016,49657.462712912224
230291,43878.016,5823.093848001922
230292,43878.016,16206.358130906561
230293,43878.016,33982.072242380964
230294,43878.016,19956.56839565812
230295,43878.016,51011.79396503466
230296,43878.016,21756.64330678615
230297,43878.016,21687.63496407205
230298,43878.016,7666.694533473671
230299,43878.016,11327.570982565743
230300,43878.016,44350.83928574078
230301,43878.016,30771.5587000255
230302,43878.016,22556.42512354328
230303,43878.016,39634.34979852519
230304,43878.016,36641.29513907454
230305,43878.016,39843.48158161127
230306,43878.016,19814.90467134758
230307,43878.016,27607.43883933688
230308,43878.016,36637.11752592717
230309,43878.016,17055.400425696418
230310,43878.016,47648.68903728781
230311,43878.016,37957.98985898866
230312,43878.016,45334.878372651765
230313,43878.016,19271.32322044051
230314,43878.016,24668.38276838664
230315,43878.016,56534.89539140237
230316,43878.016,51555.97777458606
230317,43878.016,70171.48560755151
230318,43878.016,19712.4977069703
230319,43878.016,36365.04359943225
230320,43878.016,78737.82885931792
230321,43878.016,12848.808360746236
230322,43878.016,10430.132114842858
230323,43878.016,55763.536126770494
230324,43878.016,10192.03914224837
230325,43878.016,15037.304299351146
230326,43878.016,57659.068840952896
230327,43878.016,39604.51150634419
230328,43878.016,36046.24859796537
230329,43878.016,30262.115400934854
230330,43878.016,51907.38190264231
230331,43878.016,15665.621806169955
230332,43878.016,27685.6152223008
230333,43878.016,5937.197536908776
230334,43878.016,17816.89695117331
230335,43878.016,39480.68757051984
230336,43878.016,41666.21372100078
230337,43878.016,7756.898045855745
230338,43878.016,87269.70938512383
230339,43878.016,39679.70080646627
230340,43878.016,56855.87859588827
230341,43878.016,41502.861467918294
230342,43878.016,62692.788358898266
230343,43878.016,38206.23576713292
230344,43878.016,48652.46465968778
230345,43878.016,43734.897116128064
230346,43878.016,59264.01042216536
230347,43878.016,28400.333613226267
230348,43878.016,8968.385601024522
230349,43878.016,51116.514076264495
230350,43878.016,21304.99278432171
230351,43878.016,25369.13499681934
230352,43878.016,27651.459706722544
230353,43878.016,53863.56092861094
230354,43878.016,42689.04017979857
230355,43878.016,25492.638532823417
230356,43878.016,12824.876320099796
230357,43878.016,8763.991288310277
230358,43878.016,15826.375220202082
230359,43878.016,12730.67043203731
230360,43878.016,50600.42135222851
230361,43878.016,7654.049482149716
230362,43878.016,51941.87034913617
230363,43878.016,30244.249825202038
230364,43878.016,18124.694440644405
230365,43878.016,36036.39770073878
230366,43878.016,119641.15782010277
230367,43878.016,6723.545845921924
230368,43878.016,16761.511460205365
230369,43878.016,23356.36907196798
230370,43878.016,6595.169635010773
230371,43878.016,21935.725753976338
230372,43878.016,29051.046814538877
230373,43878.016,8449.334900023723
230374,43878.016,5841.27884333874
230375,43878.016,45372.50392313772
230376,43878.016,8596.00415905179
230377,43878.016,6371.821601216979
230378,43878.016,63805.510058407606
230379,43878.016,24278.437483853173
230380,43878.016,43129.86974985643
230381,43878.016,60009.19525029236
230382,43878.016,20688.996521577632
230383,43878.016,19903.777181144524
230384,43878.016,41055.154996722515
230385,43878.016,34141.13246542655
230386,43878.016,66289.82853096917
230387,43878.016,38924.810073148474
230388,43878.016,21131.457532926728
230389,43878.016,23817.35782702088
230390,43878.016,90711.27067124171
230391,43878.016,47303.664453303805
230392,43878.016,43459.20017569337
230393,43878.016,49468.38505404697
230394,43878.016,17782.781607506495
230395,43878.016,14918.178790910242
230396,43878.016,20340.895344048477
230397,43878.016,10817.55885343688
230398,43878.016,29241.206874301093
230399,43878.016,62929.08990141698
230400,43878.016,13196.111816317283
230401,43878.016,9740.631770268743
230402,43878.016,57051.391702070934
230403,43878.016,50691.6465869971
230404,43878.016,12542.295598344577
230405,43878.016,9375.122805893629
230406,43878.016,9558.368038816941
230407,43878.016,27656.87537312065
230408,43878.016,27463.7348834618
230409,43878.016,49948.14686071135
230410,43878.016,28921.176525784365
230411,43878.016,42419.56562100002
230412,43878.016,51310.27259332937
230413,43878.016,56045.32260311361
230414,43878.016,22592.95767698469
230415,43878.016,30903.922940140088
230416,43878.016,20360.778493249913
230417,43878.016,52758.3012255894
230418,43878.016,29180.031987240178
230419,43878.016,76772.53273569551
230420,43878.016,49604.904839985975
230421,43878.016,13889.77882752191
230422,43878.016,47580.68552830605
230423,43878.016,81455.04108894343
230424,43878.016,44524.53255147781
230425,43878.016,7203.987120228292
230426,43878.016,57598.70594081143
230427,43878.016,58350.94684063797
230428,43878.016,54870.10006550003
230429,43878.016,11836.284257958598
230430,43878.016,106723.23779293333
230431,43878.016,11395.643526082906
230432,43878.016,30823.97392127745
230433,43878.016,31158.638385798327
230434,43878.016,32380.102772764214
230435,43878.016,47182.64218624202
230436,43878.016,23153.9660180602
230437,43878.016,46312.05610770045
230438,43878.016,11564.694497977209
230439,43878.016,41344.582830339365
230440,43878.016,34627.472558708505
230441,43878.016,40572.29220711736
230442,43878.016,43475.12977762858
230443,43878.016,33407.17225643309
230444,43878.016,30309.391467489513
230445,43878.016,8853.365819134577
230446,43878.016,43613.15167669107
230447,43878.016,52263.697148654755
230448,43878.016,53283.21684257456
230449,43878.016,12862.422892541246
230450,43878.016,21384.356576389433
230451,43878.016,25736.51214241144
230452,43878.016,20936.935660504176
230453,43878.016,47291.62907582825
230454,43878.016,50735.158939534114
230455,43878.016,29338.93663501443
230456,43878.016,48315.273882423615
230457,43878.016,47857.00497334948
230458,43878.016,22894.937542321117
230459,43878.016,11712.870688786601
230460,43878.016,15333.927536411535
230461,43878.016,22265.54029929653
230462,43878.016,34568.22682300585
230463,43878.016,33278.64186930923
230464,43878.016,48477.26126796256
230465,43878.016,24983.18032331591
230466,43878.016,26245.642437617065
230467,43878.016,19564.797085903676
230468,43878.016,38716.45561565151
230469,43878.016,15945.809161879253
230470,43878.016,17753.418529956267
230471,43878.016,9936.300008412738
230472,43878.016,8988.525229534293
230473,43878.016,34265.30562013918
230474,43878.016,26721.622244852108
230475,43878.016,58855.28080612173
230476,43878.016,38056.780183373696
230477,43878.016,24043.679365305372
230478,43878.016,68528.6257735588
230479,43878.016,13470.081226051772
230480,43878.016,69573.55916080455
230481,43878.016,14590.089855516735
230482,43878.016,62650.20654389664
230483,43878.016,13082.38664450996
230484,43878.016,18492.181093047166
230485,43878.016,17858.5552853756
230486,43878.016,35028.99927990525
230487,43878.016,19192.651443882387
230488,43878.016,12308.751794555703
230489,43878.016,5708.400039287714
230490,43878.016,45880.20030892192
230491,43878.016,25858.993794847025
230492,43878.016,23356.08337574656
230493,43878.016,46598.46926056562
230494,43878.016,18766.886147840298
230495,43878.016,55961.145446004906
230496,43878.016,24786.413404035262
230497,43878.016,38805.29442422996
230498,43878.016,56980.50482075927
230499,43878.016,29514.049929977016
230500,43878.016,58019.59776065642
230501,43878.016,47822.70158732453
230502,43878.016,18415.288888857354
230503,43878.016,21794.702709315538
230504,43878.016,52173.90538234523
230505,43878.016,27147.950712887567
230506,43878.016,5212.0635411642625
230507,43878.016,63523.130985140415
230508,43878.016,46007.65222738027
230509,43878.016,24258.36823741477
230510,43878.016,38560.29945939163
230511,43878.016,22456.674656073046
230512,43878.016,55299.758844408956
230513,43878.016,48299.74951695314
230514,43878.016,24110.43748180429
230515,43878.016,54298.07869713989
230516,43878.016,32759.168666311863
230517,43878.016,14024.918052313813
230518,43878.016,46409.8609872277
230519,43878.016,23439.10798554067
230520,43878.016,68095.85910135947
230521,43878.016,54899.629991819784
230522,43878.016,6151.830444033405
230523,43878.016,19026.706631554745
230524,43878.016,35746.0811198722
230525,43878.016,35015.06631032714
230526,43878.016,23676.786214913212
230527,43878.016,16490.51077198534
230528,43878.016,59383.97793264295
230529,43878.016,55938.97967190996
230530,43878.016,30636.286201526676
230531,43878.016,17541.07975106608
230532,43878.016,14865.250274645901
230533,43878.016,28655.79481459871
230534,43878.016,47677.757151758095
230535,43878.016,35573.65961350727
230536,43878.016,41835.959817205236
230537,43878.016,22394.252677201224
230538,43878.016,47048.195921033475
230539,43878.016,40347.825712592916
230540,43878.016,37099.90990502391
230541,43878.016,19443.911931997165
230542,43878.016,6663.4861879720975
230543,43878.016,22547.57143984921
230544,43878.016,37800.41742306187
230545,43878.016,11814.084803761347
230546,43878.016,47390.9163710711
230547,43878.016,51779.694325837736
230548,43878.016,29586.3546706595
230549,43878.016,22638.515089306104
230550,43878.016,56494.55895628702
230551,43878.016,71420.77361171135
230552,43878.016,53042.403989707775
230553,43878.016,34971.188455131436
230554,43878.016,10754.406401984294
230555,43878.016,39611.130315338065
230556,43878.016,28219.390409131054
230557,43878.016,6693.829189025697
230558,43878.016,23787.39553977063
230559,43878.016,20033.764034166823
230560,43878.016,40154.08594944412
230561,43878.016,46123.677860049786
230562,43878.016,46795.44105175254
230563,43878.016,66214.33568295835
230564,43878.016,40111.349917452135
230565,43878.016,75907.05832403434
230566,43878.016,69215.91903175585
230567,43878.016,35029.71421357449
230568,43878.016,10318.296191204163
230569,43878.016,18477.45166995836
230570,43878.016,68391.75789356217
230571,43878.016,71146.14807002866
230572,43878.016,20745.993693099314
230573,43878.016,37416.3968395675
230574,43878.016,29982.075105785058
230575,43878.016,63907.078478128555
230576,43878.016,39743.03700867988
230577,43878.016,46622.056981944035
230578,43878.016,8742.877045864132
230579,43878.016,32843.3661709559
230580,43878.016,15372.727950465167
230581,43878.016,48799.92067816459
230582,43878.016,9798.63958110179
230583,43878.016,15166.144293711966
230584,43878.016,23051.81123477482
230585,43878.016,42491.92386630423
230586,43878.016,39980.33909520878
230587,43878.016,32264.21441852395
230588,43878.016,19646.00277113942
230589,43878.016,42537.69298196514
230590,43878.016,15355.074752768938
230591,43878.016,35408.45462214269
230592,43878.016,41183.60743900635
230593,43878.016,20964.079502406872
230594,43878.016,45761.0411817102
230595,43878.016,46967.04633369561
230596,43878.016,30587.49187960444
230597,43878.016,23132.964489705202
230598,43878.016,13879.614460855912
230599,43878.016,58207.599947071896
230600,43878.016,32706.698433393907
230601,43878.016,31668.163867207768
230602,43878.016,31920.894360233204
230603,43878.016,57501.60773961636
230604,43878.016,76677.47827136985
230605,43878.016,11614.906583126789
230606,43878.016,13925.27404599749
230607,43878.016,22749.360652453444
230608,43878.016,25524.055676000775
230609,43878.016,51680.406980560794
230610,43878.016,20978.03133179894
230611,43878.016,37018.83911152184
230612,43878.016,41504.773793381915
230613,43878.016,35196.47641505833
230614,43878.016,24157.571911214764
230615,43878.016,14983.80047183959
230616,43878.016,37220.22298040573
230617,43878.016,16667.899838251495
230618,43878.016,18271.65643283903
230619,43878.016,43362.929096639906
230620,43878.016,41743.070799363064
230621,43878.016,51036.4119248848
230622,43878.016,26276.248908820064
230623,43878.016,48242.09255783184
230624,43878.016,31485.572007110408
230625,43878.016,19855.945248566753
230626,43878.016,12788.653613832548
230627,43878.016,14552.817785962983
230628,43878.016,34112.71392217471
230629,43878.016,40134.301192750805
230630,43878.016,53970.559092551375
230631,43878.016,29749.454118074827
230632,43878.016,20172.490008515833
230633,43878.016,78123.88777952039
230634,43878.016,33319.60657297084
230635,43878.016,66928.7809774977
230636,43878.016,43708.80802501368
230637,43878.016,59063.68969086461
230638,43878.016,64530.98751147388
230639,43878.016,16913.685562081075
230640,43878.016,39467.345799407594
230641,43878.016,61789.555969566834
230642,43878.016,70370.52909882193
230643,43878.016,31013.87629768439
230644,43878.016,33298.95074491745
230645,43878.016,42750.239312721395
230646,43878.016,26161.414718831267
230647,43878.016,16200.755488996385
230648,43878.016,21105.525116182715
230649,43878.016,8379.102304928994
230650,43878.016,15133.466791442179
230651,43878.016,14006.228105453009
230652,43878.016,32687.538295566465
230653,43878.016,29169.334007838443
230654,43878.016,41173.71895382249
230655,43878.016,62185.9439293508
230656,43878.016,46368.187360204225
230657,43878.016,14887.718210531664
230658,43878.016,52639.8899783483
230659,43878.016,58208.35420379069
230660,43878.016,25550.25998171356
230661,43878.016,52147.49290956192
230662,43878.016,40579.50768564107
230663,43878.016,15025.32345318671
230664,43878.016,43281.97089587881
230665,43878.016,18204.849351297747
230666,43878.016,20814.138693518973
230667,43878.016,16518.408809060013
230668,43878.016,13886.114624488639
230669,43878.016,49073.99459025355
230670,43878.016,4978.0811792322
230671,43878.016,29113.772629031355
230672,43878.016,39103.048567129204
230673,43878.016,7959.821778291635
230674,43878.016,72079.08652433292
230675,43878.016,42162.370022366056
230676,43878.016,6365.039036121545
230677,43878.016,35855.454614535854
230678,43878.016,32096.178346389963
230679,43878.016,46040.548806204
230680,43878.016,41976.75990996604
230681,43878.016,41839.973412920066
230682,43878.016,62197.87231394821
230683,43878.016,8376.375259413457
230684,43878.016,9743.177483480415
230685,43878.016,24408.604005230245
230686,43878.016,47017.31339815447
230687,43878.016,48009.59347925685
230688,43878.016,53410.78778938753
230689,43878.016,23608.239738100096
230690,43878.016,52035.63012830257
230691,43878.016,15998.632754328495
230692,43878.016,57188.38699805851
230693,43878.016,15893.613353131279
230694,43878.016,44376.39039005594
230695,43878.016,30811.949404973784
230696,43878.016,43035.589753901484
230697,43878.016,12786.129028962647
230698,43878.016,49256.64466973926
230699,43878.016,49609.10373914472
230700,43878.016,20783.37628388738
230701,43878.016,13141.003086133705
230702,43878.016,57085.99705452247
230703,43878.016,13716.135045936842
230704,43878.016,27752.47123183566
230705,43878.016,49016.567925775445
230706,43878.016,23850.01902136482
230707,43878.016,27119.94289729216
230708,43878.016,26070.040847919016
230709,43878.016,22482.685911737146
230710,43878.016,41005.2283489589
230711,43878.016,15791.968460405651
230712,43878.016,32408.240518306324
230713,43878.016,41884.6667573503
230714,43878.016,11886.367772532172
230715,43878.016,45835.600522473454
230716,43878.016,30446.998859646686
230717,43878.016,42217.83428420147
230718,43878.016,28263.651265827648
230719,43878.016,34369.29716270215
230720,43878.016,24885.044427443718
230721,43878.016,51404.61484428659
230722,43878.016,34310.4642302221
230723,43878.016,25269.332819423256
230724,43878.016,15877.476956098977
230725,43878.016,11371.091989874385
230726,43878.016,32144.70980998478
230727,43878.016,47845.45715869853
230728,43878.016,36062.12165547031
230729,43878.016,19473.472337239833
230730,43878.016,5777.472304510003
230731,43878.016,16469.944396740397
230732,43878.016,11175.135424947113
230733,43878.016,16016.704886548774
230734,43878.016,22764.907364317576
230735,43878.016,77737.93004936588
230736,43878.016,43363.55927841232
230737,43878.016,51076.28291706066
230738,43878.016,50067.317996141835
230739,43878.016,16445.90681532184
230740,43878.016,28206.591661530256
230741,43878.016,40600.91927915519
230742,43878.016,15687.534901686475
230743,43878.016,57379.91884007081
230744,43878.016,51146.13797317733
230745,43878.016,5450.56679844091
230746,43878.016,18123.834947825977
230747,43878.016,22598.640893834352
230748,43878.016,27150.051457266272
230749,43878.016,9075.124410631382
230750,43878.016,80687.38193165265
230751,43878.016,42890.91996316974
230752,43878.016,23341.268498998998
230753,43878.016,37207.18053946209
230754,43878.016,63011.67989443329
230755,43878.016,31068.64522255177
230756,43878.016,21596.742855094457
230757,43878.016,65975.96865239785
230758,43878.016,30619.19120275022
230759,43878.016,38084.099205979706
230760,43878.016,29345.695358751578
230761,43878.016,40702.6451378689
230762,43878.016,14324.540345235595
230763,43878.016,30317.022125775275
230764,43878.016,72032.70763400086
230765,43878.016,72488.9663364776
230766,43878.016,67559.61957352518
230767,43878.016,36038.00010798167
230768,43878.016,32315.96234942153
230769,43878.016,42294.71938646355
230770,43878.016,41079.641924315205
230771,43878.016,36257.0568256098
230772,43878.016,41127.914632446176
230773,43878.016,30857.127605806007
230774,43878.016,14570.619199410034
230775,43878.016,35220.93807366238
230776,43878.016,10516.944491507968
230777,43878.016,7841.24863199139
230778,43878.016,40717.752313775585
230779,43878.016,53325.338609649014
230780,43878.016,27654.936802613425
230781,43878.016,26920.880209464165
230782,43878.016,12317.662630241488
230783,43878.016,10460.208631515196
230784,43878.016,47628.57636327211
230785,43878.016,24311.140274569374
230786,43878.016,9564.471670436295
230787,43878.016,66781.29071783021
230788,43878.016,31668.566612551745
230789,43878.016,22950.413308944648
230790,43878.016,29818.855744782413
230791,43878.016,51310.69440811752
230792,43878.016,39495.92494693132
230793,43878.016,19833.11934679902
230794,43878.016,8065.14944148107
230795,43878.016,14784.839609184246
230796,43878.016,41994.99262373196
230797,43878.016,65880.18081904492
230798,43878.016,26001.65719100897
230799,43878.016,51044.39920244038
230800,43878.016,30757.56690401515
230801,43878.016,11388.569005392981
230802,43878.016,43760.560598190954
230803,43878.016,51612.3819965501
230804,43878.016,21533.756166072963
230805,43878.016,62489.358037586135
230806,43878.016,17384.24078677852
230807,43878.016,16427.004566424723
230808,43878.016,10255.522372182964
230809,43878.016,30262.148878713684
230810,43878.016,50879.983196906476
230811,43878.016,18497.496384225735
230812,43878.016,50310.72938793671
230813,43878.016,31234.41754203389
230814,43878.016,7382.117142748753
230815,43878.016,6795.496421011882
230816,43878.016,46317.67509638854
230817,43878.016,20935.204623069167
230818,43878.016,13206.846355249962
230819,43878.016,43680.848738418965
230820,43878.016,35260.22104226852
230821,43878.016,21967.456500387438
230822,43878.016,12710.730751196354
230823,43878.016,23642.57532843268
230824,43878.016,56012.32458957251
230825,43878.016,29026.08161124899
230826,43878.016,16374.21863721201
230827,43878.016,41276.74766533043
230828,43878.016,13266.528185278756
230829,43878.016,55078.21951770994
230830,43878.016,19258.604012048738
230831,43878.016,25830.03518979452
230832,43878.016,52473.19929435975
230833,43878.016,37735.432429555105
230834,43878.016,43842.300018443086
230835,43878.016,78713.23933194931
230836,43878.016,23389.402189903158
230837,43878.016,18856.51467283059
230838,43878.016,33890.50142845254
230839,43878.016,42437.39308672594
230840,43878.016,29730.691353735856
230841,43878.016,5690.860815485217
230842,43878.016,30128.887685839
230843,43878.016,38576.239099413746
230844,43878.016,30623.994407442042
230845,43878.016,23046.050929915345
230846,43878.016,35990.07667875959
230847,43878.016,36972.16960474676
230848,43878.016,30953.194874787954
230849,43878.016,67515.26924265036
230850,43878.016,53591.54730274437
230851,43878.016,30864.73062463435
230852,43878.016,12578.25952660331
230853,43878.016,46483.842530764494
230854,43878.016,39819.057617945866
230855,43878.016,13030.725169284715
230856,43878.016,26943.5354074331
230857,43878.016,12931.12365667805
230858,43878.016,33382.357120581575
230859,43878.016,16134.026036695424
230860,43878.016,105978.66316333618
230861,43878.016,17690.135394681354
230862,43878.016,45784.75804358174
230863,43878.016,61217.93654236566
230864,43878.016,71181.66096565835
230865,43878.016,37773.25258864877
230866,43878.016,22556.072612457683
230867,43878.016,36461.14078444078
230868,43878.016,22132.314673012388
230869,43878.016,70851.69802872039
230870,43878.016,13232.640795334231
230871,43878.016,55063.69701417851
230872,43878.016,10922.171791380702
230873,43878.016,61691.908533063746
230874,43878.016,43242.518049801314
230875,43878.016,31683.544895301828
230876,43878.016,20924.109393272178
230877,43878.016,46270.019420594435
230878,43878.016,36324.07647989321
230879,43878.016,30353.64614432649
230880,43878.016,9442.801306217589
230881,43878.016,43975.33382587549
230882,43878.016,37885.72873327085
230883,43878.016,16150.020251739817
230884,43878.016,6752.961725750876
230885,43878.016,9807.563949158135
230886,43878.016,56910.47503456525
230887,43878.016,13319.256019517305
230888,43878.016,7482.051913245282
230889,43878.016,19528.3612210507
230890,43878.016,35906.76749718421
230891,43878.016,80749.68827759301
230892,43878.016,37481.35424375075
230893,43878.016,25885.600851397732
230894,43878.016,13096.930089022822
230895,43878.016,28808.54921297501
230896,43878.016,17921.088368216184
230897,43878.016,15702.05885060858
230898,43878.016,12948.814224258404
230899,43878.016,54820.63283707752
230900,43878.016,64755.761072803514
230901,43878.016,22722.346652784865
230902,43878.016,74805.32794064672
230903,43878.016,50065.77318909055
230904,43878.016,65831.33708079378
230905,43878.016,50719.32801301674
230906,43878.016,22636.927579775896
230907,43878.016,43357.16633006192
230908,43878.016,53725.55183172316
230909,43878.016,34526.541713950886
230910,43878.016,29832.958951779638
230911,43878.016,35851.50048815771
230912,43878.016,21920.155862745472
230913,43878.016,12867.430411552632
230914,43878.016,86574.91421802121
230915,43878.016,12295.326514509306
230916,43878.016,28873.935580294346
230917,43878.016,33909.504074954886
230918,43878.016,54055.012611019454
230919,43878.016,27952.53775303714
230920,43878.016,41596.784762403724
230921,43878.016,16696.57520500724
230922,43878.016,17232.827135578944
230923,43878.016,27074.243358829575
230924,43878.016,12488.245966167111
230925,43878.016,24972.89765469438
230926,43878.016,37004.275671404466
230927,43878.016,27850.434183486177
230928,43878.016,49054.95467696607
230929,43878.016,17733.028662865145
230930,43878.016,22041.364480340024
230931,43878.016,56046.67111111045
230932,43878.016,52828.261004741806
230933,43878.016,13619.105868519253
230934,43878.016,45984.61919348089
230935,43878.016,10558.713126208339
230936,43878.016,16779.328806375517
230937,43878.016,26311.884428149056
230938,43878.016,41029.33137103252
230939,43878.016,14846.96271359568
230940,43878.016,14448.651609561513
230941,43878.016,51329.96905041187
230942,43878.016,12220.04723079765
230943,43878.016,19699.248498879155
230944,43878.016,49615.06036040271
230945,43878.016,38411.78328475464
230946,43878.016,23276.91498997648
230947,43878.016,10260.43633733054
230948,43878.016,5998.57563339987
230949,43878.016,22079.062427605437
230950,43878.016,57346.55564570994
230951,43878.016,59957.264880067676
230952,43878.016,59526.72120129988
230953,43878.016,15860.63528231765
230954,43878.016,23275.80752864185
230955,43878.016,69142.30730340797
230956,43878.016,36904.19663600049
230957,43878.016,59065.80205969994
230958,43878.016,20388.54508522495
230959,43878.016,11581.054979531813
230960,43878.016,13917.04822493689
230961,43878.016,64016.18053511045
230962,43878.016,63858.36919728259
230963,43878.016,30677.38534760493
230964,43878.016,19298.92922233869
230965,43878.016,33317.66276687413
230966,43878.016,49126.45869089473
230967,43878.016,22855.4836772526
230968,43878.016,38719.38897220917
230969,43878.016,48267.79769732211
230970,43878.016,73723.50754648125
230971,43878.016,43441.287234936965
230972,43878.016,62124.906031104816
230973,43878.016,19075.02523391971
230974,43878.016,19091.786994187056
230975,43878.016,33175.930583543595
230976,43878.016,67482.18367343333
230977,43878.016,32441.204510820415
230978,43878.016,14215.729213439226
230979,43878.016,10950.192489166006
230980,43878.016,35245.12680112231
230981,43878.016,15587.680563493272
230982,43878.016,42904.3162883359
230983,43878.016,49696.01719657211
230984,43878.016,16865.711837593597
230985,43878.016,15520.888559195007
230986,43878.016,5720.902304189075
230987,43878.016,21845.233992391903
230988,43878.016,19830.74115994716
230989,43878.016,50156.22149638152
230990,43878.016,70631.9192719323
230991,43878.016,63106.922432040294
230992,43878.016,32528.38727499191
230993,43878.016,68214.33256450093
230994,43878.016,8737.378186540329
230995,43878.016,66887.49690670181
230996,43878.016,12734.404644887869
230997,43878.016,19999.79930820771
230998,43878.016,7143.480921464422
230999,43878.016,29836.278598595847
231000,43878.016,71160.4992910016
231001,43878.016,58211.673114814665
231002,43878.016,8726.806324367157
231003,43878.016,30675.02606752755
231004,43878.016,47004.162455587815
231005,43878.016,53357.45211224765
231006,43878.016,43033.703556151326
231007,43878.016,11468.654591520575
231008,43878.016,9404.372273347537
231009,43878.016,23031.647982113653
231010,43878.016,47453.26320646896
231011,43878.016,11575.559164642526
231012,43878.016,21604.03355537765
231013,43878.016,86554.27219723359
231014,43878.016,52260.357378839486
231015,43878.016,10709.650408623893
231016,43878.016,54696.75508614463
231017,43878.016,50789.22140556086
231018,43878.016,40265.256848952326
231019,43878.016,43650.82261586655
231020,43878.016,16107.595298410886
231021,43878.016,30815.226430354283
231022,43878.016,49368.29178231738
231023,43878.016,21648.5438336089
231024,43878.016,17491.379006859155
231025,43878.016,31113.28297539061
231026,43878.016,45657.90699080605
231027,43878.016,54659.054021802025
231028,43878.016,29448.87507284508
231029,43878.016,24117.999075900003
231030,43878.016,20966.361726326923
231031,43878.016,17789.01152157146
231032,43878.016,18152.21682037736
231033,43878.016,62614.46522795085
231034,43878.016,17254.18378542894
231035,43878.016,35049.12291854892
231036,43878.016,44532.695791195845
231037,43878.016,35830.616511536915
231038,43878.016,13616.87622405277
231039,43878.016,22508.896481908832
231040,43878.016,48017.103409034906
231041,43878.016,29461.12096365562
231042,43878.016,41381.20150108055
231043,43878.016,56237.49722871704
231044,43878.016,32708.07572642651
231045,43878.016,46899.407151311614
231046,43878.016,49904.94541350468
231047,43878.016,26934.553864665806
231048,43878.016,50159.393542464895
231049,43878.016,40478.83916619228
231050,43878.016,52091.25401855277
231051,43878.016,9208.274442328217
231052,43878.016,43622.0093668333
231053,43878.016,21226.590059018425
231054,43878.016,42110.33100394085
231055,43878.016,26235.777486146282
231056,43878.016,8165.823267370239
231057,43878.016,41156.92928800147
231058,43878.016,10208.101883398307
231059,43878.016,32423.12773651755
231060,43878.016,13835.19439529008
231061,43878.016,56988.2752351714
231062,43878.016,13346.189834120712
231063,43878.016,79266.73423899962
231064,43878.016,48999.264107687515
231065,43878.016,46890.067305189536
231066,43878.016,32998.05256551029
231067,43878.016,17613.759380673662
231068,43878.016,65364.70002675683
231069,43878.016,15623.363624565984
231070,43878.016,32177.679279774104
231071,43878.016,40043.883809027706
231072,43878.016,50151.36339474531
231073,43878.016,63308.47592302275
231074,43878.016,13179.327110057053
231075,43878.016,30888.017996567876
231076,43878.016,34505.87452846843
231077,43878.016,13353.536638853546
231078,43878.016,16613.07440905142
231079,43878.016,53943.510553007756
231080,43878.016,49635.69736192809
231081,43878.016,13606.325256688415
231082,43878.016,72237.88192082998
231083,43878.016,31156.84417737283
231084,43878.016,38278.3717043213
231085,43878.016,26006.84383483022
231086,43878.016,64553.16957465059
231087,43878.016,38700.789755628095
231088,43878.016,37245.92317019121
231089,43878.016,9691.696111049385
231090,43878.016,28111.94325351284
231091,43878.016,25857.656418914437
231092,43878.016,13033.123174579372
231093,43878.016,14003.505355328549
231094,43878.016,26223.793289740162
231095,43878.016,26134.50781117188
231096,43878.016,31322.81025759073
231097,43878.016,46998.08656685174
231098,43878.016,44569.8687965495
231099,43878.016,22279.66187401835
231100,43878.016,33621.58548107789
231101,43878.016,42290.489105886976
231102,43878.016,35394.32448764441
231103,43878.016,26700.325610561522
231104,43878.016,67616.34846835658
231105,43878.016,31822.87005271878
231106,43878.016,33306.779182473605
231107,43878.016,26835.64289160501
231108,43878.016,14517.42352602668
231109,43878.016,10486.412257659984
231110,43878.016,12703.843557915208
231111,43878.016,62928.424932469476
231112,43878.016,45016.70232707824
231113,43878.016,37906.42691114663
231114,43878.016,16031.918865455056
231115,43878.016,36817.920711866405
231116,43878.016,16364.460841714263
231117,43878.016,53973.42818236944
231118,43878.016,60384.68537764957
231119,43878.016,68879.12679984178
231120,43878.016,29301.398459492004
231121,43878.016,55743.43420068847
231122,43878.016,23641.342206798883
231123,43878.016,13316.613901714454
231124,43878.016,54796.48517475124
231125,43878.016,8121.721585012421
231126,43878.016,28927.762248608033
231127,43878.016,28357.604959223514
231128,43878.016,65644.98303041288
231129,43878.016,10177.113567873062
231130,43878.016,8165.910075647222
231131,43878.016,10475.343302930416
231132,43878.016,48016.104552971796
231133,43878.016,24115.353914871546
231134,43878.016,43294.31191214196
231135,43878.016,26028.49429230631
231136,43878.016,17570.9762160941
231137,43878.016,49822.90733907457
231138,43878.016,38588.88003321814
231139,43878.016,43655.518478176586
231140,43878.016,13023.27254253478
231141,43878.016,29583.62944119341
231142,43878.016,27686.809943599263
231143,43878.016,16927.366443976465
231144,43878.016,58178.94944048284
231145,43878.016,21314.69890372605
231146,43878.016,73711.8611706319
231147,43878.016,14137.369334803658
231148,43878.016,5618.795848810671
231149,43878.016,4966.890344200482
231150,43878.016,19209.52662244729
231151,43878.016,10171.82319979875
231152,43878.016,48842.412997353444
231153,43878.016,114077.21988490931
231154,43878.016,42263.39319371389
231155,43878.016,23409.78138254141
231156,43878.016,14925.84151191818
231157,43878.016,12982.150773263927
231158,43878.016,15953.985408447716
231159,43878.016,56561.16370528233
231160,43878.016,12851.255758205696
231161,43878.016,27496.530147527257
231162,43878.016,10682.167396146071
231163,43878.016,28913.23495797892
231164,43878.016,18813.199031686017
231165,43878.016,20492.602252138924
231166,43878.016,39879.35928173428
231167,43878.016,43179.011213556616
231168,43878.016,38006.84453130913
231169,43878.016,82711.6143261052
231170,43878.016,9198.633111643361
231171,43878.016,30747.612555440686
231172,43878.016,31308.62113291901
231173,43878.016,54385.209619962494
231174,43878.016,20825.558596105147
231175,43878.016,111739.09715683892
231176,43878.016,40073.56137863339
231177,43878.016,39703.1285899809
231178,43878.016,32681.23329083722
231179,43878.016,13739.948895702628
231180,43878.016,36342.36204556458
231181,43878.016,48698.47422740373
231182,43878.016,15466.387672645775
231183,43878.016,14934.677454060477
231184,43878.016,10212.598769201017
231185,43878.016,53407.602559375155
231186,43878.016,36456.2649126741
231187,43878.016,29275.81730728138
231188,43878.016,59571.97922931886
231189,43878.016,50779.48795586209
231190,43878.016,17624.898389998503
231191,43878.016,51736.66834516232
231192,43878.016,17222.935227229158
231193,43878.016,55145.42719004183
231194,43878.016,27857.77864529706
231195,43878.016,7444.261818398462
231196,43878.016,64783.16531953629
231197,43878.016,55849.88686098404
231198,43878.016,42145.13545783976
231199,43878.016,49915.474277072484
231200,43878.016,43193.3782934802
231201,43878.016,11389.63492412113
231202,43878.016,22619.099685807974
231203,43878.016,37353.59556828506
231204,43878.016,9345.611001784357
231205,43878.016,57745.6017665075
231206,43878.016,29030.610174014855
231207,43878.016,81080.5259700978
231208,43878.016,16445.011861504812
231209,43878.016,11477.88706694303
231210,43878.016,63264.40799119382
231211,43878.016,8018.629687090013
231212,43878.016,32963.64940476909
231213,43878.016,35149.208385880425
231214,43878.016,52858.642818711225
231215,43878.016,49527.24826604344
231216,43878.016,51309.04679872037
231217,43878.016,59074.76412020577
231218,43878.016,22656.167891189907
231219,43878.016,16148.562853717714
231220,43878.016,13585.545596978496
231221,43878.016,28224.394071778162
231222,43878.016,47683.87304608378
231223,43878.016,8892.703602317275
231224,43878.016,50627.715663630515
231225,43878.016,8749.720045832206
231226,43878.016,17550.226590886323
231227,43878.016,56776.95474367458
231228,43878.016,59385.715195909375
231229,43878.016,41748.369566262474
231230,43878.016,50935.40463903205
231231,43878.016,34609.89974920495
231232,43878.016,41122.146022322675
231233,43878.016,21954.585919513098
231234,43878.016,10084.56762737454
231235,43878.016,71364.8750112897
231236,43878.016,67009.76723924169
231237,43878.016,12520.782362729604
231238,43878.016,28306.705045306313
231239,43878.016,49818.07645934811
231240,43878.016,30363.44112366002
231241,43878.016,16928.506438004562
231242,43878.016,5956.954481034912
231243,43878.016,20184.24954357804
231244,43878.016,38859.73620188251
231245,43878.016,46038.45429969266
231246,43878.016,34065.853211622445
231247,43878.016,16458.293724344036
231248,43878.016,33731.782144058394
231249,43878.016,11680.917809762122
231250,43878.016,73605.95003205925
231251,43878.016,11038.298139721344
231252,43878.016,32109.431510447244
231253,43878.016,62846.627228619334
231254,43878.016,12120.128135508778
231255,43878.016,58934.423964569185
231256,43878.016,10876.41042206744
231257,43878.016,7838.091862610456
231258,43878.016,71791.36178154068
231259,43878.016,20785.108458151502
231260,43878.016,28224.938484275383
231261,43878.016,20317.583916729447
231262,43878.016,74723.99633422037
231263,43878.016,21428.13402736067
231264,43878.016,15711.27832014365
231265,43878.016,55463.25879035684
231266,43878.016,30927.878375774544
231267,43878.016,29326.301466211284
231268,43878.016,45250.99851931423
231269,43878.016,49696.85960724748
231270,43878.016,68509.62165797073
231271,43878.016,55187.93969386815
231272,43878.016,25399.243546809917
231273,43878.016,46084.30445088369
231274,43878.016,13384.04240643837
231275,43878.016,18597.187771872737
231276,43878.016,45612.128664239266
231277,43878.016,35685.88186974173
231278,43878.016,35579.5529266838
231279,43878.016,28871.311342949655
231280,43878.016,8802.759620027105
231281,43878.016,53685.61260414682
231282,43878.016,36206.18779399854
231283,43878.016,36249.26393300319
231284,43878.016,13916.230167963804
231285,43878.016,33073.04538579222
231286,43878.016,27281.76602283643
231287,43878.016,20444.097433561248
231288,43878.016,10479.468301288116
231289,43878.016,4808.6598712910045
231290,43878.016,11797.064739064972
231291,43878.016,42357.4352102624
231292,43878.016,61295.585943735954
231293,43878.016,52877.156758031444
231294,43878.016,44377.3685043007
231295,43878.016,50084.90953128713
231296,43878.016,9415.484677144956
231297,43878.016,54985.59463344666
231298,43878.016,32053.31692294005
231299,43878.016,57944.907443076896
231300,43878.016,52664.53061754007
231301,43878.016,50481.389009988285
231302,43878.016,14519.732496029092
231303,43878.016,16869.670069266336
231304,43878.016,5027.0987317615345
231305,43878.016,9584.178571431414
231306,43878.016,54994.83565141281
231307,43878.016,56171.83487544164
231308,43878.016,10333.092127327423
231309,43878.016,31468.9160338813
231310,43878.016,81501.10481329823
231311,43878.016,15654.894193503726
231312,43878.016,35173.26735013787
231313,43878.016,16520.543908819636
231314,43878.016,49701.43258500161
231315,43878.016,10532.722128315681
231316,43878.016,67936.27933001566
231317,43878.016,42966.39814858022
231318,43878.016,27024.47635072351
231319,43878.016,21796.46931395584
231320,43878.016,85017.28378032128
231321,43878.016,41701.10101913626
231322,43878.016,15720.256249574115
231323,43878.016,51311.77787829316
231324,43878.016,55713.1121718834
231325,43878.016,61314.94233481429
231326,43878.016,50092.33371245558
231327,43878.016,64141.776882800055
231328,43878.016,50433.40906419799
231329,43878.016,57267.30577076933
231330,43878.016,40416.91312660289
231331,43878.016,12404.892431469632
231332,43878.016,12718.360744137155
231333,43878.016,55394.36972374082
231334,43878.016,45093.23658944135
231335,43878.016,24775.182565846746
231336,43878.016,27739.98699393771
231337,43878.016,19393.319224882627
231338,43878.016,59453.86335219792
231339,43878.016,85711.3375244805
231340,43878.016,14116.23130649188
231341,43878.016,27791.8506988145
231342,43878.016,58758.68990449726
231343,43878.016,12908.99281270149
231344,43878.016,85688.44753704371
231345,43878.016,8622.082485304458
231346,43878.016,41800.336231054105
231347,43878.016,14853.652656051296
231348,43878.016,44783.97781966367
231349,43878.016,66184.01870122271
231350,43878.016,23676.101091084303
231351,43878.016,37455.01096293631
231352,43878.016,22502.586528321783
231353,43878.016,15161.245946495406
231354,43878.016,5371.048578871879
231355,43878.016,21992.75060297382
231356,43878.016,36863.06149950136
231357,43878.016,30905.524252933345
231358,43878.016,48754.441546087386
231359,43878.016,36576.214166253885
231360,43878.016,59317.0083540755
231361,43878.016,62349.095305863426
231362,43878.016,9629.825298796617
231363,43878.016,54023.14541659082
231364,43878.016,13930.518442815184
231365,43878.016,22725.758853532472
231366,43878.016,7413.778590907253
231367,43878.016,48888.07165612599
231368,43878.016,71412.59341048537
231369,43878.016,59130.37201859827
231370,43878.016,20977.702805306842
231371,43878.016,46580.29155862476
231372,43878.016,63790.37162645385
231373,43878.016,9721.396570968149
231374,43878.016,53266.54385525973
231375,43878.016,55147.19050063917
231376,43878.016,18328.62328727522
231377,43878.016,33654.46536512877
231378,43878.016,20570.336638280205
231379,43878.016,34160.57204944592
231380,43878.016,44447.74652514014
231381,43878.016,14298.429572638706
231382,43878.016,29900.754403287956
231383,43878.016,30035.72709606975
231384,43878.016,56960.19343776379
231385,43878.016,24261.784237198593
231386,43878.016,92461.44858175443
231387,43878.016,32780.72574558725
231388,43878.016,34761.94576393054
231389,43878.016,53951.95311693658
231390,43878.016,59892.7991521018
231391,43878.016,18066.334197730823
231392,43878.016,107641.19152046618
231393,43878.016,25834.87771340851
231394,43878.016,59043.249271241984
231395,43878.016,50639.73416533414
231396,43878.016,40367.07765809656
231397,43878.016,55031.292969929615
231398,43878.016,29610.07075222588
231399,43878.016,18302.85917412156
231400,43878.016,24629.296006233228
231401,43878.016,14157.396162159557
231402,43878.016,32365.964350976734
231403,43878.016,20016.372445234392
231404,43878.016,13009.302553879093
231405,43878.016,34786.77589298207
231406,43878.016,63144.444074864245
231407,43878.016,7936.27007533005
231408,43878.016,51923.620813148715
231409,43878.016,20856.510791149598
231410,43878.016,44603.483010528566
231411,43878.016,55349.28099941382
231412,43878.016,18178.408757865815
231413,43878.016,49771.14930221351
231414,43878.016,30323.12980779936
231415,43878.016,19800.17281205802
231416,43878.016,27406.89464313707
231417,43878.016,50458.12084031087
231418,43878.016,41514.59329259412
231419,43878.016,15414.296128030846
231420,43878.016,39064.504470711836
231421,43878.016,23876.625910220562
231422,43878.016,48329.15920907805
231423,43878.016,26023.35792260495
231424,43878.016,18083.540773731882
231425,43878.016,32727.037597844246
231426,43878.016,59744.740364806545
231427,43878.016,41457.29673440521
231428,43878.016,23031.582758417357
231429,43878.016,10477.625821955422
231430,43878.016,10753.024270690543
231431,43878.016,45129.656243105484
231432,43878.016,26648.728042306455
231433,43878.016,8287.872975148286
231434,43878.016,35564.119931436544
231435,43878.016,48428.95557893506
231436,43878.016,59911.837992305416
231437,43878.016,14388.622809016648
231438,43878.016,52861.522028953565
231439,43878.016,59152.21632607895
231440,43878.016,39698.31034648586
231441,43878.016,33374.696379596106
231442,43878.016,12536.15819001284
231443,43878.016,31724.152553727326
231444,43878.016,21617.620786178035
231445,43878.016,13689.531959303953
231446,43878.016,47246.932467642975
231447,43878.016,41763.32627911216
231448,43878.016,12067.751324682338
231449,43878.016,54158.43208648008
231450,43878.016,10621.35148619363
231451,43878.016,56236.16162800403
231452,43878.016,50561.60131320242
231453,43878.016,41399.268509289024
231454,43878.016,41665.59712023902
231455,43878.016,10689.761903253597
231456,43878.016,69671.49322528373
231457,43878.016,35358.01347271691
231458,43878.016,43260.78642601807
231459,43878.016,20202.272206587586
231460,43878.016,15237.546069797723
231461,43878.016,30309.68087619338
231462,43878.016,13997.386637328524
231463,43878.016,18455.223066733353
231464,43878.016,44477.86434923862
231465,43878.016,76116.08615195121
231466,43878.016,28942.693760767623
231467,43878.016,8186.08235404497
231468,43878.016,26950.290400223563
231469,43878.016,47733.97437600428
231470,43878.016,77292.08321109586
231471,43878.016,39171.763661383426
231472,43878.016,31757.86345945342
231473,43878.016,48617.16873729899
231474,43878.016,35615.42639812967
231475,43878.016,31799.77101045118
231476,43878.016,42970.342036882874
231477,43878.016,45855.10509159646
231478,43878.016,48952.85102684204
231479,43878.016,41523.0330328371
231480,43878.016,30488.35126409328
231481,43878.016,39228.76138944786
231482,43878.016,38500.500165028134
231483,43878.016,57833.029675587204
231484,43878.016,56214.652654246784
231485,43878.016,26347.22064839984
231486,43878.016,40527.50061284117
231487,43878.016,29713.451816549234
231488,43878.016,37351.21937956249
231489,43878.016,12118.02146842411
231490,43878.016,23087.154193752845
231491,43878.016,13902.624071496424
231492,43878.016,32979.61094622197
231493,43878.016,51097.24919308839
231494,43878.016,8254.541372014952
231495,43878.016,67793.97868933284
231496,43878.016,18495.76336998815
231497,43878.016,16013.24045261182
231498,43878.016,31598.16652621641
231499,43878.016,29368.98990335422
231500,43878.016,58597.317898138135
231501,43878.016,19143.95281863451
231502,43878.016,6040.096646813466
231503,43878.016,61736.33828090249
231504,43878.016,60877.608272261576
231505,43878.016,30257.185287567412
231506,43878.016,55237.04010899346
231507,43878.016,112869.31460570583
231508,43878.016,67910.68002059548
231509,43878.016,58855.29800253037
231510,43878.016,42289.07033131777
231511,43878.016,59327.58507410442
231512,43878.016,53869.381653694894
231513,43878.016,40030.33939371039
231514,43878.016,60328.50526654135
231515,43878.016,44201.857223083454
231516,43878.016,37055.0393861291
231517,43878.016,13363.492126314637
231518,43878.016,9529.172818749927
231519,43878.016,7549.682374462121
231520,43878.016,52824.81227701325
231521,43878.016,50318.35385298159
231522,43878.016,59612.35754032359
231523,43878.016,31907.524323990576
231524,43878.016,49299.27598828405
231525,43878.016,8451.405880804316
231526,43878.016,13092.908389531725
231527,43878.016,33467.01263017649
231528,43878.016,30196.247130334064
231529,43878.016,14878.797328840961
231530,43878.016,47307.28695060467
231531,43878.016,30634.667988748373
231532,43878.016,24574.121605779666
231533,43878.016,11144.407559513369
231534,43878.016,29539.95720460422
231535,43878.016,34277.80864612335
231536,43878.016,39356.324886591705
231537,43878.016,32226.599874371037
231538,43878.016,24467.586189047448
231539,43878.016,48408.434409111826
231540,43878.016,4388.718102993501
231541,43878.016,12537.868148966287
231542,43878.016,20330.49097151203
231543,43878.016,4323.149512918114
231544,43878.016,31582.123631589315
231545,43878.016,29400.209859404047
231546,43878.016,18219.975943989193
231547,43878.016,23847.449113812516
231548,43878.016,23111.213950363053
231549,43878.016,32933.54137682791
231550,43878.016,24286.91040443689
231551,43878.016,7755.400987868764
231552,43878.016,87154.38809084747
231553,43878.016,46227.5507580738
231554,43878.016,37303.61564209684
231555,43878.016,10497.238045460503
231556,43878.016,13348.549577336977
231557,43878.016,6121.66285684018
231558,43878.016,8771.947051329744
231559,43878.016,43046.94043756412
231560,43878.016,44646.42180547141
231561,43878.016,42856.76258309656
231562,43878.016,19537.586247064814
231563,43878.016,48186.93363366095
231564,43878.016,72647.13375581018
231565,43878.016,61403.550172912845
231566,43878.016,65409.014172896
231567,43878.016,32972.3782833056
231568,43878.016,49046.72038014023
231569,43878.016,31883.347604853265
231570,43878.016,26830.073314631278
231571,43878.016,51053.082944921014
231572,43878.016,53601.950695118634
231573,43878.016,68493.67295346917
231574,43878.016,61527.59779500759
231575,43878.016,42335.59463881672
231576,43878.016,70065.76543389623
231577,43878.016,81605.48564496303
231578,43878.016,14050.309933829407
231579,43878.016,44412.19958721497
231580,43878.016,51503.1797198913
231581,43878.016,8735.279454814256
231582,43878.016,15729.807447273592
231583,43878.016,51637.40977777424
231584,43878.016,12946.923096927505
231585,43878.016,16666.24432861683
231586,43878.016,31953.438111402662
231587,43878.016,46340.20657350225
231588,43878.016,33071.66941365433
231589,43878.016,35085.76421542026
231590,43878.016,13007.972569444973
231591,43878.016,112048.4909207042
231592,43878.016,38373.73590256623
231593,43878.016,39837.52584233139
231594,43878.016,53401.24733617159
231595,43878.016,36651.99676191425
231596,43878.016,27859.14678557473
231597,43878.016,20189.842860132503
231598,43878.016,61394.37143684964
231599,43878.016,30915.19282021228
231600,43878.016,44106.007197376886
231601,43878.016,47209.18757780355
231602,43878.016,38963.523034002574
231603,43878.016,41208.498175448694
231604,43878.016,32841.63925089357
231605,43878.016,46805.79868767956
231606,43878.016,15817.187499988877
231607,43878.016,49545.02473027132
231608,43878.016,24751.6490725238
231609,43878.016,60250.51743652791
231610,43878.016,24814.765736112753
231611,43878.016,38472.30251888052
231612,43878.016,54099.18905834836
231613,43878.016,23828.94663074747
231614,43878.016,46185.645055812514
231615,43878.016,50608.66082293652
231616,43878.016,26563.756915795275
231617,43878.016,80780.3921517575
231618,43878.016,41660.04745375226
231619,43878.016,11312.853511171523
231620,43878.016,19968.35670984047
231621,43878.016,15690.286120150606
231622,43878.016,11884.128373645846
231623,43878.016,28373.84256172901
231624,43878.016,11649.353966757873
231625,43878.016,43937.47634304225
231626,43878.016,52461.091533227205
231627,43878.016,9425.358274565177
231628,43878.016,13970.8702662109
231629,43878.016,25302.14242868307
231630,43878.016,14441.081496214085
231631,43878.016,34980.61174857731
231632,43878.016,22535.684668708927
231633,43878.016,21253.953449558117
231634,43878.016,53492.18748240894
231635,43878.016,15506.98293926045
231636,43878.016,28925.978579083123
231637,43878.016,44553.43251855268
231638,43878.016,11418.928900155095
231639,43878.016,34023.40263357884
231640,43878.016,23799.819903057367
231641,43878.016,60782.5618997537
231642,43878.016,54903.14616039789
231643,43878.016,51978.92442384904
231644,43878.016,38794.70370699236
231645,43878.016,27026.796404001445
231646,43878.016,21957.099240744068
231647,43878.016,49310.20034525537
231648,43878.016,70542.4902219388
231649,43878.016,56831.540339039704
231650,43878.016,48111.734029466155
231651,43878.016,11461.795239530145
231652,43878.016,38087.40575700253
231653,43878.016,9134.370979550285
231654,43878.016,19636.263670294393
231655,43878.016,28661.027973110555
231656,43878.016,12398.551981366547
231657,43878.016,45007.58772050304
231658,43878.016,73810.46539141804
231659,43878.016,13296.200009728258
231660,43878.016,14052.388003638229
231661,43878.016,31695.673595806413
231662,43878.016,8204.850617999175
231663,43878.016,8724.054944133577
231664,43878.016,8055.625972560766
231665,43878.016,20227.37249291061
231666,43878.016,12074.216612563898
231667,43878.016,31551.43382340483
231668,43878.016,24625.261835144567
231669,43878.016,60449.04255043666
231670,43878.016,19951.30661073307
231671,43878.016,24279.87430141726
231672,43878.016,8690.705420157996
231673,43878.016,21285.88598735173
231674,43878.016,53993.90899144913
231675,43878.016,19109.72055101555
231676,43878.016,43522.03923648973
231677,43878.016,35798.62332909976
231678,43878.016,14310.444408230926
231679,43878.016,52286.756042210654
231680,43878.016,27011.728382375662
231681,43878.016,23906.291411261103
231682,43878.016,33358.736668565645
231683,43878.016,40144.538607582836
231684,43878.016,59062.37425298035
231685,43878.016,15736.679679588437
231686,43878.016,27634.167462710182
231687,43878.016,37143.30734049817
231688,43878.016,21108.92799314534
231689,43878.016,30529.566218240074
231690,43878.016,24695.67038650554
231691,43878.016,35888.60462044946
231692,43878.016,50743.74644078806
231693,43878.016,33870.835767656165
231694,43878.016,6105.099968534561
231695,43878.016,7706.4581008608275
231696,43878.016,53972.973670101856
231697,43878.016,42012.21890746932
231698,43878.016,38332.11371598485
231699,43878.016,22974.84407975844
231700,43878.016,9521.606018353164
231701,43878.016,11138.58948219522
231702,43878.016,13408.025790421234
231703,43878.016,24448.891884090535
231704,43878.016,11191.616503495932
231705,43878.016,26717.788264251234
231706,43878.016,23619.15401573805
231707,43878.016,63971.1014575141
231708,43878.016,46182.61716627474
231709,43878.016,34564.89663434959
231710,43878.016,49854.51652607791
231711,43878.016,37022.83911509057
231712,43878.016,32586.000231299513
231713,43878.016,27680.203185056424
231714,43878.016,32359.17255047945
231715,43878.016,30220.68059670468
231716,43878.016,16707.427270869353
231717,43878.016,14653.429369796808
231718,43878.016,45062.94411135022
231719,43878.016,45057.75147539459
231720,43878.016,60933.08318085922
231721,43878.016,12922.727583908043
231722,43878.016,32814.90569607715
231723,43878.016,27930.56249844774
231724,43878.016,9009.872553268906
231725,43878.016,32645.663655358312
231726,43878.016,53325.01292889731
231727,43878.016,39847.50752094833
231728,43878.016,53444.13520232838
231729,43878.016,24536.36873758633
231730,43878.016,12902.25192841999
231731,43878.016,10713.33066876992
231732,43878.016,16537.45321754849
231733,43878.016,53798.20227271126
231734,43878.016,26002.277810266205
231735,43878.016,35109.36583372862
231736,43878.016,47760.392555676175
231737,43878.016,56880.09985245901
231738,43878.016,23226.91942600251
231739,43878.016,22265.65993201443
231740,43878.016,45706.33337331396
231741,43878.016,51637.14365828727
231742,43878.016,18410.513285921206
231743,43878.016,30149.323171650827
231744,43878.016,23290.49206966647
231745,43878.016,17706.86002317697
231746,43878.016,7540.550075717047
231747,43878.016,47051.65067921
231748,43878.016,53083.00572755002
231749,43878.016,21628.725529907526
231750,43878.016,19029.15033271128
231751,43878.016,59893.87386499675
231752,43878.016,34687.94075447182
231753,43878.016,48681.702600082055
231754,43878.016,32762.15778786599
231755,43878.016,14705.875048297512
231756,43878.016,13782.403549003016
231757,43878.016,45375.59287940169
231758,43878.016,21197.665364026503
231759,43878.016,69483.55735344367
231760,43878.016,48997.336508471686
231761,43878.016,26857.77515812728
231762,43878.016,51450.51415275457
231763,43878.016,55121.859354968205
231764,43878.016,11857.190488381346
231765,43878.016,75277.07903241242
231766,43878.016,10478.685665517387
231767,43878.016,37956.38306430229
231768,43878.016,3201.6188073992357
231769,43878.016,42974.791276072065
231770,43878.016,12880.66081756054
231771,43878.016,30268.431058683906
231772,43878.016,11709.307506632978
231773,43878.016,18823.12914310334
231774,43878.016,7694.883737872551
231775,43878.016,19657.512880254348
231776,43878.016,26612.535763639662
231777,43878.016,54141.05420025072
231778,43878.016,16129.619533280142
231779,43878.016,65227.13858713305
231780,43878.016,42499.26143970598
231781,43878.016,51831.83725894351
231782,43878.016,20711.323818428587
231783,43878.016,19146.466419533594
231784,43878.016,30510.17725531446
231785,43878.016,43148.023846530894
231786,43878.016,26050.06735591134
231787,43878.016,15910.324145443456
231788,43878.016,6403.821885552329
231789,43878.016,58857.0217430735
231790,43878.016,11432.980686878875
231791,43878.016,19101.10802982127
231792,43878.016,22366.06801392511
231793,43878.016,43453.525131083865
231794,43878.016,8308.51137140981
231795,43878.016,65463.04398155707
231796,43878.016,27834.662091668648
231797,43878.016,43813.17846385227
231798,43878.016,55944.38162102729
231799,43878.016,92012.93301513915
231800,43878.016,37686.75118939959
231801,43878.016,51593.34248535691
231802,43878.016,13679.198141244777
231803,43878.016,27057.13557122547
231804,43878.016,56839.03243068658
231805,43878.016,21989.41417427246
231806,43878.016,46917.194319777394
231807,43878.016,29695.394238348435
231808,43878.016,52145.61594491291
231809,43878.016,57907.95565730805
231810,43878.016,39804.88887882973
231811,43878.016,40474.38162855993
231812,43878.016,49932.03202422226
231813,43878.016,14622.457493253523
231814,43878.016,22276.272382620635
231815,43878.016,58182.42666467157
231816,43878.016,53074.01825919559
231817,43878.016,26894.696755147095
231818,43878.016,10834.090363377592
231819,43878.016,42757.01007125877
231820,43878.016,26856.887134592835
231821,43878.016,36190.97115026231
231822,43878.016,47979.00779170729
231823,43878.016,51489.10012445044
231824,43878.016,31366.0248986365
231825,43878.016,24480.739411891067
231826,43878.016,49637.57699737917
231827,43878.016,8635.339073673405
231828,43878.016,55022.525784889534
231829,43878.016,15283.080736493353
231830,43878.016,52932.74386256898
231831,43878.016,61362.621072844
231832,43878.016,16207.953416682642
231833,43878.016,64148.93410024752
231834,43878.016,48510.97510544662
231835,43878.016,42394.037375950335
231836,43878.016,39752.50405677401
231837,43878.016,15595.532263819645
231838,43878.016,7204.848302807216
231839,43878.016,29450.28412016119
231840,43878.016,15135.12252532681
231841,43878.016,38574.01199190377
231842,43878.016,19696.143068548005
231843,43878.016,65902.64580179834
231844,43878.016,8449.266745393643
231845,43878.016,22550.104288612703
231846,43878.016,50705.94681637004
231847,43878.016,40276.434265686425
231848,43878.016,49634.77332249233
231849,43878.016,18526.66304816726
231850,43878.016,7455.940005364377
231851,43878.016,57066.12305658253
231852,43878.016,10778.932983505743
231853,43878.016,32491.067379334832
231854,43878.016,52545.47964029866
231855,43878.016,11772.867198934782
231856,43878.016,3502.4881354565364
231857,43878.016,44571.403746936056
231858,43878.016,30965.661327337133
231859,43878.016,45058.02489782066
231860,43878.016,34326.649069075975
231861,43878.016,29228.02232236688
231862,43878.016,26971.74377109995
231863,43878.016,14445.936174036124
231864,43878.016,11224.098667463964
231865,43878.016,49403.37404047463
231866,43878.016,22109.463247446965
231867,43878.016,44131.8777140691
231868,43878.016,15925.882420881091
231869,43878.016,42590.20137728366
231870,43878.016,29864.926239232518
231871,43878.016,35536.44013817152
231872,43878.016,62044.353769835674
231873,43878.016,22510.330508928335
231874,43878.016,27814.497468585654
231875,43878.016,38008.264552027584
231876,43878.016,59153.586677680905
231877,43878.016,18976.59935910143
231878,43878.016,35867.80863349692
231879,43878.016,30482.2657051289
231880,43878.016,47289.45276075502
231881,43878.016,27228.150270729227
231882,43878.016,50052.322497814144
231883,43878.016,42641.596723429015
231884,43878.016,48376.15340501714
231885,43878.016,25585.28905781442
231886,43878.016,10961.34850782472
231887,43878.016,46670.74563190293
231888,43878.016,11848.008713830586
231889,43878.016,36490.360327974944
231890,43878.016,39484.52946173529
231891,43878.016,34940.27951766857
231892,43878.016,25806.119210318215
231893,43878.016,76106.59006629286
231894,43878.016,13072.346553192967
231895,43878.016,9121.596609422904
231896,43878.016,48672.59730961206
231897,43878.016,51861.604532277735
231898,43878.016,17117.050460524813
231899,43878.016,47589.32661400314
231900,43878.016,44094.548122343134
231901,43878.016,22761.08299916356
231902,43878.016,8703.088880324574
231903,43878.016,25925.909255646493
231904,43878.016,10765.605348704243
231905,43878.016,24855.07729028045
231906,43878.016,25499.96766856666
231907,43878.016,28478.51576800108
231908,43878.016,13059.936725899586
231909,43878.016,38558.66126179384
231910,43878.016,23713.75390240365
231911,43878.016,120238.88449855102
231912,43878.016,51270.00845230778
231913,43878.016,9110.912629245524
231914,43878.016,47467.21477992927
231915,43878.016,13208.979822468289
231916,43878.016,32360.36778040996
231917,43878.016,63508.29793865785
231918,43878.016,18828.06414246957
231919,43878.016,54549.888383817604
231920,43878.016,26973.32086024036
231921,43878.016,62500.92982281489
231922,43878.016,40140.14934846598
231923,43878.016,104942.6065211508
231924,43878.016,35111.82653154344
231925,43878.016,28967.742552291307
231926,43878.016,50367.95486884489
231927,43878.016,17339.118586752138
231928,43878.016,12409.531756142107
231929,43878.016,38648.99964378833
231930,43878.016,65565.54924059536
231931,43878.016,48454.58855960969
231932,43878.016,18941.32935732891
231933,43878.016,11176.945939194626
231934,43878.016,13033.249506505934
231935,43878.016,56756.29595894872
231936,43878.016,51765.012484565734
231937,43878.016,10185.809345469908
231938,43878.016,87037.97717419924
231939,43878.016,25801.735000940385
231940,43878.016,19501.61916010285
231941,43878.016,63653.28666422445
231942,43878.016,25875.354074905506
231943,43878.016,48717.582239854004
231944,43878.016,74783.74631758255
231945,43878.016,41923.03061167271
231946,43878.016,49123.92539018065
231947,43878.016,17008.212154529556
231948,43878.016,11882.899102044068
231949,43878.016,9965.898812291878
231950,43878.016,32225.150570333528
231951,43878.016,61804.950694212755
231952,43878.016,38648.69519480054
231953,43878.016,26336.411394785995
231954,43878.016,5713.196845728087
231955,43878.016,14729.249301659613
231956,43878.016,16280.452747054956
231957,43878.016,13700.898135708663
231958,43878.016,18308.684667748334
231959,43878.016,32251.59810836336
231960,43878.016,54223.58670004906
231961,43878.016,35388.85857117458
231962,43878.016,4384.175530400704
231963,43878.016,62998.6880580288
231964,43878.016,13681.052773667994
231965,43878.016,53501.18765522532
231966,43878.016,38186.293146461096
231967,43878.016,47777.95911891303
231968,43878.016,61684.56070157514
231969,43878.016,38720.65372282428
231970,43878.016,15777.720904459458
231971,43878.016,61417.93307087358
231972,43878.016,7501.786757629814
231973,43878.016,17635.157601021914
231974,43878.016,42033.96128613461
231975,43878.016,14358.907760823835
231976,43878.016,59228.660580856624
231977,43878.016,32749.525831006205
231978,43878.016,29591.864661196454
231979,43878.016,30896.582832622396
231980,43878.016,38003.22237249135
231981,43878.016,23855.167396261346
231982,43878.016,18500.6735304605
231983,43878.016,41445.48871126534
231984,43878.016,71403.3810160993
231985,43878.016,42048.344872558555
231986,43878.016,71435.37657549902
231987,43878.016,41530.104337356606
231988,43878.016,51336.109199536106
231989,43878.016,15655.187819538434
231990,43878.016,66650.84975240553
231991,43878.016,53503.18505146124
231992,43878.016,18746.321451941803
231993,43878.016,26783.45241586209
231994,43878.016,17131.312383723518
231995,43878.016,18499.09316867975
231996,43878.016,13507.897756741702
231997,43878.016,15162.656081912655
231998,43878.016,18468.553468522936
231999,43878.016,37183.51385039788
232000,43878.016,54080.23828968578
232001,43878.016,60780.21305800728
232002,43878.016,9912.804231594666
232003,43878.016,47034.370651600046
232004,43878.016,19031.432948445567
232005,43878.016,52260.45430986446
232006,43878.016,42909.1545139226
232007,43878.016,32811.91019648138
232008,43878.016,47186.44597148252
232009,43878.016,63722.43695966547
232010,43878.016,13584.174727967402
232011,43878.016,39419.70878421962
232012,43878.016,36622.561893674174
232013,43878.016,21348.069663842012
232014,43878.016,35996.91931780878
232015,43878.016,40168.92950632285
232016,43878.016,36018.945169606806
232017,43878.016,102675.8891934952
232018,43878.016,20276.171369245654
232019,43878.016,59319.26334137404
232020,43878.016,41921.58941922335
232021,43878.016,33813.55130500849
232022,43878.016,51112.317969023214
232023,43878.016,7525.196489304837
232024,43878.016,58340.08099329652
232025,43878.016,56452.72119851157
232026,43878.016,12324.930437390723
232027,43878.016,21054.869436354238
232028,43878.016,38595.59955459293
232029,43878.016,49480.285388622695
232030,43878.016,40996.79989157823
232031,43878.016,19316.690993712207
232032,43878.016,58582.907984534606
232033,43878.016,52966.91508819722
232034,43878.016,21665.317307501886
232035,43878.016,27453.41657940269
232036,43878.016,53464.46915040461
232037,43878.016,19864.509231148917
232038,43878.016,47325.343292457954
232039,43878.016,55596.9798232561
232040,43878.016,33582.544283183575
232041,43878.016,35796.823382613016
232042,43878.016,35710.10224210075
232043,43878.016,24232.96903009492
232044,43878.016,31203.2775760639
232045,43878.016,40983.95510896312
232046,43878.016,18146.80693594672
232047,43878.016,17143.879838482357
232048,43878.016,51877.5846326631
232049,43878.016,22457.565077503747
232050,43878.016,17513.444696207145
232051,43878.016,46232.8195372839
232052,43878.016,61907.217391249505
232053,43878.016,32083.17789377314
232054,43878.016,16752.18393392606
232055,43878.016,21059.95935914285
232056,43878.016,17010.53473471541
232057,43878.016,20738.754194921796
232058,43878.016,49304.75968756708
232059,43878.016,39460.951766459184
232060,43878.016,49073.45424407277
232061,43878.016,28408.247848191557
232062,43878.016,47973.46551234275
232063,43878.016,11076.352753408724
232064,43878.016,70734.20857420536
232065,43878.016,54192.31791725614
232066,43878.016,49694.56313046651
232067,43878.016,10240.657209992689
232068,43878.016,15449.490626881381
232069,43878.016,12961.687063345358
232070,43878.016,20499.1634713847
232071,43878.016,43374.271410868256
232072,43878.016,73527.39999853689
232073,43878.016,52429.08001402062
232074,43878.016,48143.007998494206
232075,43878.016,7830.219664611688
232076,43878.016,12057.673155371187
232077,43878.016,24802.09191274404
232078,43878.016,6412.82580469099
232079,43878.016,9293.585275722102
232080,43878.016,99114.73056678724
232081,43878.016,21072.101801513447
232082,43878.016,48228.16930888753
232083,43878.016,52045.55852462269
232084,43878.016,11810.998868650699
232085,43878.016,25718.32023915758
232086,43878.016,7141.300781369994
232087,43878.016,30236.7962841392
232088,43878.016,43694.434025327864
232089,43878.016,26004.87837894964
232090,43878.016,16088.576517875137
232091,43878.016,11616.967522878294
232092,43878.016,49044.95649418761
232093,43878.016,18384.564695809295
232094,43878.016,8669.379830736018
232095,43878.016,70644.21404380014
232096,43878.016,32466.31176778344
232097,43878.016,24050.212968593012
232098,43878.016,38060.50772477384
232099,43878.016,21816.360207447487
232100,43878.016,34018.601632047714
232101,43878.016,51798.54020359754
232102,43878.016,16564.435306856987
232103,43878.016,57945.49303641586
232104,43878.016,52917.01564289711
232105,43878.016,32406.10720328671
232106,43878.016,38863.81598069484
232107,43878.016,26821.332172961727
232108,43878.016,30375.809913800822
232109,43878.016,69626.16935989218
232110,43878.016,26520.110537400364
232111,43878.016,32580.057720702636
232112,43878.016,19893.168907249135
232113,43878.016,46631.226365572744
232114,43878.016,16740.166075913217
232115,43878.016,29067.809837151424
232116,43878.016,58794.222215491885
232117,43878.016,19965.344924750145
232118,43878.016,21154.801482907525
232119,43878.016,37669.59745354264
232120,43878.016,12162.626678556975
232121,43878.016,50942.13936890328
232122,43878.016,9189.87923508393
232123,43878.016,38204.372063722425
232124,43878.016,11789.238288448429
232125,43878.016,38427.30120560669
232126,43878.016,34014.18993146085
232127,43878.016,24992.069178451
232128,43878.016,35479.79576934353
232129,43878.016,118746.91440366312
232130,43878.016,23655.422371626813
232131,43878.016,16490.279327193584
232132,43878.016,25175.459228069372
232133,43878.016,45337.27475622949
232134,43878.016,48434.83001474887
232135,43878.016,12642.16011978657
232136,43878.016,19586.13606628071
232137,43878.016,15311.182751570803
232138,43878.016,8695.73288078824
232139,43878.016,20665.201654013737
232140,43878.016,5504.816468522792
232141,43878.016,16476.28566905398
232142,43878.016,21908.661501949726
232143,43878.016,18585.298558156344
232144,43878.016,12847.914971834738
232145,43878.016,47172.88835197859
232146,43878.016,39238.79445852629
232147,43878.016,22309.82872515802
232148,43878.016,26798.587662794762
232149,43878.016,47567.50085107726
232150,43878.016,42053.14268134847
232151,43878.016,74445.68096884376
232152,43878.016,43547.3795149484
232153,43878.016,26326.46828761595
232154,43878.016,62866.09616078975
232155,43878.016,31271.881896814397
232156,43878.016,51184.68933170401
232157,43878.016,39579.978523685
232158,43878.016,9590.429389937482
232159,43878.016,11723.00028392032
232160,43878.016,22703.623909857393
232161,43878.016,24224.208162381063
232162,43878.016,26707.85930394084
232163,43878.016,91217.24753100198
232164,43878.016,56281.148652770076
232165,43878.016,56459.2713645789
232166,43878.016,43521.93842835645
232167,43878.016,13840.963536755886
232168,43878.016,46338.27489200347
232169,43878.016,32065.559845247277
232170,43878.016,17847.605856716513
232171,43878.016,22933.429959729154
232172,43878.016,66850.52167624347
232173,43878.016,51913.783852579545
232174,43878.016,54331.06584322683
232175,43878.016,33213.20754428215
232176,43878.016,8967.50374463798
232177,43878.016,53732.368468607194
232178,43878.016,56786.205226648024
232179,43878.016,30086.774071452983
232180,43878.016,27099.106170720643
232181,43878.016,68220.56412877204
232182,43878.016,32196.5296282069
232183,43878.016,39673.20334575109
232184,43878.016,31512.931010055843
232185,43878.016,11346.230958353526
232186,43878.016,7590.517935536824
232187,43878.016,36685.94926433627
232188,43878.016,24688.7491226516
232189,43878.016,38358.47274580898
232190,43878.016,26645.590058308386
232191,43878.016,37555.49838300996
232192,43878.016,33689.21793304082
232193,43878.016,53821.818861289416
232194,43878.016,82404.51751493235
232195,43878.016,58199.784893358155
232196,43878.016,31254.01282098796
232197,43878.016,23039.222231564832
232198,43878.016,31353.598618591823
232199,43878.016,38943.748320574785
232200,43878.016,40497.54884910033
232201,43878.016,34865.635716868856
232202,43878.016,29649.35118319121
232203,43878.016,46541.59965053869
232204,43878.016,34397.98511493276
232205,43878.016,59747.91655630225
232206,43878.016,28355.146524295702
232207,43878.016,47805.211792113725
232208,43878.016,36268.1959206212
232209,43878.016,32122.15927985257
232210,43878.016,35080.59376914962
232211,43878.016,26205.127900102267
232212,43878.016,48249.504008197866
232213,43878.016,52442.642081272825
232214,43878.016,22698.181768453323
232215,43878.016,58862.489280954425
232216,43878.016,11706.12485338767
232217,43878.016,14581.332499956447
232218,43878.016,21769.29817065027
232219,43878.016,22678.23868784438
232220,43878.016,23155.099135998873
232221,43878.016,8324.331207114765
232222,43878.016,64652.601343112176
232223,43878.016,64769.20405681814
232224,43878.016,15889.794632538109
232225,43878.016,40343.56626302482
232226,43878.016,24877.924796754713
232227,43878.016,23586.84487031352
232228,43878.016,59463.97808433581
232229,43878.016,67251.425548647
232230,43878.016,29040.500503603136
232231,43878.016,15486.177737641621
232232,43878.016,26314.60648916022
232233,43878.016,48502.67496885566
232234,43878.016,54542.83178473446
232235,43878.016,53951.16652192824
232236,43878.016,34751.54255071223
232237,43878.016,33483.39452500952
232238,43878.016,48633.29425262049
232239,43878.016,16763.73889734443
232240,43878.016,65489.99240985479
232241,43878.016,50491.22285746727
232242,43878.016,24498.31723181665
232243,43878.016,51882.96610199604
232244,43878.016,30577.042573156024
232245,43878.016,13002.038749091023
232246,43878.016,5439.991863324781
232247,43878.016,14071.415835087635
232248,43878.016,23437.479754064734
232249,43878.016,43964.77643480943
232250,43878.016,21898.265272666737
232251,43878.016,32067.29071885054
232252,43878.016,63707.65064112631
232253,43878.016,19130.08042877424
232254,43878.016,39913.300446669826
232255,43878.016,22260.253785898905
232256,43878.016,5092.262129911124
232257,43878.016,15756.348508138826
232258,43878.016,21787.849439842914
232259,43878.016,52335.05480435555
232260,43878.016,27454.30417791178
232261,43878.016,25442.46361061819
232262,43878.016,41090.534678377044
232263,43878.016,57363.71347045018
232264,43878.016,49433.81024091963
232265,43878.016,40801.116250629086
232266,43878.016,35394.29956466524
232267,43878.016,32308.998706542337
232268,43878.016,52794.46825019358
232269,43878.016,9682.438599306071
232270,43878.016,34150.85777371275
232271,43878.016,51572.87622711588
232272,43878.016,7629.726510452014
232273,43878.016,11129.891917457993
232274,43878.016,39927.35114701938
232275,43878.016,11595.192818120462
232276,43878.016,42867.656064528666
232277,43878.016,37353.65715991512
232278,43878.016,23867.73796702321
232279,43878.016,57864.35201879985
232280,43878.016,64151.843073380674
232281,43878.016,6262.318414427418
232282,43878.016,26434.38208503846
232283,43878.016,56759.27821260922
232284,43878.016,51533.240089417945
232285,43878.016,54300.84734934674
232286,43878.016,16763.446239024164
232287,43878.016,22892.13901390802
232288,43878.016,61284.65608070532
232289,43878.016,41601.523563108174
232290,43878.016,39231.250191029685
232291,43878.016,50008.72425296035
232292,43878.016,30551.678507669007
232293,43878.016,55616.8472406634
232294,43878.016,41397.048655000995
232295,43878.016,110586.51824876593
232296,43878.016,7535.834688391101
232297,43878.016,50050.85521308512
232298,43878.016,30455.182241324783
232299,43878.016,26771.651877032273
232300,43878.016,45630.181546213586
232301,43878.016,39613.544798049865
232302,43878.016,29495.56415920843
232303,43878.016,45408.17618540665
232304,43878.016,15998.723093893075
232305,43878.016,9472.932014584196
232306,43878.016,38995.32762238718
232307,43878.016,9583.872064439445
232308,43878.016,48194.18031959034
232309,43878.016,44571.33830262848
232310,43878.016,17388.785640653467
232311,43878.016,43142.56076476597
232312,43878.016,49848.96648339842
232313,43878.016,20434.20048828837
232314,43878.016,28212.78496041928
232315,43878.016,62379.717140851615
232316,43878.016,5853.430783458503
232317,43878.016,69829.08478375133
232318,43878.016,51376.78915429758
232319,43878.016,8454.27687376161
232320,43878.016,13877.463722078495
232321,43878.016,37662.70843173402
232322,43878.016,11003.623514768997
232323,43878.016,47718.636309459354
232324,43878.016,12913.108765823688
232325,43878.016,57628.791719440465
232326,43878.016,19610.16584497808
232327,43878.016,57412.67034516611
232328,43878.016,21354.57609069102
232329,43878.016,39911.53908406498
232330,43878.016,17252.480579549385
232331,43878.016,20898.23533213933
232332,43878.016,27897.05108159103
232333,43878.016,27431.70530118404
232334,43878.016,38806.88016806734
232335,43878.016,90099.85257935575
232336,43878.016,93336.50568216621
232337,43878.016,45052.7379203179
232338,43878.016,7699.822721931406
232339,43878.016,17400.642373595096
232340,43878.016,51967.80665888151
232341,43878.016,41686.36949314714
232342,43878.016,13853.380476487824
232343,43878.016,51829.69843805176
232344,43878.016,16337.572278867037
232345,43878.016,20763.83073148238
232346,43878.016,14098.63533215351
232347,43878.016,20336.06228534796
232348,43878.016,21831.111565336585
232349,43878.016,57381.48898310527
232350,43878.016,8723.34498348796
232351,43878.016,66710.1501683212
232352,43878.016,12628.088744810486
232353,43878.016,112445.3124694387
232354,43878.016,54306.908910318714
232355,43878.016,46518.30832788914
232356,43878.016,28568.308466237453
232357,43878.016,41502.4099733763
232358,43878.016,41616.190164388296
232359,43878.016,57698.42584493134
232360,43878.016,7311.937515423731
232361,43878.016,33479.4208179997
232362,43878.016,35978.000444353434
232363,43878.016,17225.105631517672
232364,43878.016,15097.278238812181
232365,43878.016,55351.43433113194
232366,43878.016,35920.39317265575
232367,43878.016,49627.01520509378
232368,43878.016,29894.416950908024
232369,43878.016,13759.369920271887
232370,43878.016,6548.144239638413
232371,43878.016,27137.485557253534
232372,43878.016,47455.71103570465
232373,43878.016,13816.905585109607
232374,43878.016,36615.47293663064
232375,43878.016,16477.3737757342
232376,43878.016,49285.27397177866
232377,43878.016,38169.57865840264
232378,43878.016,25424.37314631435
232379,43878.016,61902.436222174925
232380,43878.016,13613.343282714075
232381,43878.016,31413.89656623634
232382,43878.016,84433.17848099013
232383,43878.016,45492.08055848409
232384,43878.016,24631.550236932886
232385,43878.016,11235.4817755147
232386,43878.016,11844.143905678966
232387,43878.016,28899.89612204079
232388,43878.016,50364.737697798424
232389,43878.016,21146.233072774485
232390,43878.016,59691.777982051346
232391,43878.016,10441.995085323546
232392,43878.016,36728.454463277354
232393,43878.016,24439.753079706803
232394,43878.016,39921.809003565126
232395,43878.016,13256.10519804949
232396,43878.016,24868.980054780397
232397,43878.016,35036.16555034592
232398,43878.016,45365.27927186681
232399,43878.016,10055.798916414795
232400,43878.016,12945.871931203901
232401,43878.016,9111.226163600963
232402,43878.016,7278.452808563043
232403,43878.016,42729.867891983326
232404,43878.016,65043.51875521425
232405,43878.016,37511.87475938669
232406,43878.016,20114.36797676601
232407,43878.016,30628.5151171615
232408,43878.016,13096.53734894345
232409,43878.016,41140.79783095023
232410,43878.016,14195.89749773184
232411,43878.016,37014.937287292814
232412,43878.016,51566.037256113115
232413,43878.016,26885.01744351554
232414,43878.016,7723.737865989251
232415,43878.016,35964.22498026742
232416,43878.016,19767.96136855517
232417,43878.016,20295.072879594583
232418,43878.016,39835.82582782165
232419,43878.016,53732.28650800326
232420,43878.016,49828.959264598845
232421,43878.016,8038.466736096931
232422,43878.016,27299.64127813789
232423,43878.016,41426.27406956231
232424,43878.016,24375.183414673087
232425,43878.016,29084.25691116624
232426,43878.016,13779.02668178204
232427,43878.016,44766.08005699627
232428,43878.016,25832.555869730117
232429,43878.016,19632.004329694515
232430,43878.016,20074.551085891024
232431,43878.016,57035.387005723496
232432,43878.016,20825.699764177352
232433,43878.016,21194.523672966807
232434,43878.016,35546.853419567895
232435,43878.016,31230.229760402257
232436,43878.016,18327.32311089777
232437,43878.016,10063.719363246646
232438,43878.016,41383.36154531259
232439,43878.016,61824.22337949717
232440,43878.016,47178.762785484665
232441,43878.016,44511.10974992796
232442,43878.016,18909.46716005169
232443,43878.016,31795.15751451001
232444,43878.016,44409.70459186878
232445,43878.016,30666.949142393558
232446,43878.016,39393.2531708343
232447,43878.016,41059.25942983167
232448,43878.016,3545.8267122276775
232449,43878.016,54974.821153509125
232450,43878.016,52798.92826942503
232451,43878.016,31347.70304399098
232452,43878.016,52814.87765417151
232453,43878.016,16516.372523265407
232454,43878.016,53408.315424560096
232455,43878.016,11824.444320488143
232456,43878.016,42544.681222853025
232457,43878.016,9291.092314379957
232458,43878.016,48512.004921300664
232459,43878.016,29612.338115384322
232460,43878.016,71319.31944446915
232461,43878.016,14199.336898401896
232462,43878.016,17482.72293829772
232463,43878.016,16869.784209964233
232464,43878.016,38839.00440605926
232465,43878.016,19054.819074912983
232466,43878.016,43477.73375763471
232467,43878.016,28151.414279563844
232468,43878.016,28364.676141014632
232469,43878.016,65151.877204720855
232470,43878.016,54256.66946693805
232471,43878.016,26274.009135468194
232472,43878.016,17052.582615704527
232473,43878.016,11019.830474459313
232474,43878.016,8649.646043121786
232475,43878.016,31183.892686762774
232476,43878.016,12600.973577005363
232477,43878.016,39306.73471157902
232478,43878.016,36983.17207390681
232479,43878.016,28605.319487550973
232480,43878.016,34289.51107259284
232481,43878.016,66155.43461333764
232482,43878.016,11282.489434379986
232483,43878.016,11123.7059357882
232484,43878.016,51442.209016205736
232485,43878.016,67548.78800693079
232486,43878.016,30277.94560151597
232487,43878.016,10256.220559424763
232488,43878.016,66188.83989350002
232489,43878.016,31022.827326002647
232490,43878.016,5918.589151032535
232491,43878.016,59493.481250495104
232492,43878.016,50764.85752990933
232493,43878.016,23126.16056255553
232494,43878.016,17607.626321708172
232495,43878.016,26351.885739952988
232496,43878.016,11571.412913862128
232497,43878.016,63645.699040355445
232498,43878.016,25197.400590427555
232499,43878.016,12944.786568960639
232500,43878.016,28764.59889819312
232501,43878.016,7228.383774757995
232502,43878.016,35622.57945163684
232503,43878.016,41139.736269109344
232504,43878.016,16046.844373787497
232505,43878.016,20518.494347582175
232506,43878.016,29627.154290969076
232507,43878.016,32522.861605387527
232508,43878.016,23708.981977218413
232509,43878.016,35209.37478224576
232510,43878.016,33008.513973713416
232511,43878.016,25582.759885714157
232512,43878.016,50855.25575851227
232513,43878.016,40857.13810488692
232514,43878.016,50740.63296609604
232515,43878.016,15516.531752941895
232516,43878.016,48338.408139187435
232517,43878.016,75208.76169900762
232518,43878.016,30366.231653129154
232519,43878.016,49216.263413071276
232520,43878.016,27638.608760430245
232521,43878.016,56504.05233041036
232522,43878.016,34849.217693527775
232523,43878.016,43679.76290544962
232524,43878.016,44816.704312855385
232525,43878.016,73124.7874795424
232526,43878.016,18941.443277279606
232527,43878.016,30264.522952178864
232528,43878.016,12458.772892697592
232529,43878.016,38659.38135085977
232530,43878.016,14078.371534194315
232531,43878.016,38156.92729924541
232532,43878.016,44910.12875825932
232533,43878.016,42515.662242036204
232534,43878.016,19661.047418729013
232535,43878.016,10706.663450655597
232536,43878.016,9601.90194797844
232537,43878.016,19587.37174473396
232538,43878.016,61795.855213652765
232539,43878.016,62809.35016880237
232540,43878.016,16324.065389665579
232541,43878.016,58983.51118680135
232542,43878.016,44310.10410670211
232543,43878.016,42517.58709996775
232544,43878.016,18238.36562419401
232545,43878.016,22351.3802806113
232546,43878.016,5900.1129038714125
232547,43878.016,33199.19821957308
232548,43878.016,40321.67304524964
232549,43878.016,13012.123057807752
232550,43878.016,46892.2197072883
232551,43878.016,55592.73951117441
232552,43878.016,67209.09303775294
232553,43878.016,53456.910244102604
232554,43878.016,16913.87138734168
232555,43878.016,46263.628517651916
232556,43878.016,50342.31293391328
232557,43878.016,15213.310122367538
232558,43878.016,32515.1640449062
232559,43878.016,37230.97945293333
232560,43878.016,45167.87386106815
232561,43878.016,26891.38438336339
232562,43878.016,46797.37919430587
232563,43878.016,32508.392007721108
232564,43878.016,45800.259723813186
232565,43878.016,9463.714816036429
232566,43878.016,35291.91799316699
232567,43878.016,22338.465849874818
232568,43878.016,50166.26589180665
232569,43878.016,46136.380404106094
232570,43878.016,39352.877641077
232571,43878.016,42174.27843192739
232572,43878.016,58431.17780269974
232573,43878.016,28557.174805326897
232574,43878.016,14734.838033650127
232575,43878.016,17611.450619894862
232576,43878.016,34441.04749850062
232577,43878.016,23089.007363443034
232578,43878.016,48909.05799744263
232579,43878.016,17753.26284778119
232580,43878.016,14242.60278436337
232581,43878.016,6963.642205888148
232582,43878.016,67987.02553007215
232583,43878.016,22937.305894311765
232584,43878.016,55362.39412562152
232585,43878.016,11227.860946250188
232586,43878.016,6824.504617631088
232587,43878.016,14838.244745552165
232588,43878.016,80051.71131352683
232589,43878.016,30454.322990872417
232590,43878.016,14551.726241951921
232591,43878.016,16150.372321464165
232592,43878.016,46517.250685949875
232593,43878.016,28794.686446445325
232594,43878.016,34853.70147846796
232595,43878.016,57553.96443465804
232596,43878.016,11283.189144357508
232597,43878.016,8071.1467492627335
232598,43878.016,50697.50715398691
232599,43878.016,49642.82238608736
232600,43878.016,77727.37759710838
232601,43878.016,57410.211354843355
232602,43878.016,56555.047203145405
232603,43878.016,16189.131133251836
232604,43878.016,81966.3291953882
232605,43878.016,53624.9679956811
232606,43878.016,8287.230452733604
232607,43878.016,22404.127704536793
232608,43878.016,29796.128473893044
232609,43878.016,24590.148737808606
232610,43878.016,48825.78950896914
232611,43878.016,56784.85003939099
232612,43878.016,13469.90730856293
232613,43878.016,49873.5504275028
232614,43878.016,57852.13108924443
232615,43878.016,11075.714869791003
232616,43878.016,41369.218266839154
232617,43878.016,33414.185470384386
232618,43878.016,39511.147035631155
232619,43878.016,37047.06430928055
232620,43878.016,24927.814323789113
232621,43878.016,19572.311682729116
232622,43878.016,45141.54488210708
232623,43878.016,83715.56422632237
232624,43878.016,47990.04582799991
232625,43878.016,72323.68680571506
232626,43878.016,57379.34899447746
232627,43878.016,19666.383540606024
232628,43878.016,38125.474994297336
232629,43878.016,61179.41710604379
232630,43878.016,31760.72413313399
232631,43878.016,35705.32788638098
232632,43878.016,14586.534043642603
232633,43878.016,12755.352526043689
232634,43878.016,9365.627452239749
232635,43878.016,36071.75016616909
232636,43878.016,29305.97471976559
232637,43878.016,28593.03179366667
232638,43878.016,27968.063215973914
232639,43878.016,17992.095672596624
232640,43878.016,46193.40519841182
232641,43878.016,31368.39598539173
232642,43878.016,25005.717782138745
232643,43878.016,45603.704139541755
232644,43878.016,23690.33319270153
232645,43878.016,32380.55959833679
232646,43878.016,37127.99132341803
232647,43878.016,9776.81848328166
232648,43878.016,33292.90531454522
232649,43878.016,47221.83732349122
232650,43878.016,20943.856601131287
232651,43878.016,45906.71065911042
232652,43878.016,37608.94057611746
232653,43878.016,25199.45262089152
232654,43878.016,13936.411401177815
232655,43878.016,3308.8437757111283
232656,43878.016,10997.11040244841
232657,43878.016,33389.979005630776
232658,43878.016,37670.87026500935
232659,43878.016,60278.666301990495
232660,43878.016,33740.484743930734
232661,43878.016,27963.946386365013
232662,43878.016,30641.79468945358
232663,43878.016,8234.721784190519
232664,43878.016,66381.47472443682
232665,43878.016,32349.732155543126
232666,43878.016,11628.352139216866
232667,43878.016,26624.87286090444
232668,43878.016,30443.325766210113
232669,43878.016,19888.01620810567
232670,43878.016,73462.15120767581
232671,43878.016,43866.48719851838
232672,43878.016,14667.777569316158
232673,43878.016,15787.267306384028
232674,43878.016,9376.454215787493
232675,43878.016,25240.76483066186
232676,43878.016,11759.682941095234
232677,43878.016,68670.96756620478
232678,43878.016,9807.733768059154
232679,43878.016,33303.17695900993
232680,43878.016,20322.916034693306
232681,43878.016,20877.76183252322
232682,43878.016,28309.389102992045
232683,43878.016,27444.229694800568
232684,43878.016,24290.62182594183
232685,43878.016,21669.95585316214
232686,43878.016,46916.017131420704
232687,43878.016,15877.342707032009
232688,43878.016,36565.13072206625
232689,43878.016,38343.43875479062
232690,43878.016,44995.40630461018
232691,43878.016,26298.948458968745
232692,43878.016,18368.275630510576
232693,43878.016,58210.116375382815
232694,43878.016,15244.419520862877
232695,43878.016,18474.61535837373
232696,43878.016,42659.68888431122
232697,43878.016,8351.84662239658
232698,43878.016,9875.854290994745
232699,43878.016,28152.335607398927
232700,43878.016,11337.72376507133
232701,43878.016,17166.915849972218
232702,43878.016,65647.74481612377
232703,43878.016,44238.794610103934
232704,43878.016,46693.56383460638
232705,43878.016,51726.76610691504
232706,43878.016,29113.32486869497
232707,43878.016,10354.680598377534
232708,43878.016,65198.99948514822
232709,43878.016,35156.24976509783
232710,43878.016,48518.10361064051
232711,43878.016,75443.61333456238
232712,43878.016,53474.266219772755
232713,43878.016,25130.935878201457
232714,43878.016,37737.84279579276
232715,43878.016,16556.31091493395
232716,43878.016,10107.847851485616
232717,43878.016,39153.58572367537
232718,43878.016,20653.797956874645
232719,43878.016,20750.742084330188
232720,43878.016,67304.05785717934
232721,43878.016,35757.01248786656
232722,43878.016,28638.738426049113
232723,43878.016,5939.193556611109
232724,43878.016,28860.255249088583
232725,43878.016,67371.69875689929
232726,43878.016,17701.510073490033
232727,43878.016,19336.08300784998
232728,43878.016,48402.73546481806
232729,43878.016,27705.127812793526
232730,43878.016,28859.480848069677
232731,43878.016,9016.760473277494
232732,43878.016,52715.319728403556
232733,43878.016,58182.75362559871
232734,43878.016,50154.821193265634
232735,43878.016,9955.584120420728
232736,43878.016,36601.54363872263
232737,43878.016,12202.063996231389
232738,43878.016,30748.294626907726
232739,43878.016,28202.94177002682
232740,43878.016,10630.974854382188
232741,43878.016,13287.704544343145
232742,43878.016,35647.584744613385
232743,43878.016,18907.354159273706
232744,43878.016,61331.43093348451
232745,43878.016,9360.618464672092
232746,43878.016,66152.03637579888
232747,43878.016,51837.24681173131
232748,43878.016,31194.641640610756
232749,43878.016,27442.08766589852
232750,43878.016,25789.23824655882
232751,43878.016,25479.873450699477
232752,43878.016,44782.76237373859
232753,43878.016,17209.725361453813
232754,43878.016,47345.66457266285
232755,43878.016,26034.90090885215
232756,43878.016,37006.79582526441
232757,43878.016,10172.30581905971
232758,43878.016,8611.666261358261
232759,43878.016,17868.92293156727
232760,43878.016,23147.487500138606
232761,43878.016,27812.374031243435
232762,43878.016,7662.52797031029
232763,43878.016,22848.02497065928
232764,43878.016,20197.183236641948
232765,43878.016,59498.72706364079
232766,43878.016,53351.07408769831
232767,43878.016,39670.30878643765
232768,43878.016,14614.456026316158
232769,43878.016,48042.0962261726
232770,43878.016,16694.026539834045
232771,43878.016,13247.419740754662
232772,43878.016,52332.98477670037
232773,43878.016,39960.87555839865
232774,43878.016,21997.39369499239
232775,43878.016,60488.79287261715
232776,43878.016,20443.747972989993
232777,43878.016,41213.8842735288
232778,43878.016,31459.91183853494
232779,43878.016,19384.054430816752
232780,43878.016,12672.58773317607
232781,43878.016,16550.035613731812
232782,43878.016,36303.43102638615
232783,43878.016,76732.87215769684
232784,43878.016,31039.699965836273
232785,43878.016,45373.731611540075
232786,43878.016,11157.645970333919
232787,43878.016,9584.482563750522
232788,43878.016,14209.729104102604
232789,43878.016,26789.279613006405
232790,43878.016,23791.113241045572
232791,43878.016,43187.800478154495
232792,43878.016,37209.47773182026
232793,43878.016,33709.747451645555
232794,43878.016,28927.432998459943
232795,43878.016,24230.42290438223
232796,43878.016,22409.61042332576
232797,43878.016,61429.5437120092
232798,43878.016,8652.673231086512
232799,43878.016,24516.954682885138
232800,43878.016,8693.56977835097
232801,43878.016,37085.31365206415
232802,43878.016,28650.140035595
232803,43878.016,34487.15870475969
232804,43878.016,65332.816868552945
232805,43878.016,27070.773252929
232806,43878.016,12090.187383025608
232807,43878.016,13050.469774184483
232808,43878.016,21567.103055557825
232809,43878.016,56978.93994207321
232810,43878.016,64914.76881328632
232811,43878.016,19195.246887979964
232812,43878.016,50599.10460996143
232813,43878.016,34511.42254266299
232814,43878.016,39482.08620173191
232815,43878.016,38937.18102526298
232816,43878.016,45809.87572991428
232817,43878.016,14567.834219138063
232818,43878.016,50698.1557420141
232819,43878.016,19381.270754303412
232820,43878.016,12291.973036782447
232821,43878.016,13609.730213904131
232822,43878.016,62575.852376099974
232823,43878.016,69855.28765707309
232824,43878.016,44064.13931922264
232825,43878.016,18528.776515137433
232826,43878.016,57689.26241805523
232827,43878.016,30408.616188671545
232828,43878.016,25400.83650579537
232829,43878.016,44054.27908250605
232830,43878.016,26866.92004840537
232831,43878.016,30231.11344849362
232832,43878.016,23106.276550772684
232833,43878.016,34408.54102914137
232834,43878.016,41377.94040607159
232835,43878.016,37970.64300336813
232836,43878.016,49288.27150424991
232837,43878.016,22041.4458606297
232838,43878.016,30398.404213057467
232839,43878.016,79227.8636488068
232840,43878.016,33677.84572503057
232841,43878.016,42312.874883493474
232842,43878.016,52655.10569954034
232843,43878.016,34552.47873832352
232844,43878.016,40154.27745065628
232845,43878.016,39647.26156508839
232846,43878.016,20802.673447998142
232847,43878.016,30240.91322031469
232848,43878.016,68229.64649737728
232849,43878.016,27798.925489323126
232850,43878.016,42102.683149217584
232851,43878.016,55873.96963789658
232852,43878.016,29244.330967405636
232853,43878.016,9438.730272728402
232854,43878.016,31169.16053306539
232855,43878.016,34877.6091995009
232856,43878.016,26969.73830968376
232857,43878.016,17950.018114380106
232858,43878.016,16581.80306450415
232859,43878.016,10778.081332355032
232860,43878.016,26478.308649858216
232861,43878.016,37327.23870102742
232862,43878.016,21757.980506904765
232863,43878.016,12217.206543922031
232864,43878.016,46768.793015356474
232865,43878.016,75265.41842789874
232866,43878.016,53945.95591046901
232867,43878.016,26461.777406574805
232868,43878.016,34933.14475906465
232869,43878.016,13972.205086886172
232870,43878.016,24601.078460613953
232871,43878.016,25279.542908704818
232872,43878.016,18830.478772107952
232873,43878.016,16630.516792195074
232874,43878.016,6779.339285955108
232875,43878.016,41227.532325367705
232876,43878.016,42576.07727267076
232877,43878.016,17859.82851883809
232878,43878.016,58128.73758629267
232879,43878.016,34440.440841083655
232880,43878.016,11621.172724773025
232881,43878.016,24233.24323044177
232882,43878.016,50138.84545680909
232883,43878.016,10955.700350779329
232884,43878.016,53399.93203466228
232885,43878.016,82969.29675843897
232886,43878.016,40078.00362270235
232887,43878.016,67266.83220746536
232888,43878.016,28159.876097218872
232889,43878.016,16555.28315250526
232890,43878.016,38302.15823322485
232891,43878.016,16593.35206874828
232892,43878.016,46184.69639160821
232893,43878.016,10298.097243669301
232894,43878.016,15624.832969362255
232895,43878.016,14159.15077872089
232896,43878.016,35788.95166672419
232897,43878.016,41864.81819199578
232898,43878.016,35616.806768856084
232899,43878.016,42377.13145363402
232900,43878.016,14283.45619449645
232901,43878.016,30002.375579897674
232902,43878.016,36358.833648459076
232903,43878.016,34219.597481970915
232904,43878.016,12499.139457467703
232905,43878.016,42127.37994250646
232906,43878.016,9494.289438580567
232907,43878.016,33344.20513464842
232908,43878.016,27909.509379646795
232909,43878.016,35768.11280271281
232910,43878.016,14880.479967877982
232911,43878.016,56350.13847766237
232912,43878.016,47147.33236634637
232913,43878.016,11135.554041418203
232914,43878.016,54500.85345893372
232915,43878.016,49566.25073743962
232916,43878.016,61879.122880269046
232917,43878.016,44146.11127767182
232918,43878.016,58232.68793192249
232919,43878.016,65077.85358991916
232920,43878.016,4874.235682081225
232921,43878.016,15876.113327275845
232922,43878.016,35693.9867090988
232923,43878.016,34359.80073513503
232924,43878.016,54788.35095846896
232925,43878.016,25284.331594828796
232926,43878.016,68220.43726198416
232927,43878.016,20994.9558386758
232928,43878.016,10203.450626275022
232929,43878.016,68284.26940729731
232930,43878.016,36512.69114394757
232931,43878.016,39844.48113088242
232932,43878.016,8096.884755119005
232933,43878.016,40503.368694684825
232934,43878.016,16616.811387384292
232935,43878.016,25688.46866541107
232936,43878.016,31265.11911644889
232937,43878.016,34892.683298131924
232938,43878.016,60687.56026285899
232939,43878.016,4067.1811712617377
232940,43878.016,56715.10655825621
232941,43878.016,46797.013660886194
232942,43878.016,20660.601367936797
232943,43878.016,60747.04521143658
232944,43878.016,58631.59818584263
232945,43878.016,36004.93037264963
232946,43878.016,28488.5084305329
232947,43878.016,45209.52225777361
232948,43878.016,38003.620063173825
232949,43878.016,11537.180199291393
232950,43878.016,61630.97740989869
232951,43878.016,15981.53259651657
232952,43878.016,122395.98572236138
232953,43878.016,26184.639546653147
232954,43878.016,27332.887171853163
232955,43878.016,51633.92343229524
232956,43878.016,63421.00604995585
232957,43878.016,47970.244678308925
232958,43878.016,14738.251386463746
232959,43878.016,22277.91253745359
232960,43878.016,58488.879927242255
232961,43878.016,26062.0270446961
232962,43878.016,70298.12276756998
232963,43878.016,21064.577565909593
232964,43878.016,22302.803979214616
232965,43878.016,47565.760562766656
232966,43878.016,30608.9864550695
232967,43878.016,116682.50906112391
232968,43878.016,55351.256139554236
232969,43878.016,31049.286461496868
232970,43878.016,13215.992054289709
232971,43878.016,43818.789766245776
232972,43878.016,47742.517575884456
232973,43878.016,74718.68742727122
232974,43878.016,67224.80001235224
232975,43878.016,33503.86036674241
232976,43878.016,60436.67723676622
232977,43878.016,62179.20713765594
232978,43878.016,13942.537119040617
232979,43878.016,23512.608095397492
232980,43878.016,37365.63733810453
232981,43878.016,32968.58583961097
232982,43878.016,36495.371151744985
232983,43878.016,17158.12980837874
232984,43878.016,8953.13393914386
232985,43878.016,41423.76110504491
232986,43878.016,13671.780938765063
232987,43878.016,31038.494880831502
232988,43878.016,53257.45579469025
232989,43878.016,18421.444771001272
232990,43878.016,13481.985120711448
232991,43878.016,59832.09688821755
232992,43878.016,42270.75015757626
232993,43878.016,24534.027461131544
232994,43878.016,43456.837106935265
232995,43878.016,30789.11557545022
232996,43878.016,15536.852484727493
232997,43878.016,36893.700553422525
232998,43878.016,32530.326447816158
232999,43878.016,15621.740694195854
233000,43878.016,41178.0571097761
233001,43878.016,10740.161809675817
233002,43878.016,19599.392759529648
233003,43878.016,10051.105488852647
233004,43878.016,18687.129702855713
233005,43878.016,10180.52854359722
233006,43878.016,7647.038938117112
233007,43878.016,30761.4166636723
233008,43878.016,55993.098087786064
233009,43878.016,33002.98633734111
233010,43878.016,50806.92285970586
233011,43878.016,38325.73587786269
233012,43878.016,20540.05572654677
233013,43878.016,32398.691426702015
233014,43878.016,32517.52821952354
233015,43878.016,20878.385442320523
233016,43878.016,56021.386217436964
233017,43878.016,11898.62983979694
233018,43878.016,23962.441495363768
233019,43878.016,16416.651613016787
233020,43878.016,68978.41909875044
233021,43878.016,51167.79590665921
233022,43878.016,40744.076954763455
233023,43878.016,55175.386042448845
233024,43878.016,45751.63577428933
233025,43878.016,35025.763471952065
233026,43878.016,42786.81116909134
233027,43878.016,8680.33056545796
233028,43878.016,11441.309522070456
233029,43878.016,26357.01082375125
233030,43878.016,34951.88873386601
233031,43878.016,39949.54242781576
233032,43878.016,46816.401330234905
233033,43878.016,30643.89917574733
233034,43878.016,41172.59765386446
233035,43878.016,36361.72906009393
233036,43878.016,22945.866188980453
233037,43878.016,55819.46428094948
233038,43878.016,40513.730443561224
233039,43878.016,20513.02754755187
233040,43878.016,56584.34002655703
233041,43878.016,30312.052782049705
233042,43878.016,57713.13215326108
233043,43878.016,55566.150828765305
233044,43878.016,15606.444051566343
233045,43878.016,47254.742700450515
233046,43878.016,53240.16774715049
233047,43878.016,22446.22723085795
233048,43878.016,28418.190417630118
233049,43878.016,42957.47129807381
233050,43878.016,7696.233845233365
233051,43878.016,32310.422509354932
233052,43878.016,74142.9211832964
233053,43878.016,54757.2619284266
233054,43878.016,34010.69570129268
233055,43878.016,70477.05470763028
233056,43878.016,56202.52536015941
233057,43878.016,24053.113273963834
233058,43878.016,39060.6925435401
233059,43878.016,34584.60569407477
233060,43878.016,7829.192244703552
233061,43878.016,10511.431069373826
233062,43878.016,76182.90877896178
233063,43878.016,35509.96619975106
233064,43878.016,119370.69508121524
233065,43878.016,47986.258106018846
233066,43878.016,34478.57960830616
233067,43878.016,19028.78711975161
233068,43878.016,45936.087412675515
233069,43878.016,57044.171245515005
233070,43878.016,52442.36420178854
233071,43878.016,18235.133827566195
233072,43878.016,23103.40811370552
233073,43878.016,45907.54134466423
233074,43878.016,44979.139857712194
233075,43878.016,49316.451835449945
233076,43878.016,46570.55549738242
233077,43878.016,13055.111943367883
233078,43878.016,55403.40648507058
233079,43878.016,45186.427050099446
233080,43878.016,18870.683569712644
233081,43878.016,18336.442963033427
233082,43878.016,8635.711241057184
233083,43878.016,60477.085440124814
233084,43878.016,37483.27308009251
233085,43878.016,58061.797812888646
233086,43878.016,25794.767706979186
233087,43878.016,54427.04334689965
233088,43878.016,59603.346497888546
233089,43878.016,90468.83174756239
233090,43878.016,32515.400714094456
233091,43878.016,88232.56618068104
233092,43878.016,22197.32806490269
233093,43878.016,49560.043596068215
233094,43878.016,8694.01735032719
233095,43878.016,28903.36985341513
233096,43878.016,46525.74911521273
233097,43878.016,49431.36504446671
233098,43878.016,19306.449595019283
233099,43878.016,20457.581509318617
233100,43878.016,61710.184000417954
233101,43878.016,17412.352677067756
233102,43878.016,61412.577653601635
233103,43878.016,45554.27618903886
233104,43878.016,63108.96718119003
233105,43878.016,54081.807754985115
233106,43878.016,60505.284382060934
233107,43878.016,52478.97971235465
233108,43878.016,49196.21759613263
233109,43878.016,38294.43113919816
233110,43878.016,33403.91163061239
233111,43878.016,35383.78479737535
233112,43878.016,14228.399452404992
233113,43878.016,34231.93221080949
233114,43878.016,14011.613258952824
233115,43878.016,42280.27215628534
233116,43878.016,43950.60904751577
233117,43878.016,80527.1146220922
233118,43878.016,42302.49405632581
233119,43878.016,63668.17905982729
233120,43878.016,34497.240798999075
233121,43878.016,13313.608899004306
233122,43878.016,16918.419432879797
233123,43878.016,14334.788804474734
233124,43878.016,10315.210088168917
233125,43878.016,15655.264499009041
233126,43878.016,58953.25335793054
233127,43878.016,30986.39435205881
233128,43878.016,44556.97142640004
233129,43878.016,38442.81271271998
233130,43878.016,19379.952162010497
233131,43878.016,28326.32325005779
233132,43878.016,7108.329938042787
233133,43878.016,59026.608305773116
233134,43878.016,8026.880829157149
233135,43878.016,34943.7300561997
233136,43878.016,28814.11194744794
233137,43878.016,49947.31598576918
233138,43878.016,77543.40133165078
233139,43878.016,47157.629383583386
233140,43878.016,41964.696572089524
233141,43878.016,10938.052087656586
233142,43878.016,39068.86965141667
233143,43878.016,32064.71223007297
233144,43878.016,61022.5997837124
233145,43878.016,23418.673892929783
233146,43878.016,38960.27215751685
233147,43878.016,58797.52642610102
233148,43878.016,7381.380866492112
233149,43878.016,38967.96390266372
233150,43878.016,31681.433244557844
233151,43878.016,69417.6354557157
233152,43878.016,9239.169127806032
233153,43878.016,23246.91412878219
233154,43878.016,32242.3598478229
233155,43878.016,26430.28929797526
233156,43878.016,61236.56545094704
233157,43878.016,22259.70320340081
233158,43878.016,68947.98184920796
233159,43878.016,54901.991385410554
233160,43878.016,31212.67482639463
233161,43878.016,51837.839576971615
233162,43878.016,57862.06930118507
233163,43878.016,42507.15280949686
233164,43878.016,32648.07838538974
233165,43878.016,54831.61239236663
233166,43878.016,55235.47272556348
233167,43878.016,34328.89422454057
233168,43878.016,55481.911338613536
233169,43878.016,37265.18612561422
233170,43878.016,77799.89901231052
233171,43878.016,42720.959957130864
233172,43878.016,33244.43505275107
233173,43878.016,29898.694220740905
233174,43878.016,11965.386357910666
233175,43878.016,87466.08963813662
233176,43878.016,11401.738947937612
233177,43878.016,28635.59197980484
233178,43878.016,35573.19027099513
233179,43878.016,34846.15196721335
233180,43878.016,29342.984816003176
233181,43878.016,18293.97611429008
233182,43878.016,10445.48037817946
233183,43878.016,57904.71865756398
233184,43878.016,23418.003788057813
233185,43878.016,44297.16738824022
233186,43878.016,22432.13015613348
233187,43878.016,70000.81255786405
233188,43878.016,15533.04088814284
233189,43878.016,39338.58320961787
233190,43878.016,10898.278679886707
233191,43878.016,12959.624396280551
233192,43878.016,17761.379522289924
233193,43878.016,34047.410106418174
233194,43878.016,24727.351223025315
233195,43878.016,27260.19598781536
233196,43878.016,25712.0550837085
233197,43878.016,12280.698488932783
233198,43878.016,16814.207171329443
233199,43878.016,48345.28872168478
233200,43878.016,44124.167492693174
233201,43878.016,72221.17707623278
233202,43878.016,7243.150453456024
233203,43878.016,53511.38519101572
233204,43878.016,27646.87290377899
233205,43878.016,23296.45958048402
233206,43878.016,30618.826451830057
233207,43878.016,19917.97314384745
233208,43878.016,43921.59939200833
233209,43878.016,6671.644361495503
233210,43878.016,32674.269685230807
233211,43878.016,35087.01817644045
233212,43878.016,54021.0067475543
233213,43878.016,6227.66880086973
233214,43878.016,81490.36754900953
233215,43878.016,70413.38441830843
233216,43878.016,7173.582287565684
233217,43878.016,45734.3843975651
233218,43878.016,57192.15473440603
233219,43878.016,38088.00162308277
233220,43878.016,17697.845336586084
233221,43878.016,57736.08500827888
233222,43878.016,43957.03654041739
233223,43878.016,60383.406097088366
233224,43878.016,22189.006939803545
233225,43878.016,14691.594331811031
233226,43878.016,77330.52740362968
233227,43878.016,31612.86926570512
233228,43878.016,55791.98817449713
233229,43878.016,47820.577699842375
233230,43878.016,16248.825641498725
233231,43878.016,56080.34903940974
233232,43878.016,12077.144591670227
233233,43878.016,16845.42920398826
233234,43878.016,30116.576793448752
233235,43878.016,48354.513927107924
233236,43878.016,31911.520688545977
233237,43878.016,11866.975403085878
233238,43878.016,32623.7065147318
233239,43878.016,33716.23846916259
233240,43878.016,33398.581988329424
233241,43878.016,6985.266106272546
233242,43878.016,46453.70512876746
233243,43878.016,49119.56659832445
233244,43878.016,15677.21133028007
233245,43878.016,35132.129531959545
233246,43878.016,63453.214623530155
233247,43878.016,14678.4751403572
233248,43878.016,47291.56462295789
233249,43878.016,33248.1830842356
233250,43878.016,65088.75811115647
233251,43878.016,50651.31143648214
233252,43878.016,41948.98241490379
233253,43878.016,28751.84407920336
233254,43878.016,27319.586358779266
233255,43878.016,40557.81351293867
233256,43878.016,11076.788475085048
233257,43878.016,2707.479309507562
233258,43878.016,17172.571953381565
233259,43878.016,42328.62281880249
233260,43878.016,20647.048947034902
233261,43878.016,9044.791738852255
233262,43878.016,24095.705524710545
233263,43878.016,17066.07221281888
233264,43878.016,64034.38533649096
233265,43878.016,18475.1769867228
233266,43878.016,30769.999904772543
233267,43878.016,43732.39338004414
233268,43878.016,13580.880039419044
233269,43878.016,40485.462337018704
233270,43878.016,37724.196808631415
233271,43878.016,19265.55133674631
233272,43878.016,17083.190697313104
233273,43878.016,17604.659216359883
233274,43878.016,20306.343495991325
233275,43878.016,8779.696112422776
233276,43878.016,46633.503142288595
233277,43878.016,17064.820384627717
233278,43878.016,58438.072657586104
233279,43878.016,27633.402275009827
233280,43878.016,27902.019782040225
233281,43878.016,9966.615671416805
233282,43878.016,54444.084632388614
233283,43878.016,57618.033591068146
233284,43878.016,64253.953303594506
233285,43878.016,39708.82020082873
233286,43878.016,17257.69551844263
233287,43878.016,38746.804500874365
233288,43878.016,15398.322861527093
233289,43878.016,32802.93873650159
233290,43878.016,49270.174825089955
233291,43878.016,14274.51920736196
233292,43878.016,46415.9007026834
233293,43878.016,116490.19955719079
233294,43878.016,8631.91126885945
233295,43878.016,51124.73463148058
233296,43878.016,55133.610365404464
233297,43878.016,106272.6732696376
233298,43878.016,12459.667680246328
233299,43878.016,6893.756202801456
233300,43878.016,16557.824336577636
233301,43878.016,27810.62673230725
233302,43878.016,16494.393519056222
233303,43878.016,38793.06947604452
233304,43878.016,55578.407906577464
233305,43878.016,45160.55063888439
233306,43878.016,29123.09607343932
233307,43878.016,17936.962165949943
233308,43878.016,13675.798026150858
233309,43878.016,68031.90169300284
233310,43878.016,9222.422656755629
233311,43878.016,36000.91250566354
233312,43878.016,11065.173633760975
233313,43878.016,53675.494985403115
233314,43878.016,26584.093123728984
233315,43878.016,35525.05679919127
233316,43878.016,33763.61917831195
233317,43878.016,25435.6399685007
233318,43878.016,32085.06006516252
233319,43878.016,35999.51477480748
233320,43878.016,61124.32587003477
233321,43878.016,12588.892539312883
233322,43878.016,25025.1164200334
233323,43878.016,25774.673367385392
233324,43878.016,7727.519469737011
233325,43878.016,71006.09342980587
233326,43878.016,12363.824762736165
233327,43878.016,20931.707937351086
233328,43878.016,10715.867747395174
233329,43878.016,33296.184895309205
233330,43878.016,12552.619509811992
233331,43878.016,51284.50701220857
233332,43878.016,113286.71726201834
233333,43878.016,38141.84416826152
233334,43878.016,26139.467596593542
233335,43878.016,8993.96416411654
233336,43878.016,58059.51845927566
233337,43878.016,30246.35892949791
233338,43878.016,51361.87805135024
233339,43878.016,10433.375891058698
233340,43878.016,49402.19442555819
233341,43878.016,42639.51225336645
233342,43878.016,58465.11359236061
233343,43878.016,40362.230040004724
233344,43878.016,29581.558637026283
233345,43878.016,11792.344811185621
233346,43878.016,53523.14118895527
233347,43878.016,59921.58284604043
233348,43878.016,53931.9814486673
233349,43878.016,20573.04510026026
233350,43878.016,17658.020152936006
233351,43878.016,5726.151257041285
233352,43878.016,57458.407769854064
233353,43878.016,12963.117895294912
233354,43878.016,19838.8019215243
233355,43878.016,10516.2155630233
233356,43878.016,43013.88217487136
233357,43878.016,8571.940705063684
233358,43878.016,7311.495831298218
233359,43878.016,35674.18544854263
233360,43878.016,31344.318420037238
233361,43878.016,16870.101315933734
233362,43878.016,65960.02944935592
233363,43878.016,43882.64867370413
233364,43878.016,22044.981716870116
233365,43878.016,9410.972720268832
233366,43878.016,23038.20428026435
233367,43878.016,52659.041258586876
233368,43878.016,18125.992803669014
233369,43878.016,25342.683233191627
233370,43878.016,65256.977950740176
233371,43878.016,32173.37589054321
233372,43878.016,12522.370870303796
233373,43878.016,49388.047521114095
233374,43878.016,9593.137188921479
233375,43878.016,43627.24080890061
233376,43878.016,59887.431225945664
233377,43878.016,51479.95982152085
233378,43878.016,5540.9564530023
233379,43878.016,9386.712906089735
233380,43878.016,17141.164918061288
233381,43878.016,57249.07726741252
233382,43878.016,41985.106557781466
233383,43878.016,42951.068919151534
233384,43878.016,10091.052084696103
233385,43878.016,34022.8335308662
233386,43878.016,63339.39021521014
233387,43878.016,58286.34419187049
233388,43878.016,34784.06062279371
233389,43878.016,74774.72783996785
233390,43878.016,43776.54581695983
233391,43878.016,40117.06277621492
233392,43878.016,49578.296140616134
233393,43878.016,46550.67020727707
233394,43878.016,55953.88784330056
233395,43878.016,49522.59541125595
233396,43878.016,29004.308488918014
233397,43878.016,10354.381248232128
233398,43878.016,55141.024702416755
233399,43878.016,10865.873677528818
233400,43878.016,55823.08860050032
233401,43878.016,49082.40406900298
233402,43878.016,40688.45714925007
233403,43878.016,28423.99332298118
233404,43878.016,56412.912287320316
233405,43878.016,13968.146482131095
233406,43878.016,46722.64890843497
233407,43878.016,49162.87068095949
233408,43878.016,9310.923361830104
233409,43878.016,54354.64096743114
233410,43878.016,39345.85379107021
233411,43878.016,24263.49272674593
233412,43878.016,16566.48331929085
233413,43878.016,17217.995712551765
233414,43878.016,18649.037560883713
233415,43878.016,46855.26206007776
233416,43878.016,47840.38932621402
233417,43878.016,14055.363916010896
233418,43878.016,49890.272859442855
233419,43878.016,29952.906551647142
233420,43878.016,36967.58255473515
233421,43878.016,22615.278338098924
233422,43878.016,41097.638587649366
233423,43878.016,29427.223059573742
233424,43878.016,16736.640379599525
233425,43878.016,28418.366810623025
233426,43878.016,17668.979906052085
233427,43878.016,16728.267236791882
233428,43878.016,21467.01740225809
233429,43878.016,18239.730011569594
233430,43878.016,20756.26317790493
233431,43878.016,34614.52898195627
233432,43878.016,50460.34810497681
233433,43878.016,13961.031091023586
233434,43878.016,70238.12052848081
233435,43878.016,12636.957541847605
233436,43878.016,56309.09466232018
233437,43878.016,38161.72993711065
233438,43878.016,61046.78505041326
233439,43878.016,22540.10386838622
233440,43878.016,28521.848576518973
233441,43878.016,16415.690950503937
233442,43878.016,21285.800788027373
233443,43878.016,27689.337961565583
233444,43878.016,22624.954210900276
233445,43878.016,20505.430672206985
233446,43878.016,36880.14233317697
233447,43878.016,15576.799531604733
233448,43878.016,14846.185162948024
233449,43878.016,26673.30424012545
233450,43878.016,73646.25468942431
233451,43878.016,22873.803533051345
233452,43878.016,9222.64834609565
233453,43878.016,8432.174503077124
233454,43878.016,14463.23908936471
233455,43878.016,60227.31958550326
233456,43878.016,25433.371705209767
233457,43878.016,12936.791202296838
233458,43878.016,40260.552200130995
233459,43878.016,23528.43373019317
233460,43878.016,16396.088576643233
233461,43878.016,14174.901059595915
233462,43878.016,48239.57262372891
233463,43878.016,12866.077819045178
233464,43878.016,13937.846186168856
233465,43878.016,27566.24094887153
233466,43878.016,57953.02340110531
233467,43878.016,32341.332286776968
233468,43878.016,28619.603081003148
233469,43878.016,12702.354102142508
233470,43878.016,12905.460382078198
233471,43878.016,36792.05281196548
233472,43878.016,39537.326376890895
233473,43878.016,33481.4272090052
233474,43878.016,25094.44369857175
233475,43878.016,33906.4109338372
233476,43878.016,57745.61723464998
233477,43878.016,21271.539547629032
233478,43878.016,10779.16957246906
233479,43878.016,89656.9067879697
233480,43878.016,12124.762917318942
233481,43878.016,16793.067464036918
233482,43878.016,12778.131717383016
233483,43878.016,31462.87836669554
233484,43878.016,22991.709430151674
233485,43878.016,8813.244033370165
233486,43878.016,19118.711396103266
233487,43878.016,62091.128730567056
233488,43878.016,46004.424435553505
233489,43878.016,30434.652727640998
233490,43878.016,37569.766480178136
233491,43878.016,10344.58291712863
233492,43878.016,43910.104596884405
233493,43878.016,17371.67288838239
233494,43878.016,69686.19125914313
233495,43878.016,21980.19883581999
233496,43878.016,15473.57616473439
233497,43878.016,24001.025449990877
233498,43878.016,11873.980256182082
233499,43878.016,55755.8329313217
233500,43878.016,31777.762032140337
233501,43878.016,52017.324948736015
233502,43878.016,63737.30744224114
233503,43878.016,63424.74947694896
233504,43878.016,11473.280562908727
233505,43878.016,18264.845097308036
233506,43878.016,25044.04618778573
233507,43878.016,22466.26243559287
233508,43878.016,12766.857855341776
233509,43878.016,49415.33043262612
233510,43878.016,70168.73913382505
233511,43878.016,11356.342400928721
233512,43878.016,46048.16736508587
233513,43878.016,13209.95765025555
233514,43878.016,44697.96963606643
233515,43878.016,7372.946126876849
233516,43878.016,52167.582880684
233517,43878.016,23290.906496448828
233518,43878.016,8914.087718615629
233519,43878.016,19953.330970419465
233520,43878.016,31306.560103832555
233521,43878.016,45783.71241296221
233522,43878.016,44019.679639670736
233523,43878.016,14876.878001918129
233524,43878.016,9029.550457646716
233525,43878.016,40374.468800632116
233526,43878.016,48899.21641065052
233527,43878.016,18030.856170247236
233528,43878.016,10848.240164521669
233529,43878.016,33619.600106205005
233530,43878.016,54050.19012858709
233531,43878.016,16894.39102865317
233532,43878.016,22907.03241768101
233533,43878.016,45771.36475013883
233534,43878.016,50371.11235047233
233535,43878.016,12324.941232975867
233536,43878.016,59192.68959844703
233537,43878.016,35634.10335678871
233538,43878.016,21382.424046028373
233539,43878.016,54160.18812989926
233540,43878.016,43912.95994879754
233541,43878.016,11881.549981732358
233542,43878.016,38929.1451371517
233543,43878.016,49523.145519127924
233544,43878.016,48553.58220116035
233545,43878.016,53038.47200846879
233546,43878.016,120043.19305361655
233547,43878.016,45378.1524644392
233548,43878.016,24847.202331067816
233549,43878.016,22970.934381700896
233550,43878.016,42832.337906643275
233551,43878.016,48998.00911670729
233552,43878.016,15654.010043222142
233553,43878.016,20283.44331238386
233554,43878.016,20808.300211248526
233555,43878.016,58167.18152324018
233556,43878.016,51089.38581050481
233557,43878.016,29311.61341362712
233558,43878.016,33525.61904325531
233559,43878.016,18109.07294170853
233560,43878.016,49904.39899672426
233561,43878.016,61209.78064224754
233562,43878.016,98875.65174008132
233563,43878.016,23002.361387959776
233564,43878.016,72121.05780942418
233565,43878.016,12090.459528820325
233566,43878.016,30612.65285741148
233567,43878.016,46496.623821492285
233568,43878.016,22978.391220269357
233569,43878.016,35858.94562450591
233570,43878.016,7626.258969192523
233571,43878.016,47977.36886975689
233572,43878.016,42236.82881549951
233573,43878.016,5257.73750257651
233574,43878.016,33935.540088317386
233575,43878.016,27622.426021767125
233576,43878.016,7714.225406305794
233577,43878.016,15204.895952754643
233578,43878.016,19751.121210397625
233579,43878.016,37061.138921137164
233580,43878.016,36965.988415275
233581,43878.016,63756.1734173297
233582,43878.016,26944.691981031716
233583,43878.016,14013.19123713926
233584,43878.016,48767.60052422442
233585,43878.016,44354.81544151667
233586,43878.016,96838.56442051491
233587,43878.016,25755.127287686882
233588,43878.016,56714.487779005
233589,43878.016,46917.09169652955
233590,43878.016,37854.773766869344
233591,43878.016,71264.96810019512
233592,43878.016,39128.57884844353
233593,43878.016,28190.886618993885
233594,43878.016,27201.973425897937
233595,43878.016,7859.160479242234
233596,43878.016,18879.783527597872
233597,43878.016,26509.993606190124
233598,43878.016,55558.2384496399
233599,43878.016,27680.370609183512
233600,43878.016,27378.946345503075
233601,43878.016,29915.646712131736
233602,43878.016,25515.894047431233
233603,43878.016,49526.22320965423
233604,43878.016,17017.28983919823
233605,43878.016,54835.53633602081
233606,43878.016,44409.292202203695
233607,43878.016,56586.63028056052
233608,43878.016,56022.45871133971
233609,43878.016,13249.332712092815
233610,43878.016,21555.255221119653
233611,43878.016,19352.562766704345
233612,43878.016,48456.335907308356
233613,43878.016,21788.510536808382
233614,43878.016,11875.70090974483
233615,43878.016,54036.286311594784
233616,43878.016,13439.534742576412
233617,43878.016,39281.9957157565
233618,43878.016,5204.3525241328225
233619,43878.016,15508.117174707986
233620,43878.016,32061.91034083766
233621,43878.016,26051.838492422234
233622,43878.016,12722.287198948256
233623,43878.016,65198.320679122175
233624,43878.016,17460.316371916917
233625,43878.016,19308.29783641106
233626,43878.016,56235.1233405814
233627,43878.016,14638.600791020079
233628,43878.016,16487.44428158152
233629,43878.016,48443.58034933992
233630,43878.016,13872.693639492341
233631,43878.016,10218.647952726295
233632,43878.016,46620.71490195214
233633,43878.016,35954.729245284
233634,43878.016,39114.79703616581
233635,43878.016,35570.733480329865
233636,43878.016,84056.53344101006
233637,43878.016,18047.776820718478
233638,43878.016,45517.64705825081
233639,43878.016,14151.710340917925
233640,43878.016,42242.70571235917
233641,43878.016,9973.306468085817
233642,43878.016,35210.48440767514
233643,43878.016,7861.819570652134
233644,43878.016,11507.481149038344
233645,43878.016,28594.69678529768
233646,43878.016,54436.9749800873
233647,43878.016,50626.00808606159
233648,43878.016,57498.61901571872
233649,43878.016,43436.8601166704
233650,43878.016,33012.40768156119
233651,43878.016,32018.350161463124
233652,43878.016,18174.179144057496
233653,43878.016,42260.849600879796
233654,43878.016,31625.443062099486
233655,43878.016,63278.724813190005
233656,43878.016,49506.978681845605
233657,43878.016,31680.693745248864
233658,43878.016,11016.205910347042
233659,43878.016,8784.08777148975
233660,43878.016,12840.04905330811
233661,43878.016,22376.23592106883
233662,43878.016,7107.525316209428
233663,43878.016,36962.56252406024
233664,43878.016,26998.664158914296
233665,43878.016,28987.088969197404
233666,43878.016,33507.389053610714
233667,43878.016,67078.2884990113
233668,43878.016,15794.746416152973
233669,43878.016,27237.271740840566
233670,43878.016,20543.086371816287
233671,43878.016,12483.18678917885
233672,43878.016,21276.25497641317
233673,43878.016,33413.14228314193
233674,43878.016,49513.998765768236
233675,43878.016,54056.14886501567
233676,43878.016,36442.13926594276
233677,43878.016,50947.14934182087
233678,43878.016,10973.322762898415
233679,43878.016,19077.38948681464
233680,43878.016,23377.03746011127
233681,43878.016,57867.32035446531
233682,43878.016,9305.797593090108
233683,43878.016,50205.97683509652
233684,43878.016,32038.4092003447
233685,43878.016,17335.852999913463
233686,43878.016,25130.425869626943
233687,43878.016,38843.421145769906
233688,43878.016,52022.517751591244
233689,43878.016,40808.78733364403
233690,43878.016,19841.30949922639
233691,43878.016,62582.160739326624
233692,43878.016,58500.71407159845
233693,43878.016,12706.894702349304
233694,43878.016,50017.04306977244
233695,43878.016,60800.210270930715
233696,43878.016,22801.925369357155
233697,43878.016,36791.30988216673
233698,43878.016,20061.540742619618
233699,43878.016,77069.83666987068
233700,43878.016,27028.706457384633
233701,43878.016,27394.905832018518
233702,43878.016,55570.72735181467
233703,43878.016,25507.780886104294
233704,43878.016,42204.77183056397
233705,43878.016,42953.80345342083
233706,43878.016,75880.44496076537
233707,43878.016,47027.10794488372
233708,43878.016,30879.50011654481
233709,43878.016,18300.36180207539
233710,43878.016,47739.81351444368
233711,43878.016,26694.22639626015
233712,43878.016,27371.172450343693
233713,43878.016,26133.322711858287
233714,43878.016,21206.751488364986
233715,43878.016,18482.173040497906
233716,43878.016,23747.795726113738
233717,43878.016,20848.53745094327
233718,43878.016,38603.471707061246
233719,43878.016,8089.435574075696
233720,43878.016,27460.906995710415
233721,43878.016,34421.87598558342
233722,43878.016,6397.58423790667
233723,43878.016,30932.382012191723
233724,43878.016,49003.51772220509
233725,43878.016,49076.57803392088
233726,43878.016,20247.65469650953
233727,43878.016,22835.03467426634
233728,43878.016,34436.30451493741
233729,43878.016,29776.580324034163
233730,43878.016,51095.71805004557
233731,43878.016,13911.16490675905
233732,43878.016,63260.3351980142
233733,43878.016,16312.30098634981
233734,43878.016,49240.00597800259
233735,43878.016,37055.84680862858
233736,43878.016,19497.3241292849
233737,43878.016,53245.92064578488
233738,43878.016,7764.213476191119
233739,43878.016,92098.3885623644
233740,43878.016,36745.25235060556
233741,43878.016,33473.50786252229
233742,43878.016,36503.55620211003
233743,43878.016,11232.308863087592
233744,43878.016,58833.23823015883
233745,43878.016,44528.56189340961
233746,43878.016,60652.87074599622
233747,43878.016,35612.67093219249
233748,43878.016,53591.72487001032
233749,43878.016,20605.455879262146
233750,43878.016,26971.286314229925
233751,43878.016,28003.569683485126
233752,43878.016,6816.39286734641
233753,43878.016,31215.042699060778
233754,43878.016,53042.584726444824
233755,43878.016,69175.83817836115
233756,43878.016,40469.02620810399
233757,43878.016,14099.754938441669
233758,43878.016,26732.888306346933
233759,43878.016,62373.46966922962
233760,43878.016,46039.994942045625
233761,43878.016,18136.613254484226
233762,43878.016,48792.03829044872
233763,43878.016,16731.72546963014
233764,43878.016,62224.90366073884
233765,43878.016,18556.253590866265
233766,43878.016,21833.7070769277
233767,43878.016,61698.139613461535
233768,43878.016,14946.686728036004
233769,43878.016,28938.91949417597
233770,43878.016,9924.273167693747
233771,43878.016,64439.20563243912
233772,43878.016,41363.09266019666
233773,43878.016,56480.64688815997
233774,43878.016,10744.953384083638
233775,43878.016,24987.65210824529
233776,43878.016,55052.95976025988
233777,43878.016,37617.7728736914
233778,43878.016,74754.45509240175
233779,43878.016,37121.2995031234
233780,43878.016,46060.113316623174
233781,43878.016,41887.44535637381
233782,43878.016,30514.415632014025
233783,43878.016,63977.00916108045
233784,43878.016,27298.037230618833
233785,43878.016,18782.310448989298
233786,43878.016,20186.470911802182
233787,43878.016,53463.65080317198
233788,43878.016,41288.81694181943
233789,43878.016,67388.91738024597
233790,43878.016,39505.157393292924
233791,43878.016,53786.650359143365
233792,43878.016,34435.89483554768
233793,43878.016,25796.908772354014
233794,43878.016,35300.60486360878
233795,43878.016,24523.57530565853
233796,43878.016,38477.15935917138
233797,43878.016,15966.280833857443
233798,43878.016,60269.266426384784
233799,43878.016,56202.83216663779
233800,43878.016,52841.24489382632
233801,43878.016,25449.872440786807
233802,43878.016,59457.498325310844
233803,43878.016,40321.704650084306
233804,43878.016,37471.47956720961
233805,43878.016,25929.018475860717
233806,43878.016,49558.40366532523
233807,43878.016,56023.971068354556
233808,43878.016,58512.27117624083
233809,43878.016,17822.538170386128
233810,43878.016,52771.57768021309
233811,43878.016,44169.057870187215
233812,43878.016,25102.27441270997
233813,43878.016,21889.143368097164
233814,43878.016,60643.823381912254
233815,43878.016,9868.689695642732
233816,43878.016,26196.011785383263
233817,43878.016,8432.632030809642
233818,43878.016,40475.78923511051
233819,43878.016,18745.321148664527
233820,43878.016,17224.09809189129
233821,43878.016,17812.687731464433
233822,43878.016,10455.114141442045
233823,43878.016,40740.67317320328
233824,43878.016,8679.833806435077
233825,43878.016,64203.40948206908
233826,43878.016,12843.70578536183
233827,43878.016,51182.98654168574
233828,43878.016,23700.08033077709
233829,43878.016,13089.736879002165
233830,43878.016,32994.323443615904
233831,43878.016,16179.711370662322
233832,43878.016,10584.31834829897
233833,43878.016,63697.54943246535
233834,43878.016,10040.861633851455
233835,43878.016,12317.772004459746
233836,43878.016,29237.786696260082
233837,43878.016,46304.213303961544
233838,43878.016,22551.046229707765
233839,43878.016,30738.784075264626
233840,43878.016,49249.77649934144
233841,43878.016,65881.84346395143
233842,43878.016,16006.628554413826
233843,43878.016,67520.42075408265
233844,43878.016,49019.03201597605
233845,43878.016,42112.31991852442
233846,43878.016,8068.259875932885
233847,43878.016,18501.963597559377
233848,43878.016,20640.52447244172
233849,43878.016,65074.85755756785
233850,43878.016,58455.78174212142
233851,43878.016,30059.566491362282
233852,43878.016,33589.12173911549
233853,43878.016,15807.201073312704
233854,43878.016,27509.47979805003
233855,43878.016,18828.02148922553
233856,43878.016,121124.11978896838
233857,43878.016,56701.9563121171
233858,43878.016,48801.77449805924
233859,43878.016,55014.27759697516
233860,43878.016,42559.157638736004
233861,43878.016,16858.218196493395
233862,43878.016,32595.508218495805
233863,43878.016,22077.8697473328
233864,43878.016,10142.84097628273
233865,43878.016,38313.62053643561
233866,43878.016,26720.515282820237
233867,43878.016,22664.14590073784
233868,43878.016,53050.95657364054
233869,43878.016,24259.359124657236
233870,43878.016,3401.5417430679104
233871,43878.016,42991.2976570095
233872,43878.016,40666.93366086071
233873,43878.016,58458.473044718296
233874,43878.016,14959.738461664732
233875,43878.016,70158.40438790005
233876,43878.016,52610.49272425147
233877,43878.016,58814.328236979796
233878,43878.016,14600.800507755956
233879,43878.016,36836.92313483857
233880,43878.016,30527.350155826494
233881,43878.016,51828.48210859744
233882,43878.016,27562.514464136646
233883,43878.016,72149.68136566684
233884,43878.016,28033.98102098255
233885,43878.016,26564.10211615331
233886,43878.016,37056.859514169526
233887,43878.016,56103.8047324196
233888,43878.016,14672.926660561976
233889,43878.016,21200.313736145454
233890,43878.016,27411.32917202639
233891,43878.016,43048.853741629864
233892,43878.016,12178.333153989692
233893,43878.016,17866.739177886768
233894,43878.016,94266.90585225924
233895,43878.016,25042.60518040757
233896,43878.016,34486.82614526091
233897,43878.016,38027.08826446745
233898,43878.016,15393.869157405228
233899,43878.016,5799.805982518154
233900,43878.016,44832.82380814993
233901,43878.016,10921.529250748015
233902,43878.016,75893.0739475944
233903,43878.016,56456.2369444105
233904,43878.016,26824.416041704408
233905,43878.016,14945.787327723856
233906,43878.016,22483.623095866096
233907,43878.016,17903.913841929643
233908,43878.016,48536.95872841912
233909,43878.016,29195.87897594209
233910,43878.016,56365.61624344391
233911,43878.016,21018.01058816708
233912,43878.016,42072.28220631077
233913,43878.016,45192.53590790712
233914,43878.016,43904.53783589753
233915,43878.016,18664.43984507249
233916,43878.016,20378.75741083252
233917,43878.016,23549.487024807142
233918,43878.016,24550.893924027263
233919,43878.016,9961.785711522942
233920,43878.016,62630.68700154485
233921,43878.016,19849.801104620477
233922,43878.016,10917.113296505355
233923,43878.016,31935.230031746818
233924,43878.016,27188.025769599608
233925,43878.016,35719.02129586259
233926,43878.016,37405.05163175071
233927,43878.016,18805.898488270104
233928,43878.016,62585.39580747937
233929,43878.016,66478.16882533101
233930,43878.016,21245.261639314675
233931,43878.016,32289.32541378599
233932,43878.016,26142.225177639488
233933,43878.016,7493.104443307985
233934,43878.016,7842.70211708351
233935,43878.016,15094.215508513636
233936,43878.016,9630.735965446022
233937,43878.016,29068.55681776453
233938,43878.016,20275.951186530543
233939,43878.016,49853.47768155168
233940,43878.016,18862.15489552508
233941,43878.016,32377.044431274444
233942,43878.016,23137.402591709262
233943,43878.016,47805.195455435685
233944,43878.016,20512.79555645767
233945,43878.016,52948.10421632704
233946,43878.016,13567.096242639565
233947,43878.016,21186.28429648222
233948,43878.016,70904.72775537294
233949,43878.016,24372.827965359702
233950,43878.016,8209.74008399127
233951,43878.016,44320.2538361019
233952,43878.016,26684.126389293433
233953,43878.016,16844.926341294566
233954,43878.016,31789.144645003093
233955,43878.016,34318.55045382168
233956,43878.016,47635.37714489667
233957,43878.016,74541.92373402837
233958,43878.016,61240.22348993631
233959,43878.016,8692.947287668116
233960,43878.016,14521.442727206242
233961,43878.016,9368.601674340453
233962,43878.016,71648.42305644091
233963,43878.016,18992.793454060266
233964,43878.016,35877.96547021825
233965,43878.016,32478.09077724723
233966,43878.016,47042.439365767736
233967,43878.016,37862.060650715786
233968,43878.016,43983.31540825921
233969,43878.016,40322.65491169524
233970,43878.016,36280.991357592946
233971,43878.016,40463.23694326433
233972,43878.016,79199.25275899892
233973,43878.016,14312.412797948602
233974,43878.016,28116.074261632835
233975,43878.016,20972.318270583295
233976,43878.016,22480.541909971285
233977,43878.016,16891.955330566718
233978,43878.016,14004.167566071146
233979,43878.016,62552.9160607819
233980,43878.016,5798.755696191896
233981,43878.016,38637.582771993824
233982,43878.016,30607.817403861725
233983,43878.016,74322.73146789317
233984,43878.016,40514.63073616813
233985,43878.016,50374.593604967486
233986,43878.016,40940.20608227337
233987,43878.016,46182.7351832942
233988,43878.016,63041.57093644763
233989,43878.016,14303.990276490247
233990,43878.016,21024.42641286695
233991,43878.016,45822.71872343885
233992,43878.016,45798.4478375814
233993,43878.016,15485.348006558925
233994,43878.016,33460.73681727478
233995,43878.016,17935.66965043935
233996,43878.016,40199.258581991846
233997,43878.016,65499.40417154031
233998,43878.016,52237.03849129316
233999,43878.016,52618.931926473124
234000,43878.016,53573.98040892167
234001,43878.016,29606.474041025347
234002,43878.016,16483.8048643952
234003,43878.016,56390.55317578733
234004,43878.016,48636.523351871285
234005,43878.016,29068.49987465311
234006,43878.016,30314.2593842921
234007,43878.016,50251.17955259536
234008,43878.016,30343.830473211874
234009,43878.016,67623.65178374719
234010,43878.016,49404.15045023518
234011,43878.016,13631.330712546327
234012,43878.016,42464.98189263322
234013,43878.016,19252.261385621547
234014,43878.016,25417.32396078521
234015,43878.016,49761.766214656265
234016,43878.016,22774.738751849618
234017,43878.016,12644.675933178034
234018,43878.016,15197.260308189056
234019,43878.016,35499.41289053698
234020,43878.016,35079.646669599715
234021,43878.016,46332.1783481115
234022,43878.016,50225.54912334035
234023,43878.016,32016.226159937272
234024,43878.016,64880.62715686609
234025,43878.016,54200.7142930413
234026,43878.016,23181.58145605502
234027,43878.016,9233.529757247745
234028,43878.016,17831.409285749243
234029,43878.016,24711.984620447718
234030,43878.016,27189.533526449173
234031,43878.016,52775.324604094196
234032,43878.016,34402.93297078125
234033,43878.016,61999.65198072229
234034,43878.016,25790.05730217869
234035,43878.016,29096.73676418631
234036,43878.016,54676.77790685693
234037,43878.016,55430.422238963736
234038,43878.016,60384.50753597869
234039,43878.016,60346.546748374596
234040,43878.016,24052.286131342436
234041,43878.016,61366.911615739155
234042,43878.016,22368.426714344
234043,43878.016,14068.49266246377
234044,43878.016,53083.99024029415
234045,43878.016,82746.13621278048
234046,43878.016,50731.947672194714
234047,43878.016,24823.92979045904
234048,43878.016,57769.16971121775
234049,43878.016,47853.504154389026
234050,43878.016,14924.889303691
234051,43878.016,42518.98841731459
234052,43878.016,17585.44180705747
234053,43878.016,28856.57228937553
234054,43878.016,19889.650383609493
234055,43878.016,9098.10283596794
234056,43878.016,74965.05485900465
234057,43878.016,13635.35220734463
234058,43878.016,39438.6718201473
234059,43878.016,12613.09547632971
234060,43878.016,17755.952375595592
234061,43878.016,62784.64351847325
234062,43878.016,74121.21727320441
234063,43878.016,54551.899297238786
234064,43878.016,32710.619489197466
234065,43878.016,51260.548360428176
234066,43878.016,28107.12488929054
234067,43878.016,13164.564367022133
234068,43878.016,51818.78236844828
234069,43878.016,62196.187301794846
234070,43878.016,46239.69657060286
234071,43878.016,54181.36467679337
234072,43878.016,29816.612895636652
234073,43878.016,29821.035152079996
234074,43878.016,27608.153912565285
234075,43878.016,31007.997510093697
234076,43878.016,38882.05736231664
234077,43878.016,23543.077466869687
234078,43878.016,51458.5497803162
234079,43878.016,15775.398186942113
234080,43878.016,6834.22222768091
234081,43878.016,16886.425372005233
234082,43878.016,13544.77696643628
234083,43878.016,49779.49968269689
234084,43878.016,74381.72174297094
234085,43878.016,45133.27328910787
234086,43878.016,29094.935745732102
234087,43878.016,23042.545774468814
234088,43878.016,28141.434075657504
234089,43878.016,9018.960075515095
234090,43878.016,47264.33625877975
234091,43878.016,57653.19998225183
234092,43878.016,6890.54241638721
234093,43878.016,49412.3135535336
234094,43878.016,28351.605323931693
234095,43878.016,23416.841746064038
234096,43878.016,31430.043085886864
234097,43878.016,33511.491785183716
234098,43878.016,24943.138696937458
234099,43878.016,17739.84274504891
234100,43878.016,47279.21917344852
234101,43878.016,41843.53668751875
234102,43878.016,86405.67993117616
234103,43878.016,48903.78420046997
234104,43878.016,51955.58292037555
234105,43878.016,8438.469777812186
234106,43878.016,14914.342416870753
234107,43878.016,42346.55239155097
234108,43878.016,43653.80971970309
234109,43878.016,36047.47443084827
234110,43878.016,27165.10760895844
234111,43878.016,31355.7864120085
234112,43878.016,69549.51802977877
234113,43878.016,45142.962962208636
234114,43878.016,8111.929054237784
234115,43878.016,48023.72146851761
234116,43878.016,15713.180088301515
234117,43878.016,48089.36837461374
234118,43878.016,21668.520580555534
234119,43878.016,54717.08231863125
234120,43878.016,10833.006917603363
234121,43878.016,18758.10681520717
234122,43878.016,8437.959788138587
234123,43878.016,26078.936303649734
234124,43878.016,40887.64961763935
234125,43878.016,63004.3487713055
234126,43878.016,29863.76206680925
234127,43878.016,20572.166660783056
234128,43878.016,35487.09519020759
234129,43878.016,63591.06365944899
234130,43878.016,17772.264788027886
234131,43878.016,13916.981809333172
234132,43878.016,47759.827727255535
234133,43878.016,15396.210587540552
234134,43878.016,32480.97938025476
234135,43878.016,74801.64482755201
234136,43878.016,21860.426829561227
234137,43878.016,23047.946269498196
234138,43878.016,22216.198357741654
234139,43878.016,49467.76261616561
234140,43878.016,33578.19941219131
234141,43878.016,34709.08180431104
234142,43878.016,37605.69475222959
234143,43878.016,11007.301300743544
234144,43878.016,35696.467533847
234145,43878.016,50905.57394959372
234146,43878.016,17250.63234001067
234147,43878.016,29181.78586026206
234148,43878.016,13377.572285752309
234149,43878.016,22066.52131836492
234150,43878.016,39833.7628932848
234151,43878.016,11081.98815944905
234152,43878.016,50094.61678393224
234153,43878.016,27656.826574954153
234154,43878.016,10252.285476493404
234155,43878.016,45734.33753470309
234156,43878.016,20813.156033766434
234157,43878.016,10590.939470074376
234158,43878.016,9392.094842425691
234159,43878.016,42149.64544167599
234160,43878.016,23437.816955367853
234161,43878.016,23847.006487629948
234162,43878.016,37111.50007646984
234163,43878.016,19693.540181147993
234164,43878.016,38324.089172388856
234165,43878.016,32093.11124036301
234166,43878.016,56681.696466625
234167,43878.016,17787.83780239018
234168,43878.016,57155.60539229146
234169,43878.016,16638.43710364852
234170,43878.016,36149.36903180884
234171,43878.016,9309.165966222012
234172,43878.016,28404.255326555878
234173,43878.016,36230.90577213235
234174,43878.016,19103.966224231288
234175,43878.016,21093.48158197853
234176,43878.016,27077.519424144764
234177,43878.016,35818.13864337159
234178,43878.016,15892.421086992776
234179,43878.016,37404.61895292154
234180,43878.016,20922.58647331768
234181,43878.016,78374.53364168707
234182,43878.016,36250.27364976857
234183,43878.016,51170.95280520866
234184,43878.016,27746.218672216663
234185,43878.016,22059.14878651955
234186,43878.016,7742.525827670796
234187,43878.016,56452.73073180648
234188,43878.016,49279.36362840972
234189,43878.016,29421.118892243285
234190,43878.016,12688.439376498758
234191,43878.016,15574.77172744829
234192,43878.016,44640.66029984303
234193,43878.016,18535.5226585558
234194,43878.016,39438.23846261541
234195,43878.016,34584.987845193755
234196,43878.016,41573.31866414113
234197,43878.016,13783.822077608524
234198,43878.016,34701.089713878566
234199,43878.016,36313.888049732996
234200,43878.016,50848.616006869226
234201,43878.016,50770.798603825286
234202,43878.016,12461.338929319101
234203,43878.016,20887.614695468004
234204,43878.016,40367.87960010341
234205,43878.016,54466.75100645771
234206,43878.016,20861.107324668174
234207,43878.016,28163.544428436122
234208,43878.016,20763.775556666504
234209,43878.016,30350.1777767516
234210,43878.016,5547.913209177924
234211,43878.016,11108.04591904851
234212,43878.016,23299.850301129783
234213,43878.016,30627.66217905151
234214,43878.016,66330.95437959163
234215,43878.016,27838.228928030465
234216,43878.016,31240.600303018946
234217,43878.016,15279.436697320065
234218,43878.016,29246.744272179258
234219,43878.016,49074.67772797324
234220,43878.016,11849.960509785496
234221,43878.016,44201.88578169941
234222,43878.016,20317.368376134298
234223,43878.016,46217.27804706459
234224,43878.016,28494.113084612032
234225,43878.016,19265.362258245903
234226,43878.016,31460.82048170031
234227,43878.016,45332.13849213866
234228,43878.016,27132.32968754049
234229,43878.016,12041.76822772381
234230,43878.016,36177.414197457954
234231,43878.016,9241.998403252646
234232,43878.016,82516.60142565086
234233,43878.016,45868.081058025164
234234,43878.016,6877.147304448994
234235,43878.016,13946.71413869577
234236,43878.016,26276.692743647138
234237,43878.016,31669.25526762417
234238,43878.016,46517.7200854466
234239,43878.016,17167.64945128831
234240,43878.016,61321.423561873045
234241,43878.016,63215.78768502054
234242,43878.016,54423.68296156163
234243,43878.016,67352.73910568676
234244,43878.016,37692.52387920057
234245,43878.016,21287.118634868137
234246,43878.016,39747.83869302068
234247,43878.016,52426.85629514202
234248,43878.016,11907.009979562366
234249,43878.016,51869.28282435394
234250,43878.016,33704.07666492064
234251,43878.016,18077.395904677574
234252,43878.016,27734.110363557473
234253,43878.016,9199.644930215465
234254,43878.016,30140.38144735632
234255,43878.016,23380.768943278614
234256,43878.016,47095.97411448533
234257,43878.016,24457.27767564743
234258,43878.016,57258.06222483968
234259,43878.016,42893.40958297871
234260,43878.016,44193.14340725074
234261,43878.016,50529.830128439964
234262,43878.016,13812.220293082724
234263,43878.016,25191.337214123523
234264,43878.016,50294.26443794593
234265,43878.016,28962.464438183284
234266,43878.016,6625.165179506169
234267,43878.016,37531.759786986746
234268,43878.016,41287.39513588282
234269,43878.016,31494.658183051062
234270,43878.016,7687.262692836817
234271,43878.016,53980.67981719532
234272,43878.016,34970.372923154064
234273,43878.016,18758.927275498147
234274,43878.016,21311.188235302532
234275,43878.016,20009.94442092798
234276,43878.016,45174.424473853665
234277,43878.016,41129.55959621685
234278,43878.016,55581.70985932307
234279,43878.016,40751.02208394245
234280,43878.016,56968.135295315216
234281,43878.016,75346.41456374714
234282,43878.016,16278.919060673808
234283,43878.016,46858.04590626361
234284,43878.016,53598.894669164314
234285,43878.016,55411.341066520145
234286,43878.016,10775.288245830552
234287,43878.016,21089.074759164097
234288,43878.016,44788.58021587955
234289,43878.016,19305.949527007844
234290,43878.016,9137.445445544045
234291,43878.016,20560.96884027405
234292,43878.016,13136.08795156814
234293,43878.016,37783.68342830483
234294,43878.016,54334.673343925584
234295,43878.016,48084.62055973515
234296,43878.016,61164.732836847514
234297,43878.016,30537.390043978652
234298,43878.016,68752.51351726161
234299,43878.016,62992.27884384651
234300,43878.016,10554.922275346918
234301,43878.016,26497.014940366615
234302,43878.016,14842.096476365165
234303,43878.016,51210.689274685996
234304,43878.016,116912.26763954855
234305,43878.016,36250.42046908094
234306,43878.016,15856.089287067736
234307,43878.016,78691.88004948919
234308,43878.016,42656.63976469826
234309,43878.016,47815.247740913226
234310,43878.016,45769.313236552065
234311,43878.016,11153.408670312836
234312,43878.016,33322.7114788212
234313,43878.016,51551.95159173791
234314,43878.016,42533.29791097494
234315,43878.016,47556.35651740963
234316,43878.016,6325.463025874226
234317,43878.016,15145.946378096744
234318,43878.016,9965.740394029066
234319,43878.016,18928.304377806413
234320,43878.016,22371.19986953
234321,43878.016,42716.28008739431
234322,43878.016,18883.87398559624
234323,43878.016,22748.35797746932
234324,43878.016,53847.26232512177
234325,43878.016,50558.79953395903
234326,43878.016,28908.958393245775
234327,43878.016,61806.70548928942
234328,43878.016,27973.03486697733
234329,43878.016,12959.996568985678
234330,43878.016,32055.664763697023
234331,43878.016,37608.04667161168
234332,43878.016,50498.386460528614
234333,43878.016,9552.600463898143
234334,43878.016,49259.744523872665
234335,43878.016,51955.357912450476
234336,43878.016,55970.95999107386
234337,43878.016,93294.51308560952
234338,43878.016,36376.70386619989
234339,43878.016,23927.341410886023
234340,43878.016,28800.464233822124
234341,43878.016,32499.707257429032
234342,43878.016,62422.13981849985
234343,43878.016,18908.227061960133
234344,43878.016,46680.838382148424
234345,43878.016,54425.54325682878
234346,43878.016,28073.210490124846
234347,43878.016,21900.698785979628
234348,43878.016,46225.45213482552
234349,43878.016,33313.092662204
234350,43878.016,50545.82272609202
234351,43878.016,78262.728418377
234352,43878.016,56160.08151969177
234353,43878.016,20920.873014299454
234354,43878.016,10015.448068870764
234355,43878.016,21632.727998490842
234356,43878.016,37722.97129878195
234357,43878.016,59203.69835501324
234358,43878.016,55549.29418609294
234359,43878.016,26544.59287324605
234360,43878.016,40041.815715136065
234361,43878.016,50706.31270872521
234362,43878.016,33608.690625551724
234363,43878.016,61700.81296390167
234364,43878.016,9815.067314404281
234365,43878.016,41401.980705144
234366,43878.016,10424.694524796649
234367,43878.016,21248.44643501644
234368,43878.016,21152.609101912123
234369,43878.016,67746.2283427251
234370,43878.016,32220.10120439722
234371,43878.016,32664.93346411083
234372,43878.016,12350.596101000772
234373,43878.016,48160.05417042902
234374,43878.016,27775.040291350626
234375,43878.016,31765.956326616935
234376,43878.016,9343.01831880689
234377,43878.016,43681.80789301968
234378,43878.016,68609.12209828975
234379,43878.016,39137.03937763648
234380,43878.016,58995.777071390774
234381,43878.016,59858.911181014555
234382,43878.016,40047.231978310185
234383,43878.016,57182.49916428409
234384,43878.016,72701.79920251785
234385,43878.016,27817.763042339182
234386,43878.016,12645.085473103283
234387,43878.016,24331.35853406118
234388,43878.016,51379.419138838384
234389,43878.016,20422.355753997
234390,43878.016,31337.796493544392
234391,43878.016,48743.16879342804
234392,43878.016,63552.272773937286
234393,43878.016,43347.46978713108
234394,43878.016,37459.79695721772
234395,43878.016,36395.634918078096
234396,43878.016,32092.328061734763
234397,43878.016,31514.026591068243
234398,43878.016,32950.449618622384
234399,43878.016,40517.337819985
234400,43878.016,64991.23405341429
234401,43878.016,12781.514440115945
234402,43878.016,12232.57032478005
234403,43878.016,42242.697133040456
234404,43878.016,12698.069177523697
234405,43878.016,22978.636381785098
234406,43878.016,23496.02207579279
234407,43878.016,20019.09052219593
234408,43878.016,23794.38885343803
234409,43878.016,54985.822265915915
234410,43878.016,27050.77253036645
234411,43878.016,13222.620114395166
234412,43878.016,23981.551362985418
234413,43878.016,50441.384825170426
234414,43878.016,71428.42444434021
234415,43878.016,14847.529532331866
234416,43878.016,48450.67258376626
234417,43878.016,55530.24809461126
234418,43878.016,34157.44866168071
234419,43878.016,10740.227370406312
234420,43878.016,79280.11249906308
234421,43878.016,60307.77651293603
234422,43878.016,59014.360111686125
234423,43878.016,14503.702147876997
234424,43878.016,29349.598125645633
234425,43878.016,25706.73801220054
234426,43878.016,20660.05537952277
234427,43878.016,13549.19869313333
234428,43878.016,57075.52884531621
234429,43878.016,28513.613268628094
234430,43878.016,22829.00235434016
234431,43878.016,27604.52474849575
234432,43878.016,27581.515122997283
234433,43878.016,23798.475936441257
234434,43878.016,39969.679149125914
234435,43878.016,21589.00289415346
234436,43878.016,14183.172609160783
234437,43878.016,10535.293299922992
234438,43878.016,50508.672015660886
234439,43878.016,15646.150051886276
234440,43878.016,85365.18383681224
234441,43878.016,20487.393141325698
234442,43878.016,40538.82568928405
234443,43878.016,44500.33079910959
234444,43878.016,7736.333187361105
234445,43878.016,42614.04114804899
234446,43878.016,46594.57033239624
234447,43878.016,31341.857722756456
234448,43878.016,22756.6488337392
234449,43878.016,55338.59046539142
234450,43878.016,71201.97570940558
234451,43878.016,49619.52518325361
234452,43878.016,16350.685050374717
234453,43878.016,35300.854980458265
234454,43878.016,77914.17995298102
234455,43878.016,25430.165684180032
234456,43878.016,34307.43937371364
234457,43878.016,37059.75766941396
234458,43878.016,31109.081197860105
234459,43878.016,41126.176208670884
234460,43878.016,46339.35613760382
234461,43878.016,57432.207343926646
234462,43878.016,49915.598528737035
234463,43878.016,31348.723178343742
234464,43878.016,9131.228573458919
234465,43878.016,44023.80351340083
234466,43878.016,57702.040963436804
234467,43878.016,33826.9016306258
234468,43878.016,41306.30123820915
234469,43878.016,45447.32570521556
234470,43878.016,35816.602614962496
234471,43878.016,59924.72124443995
234472,43878.016,64942.82351204236
234473,43878.016,22740.105334514377
234474,43878.016,61803.130556724
234475,43878.016,28491.701216839927
234476,43878.016,10112.292718096644
234477,43878.016,13887.959809395674
234478,43878.016,17638.467458116786
234479,43878.016,63598.99991171257
234480,43878.016,21968.54441528061
234481,43878.016,52435.57366175819
234482,43878.016,48045.7387503193
234483,43878.016,57253.36731961277
234484,43878.016,59204.6631390359
234485,43878.016,10924.886359115206
234486,43878.016,52728.721165881245
234487,43878.016,35477.3245399295
234488,43878.016,29352.398584854298
234489,43878.016,16526.16957328117
234490,43878.016,24958.22331317596
234491,43878.016,18036.06146557785
234492,43878.016,27989.680640389903
234493,43878.016,19102.85364499389
234494,43878.016,53130.22313753519
234495,43878.016,9936.922735972517
234496,43878.016,44411.617013336145
234497,43878.016,17279.62605981264
234498,43878.016,15661.721246407815
234499,43878.016,15964.677721779257
234500,43878.016,21585.92395257
234501,43878.016,79733.86950084186
234502,43878.016,6468.718081189506
234503,43878.016,12676.027621260117
234504,43878.016,27541.293030703175
234505,43878.016,12304.506414395855
234506,43878.016,47366.25958095965
234507,43878.016,53412.19036302559
234508,43878.016,70634.45493594262
234509,43878.016,11437.578331485773
234510,43878.016,64227.19218665113
234511,43878.016,10868.333647221874
234512,43878.016,33112.46246770826
234513,43878.016,19919.40935785424
234514,43878.016,21971.79802949589
234515,43878.016,31284.845117672
234516,43878.016,17369.606378285305
234517,43878.016,40709.2845554057
234518,43878.016,14185.390185646787
234519,43878.016,29609.084946973093
234520,43878.016,44282.93067759724
234521,43878.016,32545.989962215874
234522,43878.016,13586.48634773906
234523,43878.016,23746.172037954937
234524,43878.016,53169.5497950722
234525,43878.016,25906.443659304354
234526,43878.016,20680.585905546006
234527,43878.016,58990.195085617284
234528,43878.016,62133.007187014104
234529,43878.016,62871.45909253674
234530,43878.016,65950.73582153123
234531,43878.016,32959.6921855838
234532,43878.016,54177.599082554254
234533,43878.016,31307.558305246912
234534,43878.016,26516.57262131265
234535,43878.016,46527.84495481455
234536,43878.016,25902.041859452576
234537,43878.016,38353.96794275676
234538,43878.016,16851.624378225995
234539,43878.016,20518.919465570318
234540,43878.016,32316.023092981388
234541,43878.016,6716.317467397051
234542,43878.016,28428.49866800988
234543,43878.016,16252.19090657724
234544,43878.016,30369.705794326648
234545,43878.016,42503.1541098099
234546,43878.016,27344.682087379915
234547,43878.016,53909.83093814051
234548,43878.016,50957.11928777675
234549,43878.016,46920.438391500946
234550,43878.016,63936.54580184792
234551,43878.016,17273.346724780597
234552,43878.016,35269.18337072042
234553,43878.016,20203.885474032133
234554,43878.016,12810.13926477059
234555,43878.016,49634.277688290545
234556,43878.016,49690.23644654464
234557,43878.016,36105.522605923965
234558,43878.016,32304.299709556875
234559,43878.016,70927.78344862425
234560,43878.016,27500.567955333176
234561,43878.016,55683.88574282623
234562,43878.016,24277.81587789717
234563,43878.016,47695.51970309266
234564,43878.016,13350.979927964703
234565,43878.016,52859.71289514316
234566,43878.016,26680.953130371687
234567,43878.016,61943.95959610565
234568,43878.016,24398.819118616313
234569,43878.016,54855.20657195619
234570,43878.016,12894.023278371003
234571,43878.016,54480.48914934282
234572,43878.016,52610.23468938573
234573,43878.016,55641.982665295494
234574,43878.016,43093.20866083453
234575,43878.016,21788.218707589025
234576,43878.016,60880.143941559625
234577,43878.016,28472.664945301913
234578,43878.016,25060.956095768768
234579,43878.016,9313.898501020887
234580,43878.016,15115.798811002112
234581,43878.016,42241.70249699408
234582,43878.016,41353.19252924339
234583,43878.016,16905.372286398295
234584,43878.016,49734.3559206879
234585,43878.016,58109.72239921027
234586,43878.016,32714.276723425523
234587,43878.016,75067.04064223662
234588,43878.016,31496.30215421394
234589,43878.016,48953.13445497558
234590,43878.016,33724.85069250668
234591,43878.016,39821.83160612582
234592,43878.016,23381.658033002506
234593,43878.016,29528.49030497378
234594,43878.016,59046.10794757233
234595,43878.016,19233.983418140433
234596,43878.016,17025.532346640877
234597,43878.016,20039.60731227654
234598,43878.016,60220.616595692714
234599,43878.016,25098.175336353488
234600,43878.016,52211.42239543616
234601,43878.016,11951.022308742226
234602,43878.016,46231.46332886827
234603,43878.016,23020.17010051737
234604,43878.016,23608.031730786854
234605,43878.016,12351.942970392254
234606,43878.016,44335.62283098673
234607,43878.016,62333.19149132184
234608,43878.016,8624.38470678605
234609,43878.016,39486.232223175895
234610,43878.016,25264.85867382227
234611,43878.016,15478.218384944574
234612,43878.016,70657.52232517496
234613,43878.016,23663.762090211494
234614,43878.016,30445.05605080098
234615,43878.016,42858.58305447162
234616,43878.016,77127.64272918254
234617,43878.016,31513.1100803314
234618,43878.016,38892.16828764738
234619,43878.016,50337.524061157856
234620,43878.016,55389.33423682901
234621,43878.016,6836.005223515397
234622,43878.016,21082.79813748066
234623,43878.016,22962.500006317623
234624,43878.016,60197.31413615967
234625,43878.016,33325.64714933069
234626,43878.016,30493.57671308421
234627,43878.016,20833.999027401413
234628,43878.016,19710.917080200496
234629,43878.016,76081.26385273937
234630,43878.016,11970.422969278206
234631,43878.016,46525.14370316633
234632,43878.016,29126.908874926514
234633,43878.016,35758.987511164705
234634,43878.016,35536.765454883294
234635,43878.016,27797.599183690698
234636,43878.016,47880.93044754919
234637,43878.016,50929.57525051117
234638,43878.016,35406.21908067675
234639,43878.016,67537.0847493971
234640,43878.016,76316.49549202903
234641,43878.016,22218.797303421074
234642,43878.016,31085.429986950865
234643,43878.016,60325.84540428258
234644,43878.016,24642.193401647128
234645,43878.016,28212.093584635524
234646,43878.016,19619.337021200463
234647,43878.016,16098.709746081971
234648,43878.016,17335.16999833218
234649,43878.016,40726.40304235114
234650,43878.016,29689.250475012803
234651,43878.016,12205.789320848577
234652,43878.016,55750.27451143503
234653,43878.016,48772.856423127785
234654,43878.016,25395.49109119525
234655,43878.016,54227.78182367058
234656,43878.016,65962.77102288607
234657,43878.016,26071.275721216593
234658,43878.016,3902.9368966229085
234659,43878.016,21773.778030404046
234660,43878.016,24420.353701464413
234661,43878.016,47612.97049966949
234662,43878.016,17549.457684578498
234663,43878.016,23535.708581456343
234664,43878.016,33812.600446430086
234665,43878.016,18472.83603658914
234666,43878.016,33047.22612969253
234667,43878.016,15072.037330355814
234668,43878.016,73771.00056794666
234669,43878.016,8306.520910558804
234670,43878.016,48378.90511566757
234671,43878.016,30527.17539255509
234672,43878.016,9210.474769988328
234673,43878.016,19186.468927634523
234674,43878.016,13087.04436348131
234675,43878.016,27230.14651230159
234676,43878.016,62402.72817601235
234677,43878.016,31278.796217159263
234678,43878.016,21102.38569611242
234679,43878.016,23849.32028030755
234680,43878.016,26642.52662711267
234681,43878.016,66505.26923819442
234682,43878.016,23008.335133561955
234683,43878.016,68128.95158076586
234684,43878.016,42919.271945870816
234685,43878.016,12957.169201080305
234686,43878.016,21245.152871369824
234687,43878.016,11176.558467248173
234688,43878.016,11657.769848715205
234689,43878.016,64912.5675648222
234690,43878.016,11788.46734964815
234691,43878.016,45208.45604612695
234692,43878.016,24863.5777720482
234693,43878.016,40875.07164273529
234694,43878.016,35416.13784844598
234695,43878.016,46123.021486000434
234696,43878.016,13976.067436249781
234697,43878.016,9662.129811524124
234698,43878.016,40705.9850024723
234699,43878.016,54521.86121895912
234700,43878.016,5195.202663022262
234701,43878.016,24613.844734238104
234702,43878.016,32129.068085658226
234703,43878.016,19543.391491974715
234704,43878.016,39057.98463548734
234705,43878.016,17125.282826825947
234706,43878.016,42566.78268733317
234707,43878.016,18693.13383625715
234708,43878.016,29901.77466734843
234709,43878.016,13945.378557021124
234710,43878.016,27719.5960760724
234711,43878.016,18859.968390058202
234712,43878.016,12972.328606975607
234713,43878.016,37506.837283857974
234714,43878.016,18687.326798303267
234715,43878.016,32257.79319785497
234716,43878.016,14363.453014608618
234717,43878.016,24643.09802975073
234718,43878.016,49606.00513312872
234719,43878.016,60673.86937038824
234720,43878.016,49960.620939104636
234721,43878.016,24050.886946168357
234722,43878.016,67921.81888051372
234723,43878.016,20916.56247587333
234724,43878.016,50371.27541024538
234725,43878.016,25300.678218623547
234726,43878.016,9399.149646839827
234727,43878.016,52881.150967226014
234728,43878.016,28403.359495392782
234729,43878.016,25355.138639776935
234730,43878.016,14266.14097738814
234731,43878.016,26621.65521868444
234732,43878.016,41208.86726351459
234733,43878.016,32342.845547787318
234734,43878.016,16642.885276775974
234735,43878.016,67151.25858523641
234736,43878.016,24182.982653922314
234737,43878.016,45941.529838721144
234738,43878.016,48862.391814013354
234739,43878.016,31223.2354176178
234740,43878.016,34126.34543309622
234741,43878.016,59963.49790341257
234742,43878.016,16960.119756820888
234743,43878.016,69294.18687583596
234744,43878.016,23835.246565718986
234745,43878.016,35712.517307883936
234746,43878.016,47684.79401690358
234747,43878.016,21439.62964625903
234748,43878.016,75819.20544386707
234749,43878.016,36556.211824789105
234750,43878.016,54366.541275050855
234751,43878.016,56250.431764006506
234752,43878.016,16321.529340345645
234753,43878.016,47816.787458493054
234754,43878.016,51160.782124024554
234755,43878.016,18991.615059008363
234756,43878.016,20444.867685509886
234757,43878.016,12193.121557531926
234758,43878.016,44579.486819179205
234759,43878.016,9316.815145898892
234760,43878.016,39487.35516621185
234761,43878.016,62428.77716938242
234762,43878.016,29663.48163386408
234763,43878.016,68218.9877787207
234764,43878.016,54361.860826632066
234765,43878.016,56694.82206848873
234766,43878.016,15065.57905881148
234767,43878.016,10505.099134946975
234768,43878.016,36696.24344492089
234769,43878.016,20758.788614276888
234770,43878.016,38785.08567805696
234771,43878.016,59876.3575858316
234772,43878.016,14556.545260900368
234773,43878.016,18665.03614474164
234774,43878.016,25907.706420325958
234775,43878.016,21377.598116682453
234776,43878.016,47375.62024272179
234777,43878.016,51653.67957083255
234778,43878.016,19295.120105505885
234779,43878.016,39551.93454781893
234780,43878.016,58430.30503911398
234781,43878.016,37199.73919708528
234782,43878.016,27004.43554424885
234783,43878.016,70575.24769521566
234784,43878.016,16966.178205609318
234785,43878.016,36176.52853530753
234786,43878.016,57797.75812585521
234787,43878.016,57097.284540208086
234788,43878.016,72466.75761751553
234789,43878.016,36989.13212162013
234790,43878.016,30946.752882601602
234791,43878.016,52706.04852833471
234792,43878.016,43796.25492261204
234793,43878.016,42355.93682293486
234794,43878.016,8023.260281255593
234795,43878.016,14346.632695997898
234796,43878.016,30750.097427108965
234797,43878.016,42147.12267285424
234798,43878.016,73856.01607645744
234799,43878.016,37597.770705618466
234800,43878.016,43559.96291093655
234801,43878.016,41256.42830454113
234802,43878.016,56547.68252761158
234803,43878.016,44107.80055461881
234804,43878.016,35717.99501446313
234805,43878.016,32993.71035971873
234806,43878.016,41188.95372030962
234807,43878.016,56379.719451679164
234808,43878.016,40186.51628102596
234809,43878.016,62210.72315361692
234810,43878.016,34942.05212547399
234811,43878.016,43892.07006928352
234812,43878.016,41926.12449809115
234813,43878.016,69782.82547038652
234814,43878.016,31928.0292851318
234815,43878.016,46280.39928812126
234816,43878.016,46948.3360972932
234817,43878.016,62376.37275062929
234818,43878.016,8862.184768545736
234819,43878.016,67922.00924817122
234820,43878.016,35830.15982764818
234821,43878.016,32916.148272080056
234822,43878.016,50067.21024739247
234823,43878.016,15532.566154873262
234824,43878.016,62822.28910323103
234825,43878.016,30624.122649772795
234826,43878.016,7910.491222351876
234827,43878.016,49762.62333153827
234828,43878.016,23702.753788362814
234829,43878.016,51829.769140368386
234830,43878.016,12484.280978907149
234831,43878.016,34128.26296622379
234832,43878.016,16783.384943300443
234833,43878.016,20668.771337094026
234834,43878.016,12299.001229192454
234835,43878.016,43895.63503035785
234836,43878.016,42630.953843179304
234837,43878.016,25202.496481018086
234838,43878.016,31945.015677652158
234839,43878.016,35567.890731116815
234840,43878.016,27191.95910404393
234841,43878.016,48345.956487241616
234842,43878.016,51544.871111243774
234843,43878.016,65274.52343469944
234844,43878.016,60574.65424212204
234845,43878.016,14955.755081593565
234846,43878.016,11254.024882634469
234847,43878.016,32487.790467290433
234848,43878.016,21494.227536432303
234849,43878.016,55936.1586127489
234850,43878.016,79204.66348325742
234851,43878.016,20782.812242484746
234852,43878.016,27122.286228710796
234853,43878.016,26193.303370866048
234854,43878.016,33302.070849106465
234855,43878.016,21677.71895155344
234856,43878.016,44803.019389884095
234857,43878.016,59502.05127170118
234858,43878.016,53915.568936705255
234859,43878.016,48811.982080301204
234860,43878.016,33624.847186121835
234861,43878.016,12126.342685622354
234862,43878.016,19759.623976467905
234863,43878.016,25271.560678278274
234864,43878.016,24046.401009318924
234865,43878.016,20130.043386858615
234866,43878.016,63188.47890378148
234867,43878.016,23065.809835344517
234868,43878.016,60812.77628708528
234869,43878.016,31827.096756939118
234870,43878.016,9002.599313705145
234871,43878.016,60707.56370676626
234872,43878.016,49351.76364901527
234873,43878.016,62054.141254610404
234874,43878.016,37067.92228269007
234875,43878.016,17573.176058679128
234876,43878.016,18243.51471779386
234877,43878.016,54165.4764220334
234878,43878.016,46690.026367926956
234879,43878.016,12367.39645301191
234880,43878.016,10877.628415566702
234881,43878.016,26689.49076906007
234882,43878.016,42139.01944364774
234883,43878.016,43764.249012049535
234884,43878.016,11006.42140056236
234885,43878.016,9721.553637143992
234886,43878.016,18810.97754822084
234887,43878.016,52113.650781235345
234888,43878.016,31893.87592924128
234889,43878.016,47389.299955428316
234890,43878.016,7650.630803107009
234891,43878.016,75193.55408861881
234892,43878.016,20643.188169573674
234893,43878.016,36736.91673245468
234894,43878.016,20594.442109839303
234895,43878.016,11839.71923927169
234896,43878.016,13509.191186660388
234897,43878.016,62700.57116645129
234898,43878.016,19961.51023976819
234899,43878.016,15175.059667266165
234900,43878.016,66302.60380697629
234901,43878.016,17491.935411721835
234902,43878.016,11622.020661230896
234903,43878.016,24697.14000127517
234904,43878.016,51046.29083359773
234905,43878.016,54550.720224325894
234906,43878.016,41337.455945002046
234907,43878.016,81228.34408897674
234908,43878.016,58956.46812162411
234909,43878.016,18601.64996307041
234910,43878.016,18520.545228599574
234911,43878.016,30002.53775645023
234912,43878.016,8764.761132410978
234913,43878.016,39616.75894576558
234914,43878.016,46955.34037915843
234915,43878.016,34269.78492640913
234916,43878.016,6420.170025038877
234917,43878.016,34941.286458463066
234918,43878.016,11606.405591311895
234919,43878.016,21892.21471160093
234920,43878.016,25455.80144052226
234921,43878.016,36626.763533838974
234922,43878.016,39826.68837310189
234923,43878.016,27875.85750804176
234924,43878.016,12999.033661226078
234925,43878.016,84796.23912249305
234926,43878.016,34451.24573893895
234927,43878.016,29876.761728121874
234928,43878.016,74197.06552362554
234929,43878.016,8339.982318274011
234930,43878.016,7392.741498576653
234931,43878.016,13942.252676566946
234932,43878.016,42804.348364939244
234933,43878.016,54181.98076333964
234934,43878.016,36970.03881506068
234935,43878.016,40446.73348330116
234936,43878.016,52574.92100927409
234937,43878.016,39592.57557993103
234938,43878.016,56697.52768893646
234939,43878.016,22816.536487783538
234940,43878.016,66567.19951078763
234941,43878.016,40712.00980798414
234942,43878.016,42396.95346661172
234943,43878.016,17062.25574200739
234944,43878.016,42124.00519242266
234945,43878.016,16499.490200153337
234946,43878.016,12126.226735597738
234947,43878.016,8265.45015079512
234948,43878.016,39232.17914051064
234949,43878.016,19586.170976343557
234950,43878.016,51688.13917143121
234951,43878.016,54303.8341925904
234952,43878.016,71608.91225616733
234953,43878.016,13324.576002443157
234954,43878.016,31503.2687775768
234955,43878.016,16596.398660320992
234956,43878.016,24658.241253170905
234957,43878.016,20692.238364726865
234958,43878.016,19451.976635583767
234959,43878.016,52496.46315576082
234960,43878.016,60956.77937410807
234961,43878.016,47161.31819531157
234962,43878.016,60225.24834550032
234963,43878.016,61262.86008130904
234964,43878.016,28008.61033422736
234965,43878.016,58736.02329705651
234966,43878.016,29381.735422383936
234967,43878.016,40905.47940918414
234968,43878.016,24857.123097123273
234969,43878.016,52905.82646465364
234970,43878.016,43775.24850023325
234971,43878.016,56588.671540694486
234972,43878.016,41807.191074636685
234973,43878.016,45203.69882319329
234974,43878.016,47323.506075989695
234975,43878.016,35269.42177591722
234976,43878.016,24986.666963081112
234977,43878.016,25592.88893562488
234978,43878.016,40319.49918199516
234979,43878.016,7542.512652790984
234980,43878.016,44711.68385439677
234981,43878.016,39887.784116033225
234982,43878.016,32509.63559267854
234983,43878.016,39707.90861463611
234984,43878.016,15664.932945967728
234985,43878.016,25806.319068693203
234986,43878.016,17846.60173343514
234987,43878.016,12919.287941703762
234988,43878.016,31816.14488911667
234989,43878.016,45169.957376990955
234990,43878.016,40809.2597527649
234991,43878.016,50392.071533950555
234992,43878.016,19861.797914336745
234993,43878.016,50528.61695318414
234994,43878.016,65946.80370524152
234995,43878.016,19442.046735023443
234996,43878.016,18483.439285769728
234997,43878.016,30022.5236188052
234998,43878.016,9312.039302016265
234999,43878.016,26608.852185501542
235000,43878.016,53849.759662145276
235001,43878.016,30732.19499813477
235002,43878.016,34017.94712954535
235003,43878.016,31127.137613303512
235004,43878.016,42565.94747895293
235005,43878.016,11703.32333780136
235006,43878.016,27666.824807593635
235007,43878.016,17529.815015707896
235008,43878.016,22962.61942619461
235009,43878.016,40468.948381534836
235010,43878.016,13518.08603125402
235011,43878.016,19839.415650231298
235012,43878.016,14098.9122185032
235013,43878.016,40324.95117741525
235014,43878.016,42050.36508779579
235015,43878.016,10269.104736746778
235016,43878.016,40567.46240413906
235017,43878.016,10865.260727108387
235018,43878.016,34843.33280604673
235019,43878.016,60235.83125973571
235020,43878.016,11238.151842636846
235021,43878.016,37884.428727469225
235022,43878.016,41464.8160314732
235023,43878.016,23818.54547057246
235024,43878.016,65758.2330289177
235025,43878.016,7279.477536525319
235026,43878.016,31568.850073538608
235027,43878.016,39250.27957583054
235028,43878.016,36657.68728154121
235029,43878.016,34769.95734530948
235030,43878.016,33778.93926691301
235031,43878.016,36531.04460196059
235032,43878.016,36288.91020521849
235033,43878.016,11501.053464345596
235034,43878.016,14781.41239924111
235035,43878.016,14048.629154275277
235036,43878.016,22671.451195330934
235037,43878.016,22524.55263462061
235038,43878.016,50036.355341471775
235039,43878.016,63367.285972330414
235040,43878.016,64254.032459770104
235041,43878.016,61920.25374612874
235042,43878.016,35096.17261904982
235043,43878.016,9406.302274708978
235044,43878.016,8259.170591058726
235045,43878.016,37590.101257056966
235046,43878.016,12853.2950141895
235047,43878.016,31282.22450772985
235048,43878.016,21565.84174383811
235049,43878.016,8600.850395696696
235050,43878.016,28057.695635095548
235051,43878.016,8297.319089653818
235052,43878.016,8652.58263712625
235053,43878.016,60648.24529546608
235054,43878.016,27184.960999160645
235055,43878.016,15769.106417791234
235056,43878.016,60040.55902976158
235057,43878.016,11025.483317839036
235058,43878.016,48386.50037765012
235059,43878.016,78912.40068786124
235060,43878.016,50458.78172032396
235061,43878.016,42671.51942094107
235062,43878.016,8172.530959597286
235063,43878.016,28225.319596489288
235064,43878.016,67200.35203666285
235065,43878.016,21873.542328544514
235066,43878.016,47539.982823760874
235067,43878.016,49577.01243075509
235068,43878.016,29463.61583263954
235069,43878.016,50793.28665836604
235070,43878.016,6769.923023892902
235071,43878.016,40832.24344823754
235072,43878.016,18052.525271302515
235073,43878.016,30581.72446868748
235074,43878.016,22707.974258205635
235075,43878.016,29792.809693168536
235076,43878.016,37121.65743268059
235077,43878.016,10700.722383512248
235078,43878.016,28884.431300089396
235079,43878.016,46264.410427605006
235080,43878.016,30281.16886119009
235081,43878.016,13080.286001678036
235082,43878.016,44522.483371513365
235083,43878.016,43567.22124489524
235084,43878.016,42506.035787728986
235085,43878.016,8365.500745147796
235086,43878.016,24173.633559641177
235087,43878.016,37772.228762297105
235088,43878.016,13679.11751276413
235089,43878.016,45183.17083022646
235090,43878.016,25193.896679691505
235091,43878.016,18541.57530983833
235092,43878.016,8833.705332783251
235093,43878.016,20719.77527113705
235094,43878.016,45461.655619170066
235095,43878.016,55136.4592311882
235096,43878.016,39021.76763612789
235097,43878.016,71764.15909550939
235098,43878.016,58445.26320182706
235099,43878.016,10854.861073437858
235100,43878.016,69313.51736937968
235101,43878.016,49273.44006511387
235102,43878.016,42529.18351484527
235103,43878.016,33372.82189748927
235104,43878.016,7888.874143551689
235105,43878.016,49922.57850877949
235106,43878.016,29864.96285343862
235107,43878.016,38512.92460374771
235108,43878.016,24237.657489226687
235109,43878.016,40656.924997229165
235110,43878.016,34254.959461273145
235111,43878.016,53630.84093676034
235112,43878.016,47882.92478144849
235113,43878.016,27045.85768285075
235114,43878.016,22271.309461848414
235115,43878.016,47176.13733451635
235116,43878.016,29313.509724018048
235117,43878.016,18920.28319293784
235118,43878.016,35146.8530989398
235119,43878.016,34634.96454190048
235120,43878.016,16315.67493914448
235121,43878.016,18384.75960582252
235122,43878.016,11096.835605770068
235123,43878.016,38303.97715391007
235124,43878.016,15554.325613194007
235125,43878.016,25046.0441514182
235126,43878.016,42292.232476710735
235127,43878.016,25554.522736156963
235128,43878.016,69111.37649179074
235129,43878.016,52812.23353407091
235130,43878.016,44753.78213105258
235131,43878.016,44928.614012138496
235132,43878.016,10539.530450238652
235133,43878.016,45562.95241586212
235134,43878.016,30535.070218154884
235135,43878.016,70492.73909011418
235136,43878.016,23405.58179547573
235137,43878.016,12751.429855869885
235138,43878.016,65557.734348472
235139,43878.016,29777.2106469633
235140,43878.016,73635.26346071127
235141,43878.016,20093.94152085758
235142,43878.016,36834.25630952393
235143,43878.016,38366.215993206555
235144,43878.016,25221.19804610506
235145,43878.016,57375.29602554511
235146,43878.016,22040.694005221743
235147,43878.016,41531.85944503237
235148,43878.016,39391.99722150506
235149,43878.016,33245.22338677287
235150,43878.016,17845.456472015834
235151,43878.016,51180.41363819066
235152,43878.016,21856.522009902197
235153,43878.016,13195.712449257959
235154,43878.016,17760.8790278064
235155,43878.016,29517.999039625018
235156,43878.016,35273.82679438374
235157,43878.016,64064.87196388865
235158,43878.016,32263.244784381783
235159,43878.016,33978.6186046329
235160,43878.016,58679.54047470246
235161,43878.016,42300.722719321115
235162,43878.016,28948.634544531385
235163,43878.016,37112.40714601421
235164,43878.016,26781.403704028115
235165,43878.016,16295.275744935909
235166,43878.016,27630.540386681387
235167,43878.016,14502.545537717513
235168,43878.016,18311.861636330144
235169,43878.016,24095.206688622224
235170,43878.016,21011.854330082388
235171,43878.016,19670.06626978617
235172,43878.016,73321.25230100195
235173,43878.016,33633.04535028334
235174,43878.016,28395.404709970953
235175,43878.016,20049.235721251818
235176,43878.016,59135.24047577371
235177,43878.016,14181.167593226204
235178,43878.016,57248.89517569104
235179,43878.016,19677.90165745926
235180,43878.016,55576.54844145761
235181,43878.016,50274.398309382406
235182,43878.016,38463.641305641344
235183,43878.016,84047.81057502402
235184,43878.016,49786.307463702426
235185,43878.016,25556.53431012163
235186,43878.016,81339.3092557716
235187,43878.016,48106.83910566252
235188,43878.016,9502.353346407655
235189,43878.016,37779.71777286756
235190,43878.016,20923.72084811997
235191,43878.016,38266.66650197908
235192,43878.016,24278.711627430384
235193,43878.016,33231.41994171704
235194,43878.016,12707.61640905905
235195,43878.016,13414.018307445096
235196,43878.016,68478.55186605189
235197,43878.016,67569.78168760677
235198,43878.016,11544.01100858209
235199,43878.016,31204.25438838863
235200,43878.016,23313.76358196564
235201,43878.016,16107.707085749087
235202,43878.016,13520.058050976324
235203,43878.016,31294.96121751281
235204,43878.016,36182.86960992134
235205,43878.016,29198.477409298797
235206,43878.016,35758.471790789095
235207,43878.016,9670.480243545633
235208,43878.016,41533.16878899408
235209,43878.016,16565.77461740763
235210,43878.016,14520.703956836087
235211,43878.016,29712.56675292105
235212,43878.016,51353.60357781236
235213,43878.016,52261.45393516691
235214,43878.016,31955.343873318976
235215,43878.016,49126.85500560556
235216,43878.016,74779.79614741611
235217,43878.016,70738.37881641666
235218,43878.016,31218.805323606306
235219,43878.016,30785.215582051875
235220,43878.016,71923.48328372187
235221,43878.016,43539.35309397459
235222,43878.016,16674.35141868027
235223,43878.016,13407.67126196718
235224,43878.016,12148.995300372353
235225,43878.016,33846.969839074874
235226,43878.016,32655.15778866834
235227,43878.016,15875.185981102595
235228,43878.016,33631.55245885824
235229,43878.016,36148.63926118256
235230,43878.016,49853.639801916994
235231,43878.016,42780.90322652751
235232,43878.016,62302.34544320289
235233,43878.016,44602.221914235626
235234,43878.016,58346.22483352129
235235,43878.016,46375.58060065737
235236,43878.016,22961.24679282598
235237,43878.016,66303.27109694786
235238,43878.016,25300.691837813843
235239,43878.016,38240.77581930771
235240,43878.016,23364.1445965271
235241,43878.016,47069.20679004233
235242,43878.016,55781.48474605624
235243,43878.016,7441.519126225297
235244,43878.016,72133.88284430683
235245,43878.016,15095.695943095929
235246,43878.016,8787.504435146686
235247,43878.016,56581.41415393227
235248,43878.016,22339.53785689049
235249,43878.016,14525.09115100787
235250,43878.016,68715.79322379534
235251,43878.016,50857.38012506699
235252,43878.016,44615.7918315449
235253,43878.016,24849.715277387844
235254,43878.016,47053.64534875492
235255,43878.016,33352.113243989406
235256,43878.016,25323.430103966053
235257,43878.016,65269.70263096384
235258,43878.016,67852.1500301365
235259,43878.016,18853.67560908039
235260,43878.016,57974.62716997764
235261,43878.016,23966.79894667783
235262,43878.016,45313.243732645926
235263,43878.016,31446.642675390143
235264,43878.016,40704.09827395101
235265,43878.016,25352.990461508754
235266,43878.016,117267.54060574998
235267,43878.016,23030.951491632568
235268,43878.016,36004.733925755354
235269,43878.016,15078.216517492843
235270,43878.016,32302.700424137565
235271,43878.016,55258.65020484634
235272,43878.016,61508.68356572257
235273,43878.016,25888.316541903892
235274,43878.016,9977.928816053829
235275,43878.016,27212.07630682396
235276,43878.016,77748.86422847603
235277,43878.016,32164.547727228583
235278,43878.016,20816.503751043438
235279,43878.016,44790.96486527381
235280,43878.016,45603.247620170485
235281,43878.016,23364.953922833516
235282,43878.016,63988.85601549095
235283,43878.016,36494.520849531036
235284,43878.016,35130.337832199584
235285,43878.016,14479.70152078564
235286,43878.016,49565.65664815124
235287,43878.016,38987.04045838568
235288,43878.016,45334.32929124875
235289,43878.016,36524.17899526189
235290,43878.016,39586.16427304949
235291,43878.016,12242.857629936501
235292,43878.016,21851.049260138017
235293,43878.016,5660.854550149577
235294,43878.016,72942.17294999896
235295,43878.016,9222.441991304304
235296,43878.016,59577.020613570174
235297,43878.016,20319.77770661109
235298,43878.016,28292.746657540592
235299,43878.016,40499.15748321961
235300,43878.016,14439.989008677381
235301,43878.016,38754.95085447658
235302,43878.016,31891.667475795162
235303,43878.016,38394.816446384284
235304,43878.016,43576.65765436113
235305,43878.016,25291.93416175444
235306,43878.016,32064.51856561798
235307,43878.016,33758.296130813345
235308,43878.016,52943.71908884234
235309,43878.016,70321.41697397883
235310,43878.016,47238.78414257186
235311,43878.016,39885.42911005174
235312,43878.016,34778.8663982065
235313,43878.016,12486.611335979227
235314,43878.016,30866.372211260274
235315,43878.016,7988.507641385365
235316,43878.016,50027.24496344941
235317,43878.016,50079.162976900865
235318,43878.016,44619.91650810208
235319,43878.016,14447.59671057017
235320,43878.016,47361.3429535204
235321,43878.016,20730.4296331945
235322,43878.016,52649.48337885137
235323,43878.016,40419.28473995212
235324,43878.016,53073.95910367383
235325,43878.016,18057.80005544722
235326,43878.016,14729.033894871016
235327,43878.016,8703.855455614412
235328,43878.016,8421.20169137987
235329,43878.016,28747.465326346457
235330,43878.016,10153.84751091045
235331,43878.016,56067.25903100728
235332,43878.016,44286.28402479883
235333,43878.016,59985.02249773826
235334,43878.016,12839.140289857247
235335,43878.016,31732.6042995851
235336,43878.016,37971.26912580049
235337,43878.016,29814.784017557122
235338,43878.016,11671.025954235925
235339,43878.016,10413.519598042067
235340,43878.016,21554.84450940996
235341,43878.016,21194.109596540507
235342,43878.016,15939.261600300482
235343,43878.016,53047.18281252603
235344,43878.016,48923.598260975574
235345,43878.016,30798.204443724153
235346,43878.016,57180.799242989786
235347,43878.016,10598.773112748675
235348,43878.016,50968.36886139141
235349,43878.016,16449.89702683433
235350,43878.016,12646.618683059416
235351,43878.016,45998.776669867744
235352,43878.016,30687.948569467437
235353,43878.016,40629.05654133672
235354,43878.016,35129.8710941411
235355,43878.016,32116.858660545015
235356,43878.016,54389.489165971376
235357,43878.016,21254.293753016867
235358,43878.016,4742.766834424688
235359,43878.016,33899.96991043481
235360,43878.016,36519.936651173535
235361,43878.016,59042.17255779299
235362,43878.016,41068.402584011
235363,43878.016,55408.04944554985
235364,43878.016,29605.889057048505
235365,43878.016,53293.86565549274
235366,43878.016,12202.01061385308
235367,43878.016,40308.14428108449
235368,43878.016,25011.2992934581
235369,43878.016,24999.692200602716
235370,43878.016,49058.09999876876
235371,43878.016,41022.85353906118
235372,43878.016,10480.699664420246
235373,43878.016,66472.70600364779
235374,43878.016,56888.907391261375
235375,43878.016,26293.823292293964
235376,43878.016,48888.525618912725
235377,43878.016,19179.92949018255
235378,43878.016,14367.252994585491
235379,43878.016,38907.7869385447
235380,43878.016,59122.912541569676
235381,43878.016,21330.456681794654
235382,43878.016,79735.50780796795
235383,43878.016,44604.40067096983
235384,43878.016,54739.019191838284
235385,43878.016,27740.023161247416
235386,43878.016,17546.21195026323
235387,43878.016,42818.077917770526
235388,43878.016,27553.348544138084
235389,43878.016,51680.163458514726
235390,43878.016,65192.382199024316
235391,43878.016,13424.979952294125
235392,43878.016,35660.91032174033
235393,43878.016,39870.59842085066
235394,43878.016,21951.866869608453
235395,43878.016,53247.04728497641
235396,43878.016,44680.62372141138
235397,43878.016,79279.36436642887
235398,43878.016,37790.605590595944
235399,43878.016,28885.228005671437
235400,43878.016,16441.882763600235
235401,43878.016,81727.38939958155
235402,43878.016,59877.17440628205
235403,43878.016,15482.525862257817
235404,43878.016,5887.0340205362345
235405,43878.016,51078.824444720005
235406,43878.016,23946.91522172617
235407,43878.016,51219.27920403924
235408,43878.016,10853.965918614935
235409,43878.016,28467.30630502287
235410,43878.016,19607.0359581843
235411,43878.016,45266.153501783505
235412,43878.016,58299.14436259555
235413,43878.016,17482.18678107082
235414,43878.016,4915.412551207415
235415,43878.016,34520.283683375776
235416,43878.016,8394.189754824089
235417,43878.016,14453.567032503037
235418,43878.016,57403.816030491915
235419,43878.016,52862.49021442574
235420,43878.016,14226.243745417165
235421,43878.016,42551.92581546067
235422,43878.016,7156.875199454229
235423,43878.016,56098.17960997779
235424,43878.016,35048.722957200676
235425,43878.016,18039.806398744433
235426,43878.016,25153.846290571906
235427,43878.016,13087.38432924345
235428,43878.016,34134.74029645576
235429,43878.016,34672.04972772882
235430,43878.016,35829.97351845239
235431,43878.016,31562.374910578834
235432,43878.016,59629.76897965654
235433,43878.016,58266.80791672627
235434,43878.016,52936.10143748865
235435,43878.016,20179.876229822807
235436,43878.016,54804.712726154925
235437,43878.016,40195.894210054495
235438,43878.016,19812.2997985462
235439,43878.016,18669.98551521181
235440,43878.016,11991.368870243943
235441,43878.016,15079.125899531251
235442,43878.016,45387.37366577444
235443,43878.016,17125.620919993555
235444,43878.016,40471.60344200948
235445,43878.016,32363.968462066598
235446,43878.016,68941.08089112671
235447,43878.016,18100.28113342662
235448,43878.016,41199.715469995026
235449,43878.016,56378.76070915955
235450,43878.016,33260.08718151703
235451,43878.016,14758.309657997273
235452,43878.016,71185.33763263912
235453,43878.016,41078.843568990735
235454,43878.016,12093.79907812676
235455,43878.016,39392.06239308894
235456,43878.016,7441.779132878105
235457,43878.016,24702.73992099523
235458,43878.016,49938.35031550781
235459,43878.016,12788.809112291687
235460,43878.016,35583.04715642863
235461,43878.016,66091.19264974052
235462,43878.016,11286.772804971524
235463,43878.016,30991.392451976546
235464,43878.016,42182.213225065556
235465,43878.016,15277.235252766854
235466,43878.016,18381.035783552245
235467,43878.016,8108.6395225785855
235468,43878.016,15627.317995485617
235469,43878.016,61036.0449077283
235470,43878.016,11193.464576253364
235471,43878.016,11713.121650056697
235472,43878.016,42468.87931193722
235473,43878.016,48040.86396490975
235474,43878.016,51194.18225605646
235475,43878.016,30556.482505497712
235476,43878.016,37257.53222665105
235477,43878.016,43221.470974231
235478,43878.016,45200.829815018806
235479,43878.016,10681.96320681556
235480,43878.016,63342.1969797999
235481,43878.016,59466.87443170563
235482,43878.016,38587.16005538608
235483,43878.016,64503.72279917929
235484,43878.016,56504.2001320989
235485,43878.016,43260.71254479479
235486,43878.016,34202.338227489294
235487,43878.016,49062.77025357621
235488,43878.016,14703.248620413382
235489,43878.016,8238.770854408793
235490,43878.016,33067.787312723915
235491,43878.016,28834.952994018407
235492,43878.016,36062.49401215725
235493,43878.016,18017.844707314714
235494,43878.016,63566.48073611116
235495,43878.016,67011.15754714828
235496,43878.016,46952.168629799446
235497,43878.016,12236.647220775281
235498,43878.016,13581.486451793748
235499,43878.016,8705.164164980422
235500,43878.016,33182.804820963436
235501,43878.016,15796.098318697235
235502,43878.016,23856.575045614904
235503,43878.016,11835.65421724269
235504,43878.016,50981.53688127014
235505,43878.016,29633.342061011634
235506,43878.016,24397.92301835357
235507,43878.016,6474.951999123456
235508,43878.016,30456.37340278165
235509,43878.016,53468.60894400667
235510,43878.016,44193.51455940443
235511,43878.016,67174.35971966606
235512,43878.016,22274.435505103113
235513,43878.016,43248.6199453065
235514,43878.016,28340.933621763917
235515,43878.016,92777.81281247213
235516,43878.016,19450.639778672554
235517,43878.016,16175.398777481621
235518,43878.016,49751.09537221481
235519,43878.016,50733.14516780258
235520,43878.016,44874.28508612158
235521,43878.016,40673.97138027736
235522,43878.016,47720.55655685965
235523,43878.016,23945.71186217165
235524,43878.016,11720.432372570362
235525,43878.016,31039.782537820567
235526,43878.016,44451.54344631565
235527,43878.016,7751.148494165574
235528,43878.016,21523.73309376758
235529,43878.016,22053.266144844296
235530,43878.016,20958.026289486832
235531,43878.016,10924.03248553216
235532,43878.016,18798.19548929139
235533,43878.016,49712.91220189971
235534,43878.016,8125.72970576535
235535,43878.016,46797.30369979237
235536,43878.016,47889.171453199815
235537,43878.016,14883.137859077944
235538,43878.016,75298.78040360246
235539,43878.016,22402.782318749032
235540,43878.016,25562.902021667356
235541,43878.016,18672.713577636256
235542,43878.016,56850.27894953529
235543,43878.016,22803.36605823152
235544,43878.016,32766.635387309132
235545,43878.016,26443.24868007114
235546,43878.016,17809.78027178517
235547,43878.016,8419.354292045771
235548,43878.016,15462.763874730748
235549,43878.016,38050.61836462242
235550,43878.016,48241.3436046927
235551,43878.016,68985.91170015633
235552,43878.016,15296.611876265002
235553,43878.016,33601.05161534022
235554,43878.016,21315.12463957813
235555,43878.016,11840.55790211234
235556,43878.016,62269.74468097115
235557,43878.016,26120.603541428332
235558,43878.016,10180.918309870483
235559,43878.016,74226.88053405852
235560,43878.016,12784.382810883879
235561,43878.016,25443.42122141594
235562,43878.016,69568.82978981698
235563,43878.016,33596.27482120374
235564,43878.016,37439.327421986396
235565,43878.016,52745.27192767998
235566,43878.016,28843.86766331625
235567,43878.016,12594.880587287667
235568,43878.016,7416.91860715274
235569,43878.016,16559.421818476338
235570,43878.016,9772.675043738405
235571,43878.016,28896.802252738795
235572,43878.016,39469.796480718156
235573,43878.016,55370.187805368165
235574,43878.016,51782.914326032296
235575,43878.016,24800.718167857016
235576,43878.016,50431.474585232085
235577,43878.016,31122.73731866908
235578,43878.016,39449.292100185026
235579,43878.016,21584.209929766857
235580,43878.016,63501.986792366006
235581,43878.016,25361.17833819213
235582,43878.016,12448.064064819991
235583,43878.016,14651.825534046646
235584,43878.016,65393.430196993264
235585,43878.016,39673.9870073424
235586,43878.016,27244.1178180191
235587,43878.016,13365.183677704468
235588,43878.016,53374.16362612717
235589,43878.016,8919.698720282126
235590,43878.016,63870.14501805122
235591,43878.016,11558.698719178876
235592,43878.016,13506.227776587973
235593,43878.016,59606.21496470095
235594,43878.016,29615.51290388203
235595,43878.016,41439.280583448606
235596,43878.016,29777.651129296057
235597,43878.016,28422.421543778797
235598,43878.016,13186.430667577713
235599,43878.016,34053.98508022751
235600,43878.016,41951.13291106323
235601,43878.016,10038.116808121224
235602,43878.016,49796.85984730201
235603,43878.016,55274.770589730986
235604,43878.016,6092.294602529938
235605,43878.016,30258.193404981866
235606,43878.016,27724.764934077855
235607,43878.016,73714.76151363818
235608,43878.016,22559.281194564668
235609,43878.016,31193.77014481067
235610,43878.016,26865.312899785513
235611,43878.016,40439.23890839451
235612,43878.016,26560.488995638083
235613,43878.016,11374.982500826654
235614,43878.016,37281.632730619545
235615,43878.016,37418.48568409892
235616,43878.016,61804.9037500036
235617,43878.016,11629.144846827096
235618,43878.016,28119.60700484729
235619,43878.016,38538.35413991535
235620,43878.016,65108.934648572336
235621,43878.016,35178.09091656335
235622,43878.016,36618.09597508174
235623,43878.016,67843.54303785083
235624,43878.016,21548.126754794062
235625,43878.016,49707.62277265304
235626,43878.016,16564.296378959345
235627,43878.016,49765.95587178404
235628,43878.016,28185.274270666298
235629,43878.016,75321.38193585463
235630,43878.016,9980.956400078154
235631,43878.016,61426.912018914234
235632,43878.016,23828.77972737298
235633,43878.016,7820.496862064009
235634,43878.016,16649.82492222468
235635,43878.016,22230.59376650962
235636,43878.016,29293.894655369393
235637,43878.016,28554.826120952555
235638,43878.016,60451.684535404806
235639,43878.016,11494.978958230193
235640,43878.016,36799.137175307595
235641,43878.016,26322.872739608563
235642,43878.016,60736.70266903073
235643,43878.016,69003.93608494797
235644,43878.016,47811.131214733585
235645,43878.016,33798.17170432237
235646,43878.016,55472.64430667315
235647,43878.016,41521.59786823701
235648,43878.016,18249.492064673574
235649,43878.016,35874.37599828173
235650,43878.016,15038.704758720669
235651,43878.016,35958.36573865155
235652,43878.016,15500.838385191724
235653,43878.016,27200.662808428853
235654,43878.016,49821.24204900513
235655,43878.016,20199.241403791122
235656,43878.016,55724.09229272845
235657,43878.016,45986.95927631865
235658,43878.016,10064.497326988912
235659,43878.016,59753.170509345684
235660,43878.016,41377.37620993497
235661,43878.016,9187.52411475124
235662,43878.016,26461.504613821606
235663,43878.016,15950.205119909728
235664,43878.016,57394.31556908361
235665,43878.016,22855.901047381176
235666,43878.016,66996.39374347602
235667,43878.016,18099.074721495173
235668,43878.016,46504.18396870902
235669,43878.016,13814.25235179988
235670,43878.016,19443.954569130037
235671,43878.016,12240.512615322383
235672,43878.016,35770.1150856133
235673,43878.016,20096.72878458635
235674,43878.016,36352.597659960804
235675,43878.016,58591.792198686904
235676,43878.016,32383.943950092118
235677,43878.016,13454.489909232474
235678,43878.016,22494.176845592712
235679,43878.016,37174.63626995147
235680,43878.016,8492.278209529379
235681,43878.016,62503.68193563227
235682,43878.016,29849.85534725478
235683,43878.016,17772.814232002365
235684,43878.016,17935.017909963757
235685,43878.016,47707.75431495485
235686,43878.016,11934.641310046643
235687,43878.016,16839.713078181183
235688,43878.016,22031.307070216502
235689,43878.016,14810.667482692203
235690,43878.016,24150.74201539137
235691,43878.016,19751.94609797547
235692,43878.016,37646.664249511705
235693,43878.016,43060.09158636494
235694,43878.016,9723.521292384028
235695,43878.016,20731.73180962173
235696,43878.016,15203.503483149263
235697,43878.016,49945.63737914522
235698,43878.016,34298.58646619363
235699,43878.016,40738.76207066992
235700,43878.016,66451.75137807254
235701,43878.016,18039.87753907904
235702,43878.016,31429.149402431798
235703,43878.016,9746.450594444197
235704,43878.016,67260.79120159057
235705,43878.016,55202.714546668285
235706,43878.016,19610.048673975212
235707,43878.016,56630.94472412642
235708,43878.016,26606.087952151338
235709,43878.016,26911.42043804523
235710,43878.016,44102.465466088186
235711,43878.016,8141.899235434903
235712,43878.016,27725.481869221017
235713,43878.016,13557.993392239494
235714,43878.016,22022.797877916728
235715,43878.016,63001.89274694324
235716,43878.016,76279.48501165565
235717,43878.016,33851.86723418793
235718,43878.016,50610.09839039752
235719,43878.016,51576.37714172746
235720,43878.016,18825.774538785692
235721,43878.016,16381.955376616776
235722,43878.016,11676.708903930756
235723,43878.016,4590.75466774825
235724,43878.016,14604.70338870112
235725,43878.016,16776.70527052022
235726,43878.016,16677.447784215932
235727,43878.016,45770.13266279552
235728,43878.016,67140.85029731547
235729,43878.016,10982.405296346347
235730,43878.016,15073.335365010797
235731,43878.016,68105.19292102846
235732,43878.016,15837.845870703317
235733,43878.016,8309.597951864516
235734,43878.016,33733.10216185973
235735,43878.016,19217.796708535538
235736,43878.016,11654.364236386164
235737,43878.016,9566.023738911646
235738,43878.016,33894.13693665796
235739,43878.016,39019.38785542815
235740,43878.016,16374.890720464913
235741,43878.016,27851.26555447031
235742,43878.016,17572.231121236644
235743,43878.016,28074.41109505282
235744,43878.016,72541.25212652163
235745,43878.016,13761.439179023033
235746,43878.016,11583.04313246378
235747,43878.016,49357.04288495059
235748,43878.016,54382.16506505306
235749,43878.016,73609.12257163352
235750,43878.016,33773.94032808091
235751,43878.016,53812.066265990776
235752,43878.016,45710.387769849614
235753,43878.016,13224.544643000812
235754,43878.016,32178.307665188884
235755,43878.016,47788.12303885684
235756,43878.016,42372.54163188229
235757,43878.016,14315.150816484198
235758,43878.016,69865.22371713014
235759,43878.016,44745.1410416193
235760,43878.016,18527.57610284036
235761,43878.016,60689.16889147843
235762,43878.016,9165.494177811055
235763,43878.016,33709.27877218287
235764,43878.016,19306.056020217027
235765,43878.016,21262.212759923063
235766,43878.016,21039.817285096386
235767,43878.016,12914.406360743938
235768,43878.016,39860.82585572472
235769,43878.016,14391.010871954832
235770,43878.016,18720.517424487058
235771,43878.016,64284.90100839526
235772,43878.016,41057.868549141145
235773,43878.016,16256.743329148176
235774,43878.016,30655.485964110474
235775,43878.016,59981.852587917805
235776,43878.016,19740.590332550593
235777,43878.016,12859.26705337216
235778,43878.016,27801.200932993866
235779,43878.016,30997.531950707038
235780,43878.016,21649.830749303554
235781,43878.016,13711.120562036785
235782,43878.016,28322.34306857645
235783,43878.016,11536.228529371303
235784,43878.016,30088.1145006121
235785,43878.016,45861.202442060014
235786,43878.016,24148.15115175938
235787,43878.016,12226.868458098239
235788,43878.016,60532.24718380542
235789,43878.016,13662.171253734003
235790,43878.016,24297.511343586473
235791,43878.016,20820.331363196932
235792,43878.016,19770.929978453918
235793,43878.016,21484.506825163666
235794,43878.016,32484.049452589064
235795,43878.016,45257.61723667148
235796,43878.016,29056.43251070781
235797,43878.016,8819.995476190967
235798,43878.016,52194.38744681583
235799,43878.016,21141.569562664958
235800,43878.016,15422.395210701037
235801,43878.016,55759.499785636726
235802,43878.016,17797.420304038966
235803,43878.016,34639.19830908095
235804,43878.016,41651.72328637534
235805,43878.016,51899.14004570136
235806,43878.016,49661.32838258624
235807,43878.016,42315.68596703567
235808,43878.016,56369.25412276095
235809,43878.016,54154.38141735117
235810,43878.016,24709.64287870834
235811,43878.016,23212.988285131625
235812,43878.016,35714.72033188399
235813,43878.016,76867.8594754419
235814,43878.016,50996.520075696826
235815,43878.016,76916.32105105402
235816,43878.016,14195.571452451479
235817,43878.016,65071.7996051231
235818,43878.016,47218.12177152528
235819,43878.016,35669.79761228157
235820,43878.016,58127.22806611804
235821,43878.016,44765.3811336467
235822,43878.016,54973.45722048716
235823,43878.016,45809.457820104624
235824,43878.016,47934.502740069656
235825,43878.016,28817.074337440077
235826,43878.016,31813.44178898745
235827,43878.016,62060.50304819163
235828,43878.016,43036.75446019583
235829,43878.016,8085.195348730744
235830,43878.016,58469.835798667176
235831,43878.016,14957.272442057973
235832,43878.016,47426.75554798356
235833,43878.016,37676.49811611106
235834,43878.016,47756.709205998566
235835,43878.016,15525.22668425027
235836,43878.016,46149.31801894903
235837,43878.016,40123.554653690655
235838,43878.016,19391.548039434496
235839,43878.016,34687.65654185756
235840,43878.016,48247.82895823362
235841,43878.016,23005.72645171799
235842,43878.016,77713.26919424317
235843,43878.016,39853.42019839951
235844,43878.016,60820.85606348652
235845,43878.016,28131.124200764818
235846,43878.016,31081.58503610763
235847,43878.016,71954.51599650225
235848,43878.016,32902.36109652423
235849,43878.016,25546.25151936661
235850,43878.016,10376.606434360952
235851,43878.016,54049.181192812655
235852,43878.016,19099.10760465058
235853,43878.016,35457.288880446344
235854,43878.016,43794.41547886585
235855,43878.016,18200.51257437168
235856,43878.016,59894.94510792147
235857,43878.016,38280.43928301458
235858,43878.016,66597.69195342556
235859,43878.016,26900.423924929855
235860,43878.016,31103.227023600368
235861,43878.016,15892.519349799946
235862,43878.016,19671.28307380661
235863,43878.016,36852.20014014037
235864,43878.016,25243.467739585416
235865,43878.016,50358.11962425741
235866,43878.016,19447.643941698952
235867,43878.016,46788.121467170226
235868,43878.016,34027.74112319217
235869,43878.016,23166.81186894615
235870,43878.016,21575.136329208115
235871,43878.016,41954.70971307014
235872,43878.016,43114.89686438477
235873,43878.016,39110.548538412884
235874,43878.016,16973.725866750985
235875,43878.016,25721.191776345007
235876,43878.016,58268.37048030028
235877,43878.016,9488.001765265542
235878,43878.016,28426.25356301188
235879,43878.016,52492.99329284341
235880,43878.016,22000.27379358772
235881,43878.016,83812.91838501085
235882,43878.016,41474.439526986396
235883,43878.016,62809.76057189238
235884,43878.016,16146.468152806789
235885,43878.016,26854.005435718136
235886,43878.016,48233.77090071804
235887,43878.016,70713.94365421293
235888,43878.016,24759.566181763992
235889,43878.016,25570.666797394464
235890,43878.016,14871.160149409103
235891,43878.016,59079.17298131376
235892,43878.016,9258.193177927647
235893,43878.016,43913.234245124666
235894,43878.016,33848.32228256372
235895,43878.016,20837.06033325237
235896,43878.016,12844.214476814972
235897,43878.016,10454.111978292754
235898,43878.016,10474.052912513005
235899,43878.016,65478.152925241244
235900,43878.016,53527.37366307783
235901,43878.016,39136.84600530803
235902,43878.016,40732.56677690178
235903,43878.016,86963.76409589309
235904,43878.016,53752.604212789935
235905,43878.016,57387.57186440481
235906,43878.016,28844.925469193808
235907,43878.016,17491.216443803412
235908,43878.016,60430.63950822102
235909,43878.016,51541.31114420306
235910,43878.016,17687.691823769754
235911,43878.016,11646.509838107413
235912,43878.016,62622.55316633272
235913,43878.016,37107.07719741457
235914,43878.016,54887.60051627425
235915,43878.016,20624.893188437924
235916,43878.016,76196.62447428511
235917,43878.016,48724.92587655604
235918,43878.016,24698.782988999712
235919,43878.016,65457.94042394322
235920,43878.016,60936.11281625194
235921,43878.016,59775.135042247544
235922,43878.016,11660.385877646822
235923,43878.016,19848.039392603238
235924,43878.016,6623.3731868882405
235925,43878.016,25446.448432461973
235926,43878.016,49010.2471811897
235927,43878.016,55757.48853600319
235928,43878.016,59862.32941989254
235929,43878.016,19246.68055199445
235930,43878.016,21087.04386389704
235931,43878.016,75474.27184169003
235932,43878.016,29553.530541679014
235933,43878.016,9449.73440832335
235934,43878.016,20314.56948373746
235935,43878.016,20606.12490044413
235936,43878.016,26070.002237040746
235937,43878.016,7501.369050651167
235938,43878.016,19259.378159501863
235939,43878.016,7512.964247280633
235940,43878.016,53287.3697726135
235941,43878.016,3483.4024369992885
235942,43878.016,36318.72444233348
235943,43878.016,24864.124465378845
235944,43878.016,14559.581744632655
235945,43878.016,14829.369756312208
235946,43878.016,45452.83197889945
235947,43878.016,61374.85116605747
235948,43878.016,20638.97875580729
235949,43878.016,65032.35104585324
235950,43878.016,54594.23892564192
235951,43878.016,50297.21112917322
235952,43878.016,46747.938413996475
235953,43878.016,25938.524109823793
235954,43878.016,60218.235102015635
235955,43878.016,12916.992850151462
235956,43878.016,30332.119946717277
235957,43878.016,35690.778290971946
235958,43878.016,46165.66885634199
235959,43878.016,10405.351173100153
235960,43878.016,116509.51597264296
235961,43878.016,11710.602854791068
235962,43878.016,87011.26611608583
235963,43878.016,32022.426823443697
235964,43878.016,36472.461225740335
235965,43878.016,34973.776018483426
235966,43878.016,17965.693301613912
235967,43878.016,26090.66219707485
235968,43878.016,58002.322483181946
235969,43878.016,23018.14059524047
235970,43878.016,39501.65127289806
235971,43878.016,10630.228972421986
235972,43878.016,59061.71308372747
235973,43878.016,7220.881327904219
235974,43878.016,39933.051247531745
235975,43878.016,45797.331317664444
235976,43878.016,39442.33830026533
235977,43878.016,14124.48629186698
235978,43878.016,31746.982092883718
235979,43878.016,50674.25583778979
235980,43878.016,16573.717851649857
235981,43878.016,34025.447201920884
235982,43878.016,66178.42405721526
235983,43878.016,7497.379535779645
235984,43878.016,14179.271188271347
235985,43878.016,39843.97664880808
235986,43878.016,15318.425628754521
235987,43878.016,8410.707151225555
235988,43878.016,44217.93496401657
235989,43878.016,28527.60118814418
235990,43878.016,37925.057475789785
235991,43878.016,67057.9040029376
235992,43878.016,41876.68657735597
235993,43878.016,10806.717172899393
235994,43878.016,10304.498080349515
235995,43878.016,21782.508008949215
235996,43878.016,11367.895629850957
235997,43878.016,26252.845219778228
235998,43878.016,56842.174152841195
235999,43878.016,38629.03036374031
236000,43878.016,34842.84914281559
236001,43878.016,58317.407735280925
236002,43878.016,48320.045452188344
236003,43878.016,9206.35202065476
236004,43878.016,54019.598481512985
236005,43878.016,50347.35270780383
236006,43878.016,12460.057580943545
236007,43878.016,38499.034716763075
236008,43878.016,26775.699309598233
236009,43878.016,34196.18056180691
236010,43878.016,35876.3273587417
236011,43878.016,19535.860322167726
236012,43878.016,47270.36907330666
236013,43878.016,36389.99802940105
236014,43878.016,59202.336560943615
236015,43878.016,40460.710442047595
236016,43878.016,76378.50895785041
236017,43878.016,67219.73320092027
236018,43878.016,20730.643020891137
236019,43878.016,41612.478893772815
236020,43878.016,7430.556449224518
236021,43878.016,8881.975031950411
236022,43878.016,38227.65955863499
236023,43878.016,14221.176298403072
236024,43878.016,33298.60561056722
236025,43878.016,72955.01399326116
236026,43878.016,27877.78204481451
236027,43878.016,29815.105738975522
236028,43878.016,31355.105696135728
236029,43878.016,37416.4977499017
236030,43878.016,29799.904329716344
236031,43878.016,70330.20576996949
236032,43878.016,53310.94675597299
236033,43878.016,40676.09468792636
236034,43878.016,53621.09294556908
236035,43878.016,13951.935658586428
236036,43878.016,50061.9670327871
236037,43878.016,54661.33847131751
236038,43878.016,28246.644784852473
236039,43878.016,21635.077412453367
236040,43878.016,62729.36561734157
236041,43878.016,51674.11947021623
236042,43878.016,58395.63164823001
236043,43878.016,23809.28544639588
236044,43878.016,22727.720817606398
236045,43878.016,55786.46262818841
236046,43878.016,6253.512309654684
236047,43878.016,28367.391215019077
236048,43878.016,49963.460425862024
236049,43878.016,37967.194432415316
236050,43878.016,44937.314015493954
236051,43878.016,8051.155895370105
236052,43878.016,37348.52454195856
236053,43878.016,52292.01426011173
236054,43878.016,52282.54438751394
236055,43878.016,8986.883829930324
236056,43878.016,15031.347412803156
236057,43878.016,38410.313194311304
236058,43878.016,15606.762778601667
236059,43878.016,57829.947449259686
236060,43878.016,34747.94860127742
236061,43878.016,21214.254802012485
236062,43878.016,16965.474362084584
236063,43878.016,32064.494050957495
236064,43878.016,38936.05902751971
236065,43878.016,57304.750941694256
236066,43878.016,35955.203544787284
236067,43878.016,37576.89683405605
236068,43878.016,53359.03700351088
236069,43878.016,52590.83987143501
236070,43878.016,19204.631575542713
236071,43878.016,47746.31659153921
236072,43878.016,39037.40769580592
236073,43878.016,33068.80450815109
236074,43878.016,34720.87130348198
236075,43878.016,51491.27927998835
236076,43878.016,49341.802337937545
236077,43878.016,75191.67045934423
236078,43878.016,37728.49593459788
236079,43878.016,40897.18117857016
236080,43878.016,9114.415895949862
236081,43878.016,38349.62322767389
236082,43878.016,4256.530832294845
236083,43878.016,37024.957375331884
236084,43878.016,30279.068335685526
236085,43878.016,29728.37507712494
236086,43878.016,38312.99661302787
236087,43878.016,62441.486893208414
236088,43878.016,21176.780833277982
236089,43878.016,18448.361206958838
236090,43878.016,31880.214121691955
236091,43878.016,13549.620242747715
236092,43878.016,38354.87511627323
236093,43878.016,26518.24703653874
236094,43878.016,15676.376515363498
236095,43878.016,13660.86046373835
236096,43878.016,33088.92185328196
236097,43878.016,24284.221935337653
236098,43878.016,52507.898480880285
236099,43878.016,12483.549396378132
236100,43878.016,43395.82931783891
236101,43878.016,26042.216312845423
236102,43878.016,26304.66974781808
236103,43878.016,54008.69493240751
236104,43878.016,53958.100971215536
236105,43878.016,19003.828556667853
236106,43878.016,33217.71811948406
236107,43878.016,39243.99048538622
236108,43878.016,37432.749208806796
236109,43878.016,3076.99838779046
236110,43878.016,16289.610908245137
236111,43878.016,54250.404307685756
236112,43878.016,13517.136380026799
236113,43878.016,25747.845891875604
236114,43878.016,48375.28681741463
236115,43878.016,51351.14764971244
236116,43878.016,23978.001209203096
236117,43878.016,16604.30935100552
236118,43878.016,17730.014978768428
236119,43878.016,24882.733781372048
236120,43878.016,27581.69105589973
236121,43878.016,27689.19535710562
236122,43878.016,39554.937396592664
236123,43878.016,19035.023468585063
236124,43878.016,8447.673288879532
236125,43878.016,40371.38629024378
236126,43878.016,34445.1632488021
236127,43878.016,51509.269695532836
236128,43878.016,23160.9968166629
236129,43878.016,17867.314460852504
236130,43878.016,8409.188459395114
236131,43878.016,12795.467545119964
236132,43878.016,54863.98229483645
236133,43878.016,34578.74623154766
236134,43878.016,38792.674314020645
236135,43878.016,61936.38841867862
236136,43878.016,63258.106356653894
236137,43878.016,7061.839657732166
236138,43878.016,11056.690444088545
236139,43878.016,36642.96376748919
236140,43878.016,40625.252199416434
236141,43878.016,7215.909384949075
236142,43878.016,29303.39773042014
236143,43878.016,53410.33940397894
236144,43878.016,16826.80611796831
236145,43878.016,33095.478357661115
236146,43878.016,61785.08434939906
236147,43878.016,13405.033524864213
236148,43878.016,15225.848884740795
236149,43878.016,29554.278021172835
236150,43878.016,32362.526049717613
236151,43878.016,22982.634686114958
236152,43878.016,20355.654736519577
236153,43878.016,38294.61435838177
236154,43878.016,56065.31275421708
236155,43878.016,21818.192268007348
236156,43878.016,16920.7754468553
236157,43878.016,30736.84627596352
236158,43878.016,52364.091086066954
236159,43878.016,40656.88229249103
236160,43878.016,13331.00385021075
236161,43878.016,48026.49492540846
236162,43878.016,62056.55692509242
236163,43878.016,45324.684851554215
236164,43878.016,42195.831559701706
236165,43878.016,76585.43107330301
236166,43878.016,22722.75717336586
236167,43878.016,19764.04273893415
236168,43878.016,10526.978141739382
236169,43878.016,40786.285840884644
236170,43878.016,23735.65470873901
236171,43878.016,10952.435262564899
236172,43878.016,31332.003787962047
236173,43878.016,61010.777576219574
236174,43878.016,30265.433069177085
236175,43878.016,44342.6755612796
236176,43878.016,50030.22949804215
236177,43878.016,24641.557759521485
236178,43878.016,35416.55987440094
236179,43878.016,17902.529944806985
236180,43878.016,38760.285324864424
236181,43878.016,26154.766068952547
236182,43878.016,28885.74789032459
236183,43878.016,11031.497235991754
236184,43878.016,59219.41775215022
236185,43878.016,28671.811618309497
236186,43878.016,11940.561884012697
236187,43878.016,45610.90836249639
236188,43878.016,26961.733442144836
236189,43878.016,8541.36637876624
236190,43878.016,46156.39682943948
236191,43878.016,48002.72216340201
236192,43878.016,18087.31556880549
236193,43878.016,29174.92425118334
236194,43878.016,55038.39312095932
236195,43878.016,55220.613954245695
236196,43878.016,53694.884840944556
236197,43878.016,9006.53365637913
236198,43878.016,40113.5030134176
236199,43878.016,12014.15442399889
236200,43878.016,25554.48215643295
236201,43878.016,27685.5765299743
236202,43878.016,20504.34899132543
236203,43878.016,47585.67294743566
236204,43878.016,22273.896558738987
236205,43878.016,33130.72925595479
236206,43878.016,21301.159153727665
236207,43878.016,94719.35689951327
236208,43878.016,46147.97065358795
236209,43878.016,20692.779065946786
236210,43878.016,79666.7126648822
236211,43878.016,41030.98434743323
236212,43878.016,48170.44359082859
236213,43878.016,35112.25939273989
236214,43878.016,57473.90659532985
236215,43878.016,22920.369809683885
236216,43878.016,7403.691239519475
236217,43878.016,50797.54413929502
236218,43878.016,39886.49251484209
236219,43878.016,19431.782750752544
236220,43878.016,57650.38278059886
236221,43878.016,32483.8858564984
236222,43878.016,35401.96470233082
236223,43878.016,43235.40051105842
236224,43878.016,16823.567539934425
236225,43878.016,61665.85095333
236226,43878.016,11957.09285450152
236227,43878.016,13284.144356477595
236228,43878.016,16562.804739514788
236229,43878.016,13128.115382956292
236230,43878.016,32826.41458776008
236231,43878.016,38702.82580750681
236232,43878.016,44541.30871043832
236233,43878.016,18336.127744615766
236234,43878.016,45612.17072954567
236235,43878.016,26309.06854510611
236236,43878.016,64763.110165427235
236237,43878.016,19223.394297868716
236238,43878.016,11668.591954895506
236239,43878.016,28747.684558562076
236240,43878.016,54468.85839267492
236241,43878.016,46111.29560280966
236242,43878.016,44875.80961890851
236243,43878.016,54234.55100249549
236244,43878.016,9597.10293798955
236245,43878.016,11359.09061913303
236246,43878.016,32758.848773819125
236247,43878.016,11999.198564169814
236248,43878.016,34742.32014718465
236249,43878.016,21032.112976351913
236250,43878.016,12015.599969362402
236251,43878.016,27099.565026116303
236252,43878.016,30895.333439788294
236253,43878.016,43893.577824567634
236254,43878.016,26240.745740326063
236255,43878.016,9191.268032582342
236256,43878.016,50969.46156812329
236257,43878.016,37094.26093421991
236258,43878.016,43073.2687269366
236259,43878.016,25639.178221524417
236260,43878.016,62720.50837273665
236261,43878.016,64191.59517279082
236262,43878.016,23919.818432978424
236263,43878.016,8119.464763190518
236264,43878.016,63296.26563025086
236265,43878.016,19444.62585684154
236266,43878.016,32217.585763939598
236267,43878.016,24742.536776044795
236268,43878.016,55407.28048680245
236269,43878.016,28719.038695643158
236270,43878.016,55358.502625754045
236271,43878.016,56060.925404059366
236272,43878.016,52097.62965053958
236273,43878.016,30177.321608754464
236274,43878.016,21188.39100589607
236275,43878.016,13789.542836173818
236276,43878.016,30815.512086031147
236277,43878.016,24689.547595657892
236278,43878.016,30820.10446886491
236279,43878.016,20887.542350332704
236280,43878.016,25742.994393502348
236281,43878.016,43976.18639211597
236282,43878.016,18369.85458684535
236283,43878.016,26658.92920233311
236284,43878.016,67915.74639993306
236285,43878.016,42131.19300141521
236286,43878.016,56695.001598015384
236287,43878.016,56322.99125430757
236288,43878.016,29265.218462139383
236289,43878.016,40529.340719999665
236290,43878.016,9283.74674933342
236291,43878.016,74057.92650723788
236292,43878.016,27540.319427104958
236293,43878.016,20435.829996949007
236294,43878.016,17917.9733432075
236295,43878.016,19045.62432632583
236296,43878.016,51538.16541768568
236297,43878.016,35374.13046948478
236298,43878.016,64888.10167178987
236299,43878.016,17430.64703271726
236300,43878.016,19565.8327533226
236301,43878.016,11558.487605169148
236302,43878.016,50640.779275866706
236303,43878.016,71490.90884342312
236304,43878.016,29493.236159786036
236305,43878.016,43416.66686369059
236306,43878.016,18335.922326849017
236307,43878.016,36904.78105891971
236308,43878.016,58350.17693564536
236309,43878.016,21373.787131265606
236310,43878.016,29015.379996888736
236311,43878.016,19712.984672567694
236312,43878.016,45780.58269152114
236313,43878.016,26662.682263359366
236314,43878.016,36087.540792555905
236315,43878.016,14997.38356645891
236316,43878.016,38063.63018343655
236317,43878.016,18852.903158898473
236318,43878.016,47470.0597848573
236319,43878.016,59926.92504136306
236320,43878.016,28292.8861475664
236321,43878.016,7855.8096882562495
236322,43878.016,31412.455472999478
236323,43878.016,12884.150835058288
236324,43878.016,24417.577106844867
236325,43878.016,22016.353002905664
236326,43878.016,41126.290288122946
236327,43878.016,49159.17011467808
236328,43878.016,65492.951058589286
236329,43878.016,34045.66718541141
236330,43878.016,41059.78711470767
236331,43878.016,17507.743463911043
236332,43878.016,17971.148780066942
236333,43878.016,24562.369570088504
236334,43878.016,69334.00261728102
236335,43878.016,21254.920024216997
236336,43878.016,38290.222762028956
236337,43878.016,65452.10291670186
236338,43878.016,32129.501638768015
236339,43878.016,17660.501508015448
236340,43878.016,10957.588634142307
236341,43878.016,45560.40940388561
236342,43878.016,24643.526482004232
236343,43878.016,67232.23006764718
236344,43878.016,20212.658740033545
236345,43878.016,41972.83982322881
236346,43878.016,22989.980411051736
236347,43878.016,55373.989675245015
236348,43878.016,35270.478148001755
236349,43878.016,19265.496851705317
236350,43878.016,43762.2412331619
236351,43878.016,31551.4217623564
236352,43878.016,13711.611903959509
236353,43878.016,39716.57346440007
236354,43878.016,11306.837483461759
236355,43878.016,13307.892846208677
236356,43878.016,56501.80631099254
236357,43878.016,17198.735581584107
236358,43878.016,30937.656904325813
236359,43878.016,64854.437293352785
236360,43878.016,40172.76127723773
236361,43878.016,57680.84104313571
236362,43878.016,7821.950060841417
236363,43878.016,31375.36539375911
236364,43878.016,41679.11462117492
236365,43878.016,37301.533640667585
236366,43878.016,54565.18663662641
236367,43878.016,11071.985443418185
236368,43878.016,18702.750942739232
236369,43878.016,25014.89046136435
236370,43878.016,66969.28287342188
236371,43878.016,59353.886171249156
236372,43878.016,47620.59226959281
236373,43878.016,20674.983159519372
236374,43878.016,37671.974687674665
236375,43878.016,113815.22787866864
236376,43878.016,11539.81595032364
236377,43878.016,7670.075175815039
236378,43878.016,46056.266243781174
236379,43878.016,61206.44811283959
236380,43878.016,8530.724670418302
236381,43878.016,18746.903204829792
236382,43878.016,8695.87841350437
236383,43878.016,41811.60087793914
236384,43878.016,61300.41895202178
236385,43878.016,21223.289732468336
236386,43878.016,49584.36265466446
236387,43878.016,48548.96126326281
236388,43878.016,27259.500225773718
236389,43878.016,16486.254955295062
236390,43878.016,9788.247110298644
236391,43878.016,55566.739664421795
236392,43878.016,25366.40217431941
236393,43878.016,32003.222191824574
236394,43878.016,70006.06770459878
236395,43878.016,20962.33196866863
236396,43878.016,30998.869941676217
236397,43878.016,53599.683390021244
236398,43878.016,66103.78771672098
236399,43878.016,15573.28440604239
236400,43878.016,21842.494950876095
236401,43878.016,40158.89716966032
236402,43878.016,66827.16300468119
236403,43878.016,63475.88077209128
236404,43878.016,25275.53293394278
236405,43878.016,53971.71627917752
236406,43878.016,76325.21132191987
236407,43878.016,12248.779888262985
236408,43878.016,45254.38390912316
236409,43878.016,25228.580279455284
236410,43878.016,25233.011945650112
236411,43878.016,36178.76907947164
236412,43878.016,8787.618438494843
236413,43878.016,57472.64827342899
236414,43878.016,62856.5630393864
236415,43878.016,35855.89830233381
236416,43878.016,56710.10935716255
236417,43878.016,18426.45563198218
236418,43878.016,25005.33220141736
236419,43878.016,20194.388998513135
236420,43878.016,48794.14762043742
236421,43878.016,61939.20369999006
236422,43878.016,5654.681714891881
236423,43878.016,10978.937969292003
236424,43878.016,50039.475824144116
236425,43878.016,35721.86493930146
236426,43878.016,25500.389881795978
236427,43878.016,36376.879212491905
236428,43878.016,28652.6951667892
236429,43878.016,126629.81251077903
236430,43878.016,35150.84219596492
236431,43878.016,21312.18043244494
236432,43878.016,29692.552787410375
236433,43878.016,54603.52117488834
236434,43878.016,33238.24832749398
236435,43878.016,62324.833950316126
236436,43878.016,32214.18121200215
236437,43878.016,26289.045684143264
236438,43878.016,31208.042390100043
236439,43878.016,45885.54672206908
236440,43878.016,10324.449872452838
236441,43878.016,16383.881483488884
236442,43878.016,47586.015408505205
236443,43878.016,57413.47409882675
236444,43878.016,64884.723673166925
236445,43878.016,11214.49411386877
236446,43878.016,38480.65451396605
236447,43878.016,18733.80043221716
236448,43878.016,39902.57719435874
236449,43878.016,21256.921513920912
236450,43878.016,32589.935183185833
236451,43878.016,37529.55779902142
236452,43878.016,9222.530937672209
236453,43878.016,50566.384588484776
236454,43878.016,21141.67448944776
236455,43878.016,23501.68399833287
236456,43878.016,23138.737720906585
236457,43878.016,22503.646895716407
236458,43878.016,13314.563278433317
236459,43878.016,48760.74061217789
236460,43878.016,16504.08177872368
236461,43878.016,35863.113972908526
236462,43878.016,54568.15386237495
236463,43878.016,54270.015725605954
236464,43878.016,45172.941506032475
236465,43878.016,38716.32670174853
236466,43878.016,59984.05275462503
236467,43878.016,26884.16458838836
236468,43878.016,41465.13962393448
236469,43878.016,23597.852360732464
236470,43878.016,11120.185237802207
236471,43878.016,10818.12365072179
236472,43878.016,44518.72405581332
236473,43878.016,28271.955442136532
236474,43878.016,7598.295953009322
236475,43878.016,6493.272658060123
236476,43878.016,21119.60765872072
236477,43878.016,47295.61945267641
236478,43878.016,59154.49997197416
236479,43878.016,71889.76014902703
236480,43878.016,14637.69398517329
236481,43878.016,23303.28544149914
236482,43878.016,58888.246553077995
236483,43878.016,34271.21395754834
236484,43878.016,30316.37194775392
236485,43878.016,12983.077116881645
236486,43878.016,66661.33630145597
236487,43878.016,32598.45676931665
236488,43878.016,65448.85277289688
236489,43878.016,22815.482235757816
236490,43878.016,17654.434116268643
236491,43878.016,36231.20950910508
236492,43878.016,27465.226130012416
236493,43878.016,79689.33525886497
236494,43878.016,53838.52191984476
236495,43878.016,54841.26409196388
236496,43878.016,53502.79181503107
236497,43878.016,70149.89136699926
236498,43878.016,16670.049136560483
236499,43878.016,44446.11834037108
236500,43878.016,50650.27048269962
236501,43878.016,37034.93704752009
236502,43878.016,54339.134463079405
236503,43878.016,8979.09539019224
236504,43878.016,15198.57594634158
236505,43878.016,10676.211897125322
236506,43878.016,48519.29908564356
236507,43878.016,25376.15125551287
236508,43878.016,3634.1015885231805
236509,43878.016,52444.75162599234
236510,43878.016,7011.87685727185
236511,43878.016,33658.03737405162
236512,43878.016,16274.276268821584
236513,43878.016,49860.897026819795
236514,43878.016,39492.25629348171
236515,43878.016,33084.787870497195
236516,43878.016,49090.92969248771
236517,43878.016,38378.461484846455
236518,43878.016,60682.90233930556
236519,43878.016,40041.51352754534
236520,43878.016,48483.43007337945
236521,43878.016,63474.775113877244
236522,43878.016,36305.5749983644
236523,43878.016,55666.04417380259
236524,43878.016,20667.60766836354
236525,43878.016,17416.19751698334
236526,43878.016,11186.885995330218
236527,43878.016,37814.93664046877
236528,43878.016,23788.663328087725
236529,43878.016,13542.795730533102
236530,43878.016,41342.00199547036
236531,43878.016,20446.05637369165
236532,43878.016,20884.808377212386
236533,43878.016,30185.47847680356
236534,43878.016,55299.36309312561
236535,43878.016,70492.26877863468
236536,43878.016,27087.224186395422
236537,43878.016,12252.105986442988
236538,43878.016,42452.85974317264
236539,43878.016,29490.098144376076
236540,43878.016,21902.194911261377
236541,43878.016,34807.00369886452
236542,43878.016,23069.397748463365
236543,43878.016,26378.87062246891
236544,43878.016,72959.01674814938
236545,43878.016,25401.13475180506
236546,43878.016,39473.21499761413
236547,43878.016,30651.386053883773
236548,43878.016,28558.382237750593
236549,43878.016,13688.611604254042
236550,43878.016,19763.230063430678
236551,43878.016,27639.32445143123
236552,43878.016,37515.52510760047
236553,43878.016,49321.49534049954
236554,43878.016,39479.441589218935
236555,43878.016,12635.645999508488
236556,43878.016,85667.35817101644
236557,43878.016,50540.85200256594
236558,43878.016,10259.808418183648
236559,43878.016,20019.18936296456
236560,43878.016,49037.05715877621
236561,43878.016,33142.42705127746
236562,43878.016,6925.426353354545
236563,43878.016,59659.20436567048
236564,43878.016,25696.43332022131
236565,43878.016,55739.082574012704
236566,43878.016,28024.005533919593
236567,43878.016,27722.36157265725
236568,43878.016,61026.754359391605
236569,43878.016,18111.920635889117
236570,43878.016,53001.111256876415
236571,43878.016,43875.12597651087
236572,43878.016,39831.43897445921
236573,43878.016,45201.24164755402
236574,43878.016,11866.275029915209
236575,43878.016,36315.87204485844
236576,43878.016,59352.864948851326
236577,43878.016,11079.058172343864
236578,43878.016,23412.68265528417
236579,43878.016,61913.544485386476
236580,43878.016,114492.40196982144
236581,43878.016,10942.896278285494
236582,43878.016,19420.34646125002
236583,43878.016,52888.075376028624
236584,43878.016,11665.255297762624
236585,43878.016,71751.47640911459
236586,43878.016,10741.879001007132
236587,43878.016,38172.566882682906
236588,43878.016,51353.7848734238
236589,43878.016,34489.08720975418
236590,43878.016,28075.7002579091
236591,43878.016,40043.47269403795
236592,43878.016,59004.443993900124
236593,43878.016,35647.113307758824
236594,43878.016,10894.594246892932
236595,43878.016,42791.339341570914
236596,43878.016,26801.91262786369
236597,43878.016,24073.724810606916
236598,43878.016,46434.259921307406
236599,43878.016,61541.29534620739
236600,43878.016,24899.423898414454
236601,43878.016,46775.49857658122
236602,43878.016,57610.928961015095
236603,43878.016,8155.621777450651
236604,43878.016,10534.026044558355
236605,43878.016,25328.0100142805
236606,43878.016,33193.04647269723
236607,43878.016,28810.67252954544
236608,43878.016,60996.41941557481
236609,43878.016,64517.41109416686
236610,43878.016,47328.6812122305
236611,43878.016,28305.572928450656
236612,43878.016,17391.20063348091
236613,43878.016,3961.444680691922
236614,43878.016,41887.10059073446
236615,43878.016,77390.47173054017
236616,43878.016,16475.27284971598
236617,43878.016,21032.27896721078
236618,43878.016,64565.30301741897
236619,43878.016,59644.76248594359
236620,43878.016,63646.341723833546
236621,43878.016,53286.815315775806
236622,43878.016,9784.929469026958
236623,43878.016,29125.00918774642
236624,43878.016,57694.19128167468
236625,43878.016,50702.00831858371
236626,43878.016,7968.829879266599
236627,43878.016,24314.770521500803
236628,43878.016,38544.42641087333
236629,43878.016,41649.19003673683
236630,43878.016,48579.20518166441
236631,43878.016,19364.662627147736
236632,43878.016,10562.582325875434
236633,43878.016,59835.01747618544
236634,43878.016,24194.0130268211
236635,43878.016,22179.069367815497
236636,43878.016,28973.25780589428
236637,43878.016,63694.779600260335
236638,43878.016,7362.929338047016
236639,43878.016,9437.299054854177
236640,43878.016,16852.578444372815
236641,43878.016,27060.221726950072
236642,43878.016,65488.043484398935
236643,43878.016,22863.320406568182
236644,43878.016,73433.65043919781
236645,43878.016,32012.784866410053
236646,43878.016,60700.11771469427
236647,43878.016,11106.937870331938
236648,43878.016,30670.722687820817
236649,43878.016,56632.48955477453
236650,43878.016,51526.73533924865
236651,43878.016,16384.935410952392
236652,43878.016,47967.4901489086
236653,43878.016,58000.61896841942
236654,43878.016,19078.137887503304
236655,43878.016,46057.463039664246
236656,43878.016,20930.124885922545
236657,43878.016,29041.730462256935
236658,43878.016,30066.417826251487
236659,43878.016,6309.244904081583
236660,43878.016,11822.297624719176
236661,43878.016,20914.934513861084
236662,43878.016,36602.693201206814
236663,43878.016,41041.925858617185
236664,43878.016,59912.33007994876
236665,43878.016,19652.12412571
236666,43878.016,14702.353731342377
236667,43878.016,32509.648324105012
236668,43878.016,65746.17197990844
236669,43878.016,64551.87540295012
236670,43878.016,33514.28367834935
236671,43878.016,23194.324847049567
236672,43878.016,57613.863398108784
236673,43878.016,58722.04042770876
236674,43878.016,49060.000310660405
236675,43878.016,30142.786297606035
236676,43878.016,18904.487792812102
236677,43878.016,45093.71664030232
236678,43878.016,4008.067448648929
236679,43878.016,41302.44811722956
236680,43878.016,17897.30446345701
236681,43878.016,36774.90471654969
236682,43878.016,86375.42354611369
236683,43878.016,22791.186387112168
236684,43878.016,30218.86781544089
236685,43878.016,48764.28352245678
236686,43878.016,40605.44040712661
236687,43878.016,37940.09102211357
236688,43878.016,36550.65822897272
236689,43878.016,39219.3186445428
236690,43878.016,15623.693329389802
236691,43878.016,50728.786378691104
236692,43878.016,18282.329448662706
236693,43878.016,14696.376822883025
236694,43878.016,43610.60916331345
236695,43878.016,64149.875160422416
236696,43878.016,40427.181420546374
236697,43878.016,42982.968364998924
236698,43878.016,16063.213253615299
236699,43878.016,13621.774055525024
236700,43878.016,25119.285046143454
236701,43878.016,10050.377271317353
236702,43878.016,11853.352128141929
236703,43878.016,10315.719942742024
236704,43878.016,38942.046384706155
236705,43878.016,26935.94325474834
236706,43878.016,62374.2770164236
236707,43878.016,27010.836152227483
236708,43878.016,58868.871083453916
236709,43878.016,45207.06126023567
236710,43878.016,11900.468583680256
236711,43878.016,16425.9339888032
236712,43878.016,48416.562819283936
236713,43878.016,22766.412306164664
236714,43878.016,23342.83345277769
236715,43878.016,4478.547742068411
236716,43878.016,62651.94391042453
236717,43878.016,17530.02691829467
236718,43878.016,30825.54956036109
236719,43878.016,15479.514258025005
236720,43878.016,34745.31811084339
236721,43878.016,24844.561760790435
236722,43878.016,48600.649378953334
236723,43878.016,32431.952151366895
236724,43878.016,8890.6665571953
236725,43878.016,55760.862467340085
236726,43878.016,48415.44299080762
236727,43878.016,35261.98449515076
236728,43878.016,76075.38176394261
236729,43878.016,8770.306633650496
236730,43878.016,13277.561184914392
236731,43878.016,40009.56853188814
236732,43878.016,11242.184498744587
236733,43878.016,5645.742299637073
236734,43878.016,24412.661129091957
236735,43878.016,19352.910555059607
236736,43878.016,26620.149923947316
236737,43878.016,7937.390708987905
236738,43878.016,61377.9738472384
236739,43878.016,27077.305827968394
236740,43878.016,66007.29555695386
236741,43878.016,23100.271602562
236742,43878.016,44322.223448515906
236743,43878.016,40914.6458943419
236744,43878.016,52360.38049425596
236745,43878.016,10999.675998599563
236746,43878.016,33561.84087227916
236747,43878.016,63563.43018188571
236748,43878.016,17982.18929731102
236749,43878.016,19292.47007829714
236750,43878.016,19368.8142400282
236751,43878.016,51961.102524368805
236752,43878.016,64025.270636936475
236753,43878.016,10267.123725248208
236754,43878.016,38207.88523377304
236755,43878.016,11761.714625102284
236756,43878.016,33785.41799859765
236757,43878.016,24790.09919337535
236758,43878.016,50637.46640946124
236759,43878.016,53346.54656655705
236760,43878.016,32151.83752314832
236761,43878.016,45895.97521240528
236762,43878.016,14988.400563809064
236763,43878.016,31454.57034497315
236764,43878.016,11462.400803039152
236765,43878.016,19834.8677951247
236766,43878.016,38369.09893770716
236767,43878.016,15707.81017340547
236768,43878.016,22125.44412612969
236769,43878.016,31749.831166819364
236770,43878.016,60199.84882682077
236771,43878.016,22331.41610320139
236772,43878.016,19487.510070019413
236773,43878.016,61041.524794417615
236774,43878.016,46668.539918020935
236775,43878.016,55107.98973720653
236776,43878.016,69016.61560327388
236777,43878.016,34109.60613379119
236778,43878.016,74572.9939451969
236779,43878.016,27476.425454678094
236780,43878.016,25224.521001825204
236781,43878.016,12103.835599342678
236782,43878.016,14182.720039130749
236783,43878.016,62441.47182512579
236784,43878.016,62340.72273565854
236785,43878.016,46748.042806595404
236786,43878.016,63298.37729600747
236787,43878.016,76589.35027530507
236788,43878.016,44787.60775141196
236789,43878.016,6383.689841399099
236790,43878.016,25052.595285086052
236791,43878.016,26390.027523687015
236792,43878.016,48895.62810759777
236793,43878.016,44975.675841514465
236794,43878.016,8938.888425705933
236795,43878.016,34771.09816292715
236796,43878.016,56705.88007094027
236797,43878.016,18368.155653947775
236798,43878.016,7069.39571423901
236799,43878.016,48758.73038348689
236800,43878.016,38808.79031329999
236801,43878.016,25978.606814175087
236802,43878.016,11265.921837142176
236803,43878.016,57868.27594241463
236804,43878.016,32129.4402152376
236805,43878.016,16359.537687748363
236806,43878.016,30665.110606853836
236807,43878.016,69815.62203526263
236808,43878.016,21845.997439512514
236809,43878.016,58535.052933865074
236810,43878.016,7552.343720535853
236811,43878.016,29977.965714699247
236812,43878.016,43022.19670686441
236813,43878.016,46452.43855117452
236814,43878.016,26856.367226483264
236815,43878.016,80611.46612157108
236816,43878.016,54106.03241270943
236817,43878.016,35399.99224173453
236818,43878.016,71191.0049467957
236819,43878.016,22381.75066357563
236820,43878.016,28744.990001241076
236821,43878.016,24415.08434178864
236822,43878.016,46659.42031481348
236823,43878.016,54419.23129902617
236824,43878.016,8589.591556323401
236825,43878.016,62685.85614411721
236826,43878.016,36716.00079656777
236827,43878.016,75932.74973959499
236828,43878.016,22801.65751978716
236829,43878.016,28087.939776251897
236830,43878.016,70761.96808637734
236831,43878.016,48202.8793975769
236832,43878.016,38379.24871312153
236833,43878.016,15353.352314320957
236834,43878.016,15256.056164706968
236835,43878.016,19242.252163322402
236836,43878.016,56392.41938583563
236837,43878.016,47705.13444741204
236838,43878.016,29302.079425248416
236839,43878.016,24890.221790906817
236840,43878.016,32255.813940941913
236841,43878.016,30003.838527919277
236842,43878.016,12639.793317971398
236843,43878.016,48698.49495223042
236844,43878.016,16624.06042954971
236845,43878.016,43217.26678711126
236846,43878.016,56054.262941317465
236847,43878.016,48607.523973763164
236848,43878.016,81624.68746884704
236849,43878.016,20463.21478040711
236850,43878.016,67181.65021021142
236851,43878.016,3548.254027639693
236852,43878.016,28693.832538664385
236853,43878.016,52741.825321622826
236854,43878.016,61320.95769708824
236855,43878.016,71473.52361873655
236856,43878.016,30435.85167663247
236857,43878.016,23162.053354656065
236858,43878.016,43327.66510409089
236859,43878.016,49300.65089992531
236860,43878.016,45485.15128351654
236861,43878.016,11646.587013762075
236862,43878.016,34837.853997371225
236863,43878.016,39481.501190622126
236864,43878.016,35952.13926485432
236865,43878.016,19833.585434031764
236866,43878.016,29975.418279153837
236867,43878.016,7262.790575710238
236868,43878.016,51190.56182584006
236869,43878.016,111533.22749965594
236870,43878.016,39866.41656635261
236871,43878.016,44817.33013914047
236872,43878.016,18249.50718656951
236873,43878.016,11407.894049409555
236874,43878.016,53347.994990160645
236875,43878.016,29512.47528556029
236876,43878.016,23399.308231344974
236877,43878.016,69325.92832918851
236878,43878.016,18423.611803108055
236879,43878.016,63566.86320865002
236880,43878.016,43503.19454489312
236881,43878.016,60163.05703519163
236882,43878.016,33795.136753974046
236883,43878.016,41837.514502952516
236884,43878.016,54875.05582996485
236885,43878.016,43216.80131818517
236886,43878.016,28206.982590532043
236887,43878.016,19947.39072683807
236888,43878.016,41613.61502739047
236889,43878.016,41079.20985180951
236890,43878.016,36345.257172894555
236891,43878.016,74812.2697900102
236892,43878.016,15891.795173714132
236893,43878.016,59742.916485390524
236894,43878.016,23391.590070582584
236895,43878.016,24380.118192192676
236896,43878.016,29208.422850690986
236897,43878.016,28527.81209931181
236898,43878.016,36025.30120008378
236899,43878.016,17410.39332592015
236900,43878.016,38048.753464817026
236901,43878.016,21331.809640774012
236902,43878.016,41376.733084802385
236903,43878.016,29526.17618111668
236904,43878.016,37842.88460876942
236905,43878.016,54564.57429360669
236906,43878.016,35456.49235010092
236907,43878.016,34889.770443339876
236908,43878.016,10701.346331343231
236909,43878.016,15791.185317962205
236910,43878.016,41392.991986125235
236911,43878.016,33423.91781919986
236912,43878.016,29362.701950309707
236913,43878.016,13798.04925658437
236914,43878.016,14855.491160122865
236915,43878.016,15294.361302578274
236916,43878.016,29681.7640578012
236917,43878.016,17059.541159989796
236918,43878.016,60618.31805452015
236919,43878.016,64168.77291597041
236920,43878.016,12442.30974226672
236921,43878.016,78573.61259332584
236922,43878.016,29854.662528087825
236923,43878.016,42694.58959788231
236924,43878.016,39844.655281895575
236925,43878.016,16455.886289031558
236926,43878.016,7626.646115729438
236927,43878.016,18405.774711592134
236928,43878.016,56989.31429025109
236929,43878.016,19251.483650037975
236930,43878.016,11225.941438247433
236931,43878.016,94246.76939150166
236932,43878.016,16266.808513590784
236933,43878.016,39746.68279820491
236934,43878.016,35222.63927477708
236935,43878.016,44251.326101498125
236936,43878.016,20890.996590593644
236937,43878.016,65458.99553085602
236938,43878.016,41753.25396490005
236939,43878.016,28322.540712979644
236940,43878.016,20514.67976299556
236941,43878.016,33448.79459330656
236942,43878.016,24547.358987762844
236943,43878.016,58933.21713958342
236944,43878.016,10659.927543969656
236945,43878.016,19694.465108922777
236946,43878.016,59493.00861353737
236947,43878.016,65887.97779027132
236948,43878.016,47357.45877832117
236949,43878.016,32651.00106633054
236950,43878.016,43504.51456358017
236951,43878.016,14994.668420893571
236952,43878.016,9235.936204925789
236953,43878.016,7979.178707940499
236954,43878.016,57448.93452554552
236955,43878.016,59243.731250350174
236956,43878.016,49458.777322559574
236957,43878.016,71215.30679367846
236958,43878.016,7360.997929460932
236959,43878.016,72779.21245127387
236960,43878.016,48040.426477261244
236961,43878.016,51782.38033582298
236962,43878.016,13282.851883248011
236963,43878.016,32838.34102100184
236964,43878.016,36577.92859930628
236965,43878.016,8386.849529440706
236966,43878.016,46608.06567807333
236967,43878.016,44406.18768198386
236968,43878.016,35821.844443617534
236969,43878.016,14792.989369153409
236970,43878.016,11772.82222932722
236971,43878.016,9784.554778870688
236972,43878.016,17753.30922894011
236973,43878.016,12083.535175090625
236974,43878.016,11789.726430465924
236975,43878.016,16985.23293418477
236976,43878.016,16194.030498690123
236977,43878.016,19343.48111530725
236978,43878.016,45950.72652201368
236979,43878.016,37229.91559941883
236980,43878.016,42971.83750396842
236981,43878.016,12701.664773755654
236982,43878.016,37665.412558816664
236983,43878.016,19457.185378057115
236984,43878.016,51921.0930434922
236985,43878.016,36210.179750724616
236986,43878.016,21570.67245730249
236987,43878.016,57676.88989179368
236988,43878.016,73618.40376968223
236989,43878.016,19426.31958365065
236990,43878.016,11426.6717736929
236991,43878.016,27255.25575244231
236992,43878.016,17697.69385642865
236993,43878.016,39193.64920014941
236994,43878.016,11300.964318798036
236995,43878.016,31828.258286524968
236996,43878.016,49039.078178772135
236997,43878.016,35899.15259697882
236998,43878.016,48025.99017446765
236999,43878.016,32948.60371814642
237000,43878.016,42100.7845562149
237001,43878.016,11222.009838043652
237002,43878.016,15475.994458968546
237003,43878.016,10559.788659588192
237004,43878.016,56487.933858593715
237005,43878.016,15528.151542451951
237006,43878.016,38113.216397367985
237007,43878.016,56924.80485016929
237008,43878.016,11980.281732797559
237009,43878.016,29925.019900248244
237010,43878.016,19526.440210260585
237011,43878.016,20976.321872149605
237012,43878.016,23818.248064054984
237013,43878.016,42236.371697387905
237014,43878.016,23351.401342953213
237015,43878.016,48170.741956961625
237016,43878.016,59571.50328011249
237017,43878.016,3031.2201633816653
237018,43878.016,46916.93759637094
237019,43878.016,21462.51548594679
237020,43878.016,31538.935781350916
237021,43878.016,19359.345450773704
237022,43878.016,28535.194610216175
237023,43878.016,12953.502788773074
237024,43878.016,60661.373454265464
237025,43878.016,15364.990318326361
237026,43878.016,24234.127172575132
237027,43878.016,7846.0783455274795
237028,43878.016,35956.1958582654
237029,43878.016,71871.48800955924
237030,43878.016,66921.89944458952
237031,43878.016,40062.6907536938
237032,43878.016,27979.285075535594
237033,43878.016,21205.122206538486
237034,43878.016,51752.70064678255
237035,43878.016,36283.57204217035
237036,43878.016,30649.03369089673
237037,43878.016,26198.799745372453
237038,43878.016,10574.986528896938
237039,43878.016,41729.186438722805
237040,43878.016,30873.569543573733
237041,43878.016,17736.37658281169
237042,43878.016,25649.99926030552
237043,43878.016,22451.70912546281
237044,43878.016,20792.440038706998
237045,43878.016,23143.42498314351
237046,43878.016,16462.194952318117
237047,43878.016,78147.95449883051
237048,43878.016,112605.61572691488
237049,43878.016,57455.14913110951
237050,43878.016,69321.87997964503
237051,43878.016,52991.75564742818
237052,43878.016,17997.826648854705
237053,43878.016,58663.81576802813
237054,43878.016,17285.7979616027
237055,43878.016,63600.5942399275
237056,43878.016,16026.185922945233
237057,43878.016,49140.64295762098
237058,43878.016,38989.73742657357
237059,43878.016,38558.59848842312
237060,43878.016,54687.289612517234
237061,43878.016,28552.814476485153
237062,43878.016,22802.526488919328
237063,43878.016,53926.63361532146
237064,43878.016,26778.87874139482
237065,43878.016,10377.63562899226
237066,43878.016,52443.61655407631
237067,43878.016,5195.234235235036
237068,43878.016,54041.202133574494
237069,43878.016,41840.81710845768
237070,43878.016,52152.42290056999
237071,43878.016,56639.14002215444
237072,43878.016,12335.126845431645
237073,43878.016,66404.30763330746
237074,43878.016,58143.32688075017
237075,43878.016,21651.732799625937
237076,43878.016,20073.533070715952
237077,43878.016,13754.796283673242
237078,43878.016,15208.956672890587
237079,43878.016,35382.8300131006
237080,43878.016,46100.36377236644
237081,43878.016,15110.986705541334
237082,43878.016,66471.30172017509
237083,43878.016,24425.950136235242
237084,43878.016,25678.993545347388
237085,43878.016,42194.75272172794
237086,43878.016,40354.06019281791
237087,43878.016,12003.433054274601
237088,43878.016,55779.59603422162
237089,43878.016,50777.85117946339
237090,43878.016,12585.89894146191
237091,43878.016,24007.778923816706
237092,43878.016,14916.537959425079
237093,43878.016,36819.82076329036
237094,43878.016,39352.53957178958
237095,43878.016,37935.43093707633
237096,43878.016,9067.022034780637
237097,43878.016,19722.85172941237
237098,43878.016,56186.31540688082
237099,43878.016,35621.09908815215
237100,43878.016,29321.016634369687
237101,43878.016,10957.27258496913
237102,43878.016,11947.383444287925
237103,43878.016,32100.477641557136
237104,43878.016,25337.19681505596
237105,43878.016,16844.321605817015
237106,43878.016,60070.91834975859
237107,43878.016,20045.9426190131
237108,43878.016,17116.863700850925
237109,43878.016,30391.504228885125
237110,43878.016,8119.462459011987
237111,43878.016,46973.74988247309
237112,43878.016,18362.037162748496
237113,43878.016,44039.71338224005
237114,43878.016,35669.615630330794
237115,43878.016,10769.17550812858
237116,43878.016,6706.754048232553
237117,43878.016,65908.59552016649
237118,43878.016,58916.24576940566
237119,43878.016,15938.731518663371
237120,43878.016,63215.77620388636
237121,43878.016,47402.64473942724
237122,43878.016,33575.1389620896
237123,43878.016,9528.514066671223
237124,43878.016,18319.579859758294
237125,43878.016,14896.696033097955
237126,43878.016,51379.57259695911
237127,43878.016,13494.750515535277
237128,43878.016,11620.560130708203
237129,43878.016,30710.096403908894
237130,43878.016,32069.665175395166
237131,43878.016,13625.710700800419
237132,43878.016,17494.4440477214
237133,43878.016,36878.92439466891
237134,43878.016,20442.615504969515
237135,43878.016,9912.822339995053
237136,43878.016,11271.110785279237
237137,43878.016,14587.076489775543
237138,43878.016,41067.00055659196
237139,43878.016,19395.152420060665
237140,43878.016,21842.320192652816
237141,43878.016,11402.612980377582
237142,43878.016,31693.249697306346
237143,43878.016,37887.927105150055
237144,43878.016,16764.738812515585
237145,43878.016,43537.35476248539
237146,43878.016,62258.15171412337
237147,43878.016,40466.703052106124
237148,43878.016,48656.042915636914
237149,43878.016,10202.295401423591
237150,43878.016,31507.231400830984
237151,43878.016,9788.157314999151
237152,43878.016,64306.21245311279
237153,43878.016,18438.10726055768
237154,43878.016,32639.64793300856
237155,43878.016,29607.96202955885
237156,43878.016,22989.55941274656
237157,43878.016,60021.20004904508
237158,43878.016,10986.000435176556
237159,43878.016,43198.70545814452
237160,43878.016,14376.823019526884
237161,43878.016,19639.16389819971
237162,43878.016,35833.18094384319
237163,43878.016,71997.7680985979
237164,43878.016,51112.90068894189
237165,43878.016,9955.334748576799
237166,43878.016,36902.110218474394
237167,43878.016,113724.28501575209
237168,43878.016,26335.215075786764
237169,43878.016,31719.51418880553
237170,43878.016,24650.54210284153
237171,43878.016,27364.832389842733
237172,43878.016,56699.47448000124
237173,43878.016,37445.338065373995
237174,43878.016,68781.41003647128
237175,43878.016,55442.011856692356
237176,43878.016,16281.484888551222
237177,43878.016,6740.9906222914
237178,43878.016,50251.98459523321
237179,43878.016,43537.6994321205
237180,43878.016,88137.71703036154
237181,43878.016,49026.92777747172
237182,43878.016,74903.80434062296
237183,43878.016,39442.290325101305
237184,43878.016,38068.965739616026
237185,43878.016,61110.488322999794
237186,43878.016,35529.65236784545
237187,43878.016,9502.050928421959
237188,43878.016,41849.9245983241
237189,43878.016,45559.32855702098
237190,43878.016,28834.549972939403
237191,43878.016,37776.964150211825
237192,43878.016,33303.254267028206
237193,43878.016,47470.678985945415
237194,43878.016,33691.32201475283
237195,43878.016,24764.084619460726
237196,43878.016,38398.348385105855
237197,43878.016,26559.024130252263
237198,43878.016,42624.156083651826
237199,43878.016,19409.548043062525
237200,43878.016,45495.20923517681
237201,43878.016,7878.923498071014
237202,43878.016,23797.97089001515
237203,43878.016,15904.077805980764
237204,43878.016,7483.2420453295135
237205,43878.016,27991.724098860126
237206,43878.016,11528.854124926813
237207,43878.016,13862.859137153919
237208,43878.016,25444.726659565356
237209,43878.016,16099.302062772878
237210,43878.016,6953.498340986614
237211,43878.016,18889.871449646333
237212,43878.016,17660.232268485954
237213,43878.016,33048.72322437227
237214,43878.016,30262.796549504194
237215,43878.016,38258.9202857007
237216,43878.016,44804.20912784593
237217,43878.016,9740.783791394939
237218,43878.016,56883.368713390264
237219,43878.016,18777.693186187553
237220,43878.016,16966.836731240484
237221,43878.016,18432.567005698424
237222,43878.016,7622.440013895245
237223,43878.016,69697.61551678569
237224,43878.016,28146.311258936585
237225,43878.016,73862.29666106761
237226,43878.016,30627.49975344822
237227,43878.016,49814.67427082733
237228,43878.016,78383.42501709358
237229,43878.016,32903.62490065925
237230,43878.016,61906.335035955024
237231,43878.016,40105.76485567327
237232,43878.016,29447.215382610128
237233,43878.016,16589.86973583746
237234,43878.016,31460.058140992263
237235,43878.016,73839.480863753
237236,43878.016,42589.62865643081
237237,43878.016,27874.764367553344
237238,43878.016,29095.891381413065
237239,43878.016,25025.003942070438
237240,43878.016,57665.51995177257
237241,43878.016,41094.83707991839
237242,43878.016,21594.651949027935
237243,43878.016,32671.248413870853
237244,43878.016,18700.03840138399
237245,43878.016,53336.69728114553
237246,43878.016,21984.777422458235
237247,43878.016,55432.86188601642
237248,43878.016,39735.53656056594
237249,43878.016,51872.93760453917
237250,43878.016,26279.043101822517
237251,43878.016,47795.79782815112
237252,43878.016,18491.610216197405
237253,43878.016,36524.51106962163
237254,43878.016,29321.208737477267
237255,43878.016,70916.31602889873
237256,43878.016,9176.624023308357
237257,43878.016,18602.775036921044
237258,43878.016,16723.242021349426
237259,43878.016,60349.21931419273
237260,43878.016,11187.333883922309
237261,43878.016,45597.22840000314
237262,43878.016,56373.99071078299
237263,43878.016,13032.846227964896
237264,43878.016,18258.668445597803
237265,43878.016,26403.11551875523
237266,43878.016,34351.27630797801
237267,43878.016,76680.13095291337
237268,43878.016,12638.879660035655
237269,43878.016,33444.15359058117
237270,43878.016,13825.113752787742
237271,43878.016,9312.875519279463
237272,43878.016,13710.092928636439
237273,43878.016,38228.058907536804
237274,43878.016,66986.62177681462
237275,43878.016,65882.82183935498
237276,43878.016,35926.297126175086
237277,43878.016,25259.692662194488
237278,43878.016,64031.922577890095
237279,43878.016,11369.306958158148
237280,43878.016,47496.928203437325
237281,43878.016,41986.20995723748
237282,43878.016,19059.08989638366
237283,43878.016,57528.55837357654
237284,43878.016,59844.26348626853
237285,43878.016,24888.258320625486
237286,43878.016,12862.396956925075
237287,43878.016,39090.81342529847
237288,43878.016,43934.81611063199
237289,43878.016,20693.517218551457
237290,43878.016,30000.7131735426
237291,43878.016,70120.68613724869
237292,43878.016,49810.48003257898
237293,43878.016,48827.69131812413
237294,43878.016,59261.824466331826
237295,43878.016,56885.339766269
237296,43878.016,33439.27055912453
237297,43878.016,11875.044244136487
237298,43878.016,12950.14699795596
237299,43878.016,47510.56631287893
237300,43878.016,29892.735256486547
237301,43878.016,26195.059040863736
237302,43878.016,42045.34145444414
237303,43878.016,18369.408577710667
237304,43878.016,58849.58274236407
237305,43878.016,12902.284142002538
237306,43878.016,28355.319558425188
237307,43878.016,44944.090757717844
237308,43878.016,28973.618581078503
237309,43878.016,32728.82497169161
237310,43878.016,54009.97294966695
237311,43878.016,13566.013888567722
237312,43878.016,57540.02363099318
237313,43878.016,26658.3193896814
237314,43878.016,58402.27051344534
237315,43878.016,17617.416711419435
237316,43878.016,56892.82297243235
237317,43878.016,12226.354235146575
237318,43878.016,32396.309805800352
237319,43878.016,24120.23927969788
237320,43878.016,53895.375210708946
237321,43878.016,16774.150473986396
237322,43878.016,63729.9543202357
237323,43878.016,33600.40413435035
237324,43878.016,26828.27226725574
237325,43878.016,76765.51496411044
237326,43878.016,8786.919887037413
237327,43878.016,28442.358480175106
237328,43878.016,23842.228743116415
237329,43878.016,44474.034077755925
237330,43878.016,36871.09448737348
237331,43878.016,33578.41644530934
237332,43878.016,46018.78383961799
237333,43878.016,16177.859609013782
237334,43878.016,31440.460219088058
237335,43878.016,38504.028170775026
237336,43878.016,18461.86408214542
237337,43878.016,54761.420606740154
237338,43878.016,14079.199620993191
237339,43878.016,71145.95117320873
237340,43878.016,38828.21514426049
237341,43878.016,28706.504392591385
237342,43878.016,55757.25102062883
237343,43878.016,7656.315381597823
237344,43878.016,4665.148630918179
237345,43878.016,8715.500671591357
237346,43878.016,83092.60027533984
237347,43878.016,8310.390510727771
237348,43878.016,19236.461599053535
237349,43878.016,19789.864972866453
237350,43878.016,36926.63529756943
237351,43878.016,8671.823199057691
237352,43878.016,26802.171139498758
237353,43878.016,9465.575407019638
237354,43878.016,55610.00865872643
237355,43878.016,54180.75992720222
237356,43878.016,20291.9324244251
237357,43878.016,24133.324511778526
237358,43878.016,23771.1633595938
237359,43878.016,42053.31067977783
237360,43878.016,53326.7320902035
237361,43878.016,61464.39040252306
237362,43878.016,15433.071353485851
237363,43878.016,21589.966660366936
237364,43878.016,14704.99385265153
237365,43878.016,16044.393201223189
237366,43878.016,71311.15221376334
237367,43878.016,64748.26010655516
237368,43878.016,51566.050666304414
237369,43878.016,21230.032922730916
237370,43878.016,9503.003798974738
237371,43878.016,50112.825127475
237372,43878.016,50234.736246047774
237373,43878.016,57682.02785677356
237374,43878.016,44636.92716718032
237375,43878.016,31198.69826359371
237376,43878.016,13678.724882100601
237377,43878.016,9969.831396607457
237378,43878.016,59038.45082171477
237379,43878.016,8738.571954097959
237380,43878.016,55708.67076218383
237381,43878.016,49028.76094287504
237382,43878.016,9315.18749543948
237383,43878.016,11397.426689007552
237384,43878.016,16073.406700854004
237385,43878.016,28133.95170791644
237386,43878.016,19882.09232336377
237387,43878.016,76559.62255493103
237388,43878.016,41686.261242886096
237389,43878.016,10077.264683109108
237390,43878.016,36543.646667421475
237391,43878.016,68123.9266503191
237392,43878.016,55265.66694297687
237393,43878.016,42618.10642812327
237394,43878.016,90085.61006650717
237395,43878.016,25368.32480095305
237396,43878.016,66453.71178484883
237397,43878.016,31333.219960208964
237398,43878.016,53345.44082678158
237399,43878.016,52193.26347078649
237400,43878.016,10072.366847836625
237401,43878.016,23000.227615004234
237402,43878.016,73449.85731735193
237403,43878.016,25110.36200698805
237404,43878.016,53069.70695573568
237405,43878.016,9893.776605491674
237406,43878.016,52997.63778051197
237407,43878.016,55344.56325807425
237408,43878.016,13875.255139380466
237409,43878.016,65757.2082480211
237410,43878.016,48296.721549889844
237411,43878.016,29570.89918545455
237412,43878.016,59800.63958251014
237413,43878.016,47081.12909141668
237414,43878.016,9836.935198399542
237415,43878.016,37735.90466854502
237416,43878.016,66538.21115475504
237417,43878.016,12733.104328966661
237418,43878.016,12913.157421464317
237419,43878.016,24826.65843050369
237420,43878.016,53089.98599456079
237421,43878.016,8106.4041220696645
237422,43878.016,72233.76867308818
237423,43878.016,34507.79461532227
237424,43878.016,15829.4221519097
237425,43878.016,71467.31816059076
237426,43878.016,10071.407715594118
237427,43878.016,40302.06937624862
237428,43878.016,76361.09522815527
237429,43878.016,63174.07528614882
237430,43878.016,45034.80064484799
237431,43878.016,25676.599520864384
237432,43878.016,21305.585804842758
237433,43878.016,31361.315875560165
237434,43878.016,31895.799774544175
237435,43878.016,42000.97161497988
237436,43878.016,17793.037133967417
237437,43878.016,28241.29616659327
237438,43878.016,18638.596148437206
237439,43878.016,59048.23782285299
237440,43878.016,38307.293016856696
237441,43878.016,74905.33220357314
237442,43878.016,24903.260948472926
237443,43878.016,27821.1510441937
237444,43878.016,27607.827472066525
237445,43878.016,47476.99033318204
237446,43878.016,64629.22531177157
237447,43878.016,78073.87034314765
237448,43878.016,25700.362656117668
237449,43878.016,29218.046833839446
237450,43878.016,53844.34988435349
237451,43878.016,29841.719218752347
237452,43878.016,38782.37565944913
237453,43878.016,53401.31793810267
237454,43878.016,12533.03326409382
237455,43878.016,10725.971296605796
237456,43878.016,32936.68642301524
237457,43878.016,52688.33875551979
237458,43878.016,28098.823987437383
237459,43878.016,42236.016868386505
237460,43878.016,84958.8866180498
237461,43878.016,40059.410248344764
237462,43878.016,25650.732546949188
237463,43878.016,18639.295302484716
237464,43878.016,30299.191082167585
237465,43878.016,39835.01009533705
237466,43878.016,32236.21945202586
237467,43878.016,28660.052923619434
237468,43878.016,19053.69069226663
237469,43878.016,15660.596760456776
237470,43878.016,21972.892452009513
237471,43878.016,22795.945147685758
237472,43878.016,19540.760973058146
237473,43878.016,46227.24907369385
237474,43878.016,31239.499058817048
237475,43878.016,31134.110782782558
237476,43878.016,33517.076837501474
237477,43878.016,18257.759269851875
237478,43878.016,5128.304726296453
237479,43878.016,65115.178011284355
237480,43878.016,26702.710050015085
237481,43878.016,31224.620023137995
237482,43878.016,12959.799472624
237483,43878.016,16324.353217936765
237484,43878.016,25635.371037527482
237485,43878.016,12266.13208279858
237486,43878.016,16216.456447171444
237487,43878.016,59336.435160240486
237488,43878.016,39486.27397435833
237489,43878.016,9217.724681207157
237490,43878.016,46408.943854024896
237491,43878.016,19656.158077122658
237492,43878.016,25566.395624694615
237493,43878.016,23851.32059561378
237494,43878.016,6599.452931910579
237495,43878.016,58988.97724885035
237496,43878.016,55395.76132108822
237497,43878.016,11172.244302534637
237498,43878.016,10365.378471456395
237499,43878.016,19747.987487243216
237500,43878.016,11442.219198680348
237501,43878.016,36178.35342304429
237502,43878.016,64256.59552376048
237503,43878.016,18757.815200679892
237504,43878.016,61833.649728455974
237505,43878.016,37064.232089128185
237506,43878.016,32998.57938046933
237507,43878.016,55496.94860051606
237508,43878.016,34205.18375844075
237509,43878.016,74761.36444059924
237510,43878.016,54778.42323557669
237511,43878.016,28637.393177785907
237512,43878.016,36958.59577222493
237513,43878.016,52842.3574586222
237514,43878.016,64043.819508398185
237515,43878.016,30721.590292074183
237516,43878.016,43727.06512298995
237517,43878.016,62924.83516446762
237518,43878.016,56558.1915453442
237519,43878.016,54445.96086747584
237520,43878.016,40376.694841993165
237521,43878.016,15675.562278134877
237522,43878.016,66551.28373495676
237523,43878.016,18245.39772026476
237524,43878.016,29345.381047517465
237525,43878.016,17234.669358386374
237526,43878.016,65243.06444235757
237527,43878.016,33196.27544205262
237528,43878.016,15340.628238053456
237529,43878.016,17247.132716772063
237530,43878.016,41488.97920301098
237531,43878.016,46132.46288725507
237532,43878.016,48560.55451979318
237533,43878.016,20623.70042663425
237534,43878.016,51146.15331165999
237535,43878.016,26655.969161024947
237536,43878.016,43301.65075840966
237537,43878.016,26467.100023397023
237538,43878.016,33270.86597156599
237539,43878.016,9527.627557251499
237540,43878.016,42676.27635891277
237541,43878.016,67287.31499385234
237542,43878.016,26096.434347092818
237543,43878.016,29466.955805087946
237544,43878.016,20750.72477337594
237545,43878.016,8111.707157413175
237546,43878.016,46811.385730771945
237547,43878.016,62001.105955642925
237548,43878.016,52962.69362426711
237549,43878.016,27363.14572011446
237550,43878.016,4397.960147841251
237551,43878.016,40618.93935723399
237552,43878.016,46949.37163393611
237553,43878.016,11260.961900558723
237554,43878.016,6328.216327739789
237555,43878.016,33959.876303960125
237556,43878.016,43058.499328570375
237557,43878.016,12985.883699030428
237558,43878.016,25484.56947218134
237559,43878.016,9703.693383069094
237560,43878.016,34881.99294419132
237561,43878.016,5474.412219251168
237562,43878.016,24551.83632250814
237563,43878.016,38725.33283558786
237564,43878.016,27698.301072997725
237565,43878.016,58446.98980515475
237566,43878.016,53617.07590405427
237567,43878.016,49485.693683175086
237568,43878.016,64219.62802609513
237569,43878.016,54629.07220104393
237570,43878.016,40802.780009985
237571,43878.016,22810.516497342745
237572,43878.016,22147.490983244687
237573,43878.016,56954.50140425344
237574,43878.016,44433.38916936018
237575,43878.016,48075.84464460821
237576,43878.016,16092.129696009086
237577,43878.016,14563.869784477569
237578,43878.016,76688.2995350882
237579,43878.016,44623.633212098124
237580,43878.016,71396.85494379973
237581,43878.016,33238.25424550748
237582,43878.016,53021.06785880821
237583,43878.016,15628.744387675551
237584,43878.016,33692.89013343113
237585,43878.016,23984.301269981643
237586,43878.016,33273.045273703974
237587,43878.016,11142.903917674907
237588,43878.016,38140.48230171432
237589,43878.016,19250.52658764407
237590,43878.016,54963.3041328552
237591,43878.016,62302.53796697291
237592,43878.016,14161.001231333363
237593,43878.016,29231.121286454683
237594,43878.016,42022.747796525815
237595,43878.016,40400.931206163325
237596,43878.016,34507.7903443412
237597,43878.016,10453.15980432481
237598,43878.016,10008.803433531766
237599,43878.016,22235.23793540455
237600,43878.016,39275.37755684063
237601,43878.016,13172.039112700992
237602,43878.016,15795.02945890138
237603,43878.016,26051.59383022374
237604,43878.016,16734.594838005258
237605,43878.016,52155.70612088324
237606,43878.016,57442.83506739629
237607,43878.016,21680.903900343154
237608,43878.016,62247.192078472064
237609,43878.016,26307.52080645817
237610,43878.016,44479.00135599442
237611,43878.016,18248.021819928967
237612,43878.016,61008.11731811782
237613,43878.016,30190.511935999184
237614,43878.016,58955.495505475395
237615,43878.016,10969.622249085489
237616,43878.016,47965.25073628032
237617,43878.016,49853.271954687996
237618,43878.016,30007.8160746759
237619,43878.016,48555.95734561901
237620,43878.016,24001.01496192106
237621,43878.016,46490.27768602507
237622,43878.016,32360.270258702334
237623,43878.016,12325.012656189436
237624,43878.016,33825.93904005412
237625,43878.016,28035.21629124903
237626,43878.016,24820.532421099608
237627,43878.016,12648.480095568788
237628,43878.016,53587.048396686754
237629,43878.016,50949.084776953845
237630,43878.016,27704.598667287253
237631,43878.016,51944.06049229638
237632,43878.016,7582.301661172008
237633,43878.016,14801.38079597219
237634,43878.016,19694.86184024909
237635,43878.016,20986.135871058825
237636,43878.016,43901.38667308593
237637,43878.016,34284.292245759076
237638,43878.016,54841.92317618708
237639,43878.016,25422.14710811785
237640,43878.016,33673.2805019774
237641,43878.016,28277.828873950784
237642,43878.016,25945.66067691304
237643,43878.016,24726.037681582628
237644,43878.016,46813.23537424471
237645,43878.016,10218.866606012898
237646,43878.016,34004.71201185206
237647,43878.016,54267.72934896234
237648,43878.016,12482.683780861173
237649,43878.016,10673.41597828168
237650,43878.016,52185.058250936614
237651,43878.016,19011.60471123366
237652,43878.016,37759.932397586446
237653,43878.016,87178.58495614109
237654,43878.016,18848.394006080045
237655,43878.016,9217.933141423533
237656,43878.016,44737.80966130394
237657,43878.016,17773.63791404164
237658,43878.016,37679.505005806335
237659,43878.016,44062.21843159989
237660,43878.016,11739.988726369767
237661,43878.016,44919.102091307315
237662,43878.016,21124.30596912142
237663,43878.016,26495.33124294731
237664,43878.016,7319.423680644623
237665,43878.016,60771.03892388123
237666,43878.016,35690.34087170464
237667,43878.016,15151.582591733159
237668,43878.016,31860.20960703988
237669,43878.016,24850.21996412306
237670,43878.016,12030.7264815828
237671,43878.016,30021.091214539978
237672,43878.016,16363.007407939012
237673,43878.016,39448.342945539036
237674,43878.016,28361.573196035573
237675,43878.016,68675.35163654361
237676,43878.016,57902.25671747351
237677,43878.016,68311.45396105266
237678,43878.016,9366.1930714016
237679,43878.016,13990.323729248414
237680,43878.016,41236.17593408638
237681,43878.016,44917.45483050941
237682,43878.016,47848.39281745171
237683,43878.016,11309.539357787518
237684,43878.016,53238.11777183985
237685,43878.016,26877.611160393488
237686,43878.016,40938.376184399705
237687,43878.016,50604.45622551538
237688,43878.016,20877.58931952728
237689,43878.016,31667.093127439774
237690,43878.016,38204.59179205453
237691,43878.016,33353.81711477233
237692,43878.016,49173.22398664593
237693,43878.016,19287.42658735773
237694,43878.016,36881.96739706048
237695,43878.016,22961.509845805544
237696,43878.016,10869.145873895983
237697,43878.016,29056.970489987685
237698,43878.016,18415.836269474847
237699,43878.016,8577.565459604879
237700,43878.016,26837.661667441756
237701,43878.016,32093.339521892525
237702,43878.016,64167.1420353197
237703,43878.016,24222.052271830722
237704,43878.016,48478.210181681054
237705,43878.016,48225.78240119827
237706,43878.016,31597.299818182997
237707,43878.016,28793.9280978531
237708,43878.016,15069.786075776761
237709,43878.016,47227.50078927301
237710,43878.016,26696.636890324644
237711,43878.016,19618.53961547324
237712,43878.016,36929.32167515304
237713,43878.016,75094.18995069596
237714,43878.016,28286.001982697395
237715,43878.016,30368.067629221034
237716,43878.016,55084.52605370702
237717,43878.016,48406.7103508277
237718,43878.016,66276.43677952226
237719,43878.016,54044.03320561851
237720,43878.016,4072.01494448149
237721,43878.016,40802.61359298514
237722,43878.016,10033.608668263585
237723,43878.016,54609.228345171534
237724,43878.016,21924.19326426706
237725,43878.016,33762.779462446655
237726,43878.016,25203.469702199516
237727,43878.016,80155.98794924941
237728,43878.016,22065.88535613046
237729,43878.016,40514.11941916694
237730,43878.016,46697.00086390206
237731,43878.016,36648.1429394008
237732,43878.016,27033.282847992396
237733,43878.016,10246.710826126782
237734,43878.016,63838.920146108765
237735,43878.016,6175.426818070928
237736,43878.016,35296.15470206955
237737,43878.016,11207.353568856941
237738,43878.016,12395.47911703733
237739,43878.016,81063.08958240897
237740,43878.016,17530.606381232807
237741,43878.016,28137.134399786435
237742,43878.016,34958.70105530067
237743,43878.016,39777.445381065525
237744,43878.016,23936.213043759006
237745,43878.016,11639.06932695552
237746,43878.016,15047.665743884696
237747,43878.016,23894.377660889037
237748,43878.016,32298.76564914049
237749,43878.016,8628.516872288435
237750,43878.016,30025.787191990796
237751,43878.016,15157.658221650747
237752,43878.016,26044.619454401985
237753,43878.016,77108.67046242805
237754,43878.016,48944.115171155165
237755,43878.016,40932.09472944388
237756,43878.016,47221.33785203324
237757,43878.016,44245.95464049764
237758,43878.016,23443.716380369922
237759,43878.016,64572.32469715796
237760,43878.016,74771.67632590827
237761,43878.016,16181.595073720335
237762,43878.016,56716.823676042215
237763,43878.016,53891.17074447244
237764,43878.016,20310.175755301752
237765,43878.016,33269.07727968536
237766,43878.016,41097.765480262824
237767,43878.016,19759.07535310395
237768,43878.016,16816.99068295175
237769,43878.016,5747.601329489573
237770,43878.016,43450.03008733403
237771,43878.016,18649.95764496904
237772,43878.016,9019.79053411978
237773,43878.016,32443.935817381134
237774,43878.016,62637.96747189425
237775,43878.016,11822.827664262319
237776,43878.016,30928.660634996508
237777,43878.016,44526.00643148324
237778,43878.016,63671.46209675468
237779,43878.016,30354.707774082945
237780,43878.016,17220.423114430996
237781,43878.016,20902.85014828183
237782,43878.016,25964.86895418138
237783,43878.016,57917.27004339112
237784,43878.016,23346.348870173082
237785,43878.016,38561.24532126297
237786,43878.016,76378.12811773719
237787,43878.016,36438.92899488986
237788,43878.016,59139.14993006268
237789,43878.016,25418.394541027843
237790,43878.016,23360.800831997003
237791,43878.016,28852.453453296497
237792,43878.016,46847.53842165624
237793,43878.016,32395.009739223853
237794,43878.016,22210.73396641337
237795,43878.016,11502.545171643678
237796,43878.016,32574.37130922119
237797,43878.016,63124.19185800185
237798,43878.016,80456.57806470123
237799,43878.016,35424.13911180062
237800,43878.016,46507.280092614485
237801,43878.016,14313.252705041888
237802,43878.016,21545.567152046402
237803,43878.016,47082.178573562225
237804,43878.016,41722.427164679655
237805,43878.016,44470.6250222283
237806,43878.016,53878.058081136485
237807,43878.016,120125.73498597412
237808,43878.016,45256.96379245532
237809,43878.016,15482.138691951064
237810,43878.016,15863.062359389085
237811,43878.016,81240.87328584642
237812,43878.016,44715.80395567933
237813,43878.016,66644.15638409025
237814,43878.016,26772.823410062425
237815,43878.016,9568.184511898065
237816,43878.016,27289.24374778473
237817,43878.016,28705.19312357483
237818,43878.016,19161.57001844627
237819,43878.016,45620.33967234144
237820,43878.016,46203.568857709506
237821,43878.016,29872.418660126037
237822,43878.016,15644.021160323158
237823,43878.016,14289.956183322438
237824,43878.016,43552.33012796616
237825,43878.016,56216.84292487121
237826,43878.016,7748.690676309497
237827,43878.016,8828.134943426763
237828,43878.016,29097.382142971266
237829,43878.016,23533.609558865475
237830,43878.016,54655.788419072574
237831,43878.016,54486.96796318859
237832,43878.016,17899.64582676961
237833,43878.016,29541.404256547918
237834,43878.016,15549.891786840104
237835,43878.016,24080.499142689092
237836,43878.016,80537.17930741633
237837,43878.016,72504.44396188436
237838,43878.016,65882.20767946528
237839,43878.016,41113.50343711966
237840,43878.016,24421.57551137917
237841,43878.016,56309.159265601134
237842,43878.016,38490.19719276663
237843,43878.016,50622.01147260493
237844,43878.016,35566.487783369674
237845,43878.016,33638.294763034384
237846,43878.016,33633.21474927464
237847,43878.016,13830.07587017934
237848,43878.016,31727.246714439785
237849,43878.016,53240.18641294798
237850,43878.016,9240.145643391716
237851,43878.016,57451.62953459601
237852,43878.016,15890.103444380535
237853,43878.016,14943.113686424405
237854,43878.016,49012.44392900443
237855,43878.016,37198.10032277198
237856,43878.016,57473.26672655405
237857,43878.016,76195.45315845401
237858,43878.016,32720.55613451709
237859,43878.016,17409.415215970275
237860,43878.016,12817.62426629223
237861,43878.016,30289.679949372025
237862,43878.016,32726.041554690386
237863,43878.016,17999.9445431701
237864,43878.016,89481.52044984905
237865,43878.016,28669.01646391906
237866,43878.016,25256.84614336959
237867,43878.016,20644.36866157027
237868,43878.016,61087.316216996915
237869,43878.016,67582.30081665664
237870,43878.016,50411.4842256272
237871,43878.016,12595.128152438603
237872,43878.016,61755.60589875891
237873,43878.016,59367.20161401325
237874,43878.016,63886.11782562054
237875,43878.016,38517.14411216767
237876,43878.016,8359.594259849118
237877,43878.016,12134.717965486803
237878,43878.016,36327.2772424891
237879,43878.016,42972.90537876014
237880,43878.016,16697.56165108397
237881,43878.016,6878.589190308355
237882,43878.016,41998.6573083622
237883,43878.016,31346.028346892035
237884,43878.016,57079.90256377038
237885,43878.016,33442.236235656055
237886,43878.016,51212.71280052872
237887,43878.016,25481.725116233512
237888,43878.016,5877.584379166818
237889,43878.016,19551.260249394734
237890,43878.016,9162.681332933498
237891,43878.016,37155.43247091415
237892,43878.016,34754.177474993216
237893,43878.016,18349.25840832111
237894,43878.016,45873.32679148751
237895,43878.016,22966.32869917904
237896,43878.016,19428.078250944127
237897,43878.016,53778.03197848765
237898,43878.016,62247.47759375808
237899,43878.016,27950.05378711756
237900,43878.016,56929.13270757416
237901,43878.016,43184.31948027804
237902,43878.016,55178.143356471235
237903,43878.016,24715.23536967245
237904,43878.016,12280.276998636364
237905,43878.016,58703.80652800563
237906,43878.016,12578.62219316649
237907,43878.016,45112.659376854004
237908,43878.016,20595.23399198686
237909,43878.016,50153.37498272867
237910,43878.016,15844.81170849037
237911,43878.016,9266.993978519926
237912,43878.016,18082.49899494626
237913,43878.016,6664.5329210835835
237914,43878.016,30998.67542538694
237915,43878.016,13240.199924421691
237916,43878.016,26295.806441704903
237917,43878.016,33213.653886708
237918,43878.016,51759.83838852605
237919,43878.016,33504.347829669256
237920,43878.016,24009.44329882784
237921,43878.016,65615.03030390487
237922,43878.016,7854.890040649524
237923,43878.016,34004.73965689153
237924,43878.016,70675.9495551016
237925,43878.016,24396.557451557852
237926,43878.016,51055.127051528194
237927,43878.016,11864.468971664444
237928,43878.016,44557.235277837804
237929,43878.016,42182.207414817276
237930,43878.016,49422.11645440261
237931,43878.016,20902.77014706177
237932,43878.016,61263.41624636769
237933,43878.016,14674.373869905132
237934,43878.016,18049.975922254187
237935,43878.016,29279.853725618177
237936,43878.016,26832.667176200575
237937,43878.016,7641.327568153363
237938,43878.016,12111.615270816164
237939,43878.016,61283.280817406514
237940,43878.016,10058.23523642102
237941,43878.016,34090.52125468299
237942,43878.016,37150.280827152594
237943,43878.016,30318.17620298175
237944,43878.016,18229.30368330132
237945,43878.016,21505.37276047064
237946,43878.016,15985.807806571436
237947,43878.016,33304.19695651314
237948,43878.016,33969.516714972386
237949,43878.016,21326.283784287963
237950,43878.016,7384.340672500704
237951,43878.016,51319.835784897616
237952,43878.016,60339.998432780725
237953,43878.016,22356.676394483682
237954,43878.016,37915.31634404649
237955,43878.016,59380.673424253284
237956,43878.016,69677.15075920969
237957,43878.016,12524.575130388219
237958,43878.016,63650.35360750401
237959,43878.016,72063.05291251323
237960,43878.016,43796.77398246642
237961,43878.016,8252.403177937618
237962,43878.016,7523.541630620117
237963,43878.016,63415.58760975997
237964,43878.016,11812.621723614011
237965,43878.016,33905.23984558334
237966,43878.016,28133.43430062656
237967,43878.016,41974.78809399182
237968,43878.016,56280.97770588275
237969,43878.016,34611.097727247055
237970,43878.016,33714.061879167486
237971,43878.016,13058.461749605036
237972,43878.016,51708.727645416984
237973,43878.016,22647.27476523456
237974,43878.016,42567.8428143975
237975,43878.016,35745.50122038809
237976,43878.016,10626.523840182876
237977,43878.016,9569.703804620673
237978,43878.016,67884.14961521252
237979,43878.016,39100.727967747895
237980,43878.016,18650.434322838824
237981,43878.016,44001.16153642615
237982,43878.016,14795.58504078642
237983,43878.016,14075.797635918434
237984,43878.016,31487.801937455824
237985,43878.016,49930.085784397415
237986,43878.016,36301.63308997489
237987,43878.016,30829.120503831557
237988,43878.016,41463.45447446925
237989,43878.016,5908.6678186981835
237990,43878.016,14920.443042648141
237991,43878.016,67265.55583424498
237992,43878.016,9353.423012766878
237993,43878.016,36892.849968752016
237994,43878.016,13409.995127908298
237995,43878.016,60063.78636320559
237996,43878.016,19333.07037207522
237997,43878.016,16693.829586899505
237998,43878.016,20866.740947392977
237999,43878.016,54942.88207130659
238000,43878.016,37360.33868433718
238001,43878.016,63557.91623383075
238002,43878.016,43494.721883138795
238003,43878.016,16790.914504268578
238004,43878.016,5520.246606059835
238005,43878.016,29221.165294321756
238006,43878.016,52203.87317449312
238007,43878.016,64828.87964481528
238008,43878.016,75210.82369180645
238009,43878.016,54667.64772506454
238010,43878.016,13701.269852721382
238011,43878.016,15944.110683968534
238012,43878.016,48672.586177922836
238013,43878.016,40938.77851258271
238014,43878.016,43325.223387749575
238015,43878.016,63618.53034167605
238016,43878.016,39678.23121680733
238017,43878.016,19217.411468342263
238018,43878.016,6856.74229461533
238019,43878.016,58518.48156217278
238020,43878.016,34336.14876040545
238021,43878.016,32023.432294395097
238022,43878.016,16330.84184078261
238023,43878.016,29665.05550726672
238024,43878.016,58926.53832748651
238025,43878.016,11599.68532659943
238026,43878.016,16682.80107856623
238027,43878.016,59945.391408528754
238028,43878.016,23163.676924921023
238029,43878.016,54740.582869870195
238030,43878.016,36710.9561510919
238031,43878.016,26712.30786602659
238032,43878.016,6036.156900101052
238033,43878.016,21661.53305216932
238034,43878.016,72382.38389212626
238035,43878.016,10758.244167114719
238036,43878.016,13543.30155284354
238037,43878.016,61020.27046998068
238038,43878.016,6918.517162140543
238039,43878.016,35664.56667491084
238040,43878.016,27947.624699299588
238041,43878.016,6906.7693687435485
238042,43878.016,20744.274481197037
238043,43878.016,19520.39530637401
238044,43878.016,24432.20172442604
238045,43878.016,44241.440244571495
238046,43878.016,56383.71039550284
238047,43878.016,36144.77888403377
238048,43878.016,31771.38578359329
238049,43878.016,64619.98492176067
238050,43878.016,55671.679627886246
238051,43878.016,75005.2465180611
238052,43878.016,14689.942085082239
238053,43878.016,8079.990390168848
238054,43878.016,16656.956664566973
238055,43878.016,36420.13295173415
238056,43878.016,29892.948171518554
238057,43878.016,83746.90555967337
238058,43878.016,50623.51945416941
238059,43878.016,9181.842096439961
238060,43878.016,42343.385385822345
238061,43878.016,52969.43146182253
238062,43878.016,20549.994689517403
238063,43878.016,35625.62608256652
238064,43878.016,48594.159451876025
238065,43878.016,11536.732834236513
238066,43878.016,72144.52781806955
238067,43878.016,7764.709827921778
238068,43878.016,29949.412114883842
238069,43878.016,6305.007197081567
238070,43878.016,19851.437447257886
238071,43878.016,47842.11435540349
238072,43878.016,45118.26483366736
238073,43878.016,42278.431860693294
238074,43878.016,49937.0891961463
238075,43878.016,9860.198496559631
238076,43878.016,57088.525193044174
238077,43878.016,34596.51723872946
238078,43878.016,35026.64347460732
238079,43878.016,48286.52879106124
238080,43878.016,61454.86565535884
238081,43878.016,52442.97931206025
238082,43878.016,63414.67931451846
238083,43878.016,58274.19950452313
238084,43878.016,74469.48127833633
238085,43878.016,50410.003902507604
238086,43878.016,27490.74001658084
238087,43878.016,7681.4257535997085
238088,43878.016,32848.58471828347
238089,43878.016,23741.358356935354
238090,43878.016,20583.792237634796
238091,43878.016,10843.323969827012
238092,43878.016,19613.624532243815
238093,43878.016,46742.35429342027
238094,43878.016,37559.283695953185
238095,43878.016,26738.62607849201
238096,43878.016,36803.61175403829
238097,43878.016,15666.465304260964
238098,43878.016,13829.053727208906
238099,43878.016,19136.2007109329
238100,43878.016,57514.2952490051
238101,43878.016,34278.824990872316
238102,43878.016,50643.41801629782
238103,43878.016,38409.35357060776
238104,43878.016,71275.31547446166
238105,43878.016,64929.831995857945
238106,43878.016,42260.04255216674
238107,43878.016,11831.730568513552
238108,43878.016,55096.78307736937
238109,43878.016,34210.95553300184
238110,43878.016,21498.52241053573
238111,43878.016,40536.199584966445
238112,43878.016,28236.40215083554
238113,43878.016,45024.23102579052
238114,43878.016,79135.75421386423
238115,43878.016,7890.194194838568
238116,43878.016,31554.431194267912
238117,43878.016,62452.370152398944
238118,43878.016,16341.633462921023
238119,43878.016,27864.64576091766
238120,43878.016,20692.347125134987
238121,43878.016,22134.75761563026
238122,43878.016,15979.338044132302
238123,43878.016,40231.28987857264
238124,43878.016,15760.259606536485
238125,43878.016,51430.042674902164
238126,43878.016,74892.38670603366
238127,43878.016,47667.55188349375
238128,43878.016,50893.65860136463
238129,43878.016,21636.433802378077
238130,43878.016,48605.680949023714
238131,43878.016,45877.58646053465
238132,43878.016,35146.69876777113
238133,43878.016,20253.72162336425
238134,43878.016,58545.594845709646
238135,43878.016,9448.962555956596
238136,43878.016,18182.870286193924
238137,43878.016,52097.22211459096
238138,43878.016,9698.795288053558
238139,43878.016,8212.25318476834
238140,43878.016,31367.48223974555
238141,43878.016,12087.731839870681
238142,43878.016,46323.86774654583
238143,43878.016,15961.957035133202
238144,43878.016,48687.73278998995
238145,43878.016,57894.55613186262
238146,43878.016,38683.912423328
238147,43878.016,12805.228969824455
238148,43878.016,13752.154759782736
238149,43878.016,15319.292055961823
238150,43878.016,46005.89642095784
238151,43878.016,9181.123496432701
238152,43878.016,52927.183616494694
238153,43878.016,28934.44468310866
238154,43878.016,9271.077349496481
238155,43878.016,81336.17157144319
238156,43878.016,13718.111939446537
238157,43878.016,62239.16511613664
238158,43878.016,21197.58171878385
238159,43878.016,15530.130571118993
238160,43878.016,56656.85837451539
238161,43878.016,59345.612836329135
238162,43878.016,38533.46182144727
238163,43878.016,54245.96529435988
238164,43878.016,20535.088601799904
238165,43878.016,48232.78653539241
238166,43878.016,13231.620678106945
238167,43878.016,14660.121796661046
238168,43878.016,36250.302936004766
238169,43878.016,24279.290426627125
238170,43878.016,11185.3785498713
238171,43878.016,46349.15270289751
238172,43878.016,12206.469039695681
238173,43878.016,56248.66116232227
238174,43878.016,18100.887131237694
238175,43878.016,38687.77482123816
238176,43878.016,29761.670481725625
238177,43878.016,39235.40116669249
238178,43878.016,55382.20329281101
238179,43878.016,18546.526647832186
238180,43878.016,36013.86837864343
238181,43878.016,15652.11959683634
238182,43878.016,7381.7981395999395
238183,43878.016,47777.37901671709
238184,43878.016,34170.762802177174
238185,43878.016,40120.05488465628
238186,43878.016,31615.37526336395
238187,43878.016,52370.63485046203
238188,43878.016,23250.812860470825
238189,43878.016,19254.91053350991
238190,43878.016,43205.246549375086
238191,43878.016,37406.14413301607
238192,43878.016,63393.64610501409
238193,43878.016,53201.75223623893
238194,43878.016,27069.284095602183
238195,43878.016,50552.195380344085
238196,43878.016,20966.483054819084
238197,43878.016,16977.988306650466
238198,43878.016,44042.151970665625
238199,43878.016,45605.630831683535
238200,43878.016,62124.00033104956
238201,43878.016,54061.273845865784
238202,43878.016,7404.915311196255
238203,43878.016,10801.622482604083
238204,43878.016,14161.542174721559
238205,43878.016,46571.034268768904
238206,43878.016,60770.88479207771
238207,43878.016,19345.887519185926
238208,43878.016,14467.092084304333
238209,43878.016,45124.95219004539
238210,43878.016,23631.644440176013
238211,43878.016,14949.026782860967
238212,43878.016,30671.848522972814
238213,43878.016,54047.9442256256
238214,43878.016,43080.655137355316
238215,43878.016,76572.68455272091
238216,43878.016,16855.91317362621
238217,43878.016,24129.903321863017
238218,43878.016,18872.27360084825
238219,43878.016,51785.236812121184
238220,43878.016,51695.90364812399
238221,43878.016,33672.83707243427
238222,43878.016,6388.48947741045
238223,43878.016,61186.596226396505
238224,43878.016,18437.0452047604
238225,43878.016,35186.67240724868
238226,43878.016,16996.93200920281
238227,43878.016,34999.236307098516
238228,43878.016,47565.56927165779
238229,43878.016,50060.55113292961
238230,43878.016,42706.99044439896
238231,43878.016,24615.79851988067
238232,43878.016,8390.710722813861
238233,43878.016,54864.73975677191
238234,43878.016,21684.21482773838
238235,43878.016,50846.41787042415
238236,43878.016,24692.390075628748
238237,43878.016,30820.924203605657
238238,43878.016,61355.70110773876
238239,43878.016,54938.652777847565
238240,43878.016,19144.156552464214
238241,43878.016,49348.08605797835
238242,43878.016,30503.692392623892
238243,43878.016,14445.829548613461
238244,43878.016,38258.54828789729
238245,43878.016,31762.345207792616
238246,43878.016,22399.93234528131
238247,43878.016,51201.431486950314
238248,43878.016,43945.471599999844
238249,43878.016,65102.493515732
238250,43878.016,46597.60446380744
238251,43878.016,15897.241295180953
238252,43878.016,8204.696015185687
238253,43878.016,47773.340933774445
238254,43878.016,32695.38235189236
238255,43878.016,50225.000476625995
238256,43878.016,19976.17235236177
238257,43878.016,42969.14108554529
238258,43878.016,16018.081421077455
238259,43878.016,12977.316153604197
238260,43878.016,23924.48459830737
238261,43878.016,8131.267169874201
238262,43878.016,21194.72588677651
238263,43878.016,19786.45241834005
238264,43878.016,23950.323741922904
238265,43878.016,42129.26485746628
238266,43878.016,66672.12119060583
238267,43878.016,44681.47380675936
238268,43878.016,54778.229750707025
238269,43878.016,22053.418430418926
238270,43878.016,51570.16276286334
238271,43878.016,23017.5097065658
238272,43878.016,34208.01202748388
238273,43878.016,32200.183674606913
238274,43878.016,43827.03176515079
238275,43878.016,15587.01773611107
238276,43878.016,11764.519626138168
238277,43878.016,54228.380925929174
238278,43878.016,37319.61303571851
238279,43878.016,40137.68529584608
238280,43878.016,38131.77523552834
238281,43878.016,10854.965420037308
238282,43878.016,13116.774741187575
238283,43878.016,40690.867145805096
238284,43878.016,49199.471841756196
238285,43878.016,52803.59485337979
238286,43878.016,21975.381246166035
238287,43878.016,49138.62791799625
238288,43878.016,4752.354413926689
238289,43878.016,22673.85634512006
238290,43878.016,9935.189874136378
238291,43878.016,36261.889070486555
238292,43878.016,33695.94402514263
238293,43878.016,24279.337606877125
238294,43878.016,10151.088536375106
238295,43878.016,41126.60603172789
238296,43878.016,52352.8519812202
238297,43878.016,55044.14407092464
238298,43878.016,12282.31655211967
238299,43878.016,32609.297187486158
238300,43878.016,16062.527826829468
238301,43878.016,7161.184635598915
238302,43878.016,46800.03878228096
238303,43878.016,23423.129436077128
238304,43878.016,21351.11936768128
238305,43878.016,13813.597375464495
238306,43878.016,51944.18850334932
238307,43878.016,30267.554371991857
238308,43878.016,16278.668257001025
238309,43878.016,39374.034135924114
238310,43878.016,7118.927693318425
238311,43878.016,19203.743859890852
238312,43878.016,21130.779303202624
238313,43878.016,28721.70118401876
238314,43878.016,46451.999333585576
238315,43878.016,6789.129578084999
238316,43878.016,7622.04003839371
238317,43878.016,13640.47634367578
238318,43878.016,12335.36076517836
238319,43878.016,11499.115922563136
238320,43878.016,13752.938851491945
238321,43878.016,65122.53355676089
238322,43878.016,26953.893327424354
238323,43878.016,15887.719254114298
238324,43878.016,29274.45940716052
238325,43878.016,37895.98120827094
238326,43878.016,22701.71834421322
238327,43878.016,71156.70260998959
238328,43878.016,67776.3259086601
238329,43878.016,58973.113646388156
238330,43878.016,32703.02087021138
238331,43878.016,16140.372206519634
238332,43878.016,60340.67454945828
238333,43878.016,8584.118780772344
238334,43878.016,46229.13371851599
238335,43878.016,25753.266569324573
238336,43878.016,45506.22518336807
238337,43878.016,31459.654413602057
238338,43878.016,26424.336146294445
238339,43878.016,81408.28536605775
238340,43878.016,11268.28670872218
238341,43878.016,25711.246025878572
238342,43878.016,21604.081309288544
238343,43878.016,17820.22817781914
238344,43878.016,25171.266921233593
238345,43878.016,37848.05608335132
238346,43878.016,6396.521209572155
238347,43878.016,20961.387449601796
238348,43878.016,33987.55764775007
238349,43878.016,17598.094763387424
238350,43878.016,36053.24225076241
238351,43878.016,14847.025063100225
238352,43878.016,22323.69835973339
238353,43878.016,24132.328732587364
238354,43878.016,52338.11741906505
238355,43878.016,41932.52804025534
238356,43878.016,34164.46053664044
238357,43878.016,15619.720170506449
238358,43878.016,19297.965560552064
238359,43878.016,49441.185734928666
238360,43878.016,12430.15237065711
238361,43878.016,69497.94979787686
238362,43878.016,44709.65039113507
238363,43878.016,66992.05343779395
238364,43878.016,57846.749691069184
238365,43878.016,14885.046733877829
238366,43878.016,14189.707581891516
238367,43878.016,108475.99144951576
238368,43878.016,36086.60904678509
238369,43878.016,67385.38465421622
238370,43878.016,23978.942782907758
238371,43878.016,37226.84873311545
238372,43878.016,20803.083630492805
238373,43878.016,66311.52936243317
238374,43878.016,42497.16954683278
238375,43878.016,78658.88357514587
238376,43878.016,26218.251548982935
238377,43878.016,14177.833057842221
238378,43878.016,31036.83174960383
238379,43878.016,19522.29989587399
238380,43878.016,40512.22982053383
238381,43878.016,20934.430523722604
238382,43878.016,10623.440147837942
238383,43878.016,64452.00410433998
238384,43878.016,34109.633844453645
238385,43878.016,20844.483605310215
238386,43878.016,16539.811784541143
238387,43878.016,33489.6055773604
238388,43878.016,36524.63913787162
238389,43878.016,8154.625000933476
238390,43878.016,58231.00188309927
238391,43878.016,34940.84319494197
238392,43878.016,28212.45636939488
238393,43878.016,52748.035723075795
238394,43878.016,31408.520282851732
238395,43878.016,62844.56259957312
238396,43878.016,22433.9747731738
238397,43878.016,26064.214523545004
238398,43878.016,14573.456787248948
238399,43878.016,14441.963732467746
238400,43878.016,21161.935261802195
238401,43878.016,12246.878656342291
238402,43878.016,31044.243662027035
238403,43878.016,37639.93398583627
238404,43878.016,37564.10176527711
238405,43878.016,40096.322806300814
238406,43878.016,62379.778608363275
238407,43878.016,20064.707020146518
238408,43878.016,38844.43573169606
238409,43878.016,45833.9997557123
238410,43878.016,39173.46804229043
238411,43878.016,10377.307117709473
238412,43878.016,15638.632353399364
238413,43878.016,53626.48450159866
238414,43878.016,52533.423912661885
238415,43878.016,27367.780093452475
238416,43878.016,19385.630322713914
238417,43878.016,54477.024826461864
238418,43878.016,52175.26357104206
238419,43878.016,56521.22413806946
238420,43878.016,23624.12838537285
238421,43878.016,10502.604239134993
238422,43878.016,12969.103676209463
238423,43878.016,16358.86094877685
238424,43878.016,40931.10232664562
238425,43878.016,10906.769706762074
238426,43878.016,64210.73720125784
238427,43878.016,35630.411060350714
238428,43878.016,20780.085855882884
238429,43878.016,52229.17685978912
238430,43878.016,29110.397795430334
238431,43878.016,36859.14084330871
238432,43878.016,13571.971917338886
238433,43878.016,35252.11524767571
238434,43878.016,52190.07371304178
238435,43878.016,10934.87281785021
238436,43878.016,28687.64857445146
238437,43878.016,50734.3512413391
238438,43878.016,7362.0258242016425
238439,43878.016,25664.12418801085
238440,43878.016,25261.003610388543
238441,43878.016,35171.37966519034
238442,43878.016,22479.06520974006
238443,43878.016,32948.913527793986
238444,43878.016,18689.15203249094
238445,43878.016,41785.1626516621
238446,43878.016,35371.46227565825
238447,43878.016,55073.81512405186
238448,43878.016,33444.438614826955
238449,43878.016,63583.592441921115
238450,43878.016,56584.91257855749
238451,43878.016,19908.61595808285
238452,43878.016,72184.6069109949
238453,43878.016,20291.10521430445
238454,43878.016,4933.924624562122
238455,43878.016,8916.853187732111
238456,43878.016,7976.577023561564
238457,43878.016,10746.735294075816
238458,43878.016,29908.32900875501
238459,43878.016,66057.47114391325
238460,43878.016,34606.29496261408
238461,43878.016,33559.36720130262
238462,43878.016,18142.95245155352
238463,43878.016,22094.80883695532
238464,43878.016,41167.37709013418
238465,43878.016,13085.00792598452
238466,43878.016,44065.215729175645
238467,43878.016,46779.15486473181
238468,43878.016,14098.640026835981
238469,43878.016,25541.959169113823
238470,43878.016,34755.71493849307
238471,43878.016,58993.43920948927
238472,43878.016,7042.680810588334
238473,43878.016,12042.81257823145
238474,43878.016,52332.646571865975
238475,43878.016,45661.16407109206
238476,43878.016,36862.96889774976
238477,43878.016,12476.147168510948
238478,43878.016,15309.531320055241
238479,43878.016,59977.23634141652
238480,43878.016,12548.973905067836
238481,43878.016,41697.23399287067
238482,43878.016,46427.90792308435
238483,43878.016,48270.90317575063
238484,43878.016,22118.960601820465
238485,43878.016,19058.503474061326
238486,43878.016,29669.82699195081
238487,43878.016,27992.975423221847
238488,43878.016,50645.67507977968
238489,43878.016,58587.07745076332
238490,43878.016,11479.60195130115
238491,43878.016,68015.00864672492
238492,43878.016,34538.960114064954
238493,43878.016,35600.01141188247
238494,43878.016,25503.417765592578
238495,43878.016,32606.696830123106
238496,43878.016,24695.317487444434
238497,43878.016,46806.69372352298
238498,43878.016,78642.6817706085
238499,43878.016,6365.342948175771
238500,43878.016,49412.159801516806
238501,43878.016,21941.62250571275
238502,43878.016,10163.07938069259
238503,43878.016,43089.32211120974
238504,43878.016,19343.68807673412
238505,43878.016,35102.0441566104
238506,43878.016,17415.96380227281
238507,43878.016,9756.0246309224
238508,43878.016,41052.05598093645
238509,43878.016,40656.63571384169
238510,43878.016,45481.972105208275
238511,43878.016,69570.3169413361
238512,43878.016,11422.930739796904
238513,43878.016,22308.34565560026
238514,43878.016,48966.712356849304
238515,43878.016,31173.772197025668
238516,43878.016,17773.160540303805
238517,43878.016,59407.12658467745
238518,43878.016,20949.749761543106
238519,43878.016,39346.80146086995
238520,43878.016,44002.08640556797
238521,43878.016,53611.49934754423
238522,43878.016,7002.323844734391
238523,43878.016,13475.4803610045
238524,43878.016,48014.41997766153
238525,43878.016,38409.26631476385
238526,43878.016,25334.75049687308
238527,43878.016,16978.731647162924
238528,43878.016,28464.37904320059
238529,43878.016,46970.20644324649
238530,43878.016,14649.725427571677
238531,43878.016,17344.26744655633
238532,43878.016,61855.808601541044
238533,43878.016,31662.92056398929
238534,43878.016,50159.346118588044
238535,43878.016,44102.40908306796
238536,43878.016,62097.19012060523
238537,43878.016,14617.78262625291
238538,43878.016,63202.16310168054
238539,43878.016,35497.228607266945
238540,43878.016,25713.210134722372
238541,43878.016,19539.51772892368
238542,43878.016,62511.27507792967
238543,43878.016,27859.93882080969
238544,43878.016,41077.907610905866
238545,43878.016,54164.51870740532
238546,43878.016,46569.13832612701
238547,43878.016,18104.19331181969
238548,43878.016,13600.846089099632
238549,43878.016,40246.645105480406
238550,43878.016,15051.51824977755
238551,43878.016,55141.358379542144
238552,43878.016,43330.06228295413
238553,43878.016,12002.293766592575
238554,43878.016,7138.0938228969835
238555,43878.016,13767.333437671929
238556,43878.016,41731.98249446452
238557,43878.016,48171.20251607956
238558,43878.016,27322.693484572035
238559,43878.016,27385.133882529135
238560,43878.016,36083.09921817273
238561,43878.016,70377.16346015308
238562,43878.016,53258.21578761628
238563,43878.016,50017.12056392087
238564,43878.016,20326.61949371341
238565,43878.016,42494.84880637082
238566,43878.016,62048.605920852446
238567,43878.016,8393.9087559612
238568,43878.016,27081.500981618457
238569,43878.016,12066.685214687874
238570,43878.016,25478.445583390952
238571,43878.016,26997.18314451043
238572,43878.016,10877.213659766738
238573,43878.016,8735.111530641008
238574,43878.016,21720.241111191746
238575,43878.016,31850.794968622373
238576,43878.016,17846.706795847433
238577,43878.016,55118.866480977136
238578,43878.016,42051.93802473351
238579,43878.016,64734.019942728904
238580,43878.016,14672.292315860872
238581,43878.016,20724.020781716827
238582,43878.016,53998.65182529346
238583,43878.016,56750.9106976658
238584,43878.016,86800.98851458999
238585,43878.016,31879.542046702398
238586,43878.016,51960.26481062142
238587,43878.016,10060.549684919351
238588,43878.016,24018.471964903147
238589,43878.016,54690.85093181652
238590,43878.016,60619.69035886728
238591,43878.016,15355.65439091544
238592,43878.016,16372.376935836186
238593,43878.016,38996.0525388547
238594,43878.016,18643.18320111649
238595,43878.016,42371.55072003899
238596,43878.016,68261.12602912042
238597,43878.016,11153.208910621279
238598,43878.016,47735.137511000255
238599,43878.016,56332.55034941374
238600,43878.016,37189.09488752936
238601,43878.016,55799.188018791945
238602,43878.016,17471.446155484853
238603,43878.016,21638.61004276381
238604,43878.016,10177.259196236006
238605,43878.016,21171.837824259714
238606,43878.016,54016.36293813741
238607,43878.016,78108.47729519359
238608,43878.016,63165.221061543365
238609,43878.016,52989.55506504914
238610,43878.016,39292.533793052775
238611,43878.016,48261.64486539323
238612,43878.016,54967.84247207015
238613,43878.016,15441.379498315258
238614,43878.016,45627.83119492071
238615,43878.016,34985.24394999458
238616,43878.016,83024.19564175548
238617,43878.016,4996.8423543721465
238618,43878.016,58962.20373643753
238619,43878.016,21918.63526554749
238620,43878.016,60362.47650119377
238621,43878.016,30145.560373972545
238622,43878.016,33713.33436261974
238623,43878.016,45955.19139822615
238624,43878.016,22802.319463305295
238625,43878.016,24470.492958607498
238626,43878.016,34306.76349220334
238627,43878.016,63511.19956289689
238628,43878.016,17848.674295680506
238629,43878.016,49588.220621274064
238630,43878.016,41689.753480851534
238631,43878.016,52845.76240288954
238632,43878.016,12331.609536695634
238633,43878.016,33157.68191385468
238634,43878.016,23004.422330575475
238635,43878.016,13695.747350131227
238636,43878.016,55884.4544910723
238637,43878.016,56757.63869818538
238638,43878.016,54955.26081606044
238639,43878.016,11259.67279998871
238640,43878.016,28549.663229958533
238641,43878.016,25966.277176870037
238642,43878.016,60697.05987523318
238643,43878.016,69022.07556598993
238644,43878.016,11814.858475270237
238645,43878.016,32332.428582524833
238646,43878.016,14238.037160959486
238647,43878.016,28939.967363818447
238648,43878.016,56307.4787269456
238649,43878.016,71467.13352263301
238650,43878.016,18558.25662747774
238651,43878.016,45529.58846398728
238652,43878.016,30576.216484546945
238653,43878.016,44263.35406546771
238654,43878.016,24043.509387691956
238655,43878.016,44136.81862146492
238656,43878.016,67324.83705994135
238657,43878.016,34255.4797848743
238658,43878.016,45852.753823885
238659,43878.016,69081.63484024604
238660,43878.016,47256.45557330542
238661,43878.016,54691.586790203924
238662,43878.016,27200.770067955957
238663,43878.016,19231.204125896093
238664,43878.016,22907.92186416789
238665,43878.016,9247.104984013062
238666,43878.016,59282.47514805776
238667,43878.016,78343.03119634931
238668,43878.016,19935.702865657888
238669,43878.016,24020.384466324
238670,43878.016,47989.43777926104
238671,43878.016,35709.497815129595
238672,43878.016,15328.144670872536
238673,43878.016,54946.21743177504
238674,43878.016,14292.76314184523
238675,43878.016,13777.005847739132
238676,43878.016,23589.54240817871
238677,43878.016,59264.90546016031
238678,43878.016,36083.67131745773
238679,43878.016,42384.04896543948
238680,43878.016,49544.89974443104
238681,43878.016,64619.45704101876
238682,43878.016,41691.02179019479
238683,43878.016,35475.98694704037
238684,43878.016,40005.1905197949
238685,43878.016,16421.817615182998
238686,43878.016,62386.51730820898
238687,43878.016,24879.701714080915
238688,43878.016,10192.386100763011
238689,43878.016,46190.36281483381
238690,43878.016,29687.476532536486
238691,43878.016,20416.501810495356
238692,43878.016,26481.992976275495
238693,43878.016,51847.89745327468
238694,43878.016,24232.02585129474
238695,43878.016,20794.74802813141
238696,43878.016,59374.707530950654
238697,43878.016,9058.776956851343
238698,43878.016,38977.308198872255
238699,43878.016,41914.28399363638
238700,43878.016,44831.17097576969
238701,43878.016,47536.828135835814
238702,43878.016,21982.42492142228
238703,43878.016,36360.472195451446
238704,43878.016,50638.84040785126
238705,43878.016,22957.8335632917
238706,43878.016,19119.648361964617
238707,43878.016,50650.98353426712
238708,43878.016,33310.444305256366
238709,43878.016,73116.94364512232
238710,43878.016,8850.112680292832
238711,43878.016,71173.57856378348
238712,43878.016,47961.3382429949
238713,43878.016,42335.19996373064
238714,43878.016,46286.640020239196
238715,43878.016,25853.171383571942
238716,43878.016,50536.038120423735
238717,43878.016,16563.38393607773
238718,43878.016,14293.037460644027
238719,43878.016,9113.547426091829
238720,43878.016,58723.05568147155
238721,43878.016,30713.967778696006
238722,43878.016,18418.72343438959
238723,43878.016,52747.085548191615
238724,43878.016,34242.52126856835
238725,43878.016,48170.153446976256
238726,43878.016,26972.667096083256
238727,43878.016,39809.656012372274
238728,43878.016,21388.0438599876
238729,43878.016,18808.896376862314
238730,43878.016,45287.79069134392
238731,43878.016,59915.87271731083
238732,43878.016,32432.453979979895
238733,43878.016,28353.744985365585
238734,43878.016,10187.532267743867
238735,43878.016,22582.41015129815
238736,43878.016,19859.75297380481
238737,43878.016,33401.51843661758
238738,43878.016,24890.149015454062
238739,43878.016,53531.52592772614
238740,43878.016,17065.09054471436
238741,43878.016,30102.92291784085
238742,43878.016,22485.89373438967
238743,43878.016,49707.65203135653
238744,43878.016,21601.005491485023
238745,43878.016,30054.623917031073
238746,43878.016,53331.39893508539
238747,43878.016,69669.99431001594
238748,43878.016,32586.193502671576
238749,43878.016,60794.30182394308
238750,43878.016,12942.74636607641
238751,43878.016,14367.757843072788
238752,43878.016,65621.43528975321
238753,43878.016,48549.28040814784
238754,43878.016,36374.47862742602
238755,43878.016,66308.10761637332
238756,43878.016,37980.13212717171
238757,43878.016,10782.438167811277
238758,43878.016,34452.70995217065
238759,43878.016,29624.015535660208
238760,43878.016,43963.36774344534
238761,43878.016,59202.89116764423
238762,43878.016,14662.067944603823
238763,43878.016,26626.03639105909
238764,43878.016,46083.357612957385
238765,43878.016,35893.69866090579
238766,43878.016,26587.474677885577
238767,43878.016,63465.62794245004
238768,43878.016,44153.602013808086
238769,43878.016,43679.69850321873
238770,43878.016,22803.56524684612
238771,43878.016,14506.264352512102
238772,43878.016,52453.200743102796
238773,43878.016,15812.379805471606
238774,43878.016,14810.993369025007
238775,43878.016,33343.319513787115
238776,43878.016,53475.693551089156
238777,43878.016,23982.369067899268
238778,43878.016,36224.4607691271
238779,43878.016,26105.514011436615
238780,43878.016,42766.69372842827
238781,43878.016,60152.36772458046
238782,43878.016,27735.41446120865
238783,43878.016,52032.52793374323
238784,43878.016,45512.91459337332
238785,43878.016,22986.63957990816
238786,43878.016,23355.029080220356
238787,43878.016,9305.036390430496
238788,43878.016,68519.53638868204
238789,43878.016,21215.59664229968
238790,43878.016,25232.179097249296
238791,43878.016,22487.43621691538
238792,43878.016,33218.22838204007
238793,43878.016,13785.508234911682
238794,43878.016,26684.569425067704
238795,43878.016,53813.02237467998
238796,43878.016,19994.385848255537
238797,43878.016,48135.320272405894
238798,43878.016,29953.879564947918
238799,43878.016,22621.946175841873
238800,43878.016,52421.927017259535
238801,43878.016,15581.828489957317
238802,43878.016,10625.494066585707
238803,43878.016,46799.029402680215
238804,43878.016,17019.831951394164
238805,43878.016,8426.825306154456
238806,43878.016,21277.670356346676
238807,43878.016,8140.384473416432
238808,43878.016,41232.60543753592
238809,43878.016,33610.94218183527
238810,43878.016,39596.50194625675
238811,43878.016,25529.968322793786
238812,43878.016,65375.22246481526
238813,43878.016,44277.01169976037
238814,43878.016,18107.82525699803
238815,43878.016,11842.608101283091
238816,43878.016,23949.308566174404
238817,43878.016,66922.41068545189
238818,43878.016,16856.268002482826
238819,43878.016,14001.976086555798
238820,43878.016,52507.3697121179
238821,43878.016,63930.618194820556
238822,43878.016,22859.662883919744
238823,43878.016,11142.938753750681
238824,43878.016,62132.165814579144
238825,43878.016,35463.60641328378
238826,43878.016,14620.210793414923
238827,43878.016,34819.7248502423
238828,43878.016,40893.37999958688
238829,43878.016,26044.338382836955
238830,43878.016,41187.69617689178
238831,43878.016,22310.952911503162
238832,43878.016,54432.90417990708
238833,43878.016,27064.893997475243
238834,43878.016,53656.61741440795
238835,43878.016,23262.528912129274
238836,43878.016,33144.037866109786
238837,43878.016,29895.56090548507
238838,43878.016,41426.838179002545
238839,43878.016,9878.86751459312
238840,43878.016,33947.20553279441
238841,43878.016,44311.99999418528
238842,43878.016,55961.25245794228
238843,43878.016,42989.30037316805
238844,43878.016,52767.14352174043
238845,43878.016,55172.389741418105
238846,43878.016,54445.531111292345
238847,43878.016,16959.91478215005
238848,43878.016,26981.255458728465
238849,43878.016,18161.74601820997
238850,43878.016,8365.783228711962
238851,43878.016,62908.56134603653
238852,43878.016,17438.72200354484
238853,43878.016,35472.037901331976
238854,43878.016,13584.941315318276
238855,43878.016,33513.47328620927
238856,43878.016,52990.73604103046
238857,43878.016,21112.22279102471
238858,43878.016,18503.038700908357
238859,43878.016,48777.32600900089
238860,43878.016,22860.563193587142
238861,43878.016,20371.655834698966
238862,43878.016,26440.75026784823
238863,43878.016,59731.18751045679
238864,43878.016,34463.99428395635
238865,43878.016,23465.075908005965
238866,43878.016,40024.462040521204
238867,43878.016,22385.856643081905
238868,43878.016,13497.922154676678
238869,43878.016,12956.858792429402
238870,43878.016,58626.63863214915
238871,43878.016,55979.058400231566
238872,43878.016,25743.959284363304
238873,43878.016,41879.73743457872
238874,43878.016,21926.370196873144
238875,43878.016,21548.28181729387
238876,43878.016,56831.627774796136
238877,43878.016,15980.608871307817
238878,43878.016,23883.255745894796
238879,43878.016,17864.972463234295
238880,43878.016,31893.68710215864
238881,43878.016,10224.072854111542
238882,43878.016,5519.705253201585
238883,43878.016,43516.57315604685
238884,43878.016,73903.72727659903
238885,43878.016,40173.48156348642
238886,43878.016,23345.92167560366
238887,43878.016,115818.6998716953
238888,43878.016,22174.434361121206
238889,43878.016,33327.19844569215
238890,43878.016,26975.669830514704
238891,43878.016,10889.934603313364
238892,43878.016,15093.449262492415
238893,43878.016,25521.854210360925
238894,43878.016,46599.66854705107
238895,43878.016,47333.72248386339
238896,43878.016,60216.26551731114
238897,43878.016,21950.659910216353
238898,43878.016,24591.52857324067
238899,43878.016,43422.23374514473
238900,43878.016,33643.86662250953
238901,43878.016,22687.279003492953
238902,43878.016,28473.574009013086
238903,43878.016,26082.483004640995
238904,43878.016,18498.4852335844
238905,43878.016,4967.869959007815
238906,43878.016,17864.631267101122
238907,43878.016,12904.104436156687
238908,43878.016,35046.43227930281
238909,43878.016,28034.775507736696
238910,43878.016,39082.60484544406
238911,43878.016,27807.101986709666
238912,43878.016,17882.81952665361
238913,43878.016,17741.199605687754
238914,43878.016,45649.76176276048
238915,43878.016,23812.965574131103
238916,43878.016,38255.846345620026
238917,43878.016,65134.79725842327
238918,43878.016,31001.24410237941
238919,43878.016,29737.10889778931
238920,43878.016,23260.5884367367
238921,43878.016,38881.77603484821
238922,43878.016,58098.03887563339
238923,43878.016,43489.06821707293
238924,43878.016,10134.650725324245
238925,43878.016,10268.415198262504
238926,43878.016,57802.94225927014
238927,43878.016,49450.24670730678
238928,43878.016,48342.640958830176
238929,43878.016,45318.086479901816
238930,43878.016,13559.786379042564
238931,43878.016,52206.857573644535
238932,43878.016,39336.46472689353
238933,43878.016,6311.032695294606
238934,43878.016,26161.401997130615
238935,43878.016,39687.15397408806
238936,43878.016,14563.40427278751
238937,43878.016,11022.10926141875
238938,43878.016,43942.312560033715
238939,43878.016,9593.648592395435
238940,43878.016,13064.414344591394
238941,43878.016,14694.657447820024
238942,43878.016,59231.73930066434
238943,43878.016,37631.34392008523
238944,43878.016,39741.301213807
238945,43878.016,56288.827795686484
238946,43878.016,6216.0277148063315
238947,43878.016,68522.3907371051
238948,43878.016,15624.615051173527
238949,43878.016,8990.555428276619
238950,43878.016,9292.93413513339
238951,43878.016,56070.58856425964
238952,43878.016,47127.330854437765
238953,43878.016,32062.91310863959
238954,43878.016,54148.80714606395
238955,43878.016,15789.416917212928
238956,43878.016,38311.6704200867
238957,43878.016,48167.73864514349
238958,43878.016,19292.308427499058
238959,43878.016,15273.478439884404
238960,43878.016,51182.31599264556
238961,43878.016,42018.45301851909
238962,43878.016,33036.9189198954
238963,43878.016,44814.9285776585
238964,43878.016,56762.0674812792
238965,43878.016,32688.647512204327
238966,43878.016,50823.35617066661
238967,43878.016,30433.582397004127
238968,43878.016,26530.69839829921
238969,43878.016,54014.68015625132
238970,43878.016,37544.37597768268
238971,43878.016,51319.02143810532
238972,43878.016,17703.229672753238
238973,43878.016,10888.070257613012
238974,43878.016,22252.567887185083
238975,43878.016,63187.171282980016
238976,43878.016,55410.45889706614
238977,43878.016,8701.973539612816
238978,43878.016,11262.665385323222
238979,43878.016,12920.151808783408
238980,43878.016,11748.017411758272
238981,43878.016,14681.612019348348
238982,43878.016,47395.24043145328
238983,43878.016,18123.788453447778
238984,43878.016,32259.89526333984
238985,43878.016,19994.418177315092
238986,43878.016,44075.50165352906
238987,43878.016,98935.57332144941
238988,43878.016,42623.41673068768
238989,43878.016,58310.2841443183
238990,43878.016,49209.38946648129
238991,43878.016,33318.40658588993
238992,43878.016,5149.250704170207
238993,43878.016,16323.092807977244
238994,43878.016,11693.150925678703
238995,43878.016,38892.772086890545
238996,43878.016,37695.26638065889
238997,43878.016,29418.58443874442
238998,43878.016,19105.052230321067
238999,43878.016,19189.427390867466
239000,43878.016,28891.22000295248
239001,43878.016,38478.36996444296
239002,43878.016,28835.5272732032
239003,43878.016,59313.01894146039
239004,43878.016,54810.84934975604
239005,43878.016,15661.415823813035
239006,43878.016,45790.600424335156
239007,43878.016,39733.853089447606
239008,43878.016,58384.023904739886
239009,43878.016,49027.72214731731
239010,43878.016,51086.999711848206
239011,43878.016,23184.288928871105
239012,43878.016,37846.149042010446
239013,43878.016,34576.01326131037
239014,43878.016,64084.402267919526
239015,43878.016,37021.31446854132
239016,43878.016,63820.85958696288
239017,43878.016,51197.36101699578
239018,43878.016,41456.20943552657
239019,43878.016,53028.45180808168
239020,43878.016,11229.046767321446
239021,43878.016,32933.915748096086
239022,43878.016,23826.316254530153
239023,43878.016,51486.48241240698
239024,43878.016,18250.537494288157
239025,43878.016,48298.79409252945
239026,43878.016,42925.52686853235
239027,43878.016,11008.697229256193
239028,43878.016,74970.23297170477
239029,43878.016,44888.587831691904
239030,43878.016,10709.699455257563
239031,43878.016,22725.43227228834
239032,43878.016,18233.95868105206
239033,43878.016,10919.012480523557
239034,43878.016,7104.854136288402
239035,43878.016,45882.189326082116
239036,43878.016,11473.062838058728
239037,43878.016,48656.38496516106
239038,43878.016,46511.01795682814
239039,43878.016,11877.221762290594
239040,43878.016,16725.656566446378
239041,43878.016,38371.87965820843
239042,43878.016,57102.84533915379
239043,43878.016,41013.37862201061
239044,43878.016,6745.5166827370285
239045,43878.016,22943.456521561606
239046,43878.016,58703.101324693875
239047,43878.016,31035.51883323207
239048,43878.016,37277.697356870965
239049,43878.016,53625.853088084354
239050,43878.016,32434.536765673965
239051,43878.016,41489.782575704165
239052,43878.016,14917.486343898465
239053,43878.016,32717.037322271
239054,43878.016,66311.6822617343
239055,43878.016,40102.553115292634
239056,43878.016,23192.93905066318
239057,43878.016,66343.33161597642
239058,43878.016,20250.438881495196
239059,43878.016,12548.507543753345
239060,43878.016,45155.711417886145
239061,43878.016,57976.58706169802
239062,43878.016,49233.133988638336
239063,43878.016,17067.822104039293
239064,43878.016,68641.38226846197
239065,43878.016,10734.944664717937
239066,43878.016,50163.24667956318
239067,43878.016,50863.506983656094
239068,43878.016,34339.48291422527
239069,43878.016,17492.29712536797
239070,43878.016,21005.08880164093
239071,43878.016,57461.672126350284
239072,43878.016,41981.21787537764
239073,43878.016,28305.84479343799
239074,43878.016,30604.412352190593
239075,43878.016,26118.36393225351
239076,43878.016,12886.95171111249
239077,43878.016,20652.509242799355
239078,43878.016,9446.79067124627
239079,43878.016,46653.834521118464
239080,43878.016,48173.58466052077
239081,43878.016,21404.33281920903
239082,43878.016,35412.94342981889
239083,43878.016,14427.837726931957
239084,43878.016,37444.32288666534
239085,43878.016,18881.94995997862
239086,43878.016,33448.83506701977
239087,43878.016,33242.26157039284
239088,43878.016,70080.73376456116
239089,43878.016,28370.661778944897
239090,43878.016,8576.34847568342
239091,43878.016,70195.86456446245
239092,43878.016,62452.89222495979
239093,43878.016,32392.387092379475
239094,43878.016,43377.83815497363
239095,43878.016,36663.777038155844
239096,43878.016,43413.32440341774
239097,43878.016,25850.188839376235
239098,43878.016,19545.023974181833
239099,43878.016,33457.84276147509
239100,43878.016,51645.62436405101
239101,43878.016,66050.67096443489
239102,43878.016,32345.530000757703
239103,43878.016,46346.24953605383
239104,43878.016,16933.436800933872
239105,43878.016,29520.13954993085
239106,43878.016,51875.561355333724
239107,43878.016,21312.192983572266
239108,43878.016,50352.59046906194
239109,43878.016,34603.46911774588
239110,43878.016,59316.75885379507
239111,43878.016,5260.107397769308
239112,43878.016,46914.71966289022
239113,43878.016,27055.161360190858
239114,43878.016,37326.333121036485
239115,43878.016,62015.96002626974
239116,43878.016,32876.02494215875
239117,43878.016,20758.981251734593
239118,43878.016,79201.7309452721
239119,43878.016,46550.98340666495
239120,43878.016,35356.45649117508
239121,43878.016,15537.970390328934
239122,43878.016,22503.19955529656
239123,43878.016,57748.55951658588
239124,43878.016,50200.2233891248
239125,43878.016,42230.34958167628
239126,43878.016,26679.440969632826
239127,43878.016,45540.96495566075
239128,43878.016,16274.330282068422
239129,43878.016,27800.74177792419
239130,43878.016,36286.402447072636
239131,43878.016,56438.24646745218
239132,43878.016,12143.137159865462
239133,43878.016,13998.747982062132
239134,43878.016,35309.49119112681
239135,43878.016,33820.79383553544
239136,43878.016,10280.997865952697
239137,43878.016,35340.62004138683
239138,43878.016,59456.35717294334
239139,43878.016,75049.12582120966
239140,43878.016,55471.5060404184
239141,43878.016,44627.58769887613
239142,43878.016,25367.105927021345
239143,43878.016,16941.32762679533
239144,43878.016,39837.47141231402
239145,43878.016,20114.61925160646
239146,43878.016,12311.274002646418
239147,43878.016,6125.5712583788345
239148,43878.016,50576.99168808552
239149,43878.016,40013.1750156415
239150,43878.016,52486.6862811841
239151,43878.016,63721.88128017006
239152,43878.016,45453.533740532126
239153,43878.016,14927.501699683819
239154,43878.016,12532.287052601934
239155,43878.016,56237.572193034975
239156,43878.016,28679.333007118003
239157,43878.016,16986.91917257655
239158,43878.016,43155.830154106414
239159,43878.016,19532.877574184124
239160,43878.016,61221.252893168385
239161,43878.016,20904.539727060084
239162,43878.016,48501.13960313961
239163,43878.016,8910.528323594026
239164,43878.016,51543.049959658005
239165,43878.016,32900.1838617577
239166,43878.016,17486.991239992218
239167,43878.016,38192.73436660376
239168,43878.016,39963.14437641545
239169,43878.016,57579.84561995445
239170,43878.016,33011.242041333426
239171,43878.016,55750.44687642385
239172,43878.016,9746.760215668717
239173,43878.016,21553.157173719148
239174,43878.016,51095.86521145222
239175,43878.016,34373.89978663421
239176,43878.016,49063.23590035884
239177,43878.016,34014.59342614353
239178,43878.016,26536.09915965473
239179,43878.016,28701.11059781204
239180,43878.016,77589.38094591323
239181,43878.016,64165.77192640798
239182,43878.016,48530.60844752041
239183,43878.016,58807.24772805355
239184,43878.016,73508.06624757926
239185,43878.016,52792.72989786114
239186,43878.016,48970.67036219984
239187,43878.016,54392.20458054521
239188,43878.016,49385.32537511086
239189,43878.016,30741.881043964422
239190,43878.016,26612.619361292473
239191,43878.016,40861.044676293764
239192,43878.016,44559.31759117468
239193,43878.016,12768.807049291025
239194,43878.016,31401.431693671664
239195,43878.016,51354.01509124351
239196,43878.016,38162.71379926459
239197,43878.016,61012.612089883114
239198,43878.016,10732.49922349061
239199,43878.016,36758.90280728806
239200,43878.016,46524.420199336964
239201,43878.016,55394.94464549078
239202,43878.016,29223.804045739522
239203,43878.016,56962.64615353078
239204,43878.016,20009.100082925455
239205,43878.016,24110.34425348998
239206,43878.016,40908.343671494775
239207,43878.016,61962.913572591824
239208,43878.016,51919.78338324177
239209,43878.016,80843.59526756346
239210,43878.016,21337.580409631275
239211,43878.016,13083.356157999739
239212,43878.016,12469.528866181596
239213,43878.016,25454.318397605726
239214,43878.016,67661.81387677367
239215,43878.016,31890.83777118882
239216,43878.016,59189.92412236722
239217,43878.016,39153.95739531337
239218,43878.016,18244.946949573692
239219,43878.016,25825.251654341024
239220,43878.016,43503.95695221281
239221,43878.016,67884.6349041088
239222,43878.016,41777.09969456355
239223,43878.016,50989.49840215906
239224,43878.016,21669.416589441567
239225,43878.016,70101.8044627949
239226,43878.016,24260.74070744108
239227,43878.016,46349.55704698168
239228,43878.016,22988.397203714474
239229,43878.016,17238.273603950187
239230,43878.016,50077.20582988242
239231,43878.016,73348.13503171752
239232,43878.016,61654.29294811844
239233,43878.016,19475.227202781338
239234,43878.016,24846.472486648327
239235,43878.016,30428.917121955696
239236,43878.016,45233.75044100872
239237,43878.016,62283.42920709485
239238,43878.016,39978.92582636935
239239,43878.016,12783.007695162496
239240,43878.016,30989.92899915427
239241,43878.016,12215.734213939828
239242,43878.016,57017.84183227936
239243,43878.016,35286.75058604575
239244,43878.016,29614.64506746236
239245,43878.016,45518.28787473235
239246,43878.016,79256.05821420526
239247,43878.016,17186.815658471227
239248,43878.016,26149.260454964366
239249,43878.016,57428.47321292034
239250,43878.016,77864.87418249744
239251,43878.016,22569.51222304025
239252,43878.016,56027.683378464484
239253,43878.016,25828.194570236938
239254,43878.016,40662.11362711735
239255,43878.016,34404.270981731905
239256,43878.016,29417.70959562262
239257,43878.016,29101.30559154517
239258,43878.016,81500.33334214488
239259,43878.016,22022.901187857216
239260,43878.016,14759.320470555376
239261,43878.016,20052.955454227995
239262,43878.016,42063.72982505043
239263,43878.016,56304.52696430865
239264,43878.016,44157.35044306995
239265,43878.016,17752.32949837066
239266,43878.016,52859.483771959254
239267,43878.016,52362.73603177191
239268,43878.016,64470.3535211878
239269,43878.016,31032.443909715126
239270,43878.016,18611.615535494526
239271,43878.016,30937.245108553092
239272,43878.016,49972.72862264623
239273,43878.016,24980.280755088577
239274,43878.016,11657.500441696593
239275,43878.016,14548.844486210388
239276,43878.016,19946.727526567527
239277,43878.016,41382.34936866272
239278,43878.016,15431.590015575171
239279,43878.016,36118.493128275506
239280,43878.016,46844.65849975822
239281,43878.016,13045.642805853005
239282,43878.016,15899.27836087541
239283,43878.016,38766.60795379345
239284,43878.016,65043.41881256892
239285,43878.016,22575.414827129345
239286,43878.016,41173.913900983964
239287,43878.016,22144.005398800196
239288,43878.016,31606.83952830929
239289,43878.016,39309.92167578495
239290,43878.016,13900.842920596375
239291,43878.016,37613.92044430381
239292,43878.016,26843.55286690573
239293,43878.016,25766.41231100994
239294,43878.016,8589.415980004524
239295,43878.016,40928.54092330129
239296,43878.016,46077.69602263663
239297,43878.016,31762.744122557582
239298,43878.016,34693.12125146545
239299,43878.016,65079.173024134
239300,43878.016,38414.74297583729
239301,43878.016,16861.814403706503
239302,43878.016,26368.653521741828
239303,43878.016,38487.26231258148
239304,43878.016,17621.133137826182
239305,43878.016,43845.8214821379
239306,43878.016,27652.72896030405
239307,43878.016,12162.523832062565
239308,43878.016,44092.83397824162
239309,43878.016,28013.979664009345
239310,43878.016,7731.025633054032
239311,43878.016,16676.970692607367
239312,43878.016,40036.6683664379
239313,43878.016,69726.54752941175
239314,43878.016,34465.10951997394
239315,43878.016,34207.19173939481
239316,43878.016,55803.08781021974
239317,43878.016,39005.00649755002
239318,43878.016,74221.65481059153
239319,43878.016,50974.55862788599
239320,43878.016,54506.07810746774
239321,43878.016,23768.23927078547
239322,43878.016,30062.299709671748
239323,43878.016,63485.74085884572
239324,43878.016,26839.88440781913
239325,43878.016,17138.398349160398
239326,43878.016,32765.13444131843
239327,43878.016,65307.53453956839
239328,43878.016,12181.175448684966
239329,43878.016,58840.07431535781
239330,43878.016,22233.66355219401
239331,43878.016,34155.61700419284
239332,43878.016,61743.711678304746
239333,43878.016,48616.459900595335
239334,43878.016,14483.774785124242
239335,43878.016,34729.317575094705
239336,43878.016,36572.303859315296
239337,43878.016,11648.025104867778
239338,43878.016,40072.01601925885
239339,43878.016,84917.87987000332
239340,43878.016,36705.64589299736
239341,43878.016,13369.390672438156
239342,43878.016,51864.43000222031
239343,43878.016,28137.789374139244
239344,43878.016,8827.18559617795
239345,43878.016,23088.643978573542
239346,43878.016,26068.08145871298
239347,43878.016,29343.46347697913
239348,43878.016,29012.56928220934
239349,43878.016,39660.92737841541
239350,43878.016,21095.70771090561
239351,43878.016,72243.34355338512
239352,43878.016,50861.75641816277
239353,43878.016,10100.356298434295
239354,43878.016,21224.68668197783
239355,43878.016,44207.69850415714
239356,43878.016,59078.62233627721
239357,43878.016,11734.446011961496
239358,43878.016,36723.29255295846
239359,43878.016,21985.71869437679
239360,43878.016,64305.4499177649
239361,43878.016,26566.42822372989
239362,43878.016,16941.20151439609
239363,43878.016,57049.058360338524
239364,43878.016,30315.673045876705
239365,43878.016,26711.271063923818
239366,43878.016,35492.990418401605
239367,43878.016,15923.223871189331
239368,43878.016,25604.534396296807
239369,43878.016,9918.47019045734
239370,43878.016,37675.23387012895
239371,43878.016,31090.016078077955
239372,43878.016,24007.625010671352
239373,43878.016,54340.09191279009
239374,43878.016,11763.769076553495
239375,43878.016,24444.223442648217
239376,43878.016,78531.93414171334
239377,43878.016,28648.427848486124
239378,43878.016,21347.12938952425
239379,43878.016,12348.298048023806
239380,43878.016,19071.410645146163
239381,43878.016,11077.777495477487
239382,43878.016,31542.36813738173
239383,43878.016,36156.98502530382
239384,43878.016,67105.4411286302
239385,43878.016,21272.94397642159
239386,43878.016,18180.17280994802
239387,43878.016,24660.959851515512
239388,43878.016,47889.81114267455
239389,43878.016,9548.545168757186
239390,43878.016,47711.384501291
239391,43878.016,37670.52938032002
239392,43878.016,18054.522183480363
239393,43878.016,53501.11511790078
239394,43878.016,52525.33644897319
239395,43878.016,29429.65933220371
239396,43878.016,55001.99334318394
239397,43878.016,21330.77448134494
239398,43878.016,8990.2592346493
239399,43878.016,37634.97857955525
239400,43878.016,40827.61654854432
239401,43878.016,6264.746769200049
239402,43878.016,80981.23485057299
239403,43878.016,21505.68022464759
239404,43878.016,72111.01838274763
239405,43878.016,33344.16807566917
239406,43878.016,31594.70444373017
239407,43878.016,39177.54836279835
239408,43878.016,49465.29116486593
239409,43878.016,20086.28599533975
239410,43878.016,17385.355628349003
239411,43878.016,40136.69724793543
239412,43878.016,69843.75903564037
239413,43878.016,48576.14572927377
239414,43878.016,25066.15035314102
239415,43878.016,29386.315879366077
239416,43878.016,29617.221310270364
239417,43878.016,49460.554440483655
239418,43878.016,70106.12296185894
239419,43878.016,58600.78319079682
239420,43878.016,30053.58859551172
239421,43878.016,66786.15311644698
239422,43878.016,7978.030689051492
239423,43878.016,19517.238088952614
239424,43878.016,55599.12392132061
239425,43878.016,42194.486832341274
239426,43878.016,58080.53178092339
239427,43878.016,17695.347456959167
239428,43878.016,18343.382426190514
239429,43878.016,23148.229290905612
239430,43878.016,41971.195542335336
239431,43878.016,42557.71359396614
239432,43878.016,41881.55430740664
239433,43878.016,15265.925313705502
239434,43878.016,36079.1915253413
239435,43878.016,9686.072132197714
239436,43878.016,32645.191437003716
239437,43878.016,31904.169549103717
239438,43878.016,62226.65567148915
239439,43878.016,39083.754999546996
239440,43878.016,42523.19200294999
239441,43878.016,17282.82245193605
239442,43878.016,30540.967679855934
239443,43878.016,33133.03874696805
239444,43878.016,11831.860633826453
239445,43878.016,57659.65545375227
239446,43878.016,55277.946668974124
239447,43878.016,22622.213915365563
239448,43878.016,45588.08769660661
239449,43878.016,12731.190857304495
239450,43878.016,33338.16765325211
239451,43878.016,26835.85982365899
239452,43878.016,39161.91216519845
239453,43878.016,22734.72270943029
239454,43878.016,33288.41016565512
239455,43878.016,19683.535053298907
239456,43878.016,13002.78098794518
239457,43878.016,45015.882976136825
239458,43878.016,32300.410108009717
239459,43878.016,8040.027706406276
239460,43878.016,57365.326047939816
239461,43878.016,20405.04544602101
239462,43878.016,27025.880393498184
239463,43878.016,23434.11330122816
239464,43878.016,38541.16903471808
239465,43878.016,36572.84463095708
239466,43878.016,46427.69518295255
239467,43878.016,27987.48221358201
239468,43878.016,59011.91481683298
239469,43878.016,12342.011218222946
239470,43878.016,21259.989279789585
239471,43878.016,16475.59833426116
239472,43878.016,51100.34660373646
239473,43878.016,38001.973263677486
239474,43878.016,44888.23706948322
239475,43878.016,22337.891505703145
239476,43878.016,27037.80871035169
239477,43878.016,36153.03644133957
239478,43878.016,33632.7395991089
239479,43878.016,50924.45909356483
239480,43878.016,56637.915651165225
239481,43878.016,24398.105135977115
239482,43878.016,46869.98597805428
239483,43878.016,46339.99096945857
239484,43878.016,49723.268940430906
239485,43878.016,10663.583160584452
239486,43878.016,26108.086946482996
239487,43878.016,38683.85693658027
239488,43878.016,44402.3340448181
239489,43878.016,29123.319265869683
239490,43878.016,12462.839971265676
239491,43878.016,9300.462117091905
239492,43878.016,44406.74445193769
239493,43878.016,12451.94510640922
239494,43878.016,11167.258285150061
239495,43878.016,76489.80302233832
239496,43878.016,10348.699066725852
239497,43878.016,21026.275559394184
239498,43878.016,63857.09183708249
239499,43878.016,19156.191694146455
239500,43878.016,77076.57589867743
239501,43878.016,41298.53481502465
239502,43878.016,12020.111453048317
239503,43878.016,27582.194362312912
239504,43878.016,53248.760844166536
239505,43878.016,8066.184977525403
239506,43878.016,49558.958721081384
239507,43878.016,60077.01852533969
239508,43878.016,16082.674983861214
239509,43878.016,22938.0770692343
239510,43878.016,58131.83147385954
239511,43878.016,39081.67761787067
239512,43878.016,36923.947675547766
239513,43878.016,35745.789566211104
239514,43878.016,26067.496136432408
239515,43878.016,56337.174999378934
239516,43878.016,20156.089086339027
239517,43878.016,60720.403543076434
239518,43878.016,47620.0273577676
239519,43878.016,79802.54920076877
239520,43878.016,26646.105292837936
239521,43878.016,13536.501856811248
239522,43878.016,47630.98741336952
239523,43878.016,36955.42013594967
239524,43878.016,12014.344749365586
239525,43878.016,12733.180236185313
239526,43878.016,8129.766631107053
239527,43878.016,35299.533284243495
239528,43878.016,28324.857593934863
239529,43878.016,57007.166289374254
239530,43878.016,60021.65868776544
239531,43878.016,46224.30925224927
239532,43878.016,14548.905740104574
239533,43878.016,75101.2353277476
239534,43878.016,13979.046586728438
239535,43878.016,10073.993445553866
239536,43878.016,11872.887174336816
239537,43878.016,22569.467291494082
239538,43878.016,12918.103887602101
239539,43878.016,40930.29184905826
239540,43878.016,38998.7966814406
239541,43878.016,36385.61648468143
239542,43878.016,12968.002369507534
239543,43878.016,36525.12035135555
239544,43878.016,13599.446278165153
239545,43878.016,51232.85514365558
239546,43878.016,36124.55669949997
239547,43878.016,48182.34611221713
239548,43878.016,72928.7292796026
239549,43878.016,45899.602306267414
239550,43878.016,34841.10744900725
239551,43878.016,39501.648029692435
239552,43878.016,58379.976648314914
239553,43878.016,36393.599435014716
239554,43878.016,18550.88049109386
239555,43878.016,36355.464991032735
239556,43878.016,32704.72828572781
239557,43878.016,84155.76460272826
239558,43878.016,31372.41237079988
239559,43878.016,15483.753775962556
239560,43878.016,43925.49629290054
239561,43878.016,59095.272562357124
239562,43878.016,39796.9917887942
239563,43878.016,61019.2962770158
239564,43878.016,23210.404566743036
239565,43878.016,28755.775924063728
239566,43878.016,55671.15554734774
239567,43878.016,71833.1093311141
239568,43878.016,25804.166532928153
239569,43878.016,19995.98431012475
239570,43878.016,30736.278915127023
239571,43878.016,18850.381210409483
239572,43878.016,22560.503716921674
239573,43878.016,43873.340305360056
239574,43878.016,8836.563201061932
239575,43878.016,19519.180784152715
239576,43878.016,5973.315450362022
239577,43878.016,37456.067246490275
239578,43878.016,12044.70313629899
239579,43878.016,11764.980702157269
239580,43878.016,49764.03436628267
239581,43878.016,24850.1353015855
239582,43878.016,27036.687944792076
239583,43878.016,8188.392968282598
239584,43878.016,71173.35732198584
239585,43878.016,89662.61138589047
239586,43878.016,80383.39651729689
239587,43878.016,43278.93102234034
239588,43878.016,8444.706513674158
239589,43878.016,21819.817683520414
239590,43878.016,13689.308120081505
239591,43878.016,22543.06044054211
239592,43878.016,18004.245720143936
239593,43878.016,14990.874273171214
239594,43878.016,42806.23371964142
239595,43878.016,11432.75620946598
239596,43878.016,45723.142098156335
239597,43878.016,51819.87845409331
239598,43878.016,51749.87842482303
239599,43878.016,32829.91676964409
239600,43878.016,26018.032237267566
239601,43878.016,22928.5740273557
239602,43878.016,67430.30905382606
239603,43878.016,32961.150011895086
239604,43878.016,29724.10116320559
239605,43878.016,17286.419127852554
239606,43878.016,21058.15294434751
239607,43878.016,8764.858452618442
239608,43878.016,11459.252344182218
239609,43878.016,41039.331337296426
239610,43878.016,45639.1749447527
239611,43878.016,31609.30150552921
239612,43878.016,33042.24274665744
239613,43878.016,25113.068959882406
239614,43878.016,36259.032734221364
239615,43878.016,54468.09667664369
239616,43878.016,37232.66209168504
239617,43878.016,10443.918067005738
239618,43878.016,50971.51891078657
239619,43878.016,7288.49977069299
239620,43878.016,27969.261418672653
239621,43878.016,11786.780791117442
239622,43878.016,54388.975553340286
239623,43878.016,46652.26563980233
239624,43878.016,26863.60524525006
239625,43878.016,34369.91118501743
239626,43878.016,22464.47406855078
239627,43878.016,22426.83988463586
239628,43878.016,31033.44541537146
239629,43878.016,14987.109423412168
239630,43878.016,34255.4449034745
239631,43878.016,80170.89537286382
239632,43878.016,13127.738722912538
239633,43878.016,45292.49477751481
239634,43878.016,41344.056575905284
239635,43878.016,67173.298306939
239636,43878.016,26490.052266957013
239637,43878.016,46001.643173112
239638,43878.016,46445.31768041793
239639,43878.016,10599.04564552093
239640,43878.016,12033.49019373705
239641,43878.016,14584.294627230762
239642,43878.016,16857.847410587863
239643,43878.016,42189.357165642694
239644,43878.016,18489.728980423108
239645,43878.016,27475.25837886071
239646,43878.016,13533.437867439787
239647,43878.016,41067.877356790945
239648,43878.016,74607.09829186037
239649,43878.016,25382.59110706302
239650,43878.016,61736.14716416413
239651,43878.016,53759.25147610283
239652,43878.016,35400.603331127364
239653,43878.016,33241.70327713129
239654,43878.016,37462.71348939117
239655,43878.016,42215.35967799462
239656,43878.016,63162.70929235112
239657,43878.016,55160.1970876541
239658,43878.016,14245.36118036049
239659,43878.016,74223.74080039117
239660,43878.016,84003.81474799634
239661,43878.016,31661.461516578383
239662,43878.016,62160.27077552564
239663,43878.016,8665.040673528481
239664,43878.016,48806.40565059984
239665,43878.016,11769.329818878537
239666,43878.016,27122.94818783291
239667,43878.016,63604.934135747564
239668,43878.016,25173.681059112132
239669,43878.016,51975.99674632859
239670,43878.016,34901.713383749826
239671,43878.016,24674.760901906637
239672,43878.016,38529.00773511527
239673,43878.016,28896.890729660936
239674,43878.016,45049.22060699679
239675,43878.016,45704.83136286071
239676,43878.016,25515.37852708156
239677,43878.016,40446.21176990272
239678,43878.016,37481.19587165199
239679,43878.016,58958.24984756078
239680,43878.016,26123.445070049398
239681,43878.016,26427.971499923377
239682,43878.016,30621.301602250263
239683,43878.016,18378.314276409405
239684,43878.016,30589.03500681234
239685,43878.016,54143.5011847032
239686,43878.016,15584.867894386976
239687,43878.016,38862.23114619182
239688,43878.016,41573.34832232559
239689,43878.016,37103.16712253355
239690,43878.016,20406.138350484638
239691,43878.016,45212.33722853792
239692,43878.016,33024.69620023394
239693,43878.016,66559.69321842349
239694,43878.016,26721.861561341528
239695,43878.016,17865.41460069777
239696,43878.016,51842.2122132975
239697,43878.016,14478.140200581784
239698,43878.016,55105.645451417666
239699,43878.016,37186.687862866114
239700,43878.016,22766.621198073328
239701,43878.016,23811.720011370766
239702,43878.016,45829.682711879446
239703,43878.016,21808.250028236915
239704,43878.016,14249.240524335355
239705,43878.016,53253.808930353596
239706,43878.016,36831.98254377372
239707,43878.016,10149.994597098826
239708,43878.016,10705.287741927808
239709,43878.016,22007.36430953364
239710,43878.016,22271.692670605968
239711,43878.016,26326.53801677743
239712,43878.016,46855.909234771265
239713,43878.016,40430.343110364964
239714,43878.016,62749.52169811724
239715,43878.016,48655.17481321441
239716,43878.016,22602.940081935263
239717,43878.016,23370.18141750345
239718,43878.016,57587.01233415598
239719,43878.016,38213.87452686602
239720,43878.016,31229.639389956254
239721,43878.016,9563.069932267257
239722,43878.016,47063.31617547263
239723,43878.016,66510.04269758152
239724,43878.016,55154.50770911055
239725,43878.016,45537.00509424296
239726,43878.016,25397.810301700683
239727,43878.016,74294.10254652362
239728,43878.016,28973.486734887403
239729,43878.016,53486.826249565485
239730,43878.016,85701.031008537
239731,43878.016,21474.880138060507
239732,43878.016,9179.214249809098
239733,43878.016,9393.358332486505
239734,43878.016,30930.91751949902
239735,43878.016,51910.15627437731
239736,43878.016,13001.55422925425
239737,43878.016,16170.477560340887
239738,43878.016,14710.621381195268
239739,43878.016,34542.18331155373
239740,43878.016,22748.128571466867
239741,43878.016,32259.69991303919
239742,43878.016,45267.31476424657
239743,43878.016,49573.424755708154
239744,43878.016,24209.736555541454
239745,43878.016,14218.66103831271
239746,43878.016,57532.73822685849
239747,43878.016,39174.99141958231
239748,43878.016,14041.579292661407
239749,43878.016,47531.31595726185
239750,43878.016,40514.27467460208
239751,43878.016,52755.416598724856
239752,43878.016,51756.986844447594
239753,43878.016,6939.697194269116
239754,43878.016,37895.36236976956
239755,43878.016,9269.71438235751
239756,43878.016,36904.34047145233
239757,43878.016,28928.50663141762
239758,43878.016,26227.324216430803
239759,43878.016,8054.852991734793
239760,43878.016,35338.78460697608
239761,43878.016,17199.252914536
239762,43878.016,52110.42064018581
239763,43878.016,46724.46204433343
239764,43878.016,61948.720979868674
239765,43878.016,54502.588488133566
239766,43878.016,31248.05982762246
239767,43878.016,9014.644380806443
239768,43878.016,45235.96015995116
239769,43878.016,34549.0160113411
239770,43878.016,53768.11216126106
239771,43878.016,51699.11624203189
239772,43878.016,31252.110822526865
239773,43878.016,20016.702294708095
239774,43878.016,29562.071181148392
239775,43878.016,39600.04726822354
239776,43878.016,51024.3702794927
239777,43878.016,38107.8329919769
239778,43878.016,44344.19258240642
239779,43878.016,32484.010193690327
239780,43878.016,20309.23044413993
239781,43878.016,32614.047142075175
239782,43878.016,18833.70145835076
239783,43878.016,62621.931342959484
239784,43878.016,36508.672890279835
239785,43878.016,19416.215807685796
239786,43878.016,24045.23022534914
239787,43878.016,34022.76568415246
239788,43878.016,66909.10893633042
239789,43878.016,43262.853611062776
239790,43878.016,57333.204482489506
239791,43878.016,58218.31092568974
239792,43878.016,25026.980831748708
239793,43878.016,24574.958809667412
239794,43878.016,31297.027141235852
239795,43878.016,30254.273300175002
239796,43878.016,29502.34760424033
239797,43878.016,17306.196269467786
239798,43878.016,94446.35673287045
239799,43878.016,36559.471354362664
239800,43878.016,36338.67722084465
239801,43878.016,36386.48820914185
239802,43878.016,18263.18232324818
239803,43878.016,16858.465761142554
239804,43878.016,41592.065993508404
239805,43878.016,42080.369374533424
239806,43878.016,38633.7126692594
239807,43878.016,11825.72390951227
239808,43878.016,54445.78635965631
239809,43878.016,45544.58634770722
239810,43878.016,36382.90872154632
239811,43878.016,18663.604813092585
239812,43878.016,21929.148624072917
239813,43878.016,21931.44420909573
239814,43878.016,13880.437924435408
239815,43878.016,9504.678647531477
239816,43878.016,74135.98906714492
239817,43878.016,32447.832931377034
239818,43878.016,68551.00873978334
239819,43878.016,47161.62908773042
239820,43878.016,27689.15511024315
239821,43878.016,9409.182946249924
239822,43878.016,24213.43347192266
239823,43878.016,54160.49274425503
239824,43878.016,29183.983019605963
239825,43878.016,31018.664258552297
239826,43878.016,9185.935270446449
239827,43878.016,52200.11361070804
239828,43878.016,35215.10202288351
239829,43878.016,21095.0674841852
239830,43878.016,53251.57613584259
239831,43878.016,33595.88805037491
239832,43878.016,30856.442383785816
239833,43878.016,70870.18604816192
239834,43878.016,57277.80420706603
239835,43878.016,21500.04350883055
239836,43878.016,21981.22878769415
239837,43878.016,57201.23769087456
239838,43878.016,36161.44416439312
239839,43878.016,36239.36278932762
239840,43878.016,39192.40045954469
239841,43878.016,22371.492631977046
239842,43878.016,8258.625920878752
239843,43878.016,30338.68579974923
239844,43878.016,47480.78623339501
239845,43878.016,47491.139420898435
239846,43878.016,37779.91419017873
239847,43878.016,68160.55822680728
239848,43878.016,22569.77539599251
239849,43878.016,23552.71286687323
239850,43878.016,33173.06509427309
239851,43878.016,31010.543482844376
239852,43878.016,19272.72951299097
239853,43878.016,62379.90799492301
239854,43878.016,62713.29846881457
239855,43878.016,38727.76278137246
239856,43878.016,70252.85007796048
239857,43878.016,31828.384945861802
239858,43878.016,21533.518749606425
239859,43878.016,26634.171369063562
239860,43878.016,81943.25308273615
239861,43878.016,59466.748513942744
239862,43878.016,47640.36910636762
239863,43878.016,48210.23069322653
239864,43878.016,4519.726918631235
239865,43878.016,30263.182738313157
239866,43878.016,7441.810963407755
239867,43878.016,53074.29527207454
239868,43878.016,16977.705031304245
239869,43878.016,39434.379403269784
239870,43878.016,40242.99630081732
239871,43878.016,10850.703029616321
239872,43878.016,14329.086798118158
239873,43878.016,31200.190373514033
239874,43878.016,61672.4762413992
239875,43878.016,34912.11694786488
239876,43878.016,58322.373321490966
239877,43878.016,52744.18959446715
239878,43878.016,22629.0930898949
239879,43878.016,36495.0711442408
239880,43878.016,15415.304051422872
239881,43878.016,19272.340578664087
239882,43878.016,42233.14103074838
239883,43878.016,22467.029934800994
239884,43878.016,34905.14831913517
239885,43878.016,37099.70613647846
239886,43878.016,37366.288325296744
239887,43878.016,25028.522098134934
239888,43878.016,17249.89343296162
239889,43878.016,33410.691104986145
239890,43878.016,39939.71287576322
239891,43878.016,59077.73673264896
239892,43878.016,15179.958824326932
239893,43878.016,26728.4273244067
239894,43878.016,69618.79890547154
239895,43878.016,11961.628446205295
239896,43878.016,26153.458318129586
239897,43878.016,43547.931171740805
239898,43878.016,18493.49720080871
239899,43878.016,44794.49583933739
239900,43878.016,18429.976626653093
239901,43878.016,10907.014327072742
239902,43878.016,39666.66912540452
239903,43878.016,25992.934600340777
239904,43878.016,15707.596031819532
239905,43878.016,20908.61450461779
239906,43878.016,7409.597094806925
239907,43878.016,16861.188602139122
239908,43878.016,13846.424841396962
239909,43878.016,16779.090541409758
239910,43878.016,15888.513533631427
239911,43878.016,12859.189145499358
239912,43878.016,59246.2328814478
239913,43878.016,75166.37874090299
239914,43878.016,21732.338237275133
239915,43878.016,55216.15010012036
239916,43878.016,23539.08322255453
239917,43878.016,35919.84031825459
239918,43878.016,61303.63537944021
239919,43878.016,13646.707909101693
239920,43878.016,11217.901870756668
239921,43878.016,40472.80346842705
239922,43878.016,7569.442990703793
239923,43878.016,21991.265446127905
239924,43878.016,29809.94122950894
239925,43878.016,23796.91726168337
239926,43878.016,15665.391568699086
239927,43878.016,52630.9039687718
239928,43878.016,36765.073684442024
239929,43878.016,45543.981518617155
239930,43878.016,39159.98652557945
239931,43878.016,7183.807002231014
239932,43878.016,21254.188921960333
239933,43878.016,63773.656404774185
239934,43878.016,40466.360285001654
239935,43878.016,72494.52809198912
239936,43878.016,12427.267189910866
239937,43878.016,5463.70477025797
239938,43878.016,38601.288053753335
239939,43878.016,56357.680677590884
239940,43878.016,33306.42798818739
239941,43878.016,55033.85450063962
239942,43878.016,13011.322144536649
239943,43878.016,64606.856444971934
239944,43878.016,14168.206535157427
239945,43878.016,32228.18180346399
239946,43878.016,77767.38795783387
239947,43878.016,44411.48560174481
239948,43878.016,13605.004652064064
239949,43878.016,58748.88715538973
239950,43878.016,23512.08147674333
239951,43878.016,9213.682710649258
239952,43878.016,6854.501625346055
239953,43878.016,17923.49538276742
239954,43878.016,31098.094890694392
239955,43878.016,80296.0318011843
239956,43878.016,96249.4375922403
239957,43878.016,51841.248707905186
239958,43878.016,79141.01513372923
239959,43878.016,34665.12986265621
239960,43878.016,20638.218325078804
239961,43878.016,12442.326519802293
239962,43878.016,24338.21675244643
239963,43878.016,39153.991608610966
239964,43878.016,62827.07559779258
239965,43878.016,16874.443859989842
239966,43878.016,18130.197642500694
239967,43878.016,31265.115323001803
239968,43878.016,17324.38298139439
239969,43878.016,24206.183135726544
239970,43878.016,16056.24761403853
239971,43878.016,14779.776082467011
239972,43878.016,68844.45175987293
239973,43878.016,47457.88293581598
239974,43878.016,18506.302171022016
239975,43878.016,32852.82884117942
239976,43878.016,45046.264389651915
239977,43878.016,21550.49035352695
239978,43878.016,32789.602462304785
239979,43878.016,33598.62234677795
239980,43878.016,21555.394559115623
239981,43878.016,22522.596847080567
239982,43878.016,17486.910510672817
239983,43878.016,34376.793603902086
239984,43878.016,47795.21699277204
239985,43878.016,45270.39051855504
239986,43878.016,53027.685589357134
239987,43878.016,13954.423515340666
239988,43878.016,51707.74187788644
239989,43878.016,38561.70607845051
239990,43878.016,17154.487781710006
239991,43878.016,29290.04107923772
239992,43878.016,12023.974594880494
239993,43878.016,41932.051784718824
239994,43878.016,44512.45565480103
239995,43878.016,14810.649858657182
239996,43878.016,18948.045141802086
239997,43878.016,18929.861355314206
239998,43878.016,47431.1504117461
239999,43878.016,20670.876344716282
240000,43878.016,15699.074260141515
240001,43878.016,53911.21939350015
240002,43878.016,26267.135690398376
240003,43878.016,19403.496610556143
240004,43878.016,16536.98366923469
240005,43878.016,9467.185315955885
240006,43878.016,13667.217070188219
240007,43878.016,68154.03359877823
240008,43878.016,22197.109874581693
240009,43878.016,43695.992132302745
240010,43878.016,42989.79347380777
240011,43878.016,58684.43983574954
240012,43878.016,20024.245020818413
240013,43878.016,15607.253736083789
240014,43878.016,11784.218504871349
240015,43878.016,23134.446864326397
240016,43878.016,39138.0975171437
240017,43878.016,25125.29111268622
240018,43878.016,25879.82414998783
240019,43878.016,57620.770725115224
240020,43878.016,24936.649864762527
240021,43878.016,50316.209594982865
240022,43878.016,18818.048756092576
240023,43878.016,68228.93778131552
240024,43878.016,25645.490347759616
240025,43878.016,27160.78121402362
240026,43878.016,68770.6043660706
240027,43878.016,12818.708127960728
240028,43878.016,11947.163902508128
240029,43878.016,19006.933326642305
240030,43878.016,55493.98163624155
240031,43878.016,10479.35486406013
240032,43878.016,12837.691210563993
240033,43878.016,12002.908899846401
240034,43878.016,13451.606520220528
240035,43878.016,50569.81537853633
240036,43878.016,16506.58941971743
240037,43878.016,64527.82519923093
240038,43878.016,17628.304211786042
240039,43878.016,37074.506377332225
240040,43878.016,49462.8993108045
240041,43878.016,58701.69577485124
240042,43878.016,7976.130365873965
240043,43878.016,23047.877220376013
240044,43878.016,14012.45766324018
240045,43878.016,49152.61441098622
240046,43878.016,16254.023028755244
240047,43878.016,7888.188179489931
240048,43878.016,44900.52471385064
240049,43878.016,57245.214671917565
240050,43878.016,27954.44012279669
240051,43878.016,7572.145110988484
240052,43878.016,45237.57541230898
240053,43878.016,28315.83512147164
240054,43878.016,13662.9863940329
240055,43878.016,15438.7325286649
240056,43878.016,34771.97481713283
240057,43878.016,53898.95137031582
240058,43878.016,48674.68324162471
240059,43878.016,54076.97207329021
240060,43878.016,23955.26804425072
240061,43878.016,21467.100908043692
240062,43878.016,70787.31160274528
240063,43878.016,8286.918424030393
240064,43878.016,30354.129341731936
240065,43878.016,25757.715618458486
240066,43878.016,19904.78318099811
240067,43878.016,75512.53351845295
240068,43878.016,21249.806441671237
240069,43878.016,57991.25323291097
240070,43878.016,18193.547521137276
240071,43878.016,9741.819026798135
240072,43878.016,44658.205091378535
240073,43878.016,12649.886292679648
240074,43878.016,44909.747792990405
240075,43878.016,45642.80864365988
240076,43878.016,34915.17848599704
240077,43878.016,39470.50031346619
240078,43878.016,14639.807607454988
240079,43878.016,47635.8482074339
240080,43878.016,39875.702650172396
240081,43878.016,50473.67983638557
240082,43878.016,42511.76837393373
240083,43878.016,12833.493589150514
240084,43878.016,45003.87195307795
240085,43878.016,53293.87170961934
240086,43878.016,10360.897978296929
240087,43878.016,20587.845209345636
240088,43878.016,56942.33655900136
240089,43878.016,33567.42486937834
240090,43878.016,115721.76968260745
240091,43878.016,9526.158195552833
240092,43878.016,14325.170088721847
240093,43878.016,36268.9802978308
240094,43878.016,23183.080730648115
240095,43878.016,50188.389458791644
240096,43878.016,44602.81052958836
240097,43878.016,26996.68488151028
240098,43878.016,54002.986114326224
240099,43878.016,72419.9045616092
240100,43878.016,45536.783273793975
240101,43878.016,21529.74908254055
240102,43878.016,38794.60141076718
240103,43878.016,30626.85794200302
240104,43878.016,20602.56963073328
240105,43878.016,15382.65818886432
240106,43878.016,45277.29245555697
240107,43878.016,11620.753533453608
240108,43878.016,12728.267828285658
240109,43878.016,44850.94698511253
240110,43878.016,10157.93080574072
240111,43878.016,11910.93995483427
240112,43878.016,61048.66196791564
240113,43878.016,7300.104652168013
240114,43878.016,56337.853969497904
240115,43878.016,53705.75903766022
240116,43878.016,10191.949920393365
240117,43878.016,21023.828666231173
240118,43878.016,24449.70522218808
240119,43878.016,55792.93259263101
240120,43878.016,44487.867376713
240121,43878.016,11471.775867264396
240122,43878.016,41670.522168998454
240123,43878.016,25367.034723413122
240124,43878.016,9984.322952712759
240125,43878.016,78133.39457740205
240126,43878.016,58521.76901638073
240127,43878.016,43975.230856015485
240128,43878.016,40544.03860316821
240129,43878.016,49896.54420601922
240130,43878.016,27565.185564682517
240131,43878.016,11054.842228602114
240132,43878.016,40715.09402248444
240133,43878.016,57477.124728944065
240134,43878.016,7028.458979118768
240135,43878.016,11743.676910895048
240136,43878.016,11558.626007431898
240137,43878.016,54683.39992549862
240138,43878.016,35240.53016494847
240139,43878.016,19063.903083948597
240140,43878.016,32047.631404409312
240141,43878.016,15329.352339700421
240142,43878.016,18184.397437044343
240143,43878.016,50666.684789845815
240144,43878.016,38490.81099505238
240145,43878.016,9248.758945542355
240146,43878.016,26956.48552353326
240147,43878.016,45298.270700222805
240148,43878.016,46874.922444700336
240149,43878.016,20805.19714390158
240150,43878.016,28317.611563093582
240151,43878.016,63303.440825647
240152,43878.016,52011.678853689824
240153,43878.016,14001.793421814515
240154,43878.016,8201.639442281383
240155,43878.016,35598.54569056219
240156,43878.016,46125.16429183628
240157,43878.016,28852.20222133278
240158,43878.016,77594.99384381564
240159,43878.016,26780.627212849104
240160,43878.016,21264.93235277674
240161,43878.016,44258.48456313716
240162,43878.016,48098.37016367837
240163,43878.016,53751.33493495949
240164,43878.016,31746.428448313243
240165,43878.016,10081.982575811156
240166,43878.016,34108.90299823929
240167,43878.016,66489.06013448049
240168,43878.016,43653.408829771724
240169,43878.016,45368.495368624885
240170,43878.016,16195.196657088733
240171,43878.016,48155.30825605695
240172,43878.016,67105.201848587
240173,43878.016,11291.624414353913
240174,43878.016,12551.426801331727
240175,43878.016,20091.41294581506
240176,43878.016,6271.693887256484
240177,43878.016,118224.26355523679
240178,43878.016,62425.162221227554
240179,43878.016,43576.89249521008
240180,43878.016,11508.53688285479
240181,43878.016,50065.42972366282
240182,43878.016,39350.05035958934
240183,43878.016,7980.3421795795
240184,43878.016,18722.31188359162
240185,43878.016,37715.281674182224
240186,43878.016,14141.540676362842
240187,43878.016,20888.318176347737
240188,43878.016,56098.629703223996
240189,43878.016,7959.920955741522
240190,43878.016,11174.703228008548
240191,43878.016,11907.3584505054
240192,43878.016,73372.33693042817
240193,43878.016,22066.966032174114
240194,43878.016,21237.838677889595
240195,43878.016,56656.619737359215
240196,43878.016,56264.72494759092
240197,43878.016,24995.734443929792
240198,43878.016,64219.65095549462
240199,43878.016,25619.20178057714
240200,43878.016,22205.223322339178
240201,43878.016,48231.19347407778
240202,43878.016,10620.377168274325
240203,43878.016,29943.03151388705
240204,43878.016,36803.17485572135
240205,43878.016,15233.641187642279
240206,43878.016,60327.60722443284
240207,43878.016,39712.51957116391
240208,43878.016,44389.05372478247
240209,43878.016,18413.001794221625
240210,43878.016,37988.16413487072
240211,43878.016,30272.487748017546
240212,43878.016,54420.81992043934
240213,43878.016,56679.5788492591
240214,43878.016,37343.962593029486
240215,43878.016,8192.646309069703
240216,43878.016,47193.683735846374
240217,43878.016,32907.5680238281
240218,43878.016,10502.440932854093
240219,43878.016,10800.698445086544
240220,43878.016,52711.92438343593
240221,43878.016,29748.842170616892
240222,43878.016,46223.99105709999
240223,43878.016,58368.216697336575
240224,43878.016,37735.965218018064
240225,43878.016,12079.192035769694
240226,43878.016,25784.516100312605
240227,43878.016,41930.5437246299
240228,43878.016,19168.176217307162
240229,43878.016,26495.126254924176
240230,43878.016,52563.47615299704
240231,43878.016,27754.46512591921
240232,43878.016,12045.70940477236
240233,43878.016,16028.223405692188
240234,43878.016,15485.310983719892
240235,43878.016,7796.752043263549
240236,43878.016,53482.04281209356
240237,43878.016,26343.39377609881
240238,43878.016,31654.651018473764
240239,43878.016,23341.00569612967
240240,43878.016,63672.19193636976
240241,43878.016,60117.26881320934
240242,43878.016,39495.53206696979
240243,43878.016,29953.802869340703
240244,43878.016,38233.91601678973
240245,43878.016,51058.45238103866
240246,43878.016,19390.338698259977
240247,43878.016,33234.97677177014
240248,43878.016,64383.77717510838
240249,43878.016,48376.14065750421
240250,43878.016,25009.12954778117
240251,43878.016,23722.74119343587
240252,43878.016,27576.488397379664
240253,43878.016,23993.2577170967
240254,43878.016,40493.90665485138
240255,43878.016,18554.168391088777
240256,43878.016,49595.99780393528
240257,43878.016,23398.32651818419
240258,43878.016,29289.816355334096
240259,43878.016,9329.4375044282
240260,43878.016,37841.15796696197
240261,43878.016,9596.352241831813
240262,43878.016,36490.44536264347
240263,43878.016,50507.11842190183
240264,43878.016,57623.16569716666
240265,43878.016,10910.56927387675
240266,43878.016,14701.368753572991
240267,43878.016,43711.801009460876
240268,43878.016,48929.855090886274
240269,43878.016,48721.17143932204
240270,43878.016,40297.30540480044
240271,43878.016,47114.94437939172
240272,43878.016,35904.86600809419
240273,43878.016,31894.01386669193
240274,43878.016,29489.825721840418
240275,43878.016,46054.636584081796
240276,43878.016,43352.95133453188
240277,43878.016,27655.97100772053
240278,43878.016,65551.67084229796
240279,43878.016,62240.07721031566
240280,43878.016,48484.53477925731
240281,43878.016,72714.16790666673
240282,43878.016,32606.130866805586
240283,43878.016,14972.538131649591
240284,43878.016,40896.8533124645
240285,43878.016,43934.77607409777
240286,43878.016,31429.938868484343
240287,43878.016,49695.12675521794
240288,43878.016,29774.25937697147
240289,43878.016,25184.874651623686
240290,43878.016,15905.225493261643
240291,43878.016,13152.360435784787
240292,43878.016,30431.14131148897
240293,43878.016,27048.565836958493
240294,43878.016,51943.792546190074
240295,43878.016,9793.296497692625
240296,43878.016,33980.13219758868
240297,43878.016,22457.750499579375
240298,43878.016,53533.483956647025
240299,43878.016,10710.74054078208
240300,43878.016,32183.43975757164
240301,43878.016,40931.35253874631
240302,43878.016,17641.61901540985
240303,43878.016,29055.190850966224
240304,43878.016,24788.594313053352
240305,43878.016,21097.94446387788
240306,43878.016,46126.93015948454
240307,43878.016,84762.38550997258
240308,43878.016,40762.365157449574
240309,43878.016,33372.45351063027
240310,43878.016,33809.19626450392
240311,43878.016,24956.25523557289
240312,43878.016,48502.54639590756
240313,43878.016,37400.6775331396
240314,43878.016,24464.10493885977
240315,43878.016,31304.44194580519
240316,43878.016,43759.33605810404
240317,43878.016,57946.735865539915
240318,43878.016,47780.77308247648
240319,43878.016,25156.53423211681
240320,43878.016,60417.38271327906
240321,43878.016,10464.393238043249
240322,43878.016,15783.233615607978
240323,43878.016,12541.019100095156
240324,43878.016,21652.993494660222
240325,43878.016,56730.2744623056
240326,43878.016,54243.06816037626
240327,43878.016,31052.189837795675
240328,43878.016,9344.909936466795
240329,43878.016,54893.44080434878
240330,43878.016,43867.832616391286
240331,43878.016,19250.417456468866
240332,43878.016,12947.633748722797
240333,43878.016,23228.45981907446
240334,43878.016,51086.50554289677
240335,43878.016,31052.691772121256
240336,43878.016,20116.69430925427
240337,43878.016,51621.38135925041
240338,43878.016,20397.41481486688
240339,43878.016,10167.053996309764
240340,43878.016,59799.7867751233
240341,43878.016,28238.616137834502
240342,43878.016,77923.2419431334
240343,43878.016,31012.947875762417
240344,43878.016,40525.62576506561
240345,43878.016,28239.904620956422
240346,43878.016,57719.59827707428
240347,43878.016,18762.071499974816
240348,43878.016,41839.67324051923
240349,43878.016,33966.930723370024
240350,43878.016,25486.622082742313
240351,43878.016,63378.293354257294
240352,43878.016,18453.511623209215
240353,43878.016,34787.147783024724
240354,43878.016,24558.123534896436
240355,43878.016,50858.43288094867
240356,43878.016,43938.227617606564
240357,43878.016,38892.36284299018
240358,43878.016,15692.156546431957
240359,43878.016,22165.673244944544
240360,43878.016,117946.60137381905
240361,43878.016,32643.699299530374
240362,43878.016,41202.71961074288
240363,43878.016,13795.554606297634
240364,43878.016,28638.041312335623
240365,43878.016,20816.705032016413
240366,43878.016,14468.157182304369
240367,43878.016,71743.80613846479
240368,43878.016,68024.41601483738
240369,43878.016,41228.306626069796
240370,43878.016,21322.924974645357
240371,43878.016,59543.61964868659
240372,43878.016,29738.060503946675
240373,43878.016,34516.44879871878
240374,43878.016,12782.78530208417
240375,43878.016,30593.96615633102
240376,43878.016,38715.13315753932
240377,43878.016,58342.013966193386
240378,43878.016,26751.141686648993
240379,43878.016,70620.27528244938
240380,43878.016,43029.655588507885
240381,43878.016,52356.49185421077
240382,43878.016,57713.23884791033
240383,43878.016,11758.143713817799
240384,43878.016,34519.055970991256
240385,43878.016,37077.637001582196
240386,43878.016,39169.212439255454
240387,43878.016,30904.75222261598
240388,43878.016,36190.36838395331
240389,43878.016,31114.10264902503
240390,43878.016,31367.635807985625
240391,43878.016,43880.77977301838
240392,43878.016,60323.6494469757
240393,43878.016,46688.45094218882
240394,43878.016,38804.8406461817
240395,43878.016,52492.44752995566
240396,43878.016,47313.848501105014
240397,43878.016,36668.5668759889
240398,43878.016,49491.489829803424
240399,43878.016,34704.359110382386
240400,43878.016,12504.172587148887
240401,43878.016,31067.963360830414
240402,43878.016,46906.42304786885
240403,43878.016,29526.492833533604
240404,43878.016,10190.032767912684
240405,43878.016,50571.34115247808
240406,43878.016,38387.31192984563
240407,43878.016,65431.63929638234
240408,43878.016,22204.104693879435
240409,43878.016,46556.451918641746
240410,43878.016,44402.808852842245
240411,43878.016,95887.38496915181
240412,43878.016,48360.684643942455
240413,43878.016,30091.663086738423
240414,43878.016,22957.68118597263
240415,43878.016,47871.274152800695
240416,43878.016,18465.83092528154
240417,43878.016,23189.369593063187
240418,43878.016,59638.039313722846
240419,43878.016,43983.17564026016
240420,43878.016,33478.58132943948
240421,43878.016,49148.600240200714
240422,43878.016,48081.78500238203
240423,43878.016,31195.43689243472
240424,43878.016,49222.74743320525
240425,43878.016,61718.42946526141
240426,43878.016,25711.41238305227
240427,43878.016,30676.089282261208
240428,43878.016,30673.437565721728
240429,43878.016,7699.799694101313
240430,43878.016,16670.13937203167
240431,43878.016,11965.333551554815
240432,43878.016,52422.249686753756
240433,43878.016,37192.42169711867
240434,43878.016,73622.02109948384
240435,43878.016,42629.84380460811
240436,43878.016,43658.9545395268
240437,43878.016,52842.284957611795
240438,43878.016,10624.586896814893
240439,43878.016,67510.33910205266
240440,43878.016,43206.35026967056
240441,43878.016,18390.433263395473
240442,43878.016,15474.002156883389
240443,43878.016,36869.285249786284
240444,43878.016,12761.656968930289
240445,43878.016,55923.13068129119
240446,43878.016,27212.661492123614
240447,43878.016,48622.74177907197
240448,43878.016,47792.192987823546
240449,43878.016,7805.58658553969
240450,43878.016,29461.173904863925
240451,43878.016,15728.783492079201
240452,43878.016,14057.372819352946
240453,43878.016,48223.53290537129
240454,43878.016,28169.711814074064
240455,43878.016,27122.286054088614
240456,43878.016,17679.599143799398
240457,43878.016,24281.321907008412
240458,43878.016,16493.47668069915
240459,43878.016,27988.078895009836
240460,43878.016,14269.832545429394
240461,43878.016,15627.53150929404
240462,43878.016,13447.864278365
240463,43878.016,50080.94243208604
240464,43878.016,6281.665699238423
240465,43878.016,21899.306967637673
240466,43878.016,21836.192695597605
240467,43878.016,25063.800432770935
240468,43878.016,20942.91367681418
240469,43878.016,25130.717590881155
240470,43878.016,6864.784771991725
240471,43878.016,27434.774774692993
240472,43878.016,17550.246677453237
240473,43878.016,60698.77862013753
240474,43878.016,35567.0812808318
240475,43878.016,36681.9160416372
240476,43878.016,54893.73773650648
240477,43878.016,23797.009885816333
240478,43878.016,19694.126540434347
240479,43878.016,62744.5808017138
240480,43878.016,72470.32185828353
240481,43878.016,65341.14461211992
240482,43878.016,47129.89833977569
240483,43878.016,51637.74992429461
240484,43878.016,50467.19937125884
240485,43878.016,34951.71401235791
240486,43878.016,58589.358499851565
240487,43878.016,24063.351080617085
240488,43878.016,14548.55979614455
240489,43878.016,67586.59954727534
240490,43878.016,36319.93544926475
240491,43878.016,21907.38742641821
240492,43878.016,40789.00025797253
240493,43878.016,29301.49724225406
240494,43878.016,27971.356869490675
240495,43878.016,61247.31942161319
240496,43878.016,54751.67477353982
240497,43878.016,10176.149000014504
240498,43878.016,61621.74277586525
240499,43878.016,62375.10233388455
240500,43878.016,46655.745403082976
240501,43878.016,38665.94968866313
240502,43878.016,25535.46148409313
240503,43878.016,40042.45381446279
240504,43878.016,58609.42781296584
240505,43878.016,20493.452118064324
240506,43878.016,45299.06814993933
240507,43878.016,24765.84241435455
240508,43878.016,18932.302326777342
240509,43878.016,12839.445415238959
240510,43878.016,15132.996469173979
240511,43878.016,19796.496990775744
240512,43878.016,52107.185727044525
240513,43878.016,43514.11397484851
240514,43878.016,31639.10499635987
240515,43878.016,31121.016814287803
240516,43878.016,13922.8686831897
240517,43878.016,12969.486736300856
240518,43878.016,49267.147553131166
240519,43878.016,10539.18684255081
240520,43878.016,71084.88057596481
240521,43878.016,16409.49523116147
240522,43878.016,47770.004022284746
240523,43878.016,9520.06334219513
240524,43878.016,20026.057454662518
240525,43878.016,12405.113457292371
240526,43878.016,33815.557424763174
240527,43878.016,42955.25524755346
240528,43878.016,39268.082037158485
240529,43878.016,49923.08356032821
240530,43878.016,28632.199630174713
240531,43878.016,34753.9542591361
240532,43878.016,42739.701123267405
240533,43878.016,24925.969222284355
240534,43878.016,26984.241977416143
240535,43878.016,9323.926155534466
240536,43878.016,58362.79199646765
240537,43878.016,12904.035504831942
240538,43878.016,20548.98124391846
240539,43878.016,49697.13889442883
240540,43878.016,50609.25511570343
240541,43878.016,55644.062724952666
240542,43878.016,26798.711597362468
240543,43878.016,53808.76717275944
240544,43878.016,6113.314944903653
240545,43878.016,69457.76157593736
240546,43878.016,15915.16485753939
240547,43878.016,49410.51480156508
240548,43878.016,42546.63980234611
240549,43878.016,6098.964707929863
240550,43878.016,27306.356798348188
240551,43878.016,14069.945052545594
240552,43878.016,32965.63098079934
240553,43878.016,16673.737533178268
240554,43878.016,54129.06066820193
240555,43878.016,58982.99908344271
240556,43878.016,48865.06234367478
240557,43878.016,39863.24298226322
240558,43878.016,21381.325462411573
240559,43878.016,22810.547483433493
240560,43878.016,21738.959738788675
240561,43878.016,63769.35488414298
240562,43878.016,27260.144255346833
240563,43878.016,37851.3939298569
240564,43878.016,22389.951841736452
240565,43878.016,43903.40026907683
240566,43878.016,39092.67684492405
240567,43878.016,47196.950853638475
240568,43878.016,30389.452708484074
240569,43878.016,50571.82904104341
240570,43878.016,15557.224357246936
240571,43878.016,13275.801640253998
240572,43878.016,38920.59442217829
240573,43878.016,11016.95746227357
240574,43878.016,21827.90089630006
240575,43878.016,23404.880719548797
240576,43878.016,19816.62073483466
240577,43878.016,29200.5018168364
240578,43878.016,33928.99554031914
240579,43878.016,77218.02937069822
240580,43878.016,43193.276891182315
240581,43878.016,16492.453524104607
240582,43878.016,61739.361074181485
240583,43878.016,63892.75524345581
240584,43878.016,31567.41397543658
240585,43878.016,33173.22364356067
240586,43878.016,39878.16006473492
240587,43878.016,51774.430660240294
240588,43878.016,15908.923634480125
240589,43878.016,9354.47377658225
240590,43878.016,55844.53346621543
240591,43878.016,29297.23296276129
240592,43878.016,34313.55267435153
240593,43878.016,14340.745882067793
240594,43878.016,62991.70865239059
240595,43878.016,8723.608064011922
240596,43878.016,44844.67735337345
240597,43878.016,17186.502995181087
240598,43878.016,57012.50225583515
240599,43878.016,42848.90761414862
240600,43878.016,28347.149429491423
240601,43878.016,19974.511768459623
240602,43878.016,29521.183106975717
240603,43878.016,60987.04905620998
240604,43878.016,47666.48849677638
240605,43878.016,34549.8455141877
240606,43878.016,57639.54012974669
240607,43878.016,16431.554370326216
240608,43878.016,15412.430612521432
240609,43878.016,73175.2462823078
240610,43878.016,25238.418545390232
240611,43878.016,74390.50948653366
240612,43878.016,59578.623482319344
240613,43878.016,47094.62676407987
240614,43878.016,21830.31467645622
240615,43878.016,25908.387148760376
240616,43878.016,6153.882415502766
240617,43878.016,39986.7621074994
240618,43878.016,7963.923657265975
240619,43878.016,62677.82324972927
240620,43878.016,51066.30921601456
240621,43878.016,25709.804417572846
240622,43878.016,39797.81887866944
240623,43878.016,35064.60723731917
240624,43878.016,43984.42705720684
240625,43878.016,19344.75071534584
240626,43878.016,55016.75027309603
240627,43878.016,22842.21888887587
240628,43878.016,38589.893362377225
240629,43878.016,12788.486533675698
240630,43878.016,37175.89410430806
240631,43878.016,25213.104985153117
240632,43878.016,65493.81903239243
240633,43878.016,31695.99024677163
240634,43878.016,42726.146797658126
240635,43878.016,13027.277260852656
240636,43878.016,25455.496597545178
240637,43878.016,31187.694430543117
240638,43878.016,23104.226898806337
240639,43878.016,61865.93699005632
240640,43878.016,33445.904619362685
240641,43878.016,41368.90606667694
240642,43878.016,15210.982146722474
240643,43878.016,41026.19668067793
240644,43878.016,15651.04499749845
240645,43878.016,33902.5586096923
240646,43878.016,44453.729372479254
240647,43878.016,78248.06425772703
240648,43878.016,46281.153326782725
240649,43878.016,47735.3711481211
240650,43878.016,32913.882995004366
240651,43878.016,19598.777752123173
240652,43878.016,19157.598777195366
240653,43878.016,74274.95047311233
240654,43878.016,36989.33748930425
240655,43878.016,13778.687666279186
240656,43878.016,19127.026934006004
240657,43878.016,45839.92776263948
240658,43878.016,12382.999136541706
240659,43878.016,44942.544516526104
240660,43878.016,39691.981688881824
240661,43878.016,53526.56659218208
240662,43878.016,44226.659895066565
240663,43878.016,22865.173520394976
240664,43878.016,46036.71283363101
240665,43878.016,48501.089462759075
240666,43878.016,14627.032131311003
240667,43878.016,31012.296771385936
240668,43878.016,49501.32613020675
240669,43878.016,39642.177337560264
240670,43878.016,6158.095239272443
240671,43878.016,31268.01471066189
240672,43878.016,45602.12790931908
240673,43878.016,18657.277768157335
240674,43878.016,61337.452475779864
240675,43878.016,16316.335453131256
240676,43878.016,21935.904900393936
240677,43878.016,17191.293305249328
240678,43878.016,21956.391317972302
240679,43878.016,37682.72993262459
240680,43878.016,46100.931728648604
240681,43878.016,40781.945503353054
240682,43878.016,23262.633682456664
240683,43878.016,38499.521682318904
240684,43878.016,35440.037895678695
240685,43878.016,8843.47617606466
240686,43878.016,25268.849999371305
240687,43878.016,28241.216786272733
240688,43878.016,35129.72154153289
240689,43878.016,17353.590402962647
240690,43878.016,9785.30641087263
240691,43878.016,31996.942219693214
240692,43878.016,50993.0638742176
240693,43878.016,18405.233452091907
240694,43878.016,60378.20767517126
240695,43878.016,32895.992023548235
240696,43878.016,46917.645728870586
240697,43878.016,26416.85074834171
240698,43878.016,38394.390093985436
240699,43878.016,64943.002249217294
240700,43878.016,27277.104234404134
240701,43878.016,64360.8554203018
240702,43878.016,40061.40673163191
240703,43878.016,38568.593020144785
240704,43878.016,24176.34917347017
240705,43878.016,37129.874231061
240706,43878.016,14499.789027880595
240707,43878.016,45959.96125982521
240708,43878.016,17573.172924828657
240709,43878.016,35652.91701578431
240710,43878.016,51620.92300478326
240711,43878.016,80712.04837206085
240712,43878.016,23910.941781616624
240713,43878.016,45994.34722969888
240714,43878.016,16448.462257739953
240715,43878.016,31280.610896903312
240716,43878.016,12978.257560928168
240717,43878.016,71351.19554568183
240718,43878.016,20092.52712568732
240719,43878.016,23428.360347179925
240720,43878.016,23773.841724730875
240721,43878.016,15280.541222966727
240722,43878.016,29303.435885977546
240723,43878.016,18946.5869451587
240724,43878.016,12593.387216344341
240725,43878.016,28336.654389394887
240726,43878.016,66252.94242052182
240727,43878.016,35713.2254597057
240728,43878.016,9402.879487392174
240729,43878.016,11827.758692394926
240730,43878.016,65346.25641853031
240731,43878.016,7243.492416616595
240732,43878.016,56522.0374205392
240733,43878.016,22253.804479740204
240734,43878.016,27954.45930699336
240735,43878.016,8514.990389599867
240736,43878.016,47906.42969674447
240737,43878.016,13651.964627807292
240738,43878.016,52850.42642936134
240739,43878.016,40359.81010542286
240740,43878.016,58157.57959273361
240741,43878.016,50043.54655106595
240742,43878.016,15530.877253264884
240743,43878.016,26264.35968358271
240744,43878.016,58695.73957827924
240745,43878.016,37939.05644673101
240746,43878.016,13005.975357743382
240747,43878.016,46547.28737840089
240748,43878.016,35867.858843841175
240749,43878.016,11551.470883278324
240750,43878.016,13063.452470864157
240751,43878.016,14826.903463638382
240752,43878.016,38587.03994402657
240753,43878.016,29073.430209214082
240754,43878.016,11006.365800251768
240755,43878.016,17157.89434434589
240756,43878.016,23003.190572634856
240757,43878.016,41409.56672865106
240758,43878.016,17668.88711822387
240759,43878.016,7030.609307524258
240760,43878.016,36742.607470091825
240761,43878.016,28486.990039800578
240762,43878.016,35686.52176459013
240763,43878.016,46974.418437366905
240764,43878.016,58142.61830742755
240765,43878.016,41957.95673392049
240766,43878.016,34844.36452246766
240767,43878.016,23116.238765782327
240768,43878.016,10790.415394259757
240769,43878.016,34905.44725127586
240770,43878.016,51629.417251761595
240771,43878.016,17024.88209884439
240772,43878.016,42426.89403439159
240773,43878.016,8128.6044049854445
240774,43878.016,23581.413929839728
240775,43878.016,24328.83139280648
240776,43878.016,27451.302747871527
240777,43878.016,15667.261247423654
240778,43878.016,21982.640697429757
240779,43878.016,52301.67303496071
240780,43878.016,34571.98262622057
240781,43878.016,13435.33464828928
240782,43878.016,8988.16790944359
240783,43878.016,14248.159961798625
240784,43878.016,30274.476196814237
240785,43878.016,63304.50024032924
240786,43878.016,49799.08836195622
240787,43878.016,67655.5390294663
240788,43878.016,25849.813617988093
240789,43878.016,15043.475918087064
240790,43878.016,22506.728251541463
240791,43878.016,43762.50639877912
240792,43878.016,20073.44992742805
240793,43878.016,44758.08499153943
240794,43878.016,24074.10606136516
240795,43878.016,55453.85100115811
240796,43878.016,18615.738102183004
240797,43878.016,56084.72909849843
240798,43878.016,56238.7894763162
240799,43878.016,17015.972499534135
240800,43878.016,17549.47334255727
240801,43878.016,35605.63146944504
240802,43878.016,54852.39562629342
240803,43878.016,69199.84391414159
240804,43878.016,41589.68193875626
240805,43878.016,17965.36218203222
240806,43878.016,45809.33777388672
240807,43878.016,37442.63026905489
240808,43878.016,50635.54021835795
240809,43878.016,19489.717410886853
240810,43878.016,23123.18099121782
240811,43878.016,59232.9612067219
240812,43878.016,24104.57074791878
240813,43878.016,23303.04177727396
240814,43878.016,8873.912760073837
240815,43878.016,55932.60134947495
240816,43878.016,48125.315154034586
240817,43878.016,43429.701931321986
240818,43878.016,73774.18007390633
240819,43878.016,9091.355205780186
240820,43878.016,13626.090215183973
240821,43878.016,26856.017140335025
240822,43878.016,68923.18282248193
240823,43878.016,13072.34154263411
240824,43878.016,27275.1091908369
240825,43878.016,20813.396168943993
240826,43878.016,45345.989212666536
240827,43878.016,20264.98633552679
240828,43878.016,54137.48692350292
240829,43878.016,21005.923995234654
240830,43878.016,58589.25152224312
240831,43878.016,20173.19732239455
240832,43878.016,18657.26118410259
240833,43878.016,35201.9593289708
240834,43878.016,12166.11174219739
240835,43878.016,14935.980814487206
240836,43878.016,38047.052509812405
240837,43878.016,16864.861319508414
240838,43878.016,62315.14896161933
240839,43878.016,33204.492807935356
240840,43878.016,38423.95201867237
240841,43878.016,48739.761742081304
240842,43878.016,56053.45582609544
240843,43878.016,12612.879366252715
240844,43878.016,38762.57988267876
240845,43878.016,52816.18782852445
240846,43878.016,28320.013064042254
240847,43878.016,49371.5512436516
240848,43878.016,72089.59323395502
240849,43878.016,16751.934638849532
240850,43878.016,25495.165369009872
240851,43878.016,32979.143702971094
240852,43878.016,39729.46216416435
240853,43878.016,27378.839941661176
240854,43878.016,27757.670577043104
240855,43878.016,11314.834818641762
240856,43878.016,11053.138905063419
240857,43878.016,57026.10675551679
240858,43878.016,43782.57065190586
240859,43878.016,43511.03455403907
240860,43878.016,57561.304693228405
240861,43878.016,35733.81911022019
240862,43878.016,9146.864622738629
240863,43878.016,47286.373027934234
240864,43878.016,43677.37940611394
240865,43878.016,11612.368535423648
240866,43878.016,31287.13244630027
240867,43878.016,31956.664413908067
240868,43878.016,12697.417822619549
240869,43878.016,33088.52015615881
240870,43878.016,63721.03639533013
240871,43878.016,43467.83392861906
240872,43878.016,10140.595846961567
240873,43878.016,32172.396215493423
240874,43878.016,8167.272678001774
240875,43878.016,27372.336176357785
240876,43878.016,73878.23309105088
240877,43878.016,24306.889087229196
240878,43878.016,25532.886765664563
240879,43878.016,58975.73386286978
240880,43878.016,30911.85764573985
240881,43878.016,77013.55558875472
240882,43878.016,16485.61142779168
240883,43878.016,44892.45779678878
240884,43878.016,43515.08702018885
240885,43878.016,31266.118004123353
240886,43878.016,34424.30394281572
240887,43878.016,54242.65706025226
240888,43878.016,89206.10408230235
240889,43878.016,24081.231884025496
240890,43878.016,8018.280790703004
240891,43878.016,20467.78467433424
240892,43878.016,33537.976398990664
240893,43878.016,35895.61401977574
240894,43878.016,26950.737150367288
240895,43878.016,16888.394569465865
240896,43878.016,34187.17624508961
240897,43878.016,53554.79736407338
240898,43878.016,36128.86786041497
240899,43878.016,15126.795711811379
240900,43878.016,15844.269181523887
240901,43878.016,48840.35204362239
240902,43878.016,47548.2792691261
240903,43878.016,25820.438127184665
240904,43878.016,39380.66816760688
240905,43878.016,26642.64744405988
240906,43878.016,8417.677661335867
240907,43878.016,50914.24141002148
240908,43878.016,17480.218163701193
240909,43878.016,57761.24801260643
240910,43878.016,32198.73797336406
240911,43878.016,16055.946305643414
240912,43878.016,12824.6007560892
240913,43878.016,11374.875262656878
240914,43878.016,84297.0493227473
240915,43878.016,19151.889447243884
240916,43878.016,33360.537078314046
240917,43878.016,33380.72549887881
240918,43878.016,78102.1531254454
240919,43878.016,19398.378362093303
240920,43878.016,48318.88459558756
240921,43878.016,46456.24483258143
240922,43878.016,16424.71596621587
240923,43878.016,27646.289027681512
240924,43878.016,30442.90864824981
240925,43878.016,14687.83637189648
240926,43878.016,15034.70619172316
240927,43878.016,61732.73163055496
240928,43878.016,20871.98882783459
240929,43878.016,56747.58038273411
240930,43878.016,7670.7991491873345
240931,43878.016,16649.235475100584
240932,43878.016,51579.684632362754
240933,43878.016,39206.7533969474
240934,43878.016,92419.45897891362
240935,43878.016,46100.63685098985
240936,43878.016,40019.04927922752
240937,43878.016,70589.49514969034
240938,43878.016,39823.12924043087
240939,43878.016,37436.46220739565
240940,43878.016,28630.257276310134
240941,43878.016,62329.32192458889
240942,43878.016,50207.00437535645
240943,43878.016,51909.513736635796
240944,43878.016,51491.46645333436
240945,43878.016,68173.72448562381
240946,43878.016,21484.75584433041
240947,43878.016,114378.6187586191
240948,43878.016,18196.590874082318
240949,43878.016,63417.80995159172
240950,43878.016,35502.69277066157
240951,43878.016,45558.47759054947
240952,43878.016,42219.38741203432
240953,43878.016,63923.60930034908
240954,43878.016,50363.99583467164
240955,43878.016,28509.30395719448
240956,43878.016,38201.57943403892
240957,43878.016,58741.534797107946
240958,43878.016,51726.818718483926
240959,43878.016,40662.39684125763
240960,43878.016,25001.61723365486
240961,43878.016,23865.88635215644
240962,43878.016,32778.0152834574
240963,43878.016,24991.59251981472
240964,43878.016,13087.416501898206
240965,43878.016,41597.1160977387
240966,43878.016,65163.11886976955
240967,43878.016,35241.01340326251
240968,43878.016,39782.65207653032
240969,43878.016,47196.9379484675
240970,43878.016,59702.74120857913
240971,43878.016,42403.694128282375
240972,43878.016,19013.747428565268
240973,43878.016,12259.023665188743
240974,43878.016,28012.438607872744
240975,43878.016,11546.606034902927
240976,43878.016,17638.772870815228
240977,43878.016,51030.86525417105
240978,43878.016,26960.74003213499
240979,43878.016,14426.853044009109
240980,43878.016,56502.147599270385
240981,43878.016,26195.89149676117
240982,43878.016,52518.43038991777
240983,43878.016,50181.12172317548
240984,43878.016,54658.70040909266
240985,43878.016,33922.28303363788
240986,43878.016,36026.6740421535
240987,43878.016,22199.992324578692
240988,43878.016,53218.885377871884
240989,43878.016,20299.900591724487
240990,43878.016,59246.8161765166
240991,43878.016,15788.636722105732
240992,43878.016,13946.831937662579
240993,43878.016,37166.13785048167
240994,43878.016,41696.703030767785
240995,43878.016,24943.830666525744
240996,43878.016,34546.22598155557
240997,43878.016,21584.0323957065
240998,43878.016,25699.429170392
240999,43878.016,15021.221566144393
241000,43878.016,16927.069172974374
241001,43878.016,11132.570605669758
241002,43878.016,39119.02208594042
241003,43878.016,14595.84626518705
241004,43878.016,13063.267745659501
241005,43878.016,63387.3273503781
241006,43878.016,18168.542013096034
241007,43878.016,30561.696757376914
241008,43878.016,53847.83331994187
241009,43878.016,20363.176885208115
241010,43878.016,17185.175657414748
241011,43878.016,12815.850548680974
241012,43878.016,6476.070330733883
241013,43878.016,33856.20699789272
241014,43878.016,60868.54807332753
241015,43878.016,23336.17598792049
241016,43878.016,15895.06724904428
241017,43878.016,46853.95028697722
241018,43878.016,45761.85301117277
241019,43878.016,31421.82130573635
241020,43878.016,16574.233960262205
241021,43878.016,26150.444734484947
241022,43878.016,26664.47124527182
241023,43878.016,9038.964736522248
241024,43878.016,17719.03882003259
241025,43878.016,23969.521535573236
241026,43878.016,40486.091305594964
241027,43878.016,11421.558893641959
241028,43878.016,63296.69706754474
241029,43878.016,28023.634730322938
241030,43878.016,47298.77567660533
241031,43878.016,37718.98346748099
241032,43878.016,32537.826999067314
241033,43878.016,24535.22500703823
241034,43878.016,50780.0737085426
241035,43878.016,34788.617555035584
241036,43878.016,56534.35046223815
241037,43878.016,19683.57022100716
241038,43878.016,74137.19665547495
241039,43878.016,60123.59496833212
241040,43878.016,39742.21746545612
241041,43878.016,66752.38365690938
241042,43878.016,36819.16125624922
241043,43878.016,19286.267679536148
241044,43878.016,40221.02576697724
241045,43878.016,54977.910614779605
241046,43878.016,8660.263428217026
241047,43878.016,15512.526944574438
241048,43878.016,28642.079411762545
241049,43878.016,28517.193984654165
241050,43878.016,42118.94795349684
241051,43878.016,41817.70065267282
241052,43878.016,30208.284130285858
241053,43878.016,39586.34844932746
241054,43878.016,42192.12370746475
241055,43878.016,111414.23627460048
241056,43878.016,26796.58726515052
241057,43878.016,21474.663740502197
241058,43878.016,16977.343894834292
241059,43878.016,14677.991245386696
241060,43878.016,27230.54305190432
241061,43878.016,29674.47321225963
241062,43878.016,10992.8838128569
241063,43878.016,42354.466270959114
241064,43878.016,14898.426678041293
241065,43878.016,46299.28677430602
241066,43878.016,61616.18968128231
241067,43878.016,60905.70916196795
241068,43878.016,31537.959393535755
241069,43878.016,18681.97902557636
241070,43878.016,52532.369083186524
241071,43878.016,51832.33732223329
241072,43878.016,29764.94218747085
241073,43878.016,45098.22347468972
241074,43878.016,33082.71405020795
241075,43878.016,12405.294155248472
241076,43878.016,27298.546476716558
241077,43878.016,35167.346675924025
241078,43878.016,13352.218340788215
241079,43878.016,63155.11128641398
241080,43878.016,24464.98338751602
241081,43878.016,38618.12775842105
241082,43878.016,14806.662350954166
241083,43878.016,39678.20693764638
241084,43878.016,12754.018595769578
241085,43878.016,38493.731893196185
241086,43878.016,32440.085640469555
241087,43878.016,8588.583421280662
241088,43878.016,65432.98741932279
241089,43878.016,29727.06585056931
241090,43878.016,30144.36896935009
241091,43878.016,14464.904552036809
241092,43878.016,6747.833445647158
241093,43878.016,7954.3750088659235
241094,43878.016,49680.49131229756
241095,43878.016,22053.783445846675
241096,43878.016,56152.376211111135
241097,43878.016,19066.397148009026
241098,43878.016,36952.26356166802
241099,43878.016,36686.35090830143
241100,43878.016,62632.08187728819
241101,43878.016,20205.692741572515
241102,43878.016,34316.88149791127
241103,43878.016,54638.86368047273
241104,43878.016,7151.390487786616
241105,43878.016,32308.31920134308
241106,43878.016,3754.827363304902
241107,43878.016,31904.589957346052
241108,43878.016,10941.915769935555
241109,43878.016,90595.1602276842
241110,43878.016,15716.51235783561
241111,43878.016,8808.298621775608
241112,43878.016,30561.38709514789
241113,43878.016,38385.06830940029
241114,43878.016,40325.28374688032
241115,43878.016,45533.07698839044
241116,43878.016,19390.453172078625
241117,43878.016,39187.24404751432
241118,43878.016,64697.764648892495
241119,43878.016,57341.41689936849
241120,43878.016,12397.09102076072
241121,43878.016,31460.38137723695
241122,43878.016,49007.62966615607
241123,43878.016,38266.261647970794
241124,43878.016,21232.91412186175
241125,43878.016,29887.37896753333
241126,43878.016,58619.06690698204
241127,43878.016,37992.03419588511
241128,43878.016,44598.3549713711
241129,43878.016,15166.77304376347
241130,43878.016,47517.58859893276
241131,43878.016,16880.249781120347
241132,43878.016,26566.06607889245
241133,43878.016,9363.972306420976
241134,43878.016,50799.3881245227
241135,43878.016,106252.96346847381
241136,43878.016,35336.48119798706
241137,43878.016,55588.72208516148
241138,43878.016,8132.259846839636
241139,43878.016,19674.822353230975
241140,43878.016,31793.80196608798
241141,43878.016,35055.0999615913
241142,43878.016,34519.69428178381
241143,43878.016,51093.16111228426
241144,43878.016,30746.339697447405
241145,43878.016,12657.843925686731
241146,43878.016,31328.55102890821
241147,43878.016,49109.67493720743
241148,43878.016,32469.806740516164
241149,43878.016,18547.81633193763
241150,43878.016,65351.50065682445
241151,43878.016,22007.586387429972
241152,43878.016,43921.16047268325
241153,43878.016,65355.76326155477
241154,43878.016,68359.54724363697
241155,43878.016,7584.389241315304
241156,43878.016,16671.499499864007
241157,43878.016,74111.75618276556
241158,43878.016,37586.02497725968
241159,43878.016,57729.13029061757
241160,43878.016,18527.92228121025
241161,43878.016,42542.22094481718
241162,43878.016,17347.704991029284
241163,43878.016,38753.11979129209
241164,43878.016,39492.00400378153
241165,43878.016,21844.51824234868
241166,43878.016,41121.7261895957
241167,43878.016,8834.795729926605
241168,43878.016,14219.445870253046
241169,43878.016,49951.96299805698
241170,43878.016,96671.3770430768
241171,43878.016,20268.045757023494
241172,43878.016,56487.23222403041
241173,43878.016,38064.05619568986
241174,43878.016,35811.323667720695
241175,43878.016,21160.79331278724
241176,43878.016,27571.789592434354
241177,43878.016,14316.5793308534
241178,43878.016,16008.02153661897
241179,43878.016,34508.61987155162
241180,43878.016,9010.657984433636
241181,43878.016,61573.65975821587
241182,43878.016,60562.51989976704
241183,43878.016,41029.32809352812
241184,43878.016,66461.49341278961
241185,43878.016,16315.129305091676
241186,43878.016,61579.00679296325
241187,43878.016,73636.7604874922
241188,43878.016,12296.536730369096
241189,43878.016,60599.11910544833
241190,43878.016,9254.54277770699
241191,43878.016,11458.207534365805
241192,43878.016,9352.334668256319
241193,43878.016,35858.82218205423
241194,43878.016,15258.44059690739
241195,43878.016,61586.326731070425
241196,43878.016,13638.326712796215
241197,43878.016,30790.07526038569
241198,43878.016,11362.885444499703
241199,43878.016,25473.16371820442
241200,43878.016,19507.76592730551
241201,43878.016,20738.325230652677
241202,43878.016,34932.11904232006
241203,43878.016,28891.138063113296
241204,43878.016,9865.367886595854
241205,43878.016,73594.89071287967
241206,43878.016,23007.455577264776
241207,43878.016,68557.02535889782
241208,43878.016,11921.594187320683
241209,43878.016,11934.093286206296
241210,43878.016,37720.709065880044
241211,43878.016,5265.00029256566
241212,43878.016,17840.684961002236
241213,43878.016,63032.03303637089
241214,43878.016,33470.35029986452
241215,43878.016,44600.69707166379
241216,43878.016,14549.738211100928
241217,43878.016,13709.535706922508
241218,43878.016,52572.724564832846
241219,43878.016,7013.818546985365
241220,43878.016,14633.51103156002
241221,43878.016,53246.95298631913
241222,43878.016,33807.29258199105
241223,43878.016,102296.86825181793
241224,43878.016,15897.902846913457
241225,43878.016,63655.56503356555
241226,43878.016,43553.322746454476
241227,43878.016,26175.542817858408
241228,43878.016,60099.97873508249
241229,43878.016,5253.806553475135
241230,43878.016,28843.571118919826
241231,43878.016,53021.11777515738
241232,43878.016,5210.83068737153
241233,43878.016,51817.95213200311
241234,43878.016,8087.858679947591
241235,43878.016,12121.843751150245
241236,43878.016,36804.386633165625
241237,43878.016,13315.453232384
241238,43878.016,24965.08837071693
241239,43878.016,21974.704022056987
241240,43878.016,8699.616515955593
241241,43878.016,24547.20471405713
241242,43878.016,34648.838118407824
241243,43878.016,17869.898704241365
241244,43878.016,11611.582379594434
241245,43878.016,33117.29016695704
241246,43878.016,21239.028617506898
241247,43878.016,21045.740019854762
241248,43878.016,75624.57154159434
241249,43878.016,59625.34273026509
241250,43878.016,59512.774449363285
241251,43878.016,16239.21462175848
241252,43878.016,24493.710086098123
241253,43878.016,26802.771400433594
241254,43878.016,20286.34867793299
241255,43878.016,21895.690427999576
241256,43878.016,21688.207762994098
241257,43878.016,62085.49228515389
241258,43878.016,7697.827733872229
241259,43878.016,8944.98190178056
241260,43878.016,36633.69251333864
241261,43878.016,37674.90777658598
241262,43878.016,20470.5763273448
241263,43878.016,13152.089445674002
241264,43878.016,26715.983528870463
241265,43878.016,48173.8953773923
241266,43878.016,49968.75015068873
241267,43878.016,46317.93247169183
241268,43878.016,30885.417698206802
241269,43878.016,18988.333794394533
241270,43878.016,53973.22333721821
241271,43878.016,26991.042815839864
241272,43878.016,18027.290532837393
241273,43878.016,33958.733488851074
241274,43878.016,29608.478677616135
241275,43878.016,16531.279056612395
241276,43878.016,22169.450337065788
241277,43878.016,21368.736042696728
241278,43878.016,31248.749207874895
241279,43878.016,61541.82614781446
241280,43878.016,42678.66706785655
241281,43878.016,15897.937125546723
241282,43878.016,50783.65872919874
241283,43878.016,45752.950746859686
241284,43878.016,30670.40747370449
241285,43878.016,27674.373364272054
241286,43878.016,39642.42592859077
241287,43878.016,38326.970536335306
241288,43878.016,19888.1979600679
241289,43878.016,18468.57420648574
241290,43878.016,41535.329661562355
241291,43878.016,53145.96884360022
241292,43878.016,52102.56085796621
241293,43878.016,10538.06267504159
241294,43878.016,29433.161260623452
241295,43878.016,46292.639387229334
241296,43878.016,29303.412169412255
241297,43878.016,44466.664400733905
241298,43878.016,58612.970614109254
241299,43878.016,40554.13050791025
241300,43878.016,14678.626562328487
241301,43878.016,15088.697713663933
241302,43878.016,44067.68925320867
241303,43878.016,24450.01823640402
241304,43878.016,8173.991304218311
241305,43878.016,13765.33633160051
241306,43878.016,42196.23275846041
241307,43878.016,18836.77956386116
241308,43878.016,45331.02610628985
241309,43878.016,28139.833890434904
241310,43878.016,54135.33251584856
241311,43878.016,34606.26509092816
241312,43878.016,29825.00769639614
241313,43878.016,6558.964889506022
241314,43878.016,26781.183264402483
241315,43878.016,77993.50534085842
241316,43878.016,20382.989563898172
241317,43878.016,29855.560724233885
241318,43878.016,22116.551394714246
241319,43878.016,29390.572294263056
241320,43878.016,28815.38749016218
241321,43878.016,41634.8110443549
241322,43878.016,50863.711323108226
241323,43878.016,39100.49859433578
241324,43878.016,55296.21733790034
241325,43878.016,37586.061813624
241326,43878.016,21136.828746371346
241327,43878.016,12242.717255085206
241328,43878.016,23335.707007280693
241329,43878.016,29339.565681815955
241330,43878.016,54303.74121105471
241331,43878.016,74030.32213042394
241332,43878.016,47040.54142294199
241333,43878.016,118984.1616324086
241334,43878.016,20237.878460078082
241335,43878.016,8363.538682429658
241336,43878.016,13555.21125070194
241337,43878.016,39502.296622437294
241338,43878.016,9525.130667461179
241339,43878.016,17731.877469105104
241340,43878.016,61831.93387359031
241341,43878.016,9327.084163089765
241342,43878.016,13258.26607418852
241343,43878.016,20558.378744775222
241344,43878.016,39050.545321546
241345,43878.016,54016.58306455624
241346,43878.016,19416.684138721124
241347,43878.016,11549.924237308367
241348,43878.016,28323.926494374547
241349,43878.016,17735.385937213476
241350,43878.016,27985.19488895762
241351,43878.016,12112.3477609253
241352,43878.016,17364.01965347332
241353,43878.016,60150.59331635539
241354,43878.016,59284.548752399365
241355,43878.016,19186.99510814073
241356,43878.016,14802.739852872961
241357,43878.016,32984.91619092776
241358,43878.016,29586.3882970567
241359,43878.016,74677.32030579775
241360,43878.016,15179.579962432417
241361,43878.016,28301.437402829593
241362,43878.016,32779.71095968048
241363,43878.016,54287.52765236738
241364,43878.016,21732.535939696045
241365,43878.016,5678.325623670089
241366,43878.016,34043.906908102654
241367,43878.016,37478.33214123869
241368,43878.016,8400.534142840286
241369,43878.016,68301.36172027256
241370,43878.016,31960.168418513258
241371,43878.016,45760.47499282814
241372,43878.016,9992.66677854822
241373,43878.016,18682.77363562477
241374,43878.016,16547.234729933232
241375,43878.016,11802.437631570872
241376,43878.016,11394.488616690518
241377,43878.016,38322.80499469332
241378,43878.016,50920.021498444956
241379,43878.016,33604.63100813764
241380,43878.016,12153.725651655564
241381,43878.016,11519.951446636653
241382,43878.016,18564.55001859844
241383,43878.016,77511.69049828715
241384,43878.016,65653.13558362042
241385,43878.016,60217.784681411824
241386,43878.016,20990.07709555874
241387,43878.016,32955.74749085713
241388,43878.016,19044.700099772846
241389,43878.016,65160.08451655828
241390,43878.016,23031.384917309813
241391,43878.016,12136.907896752275
241392,43878.016,69431.7838934475
241393,43878.016,48305.372475348755
241394,43878.016,13332.569190374334
241395,43878.016,26217.726809783377
241396,43878.016,27597.185311584264
241397,43878.016,21834.811679862836
241398,43878.016,35972.683094369546
241399,43878.016,59021.78042283361
241400,43878.016,47066.06688817592
241401,43878.016,50330.638922268256
241402,43878.016,15202.901464393059
241403,43878.016,22037.95111715085
241404,43878.016,6548.455396830371
241405,43878.016,53979.39581411135
241406,43878.016,35880.79364065377
241407,43878.016,64815.89329314219
241408,43878.016,52086.701324562215
241409,43878.016,29251.740227572005
241410,43878.016,58611.76414379617
241411,43878.016,24922.691630746453
241412,43878.016,15023.58980297473
241413,43878.016,21080.76832058831
241414,43878.016,19111.91284870513
241415,43878.016,73215.77231282438
241416,43878.016,26439.01009536541
241417,43878.016,7636.882575846856
241418,43878.016,13540.436668105087
241419,43878.016,67075.65803580456
241420,43878.016,18950.745423787317
241421,43878.016,6179.735138407228
241422,43878.016,45220.289608649095
241423,43878.016,44799.753751223245
241424,43878.016,14598.789673196032
241425,43878.016,23951.96583406423
241426,43878.016,31058.59739864894
241427,43878.016,10895.64982348037
241428,43878.016,64315.174416057824
241429,43878.016,71442.65168319388
241430,43878.016,23750.872042551055
241431,43878.016,48725.522399004825
241432,43878.016,54991.74755202403
241433,43878.016,19651.539242854753
241434,43878.016,85852.28611550533
241435,43878.016,13216.621172520154
241436,43878.016,42716.14715418737
241437,43878.016,37959.494850711904
241438,43878.016,5707.531712320745
241439,43878.016,30161.691823471578
241440,43878.016,14600.932296929088
241441,43878.016,16460.302713501627
241442,43878.016,18878.082233295587
241443,43878.016,43030.222391530806
241444,43878.016,54204.03377471167
241445,43878.016,27101.584634090996
241446,43878.016,39983.72766092287
241447,43878.016,49963.759445979376
241448,43878.016,22364.159566100152
241449,43878.016,13482.412999394373
241450,43878.016,62076.312689301594
241451,43878.016,45641.97990627291
241452,43878.016,43907.434266138436
241453,43878.016,15360.296839506504
241454,43878.016,79956.11032385647
241455,43878.016,27932.50365100414
241456,43878.016,42109.34491203971
241457,43878.016,33424.54205180522
241458,43878.016,73443.25561841881
241459,43878.016,19407.06775265399
241460,43878.016,41848.92000084864
241461,43878.016,20119.12594797671
241462,43878.016,12655.440313034444
241463,43878.016,30449.21763601246
241464,43878.016,50978.76064123235
241465,43878.016,83982.87948788132
241466,43878.016,8919.820688495025
241467,43878.016,64138.58064137318
241468,43878.016,75069.37188660938
241469,43878.016,11921.086046780245
241470,43878.016,56118.79503341984
241471,43878.016,25258.474412240714
241472,43878.016,51938.338576944174
241473,43878.016,52612.524301803016
241474,43878.016,13619.27634458588
241475,43878.016,44776.85419612393
241476,43878.016,12509.695157827922
241477,43878.016,34190.7776264119
241478,43878.016,64941.76673503747
241479,43878.016,48735.4933761971
241480,43878.016,44365.17539980843
241481,43878.016,32500.29990681391
241482,43878.016,43315.58757858312
241483,43878.016,23624.250745979276
241484,43878.016,50953.67558885321
241485,43878.016,46934.14943412086
241486,43878.016,75014.91415760988
241487,43878.016,19602.820520847745
241488,43878.016,55542.99889096766
241489,43878.016,51939.257972193736
241490,43878.016,52553.02484891482
241491,43878.016,33169.5348662495
241492,43878.016,23858.13479864975
241493,43878.016,34964.97082122056
241494,43878.016,64015.59164160134
241495,43878.016,49758.20379027918
241496,43878.016,31476.60419586443
241497,43878.016,8908.871791725218
241498,43878.016,44755.13495636707
241499,43878.016,19524.12881445158
241500,43878.016,36863.595597907246
241501,43878.016,34466.12902186302
241502,43878.016,48487.076636071775
241503,43878.016,56893.657043569256
241504,43878.016,69428.85539825194
241505,43878.016,45912.06442646328
241506,43878.016,20233.816570531933
241507,43878.016,13434.95308801063
241508,43878.016,39543.39405205252
241509,43878.016,24211.98518164439
241510,43878.016,49837.083075511546
241511,43878.016,36259.18377733081
241512,43878.016,29776.338094230567
241513,43878.016,72980.07689622421
241514,43878.016,16637.675277762228
241515,43878.016,58724.89122930624
241516,43878.016,40632.451958419246
241517,43878.016,17444.38875407689
241518,43878.016,34182.908275039386
241519,43878.016,28663.62639626533
241520,43878.016,41659.44048183613
241521,43878.016,6905.319590442808
241522,43878.016,27027.503265214924
241523,43878.016,11793.439367247194
241524,43878.016,38445.904614368585
241525,43878.016,38280.33907805066
241526,43878.016,27853.546624473875
241527,43878.016,7366.095913777752
241528,43878.016,35019.55879590969
241529,43878.016,18348.143285105958
241530,43878.016,58858.76637808529
241531,43878.016,44556.80247186465
241532,43878.016,31581.654414795426
241533,43878.016,48223.9663742493
241534,43878.016,22716.99908442336
241535,43878.016,19894.03338706145
241536,43878.016,50051.69738567646
241537,43878.016,8846.472238144415
241538,43878.016,62265.12578366653
241539,43878.016,55232.33060934982
241540,43878.016,13801.719737527377
241541,43878.016,57778.41813353405
241542,43878.016,45040.46810659195
241543,43878.016,40899.451649020506
241544,43878.016,51090.33110179192
241545,43878.016,53730.61259599737
241546,43878.016,45476.30705405501
241547,43878.016,18056.254878809756
241548,43878.016,50700.256955418896
241549,43878.016,10812.148527677371
241550,43878.016,60288.10762015916
241551,43878.016,23149.822970156652
241552,43878.016,42120.93614597157
241553,43878.016,31963.96419409021
241554,43878.016,10346.091082981075
241555,43878.016,58695.36741580495
241556,43878.016,27790.63376923761
241557,43878.016,47277.38937765688
241558,43878.016,22587.25894915739
241559,43878.016,28041.861348346254
241560,43878.016,18538.773140420482
241561,43878.016,90779.41878801805
241562,43878.016,49423.555829347206
241563,43878.016,62747.64229311337
241564,43878.016,70747.11990370767
241565,43878.016,40953.2406725003
241566,43878.016,48657.51935893392
241567,43878.016,33670.44795423064
241568,43878.016,42027.95335649738
241569,43878.016,17700.088637547626
241570,43878.016,17038.099223732883
241571,43878.016,7337.6312300051495
241572,43878.016,77107.44514375449
241573,43878.016,59596.34398486942
241574,43878.016,45421.74112181773
241575,43878.016,7899.53010242874
241576,43878.016,80644.2065203412
241577,43878.016,17538.846205596496
241578,43878.016,23905.795915396553
241579,43878.016,14373.1235674725
241580,43878.016,28888.85482001742
241581,43878.016,42045.62966051825
241582,43878.016,28322.383043503607
241583,43878.016,57777.02115808007
241584,43878.016,41154.42006831644
241585,43878.016,24316.5746306271
241586,43878.016,14945.960589589378
241587,43878.016,18750.740222273194
241588,43878.016,28655.168605165924
241589,43878.016,64324.70667383778
241590,43878.016,34459.77986980338
241591,43878.016,27011.396485426885
241592,43878.016,43003.288981200385
241593,43878.016,50781.68854957165
241594,43878.016,57109.14430186968
241595,43878.016,56694.09815148423
241596,43878.016,46134.890076978714
241597,43878.016,36987.4107906254
241598,43878.016,37477.34801376297
241599,43878.016,31164.657136314985
241600,43878.016,11120.31037992315
241601,43878.016,9353.574104991932
241602,43878.016,20169.35547559929
241603,43878.016,9120.403706384883
241604,43878.016,23560.653215030074
241605,43878.016,56602.59860755791
241606,43878.016,59841.828209343264
241607,43878.016,25462.72694224591
241608,43878.016,22101.319088479926
241609,43878.016,58051.72065377575
241610,43878.016,62406.25680423578
241611,43878.016,49842.4780171553
241612,43878.016,47335.05459117773
241613,43878.016,36620.652938282394
241614,43878.016,29470.3028811379
241615,43878.016,63567.266563465
241616,43878.016,35018.34857645081
241617,43878.016,35588.7177683149
241618,43878.016,13150.342256144335
241619,43878.016,30129.55790458164
241620,43878.016,26223.221702032304
241621,43878.016,47315.70276724519
241622,43878.016,22627.121194004445
241623,43878.016,4730.961874821153
241624,43878.016,54915.046686066824
241625,43878.016,27557.589890956424
241626,43878.016,14479.639658180127
241627,43878.016,26963.987261026818
241628,43878.016,18408.79110732613
241629,43878.016,38928.68190955206
241630,43878.016,40412.57256674317
241631,43878.016,37804.18411133731
241632,43878.016,42922.26611553746
241633,43878.016,71138.97449396018
241634,43878.016,9792.579477340347
241635,43878.016,23373.02348126432
241636,43878.016,43203.070052050716
241637,43878.016,30473.49512685255
241638,43878.016,30730.19051413017
241639,43878.016,51115.54762002599
241640,43878.016,35499.42420805129
241641,43878.016,32793.81832423128
241642,43878.016,19135.404301387083
241643,43878.016,26859.852186192897
241644,43878.016,31839.204704309646
241645,43878.016,48090.050360418376
241646,43878.016,16309.208841459878
241647,43878.016,57910.81837957999
241648,43878.016,59752.93680081493
241649,43878.016,54089.844277422344
241650,43878.016,38048.355364177754
241651,43878.016,50440.1085785358
241652,43878.016,41039.39383705033
241653,43878.016,22820.762556292637
241654,43878.016,77351.62710723116
241655,43878.016,43342.47133579732
241656,43878.016,28877.999918449652
241657,43878.016,61508.886694483146
241658,43878.016,18904.432835199994
241659,43878.016,48989.184547687524
241660,43878.016,40155.07890081826
241661,43878.016,60172.196653828316
241662,43878.016,49665.977702223085
241663,43878.016,65792.16563520605
241664,43878.016,11498.143662390954
241665,43878.016,54655.255698807196
241666,43878.016,44145.80307612369
241667,43878.016,38057.3393780535
241668,43878.016,34319.110039059575
241669,43878.016,24957.44291730176
241670,43878.016,51173.80260638054
241671,43878.016,19972.57939369015
241672,43878.016,32368.58427257453
241673,43878.016,51297.37656220971
241674,43878.016,30051.904011531646
241675,43878.016,15198.565706018322
241676,43878.016,63671.142432539964
241677,43878.016,33324.09222352626
241678,43878.016,58684.058460745684
241679,43878.016,48114.05419380903
241680,43878.016,12680.795001505778
241681,43878.016,14391.348790711756
241682,43878.016,56800.578020929235
241683,43878.016,11459.41633260784
241684,43878.016,23496.1524672311
241685,43878.016,17410.383002815353
241686,43878.016,14339.077933676897
241687,43878.016,34370.08120769086
241688,43878.016,32705.106401540645
241689,43878.016,30883.847021972702
241690,43878.016,66671.00207681027
241691,43878.016,7821.543565715097
241692,43878.016,58708.548198342076
241693,43878.016,17660.068717082904
241694,43878.016,38739.03785665996
241695,43878.016,26990.862674383192
241696,43878.016,16348.616872247634
241697,43878.016,36761.91362433416
241698,43878.016,9436.738237012427
241699,43878.016,29070.148435066312
241700,43878.016,58020.30719809897
241701,43878.016,23718.78992455524
241702,43878.016,31879.353427524988
241703,43878.016,12521.921476546131
241704,43878.016,76242.72562434827
241705,43878.016,24108.746706963844
241706,43878.016,50966.66505718887
241707,43878.016,57176.81427654478
241708,43878.016,13259.687399157337
241709,43878.016,23453.791225567915
241710,43878.016,52085.17125486766
241711,43878.016,45260.97338774346
241712,43878.016,17097.54110123536
241713,43878.016,14123.400620990524
241714,43878.016,48050.603792153575
241715,43878.016,50454.69657418159
241716,43878.016,18471.81710186312
241717,43878.016,25534.699826600496
241718,43878.016,48532.48891284384
241719,43878.016,47495.53958866578
241720,43878.016,18820.614099838844
241721,43878.016,9757.991284016081
241722,43878.016,52909.40519832438
241723,43878.016,35475.039600400356
241724,43878.016,16812.301405156122
241725,43878.016,36051.742087954546
241726,43878.016,8974.773384740562
241727,43878.016,32419.821486428147
241728,43878.016,20914.093683318715
241729,43878.016,40102.301387921536
241730,43878.016,47403.59700214527
241731,43878.016,10169.905127408405
241732,43878.016,15422.003916337171
241733,43878.016,37469.48451447995
241734,43878.016,43793.73835625844
241735,43878.016,23169.738926616465
241736,43878.016,53382.8581244895
241737,43878.016,16174.850493073953
241738,43878.016,12085.004918877585
241739,43878.016,18855.43644525707
241740,43878.016,40711.09808668678
241741,43878.016,23504.07404719077
241742,43878.016,14355.442205804633
241743,43878.016,27728.007882317223
241744,43878.016,35829.27796888599
241745,43878.016,35780.41402150125
241746,43878.016,19436.08067177659
241747,43878.016,41837.07254105611
241748,43878.016,38337.20251381984
241749,43878.016,17347.072584785394
241750,43878.016,20622.73263121675
241751,43878.016,5939.669833682304
241752,43878.016,33296.175710223084
241753,43878.016,43061.63529648728
241754,43878.016,8608.274485721277
241755,43878.016,31775.81182137515
241756,43878.016,9484.90753472111
241757,43878.016,25998.840266188174
241758,43878.016,43637.06254101196
241759,43878.016,18025.249906104735
241760,43878.016,73495.13651021785
241761,43878.016,10127.112808586344
241762,43878.016,28332.233605232097
241763,43878.016,31775.239313737653
241764,43878.016,27485.436297601405
241765,43878.016,33396.951747314124
241766,43878.016,15497.221572759094
241767,43878.016,72841.14333694633
241768,43878.016,21177.60597605939
241769,43878.016,38518.34479884922
241770,43878.016,48204.092424890936
241771,43878.016,67117.33488134714
241772,43878.016,68672.81631012028
241773,43878.016,37134.29747247401
241774,43878.016,11455.674098975342
241775,43878.016,68996.89950833526
241776,43878.016,31725.438102193068
241777,43878.016,19508.39021921158
241778,43878.016,38226.4514427823
241779,43878.016,25664.704363328834
241780,43878.016,8270.472443838933
241781,43878.016,45383.05360465231
241782,43878.016,23820.856775760993
241783,43878.016,60010.17062968226
241784,43878.016,18643.6099195871
241785,43878.016,11205.439518051602
241786,43878.016,8891.78680829956
241787,43878.016,40904.32414516564
241788,43878.016,28268.57052425238
241789,43878.016,12400.419964376484
241790,43878.016,53183.196445447065
241791,43878.016,39168.739186075
241792,43878.016,36997.49428618436
241793,43878.016,28622.753921326228
241794,43878.016,10523.230884328392
241795,43878.016,51795.23631749769
241796,43878.016,40743.425229090746
241797,43878.016,42680.734178684725
241798,43878.016,45285.70619163325
241799,43878.016,8548.681526871867
241800,43878.016,22819.62691829449
241801,43878.016,12055.340869972795
241802,43878.016,12216.397242613415
241803,43878.016,14642.284011873022
241804,43878.016,9921.58447792858
241805,43878.016,12394.225291470042
241806,43878.016,31041.144042243322
241807,43878.016,36722.09226286734
241808,43878.016,5939.822699308734
241809,43878.016,26198.689718844413
241810,43878.016,27502.77236942281
241811,43878.016,28450.58470692989
241812,43878.016,19369.723592291153
241813,43878.016,69702.049557455
241814,43878.016,27218.077439652498
241815,43878.016,19218.076349262246
241816,43878.016,68847.42821659769
241817,43878.016,46351.820152214255
241818,43878.016,7045.667384203908
241819,43878.016,35304.68233664917
241820,43878.016,42523.809585410134
241821,43878.016,32220.142474986493
241822,43878.016,47579.18074844078
241823,43878.016,28482.85132232829
241824,43878.016,18101.05661509784
241825,43878.016,7435.220408146647
241826,43878.016,34713.75575853452
241827,43878.016,55634.90139862802
241828,43878.016,36953.98053807652
241829,43878.016,55262.83621926221
241830,43878.016,41556.48903011287
241831,43878.016,12222.73596044442
241832,43878.016,16826.540289180517
241833,43878.016,72405.40281754153
241834,43878.016,19527.1976853618
241835,43878.016,56995.81679677227
241836,43878.016,9515.215042490277
241837,43878.016,52402.13701694805
241838,43878.016,29269.5696623439
241839,43878.016,19084.082754665687
241840,43878.016,20992.003382180137
241841,43878.016,37695.6561005505
241842,43878.016,30306.45457273783
241843,43878.016,27074.334073331924
241844,43878.016,47229.84593211889
241845,43878.016,49554.58805881331
241846,43878.016,66863.28886678097
241847,43878.016,29813.742876612592
241848,43878.016,44701.34804110261
241849,43878.016,35060.54580338779
241850,43878.016,9603.132308812415
241851,43878.016,14487.215569562868
241852,43878.016,11860.305191401192
241853,43878.016,11421.907631234435
241854,43878.016,46374.378002412755
241855,43878.016,46713.15780722712
241856,43878.016,13163.03594898611
241857,43878.016,7453.64624442825
241858,43878.016,11543.49578179487
241859,43878.016,20758.940993901255
241860,43878.016,30005.348901977522
241861,43878.016,67188.57040855876
241862,43878.016,62749.01132136292
241863,43878.016,33269.585085014594
241864,43878.016,24796.17638339565
241865,43878.016,17237.49940310383
241866,43878.016,45926.88726733748
241867,43878.016,28584.939837243204
241868,43878.016,24632.21628112066
241869,43878.016,74042.82308309016
241870,43878.016,5233.996288034137
241871,43878.016,6359.972055148659
241872,43878.016,27741.993991671647
241873,43878.016,12665.344864237399
241874,43878.016,18593.81250613075
241875,43878.016,9905.186243776632
241876,43878.016,20874.3623642334
241877,43878.016,12879.807803415108
241878,43878.016,50198.382378484945
241879,43878.016,33314.23782047992
241880,43878.016,43837.325848184715
241881,43878.016,27805.355480924645
241882,43878.016,30860.116062140656
241883,43878.016,9333.39160176158
241884,43878.016,22342.00039385826
241885,43878.016,20797.852847832633
241886,43878.016,31780.56553718427
241887,43878.016,11976.060984587719
241888,43878.016,35205.269490525876
241889,43878.016,40135.311944772526
241890,43878.016,52389.710743526695
241891,43878.016,21192.133500980988
241892,43878.016,29551.266403225894
241893,43878.016,36651.76577086964
241894,43878.016,43800.91214490197
241895,43878.016,15625.857384015919
241896,43878.016,63191.01434662783
241897,43878.016,26591.773580400055
241898,43878.016,40907.19549173278
241899,43878.016,13706.26497988827
241900,43878.016,19886.030979053536
241901,43878.016,43678.71757423028
241902,43878.016,42338.88810984551
241903,43878.016,27340.66596736135
241904,43878.016,55796.575175556776
241905,43878.016,40681.26703897479
241906,43878.016,45648.62743907193
241907,43878.016,7945.078202714745
241908,43878.016,62024.92160224111
241909,43878.016,10082.024768698577
241910,43878.016,28053.349428774243
241911,43878.016,56392.346781114684
241912,43878.016,9323.257486105398
241913,43878.016,32285.3109040841
241914,43878.016,23578.098334104117
241915,43878.016,16771.736775052228
241916,43878.016,19410.22186105186
241917,43878.016,44793.49651103744
241918,43878.016,34902.687076734626
241919,43878.016,27167.238463393653
241920,43878.016,64373.74844349697
241921,43878.016,22110.365541543335
241922,43878.016,32754.59265504316
241923,43878.016,9364.386004628419
241924,43878.016,9655.11069171974
241925,43878.016,11760.745662808824
241926,43878.016,37982.578952453805
241927,43878.016,70456.15670208623
241928,43878.016,28836.21880896235
241929,43878.016,37273.250454102155
241930,43878.016,23633.42125430588
241931,43878.016,40467.70106866159
241932,43878.016,34856.433803285036
241933,43878.016,43872.70461416546
241934,43878.016,60056.831680068186
241935,43878.016,50603.95415649602
241936,43878.016,35927.36419241623
241937,43878.016,50354.7311168095
241938,43878.016,20670.625056450564
241939,43878.016,18334.7267828673
241940,43878.016,75095.26661285608
241941,43878.016,22167.55331876991
241942,43878.016,50687.20424572586
241943,43878.016,47520.01935271055
241944,43878.016,13260.375729995576
241945,43878.016,26678.185217881335
241946,43878.016,53610.12781394394
241947,43878.016,46390.14931026012
241948,43878.016,62022.871832669436
241949,43878.016,33603.88825673281
241950,43878.016,49708.74451251725
241951,43878.016,35047.01521128667
241952,43878.016,11565.514490096717
241953,43878.016,26329.730426104157
241954,43878.016,52360.24640118435
241955,43878.016,33614.975474659666
241956,43878.016,55584.06162297742
241957,43878.016,8602.14749873903
241958,43878.016,67797.33772271605
241959,43878.016,32118.776599824487
241960,43878.016,23416.71197894296
241961,43878.016,26310.683925459118
241962,43878.016,7656.3057371551795
241963,43878.016,12116.218893146237
241964,43878.016,40168.04209904858
241965,43878.016,33203.59900978485
241966,43878.016,65965.681967674
241967,43878.016,56710.37566454222
241968,43878.016,12098.378630480252
241969,43878.016,40934.23155788458
241970,43878.016,64631.01075545868
241971,43878.016,40009.82197305427
241972,43878.016,28936.159310164712
241973,43878.016,40995.27402792185
241974,43878.016,53294.45802295185
241975,43878.016,15346.816044295218
241976,43878.016,35010.10299775742
241977,43878.016,7149.092890218542
241978,43878.016,34716.68224407807
241979,43878.016,19072.604657155134
241980,43878.016,36819.397802940664
241981,43878.016,84605.36611597332
241982,43878.016,21469.12377864254
241983,43878.016,22986.05758151044
241984,43878.016,54183.247842435005
241985,43878.016,14584.192432133983
241986,43878.016,19656.31557047572
241987,43878.016,28062.810778077448
241988,43878.016,27409.92606447414
241989,43878.016,13410.197928810503
241990,43878.016,45474.71248433196
241991,43878.016,10842.682978921343
241992,43878.016,25764.74020170994
241993,43878.016,118651.57151098305
241994,43878.016,34287.8572958066
241995,43878.016,60823.78065733203
241996,43878.016,27470.732804803287
241997,43878.016,10679.89684738746
241998,43878.016,63135.44817678778
241999,43878.016,6373.910286594772
242000,43878.016,19163.449619314062
242001,43878.016,44425.060775607686
242002,43878.016,64694.11139779721
242003,43878.016,45927.23625977844
242004,43878.016,65866.94334188708
242005,43878.016,11999.011609390891
242006,43878.016,45298.237012882426
242007,43878.016,26205.64555893885
242008,43878.016,57596.40016124299
242009,43878.016,20830.097195533635
242010,43878.016,29787.958694904737
242011,43878.016,45907.81200360306
242012,43878.016,40126.95374003054
242013,43878.016,50786.366376203936
242014,43878.016,9614.555061057265
242015,43878.016,39514.731911076975
242016,43878.016,87118.09337361032
242017,43878.016,55031.94350481146
242018,43878.016,55211.52633619564
242019,43878.016,20476.76230589324
242020,43878.016,35203.63810570427
242021,43878.016,43450.38160400955
242022,43878.016,26129.89409293451
242023,43878.016,7818.602019212395
242024,43878.016,51869.93441096249
242025,43878.016,24952.991817149094
242026,43878.016,17072.771582755042
242027,43878.016,51932.36508815979
242028,43878.016,21012.07931800053
242029,43878.016,8217.013568351045
242030,43878.016,48126.01167062915
242031,43878.016,5746.620675806433
242032,43878.016,7495.451549846237
242033,43878.016,32474.589304551846
242034,43878.016,20583.45667466053
242035,43878.016,26881.66475632508
242036,43878.016,16964.437442676557
242037,43878.016,18532.72340735173
242038,43878.016,49637.89738850746
242039,43878.016,38563.54921013545
242040,43878.016,60461.4619242492
242041,43878.016,45677.51772394752
242042,43878.016,19214.991553141645
242043,43878.016,40227.92014968132
242044,43878.016,11900.957148013098
242045,43878.016,32149.75150956803
242046,43878.016,13690.22139699847
242047,43878.016,33179.07662316302
242048,43878.016,33125.70861667231
242049,43878.016,70687.70755592526
242050,43878.016,55151.15326096609
242051,43878.016,43704.16609153314
242052,43878.016,20981.312269883187
242053,43878.016,43846.34553778209
242054,43878.016,70609.71706423773
242055,43878.016,45910.71025714115
242056,43878.016,8574.561630976808
242057,43878.016,11658.594331118977
242058,43878.016,35407.71087609241
242059,43878.016,13330.292855924456
242060,43878.016,57905.65642885893
242061,43878.016,28891.837678168653
242062,43878.016,32206.201223127762
242063,43878.016,49134.91771158368
242064,43878.016,10200.99975114319
242065,43878.016,15529.793264494629
242066,43878.016,65046.38909201879
242067,43878.016,11238.196942544357
242068,43878.016,11741.392384751698
242069,43878.016,22914.85913443727
242070,43878.016,54947.563126807654
242071,43878.016,17776.297620752885
242072,43878.016,61930.65034187474
242073,43878.016,33062.75440489726
242074,43878.016,84706.1059214988
242075,43878.016,61789.00398757242
242076,43878.016,56066.020790908355
242077,43878.016,47303.106698568794
242078,43878.016,57422.07314532971
242079,43878.016,27744.872929264606
242080,43878.016,11428.142022530234
242081,43878.016,35742.95892311213
242082,43878.016,30995.714542782458
242083,43878.016,21989.683363156346
242084,43878.016,65641.38107414726
242085,43878.016,38702.51955924205
242086,43878.016,35215.26266781245
242087,43878.016,41896.48220993469
242088,43878.016,54585.45899019696
242089,43878.016,53857.81348004199
242090,43878.016,30617.33959927373
242091,43878.016,21391.608684214152
242092,43878.016,11820.604809611626
242093,43878.016,23388.572433758447
242094,43878.016,28198.415552163347
242095,43878.016,35210.95824878375
242096,43878.016,54511.860895298436
242097,43878.016,43768.487221499236
242098,43878.016,35972.12514458601
242099,43878.016,30461.34274496519
242100,43878.016,36671.23579102107
242101,43878.016,29927.70416139852
242102,43878.016,12597.865791861432
242103,43878.016,46010.90107024858
242104,43878.016,15280.907820916233
242105,43878.016,10241.717896715998
242106,43878.016,5562.773692868598
242107,43878.016,10377.47173111427
242108,43878.016,42250.17600568533
242109,43878.016,18191.96639372867
242110,43878.016,20760.795346904804
242111,43878.016,36608.083488439064
242112,43878.016,58234.48351526897
242113,43878.016,35484.89750110999
242114,43878.016,28170.096090470026
242115,43878.016,25992.988694895663
242116,43878.016,21258.552271547025
242117,43878.016,29579.095453510774
242118,43878.016,16125.780540734819
242119,43878.016,21600.506271704002
242120,43878.016,35152.019279671214
242121,43878.016,13498.693625459875
242122,43878.016,84195.84737022972
242123,43878.016,28515.3406495286
242124,43878.016,30301.5336747338
242125,43878.016,26381.28190538117
242126,43878.016,19104.19844981559
242127,43878.016,21625.84062338759
242128,43878.016,8325.614913129293
242129,43878.016,9143.601843842864
242130,43878.016,41468.278872983035
242131,43878.016,39782.0584391359
242132,43878.016,13333.52410930495
242133,43878.016,27890.07611952213
242134,43878.016,27882.100677413677
242135,43878.016,20300.47189292641
242136,43878.016,41619.6457918968
242137,43878.016,36866.20408879473
242138,43878.016,51240.276605906416
242139,43878.016,38704.3855167647
242140,43878.016,23022.05789192298
242141,43878.016,49504.07036867622
242142,43878.016,34393.77771050715
242143,43878.016,18411.97671526595
242144,43878.016,23407.591669819754
242145,43878.016,43780.90357130364
242146,43878.016,82851.18557007906
242147,43878.016,31544.347874174735
242148,43878.016,41504.97447045976
242149,43878.016,29414.65307906274
242150,43878.016,24283.311508014664
242151,43878.016,27689.350533476758
242152,43878.016,56085.40543648708
242153,43878.016,43988.90429601552
242154,43878.016,47031.26266592883
242155,43878.016,35293.542648639144
242156,43878.016,45151.66072039711
242157,43878.016,70216.52045440246
242158,43878.016,67282.47475577985
242159,43878.016,14188.072016933593
242160,43878.016,44871.888033716925
242161,43878.016,32316.55341295938
242162,43878.016,62881.85083141587
242163,43878.016,73445.12628856975
242164,43878.016,34364.66572908527
242165,43878.016,90125.16408388848
242166,43878.016,56902.19584439719
242167,43878.016,11089.381901526192
242168,43878.016,48668.58421847239
242169,43878.016,50044.87311673546
242170,43878.016,63035.660236618656
242171,43878.016,36590.108374266
242172,43878.016,28479.790885506096
242173,43878.016,12921.277678486613
242174,43878.016,17417.631729811714
242175,43878.016,52508.74173795578
242176,43878.016,24358.275503971294
242177,43878.016,15315.899766604567
242178,43878.016,31286.486071391224
242179,43878.016,47292.38644549181
242180,43878.016,33964.12536943494
242181,43878.016,28782.944500332676
242182,43878.016,35371.57381744216
242183,43878.016,10626.30475550992
242184,43878.016,8664.881894324253
242185,43878.016,26554.021311033546
242186,43878.016,45665.44219399997
242187,43878.016,9872.397354152687
242188,43878.016,11152.440411529551
242189,43878.016,57905.83764793715
242190,43878.016,16636.34721960647
242191,43878.016,104510.65073946322
242192,43878.016,10545.938428697189
242193,43878.016,18000.960445637647
242194,43878.016,36487.8219450898
242195,43878.016,13184.82192147835
242196,43878.016,27687.96741159856
242197,43878.016,11116.11958184538
242198,43878.016,39341.49753225785
242199,43878.016,47131.638214660976
242200,43878.016,20485.44796391151
242201,43878.016,52460.11895523778
242202,43878.016,12099.94297136697
242203,43878.016,15281.933242384319
242204,43878.016,51037.52650452881
242205,43878.016,60977.48076944421
242206,43878.016,89996.80333011717
242207,43878.016,61963.85583139549
242208,43878.016,28324.691241956454
242209,43878.016,29582.734982874095
242210,43878.016,50553.53546811221
242211,43878.016,17483.88017994151
242212,43878.016,58237.22716398603
242213,43878.016,32034.89417553054
242214,43878.016,52814.80556238193
242215,43878.016,73196.58302745911
242216,43878.016,43738.1561075678
242217,43878.016,74135.71737989524
242218,43878.016,25337.486979226396
242219,43878.016,42034.666580539364
242220,43878.016,43483.20361729647
242221,43878.016,46171.65917086082
242222,43878.016,8290.879168045534
242223,43878.016,38647.67082925805
242224,43878.016,10062.076034959093
242225,43878.016,35640.19026847796
242226,43878.016,15919.122487231945
242227,43878.016,41418.164726799616
242228,43878.016,15787.328915767454
242229,43878.016,44209.47698787089
242230,43878.016,71198.7156789705
242231,43878.016,32446.790894277754
242232,43878.016,32568.104304443197
242233,43878.016,28940.18576357371
242234,43878.016,24497.904977713963
242235,43878.016,34393.82413327577
242236,43878.016,58599.67110876947
242237,43878.016,13707.950760099393
242238,43878.016,19873.816882441777
242239,43878.016,21812.79436498801
242240,43878.016,43047.725424855926
242241,43878.016,22181.98003671298
242242,43878.016,28545.540529431873
242243,43878.016,50843.75710801401
242244,43878.016,45662.400886840805
242245,43878.016,44970.99225596929
242246,43878.016,45407.481072275084
242247,43878.016,65765.82446922638
242248,43878.016,16809.809037794163
242249,43878.016,19925.227734939264
242250,43878.016,17442.527678801616
242251,43878.016,37570.20763108795
242252,43878.016,25854.859242464157
242253,43878.016,49079.2850668419
242254,43878.016,43529.33960128192
242255,43878.016,73271.0322985633
242256,43878.016,25827.107127970718
242257,43878.016,25049.73888527796
242258,43878.016,59483.0912613268
242259,43878.016,17452.954895467894
242260,43878.016,9110.211637705808
242261,43878.016,47282.35058619069
242262,43878.016,45169.872028350845
242263,43878.016,39869.06836325796
242264,43878.016,23320.080032717615
242265,43878.016,58318.184399743055
242266,43878.016,28712.208279214276
242267,43878.016,14609.829706528726
242268,43878.016,10721.250958182498
242269,43878.016,21058.77827912728
242270,43878.016,21322.820588519
242271,43878.016,29707.123853380646
242272,43878.016,47464.96778516244
242273,43878.016,16824.621770046477
242274,43878.016,56312.903978533024
242275,43878.016,52033.42973358509
242276,43878.016,35883.98931191768
242277,43878.016,27500.92271322669
242278,43878.016,11892.898187664481
242279,43878.016,13699.20557387179
242280,43878.016,8580.200124984847
242281,43878.016,10605.57094743008
242282,43878.016,26981.29907913749
242283,43878.016,47962.76025563991
242284,43878.016,23352.094601831137
242285,43878.016,34795.88982263737
242286,43878.016,43484.11567783436
242287,43878.016,36640.768399031695
242288,43878.016,27969.1731573902
242289,43878.016,19526.95687511512
242290,43878.016,10743.500726451915
242291,43878.016,10534.888051297403
242292,43878.016,45269.55543937166
242293,43878.016,45938.26732274185
242294,43878.016,45166.38699567118
242295,43878.016,21876.56919057987
242296,43878.016,31150.6007617894
242297,43878.016,20299.051804749473
242298,43878.016,11985.313649625406
242299,43878.016,19435.61055168375
242300,43878.016,10824.63050783583
242301,43878.016,52904.76838014558
242302,43878.016,6597.162950328443
242303,43878.016,80719.46582204594
242304,43878.016,69176.58504169463
242305,43878.016,41040.5778215243
242306,43878.016,8634.456082565615
242307,43878.016,15308.09606583062
242308,43878.016,33178.0604530312
242309,43878.016,13808.608981974852
242310,43878.016,64073.838768463866
242311,43878.016,46121.63361806433
242312,43878.016,16231.193289526731
242313,43878.016,25136.420532483604
242314,43878.016,39234.78904434198
242315,43878.016,29146.1319134077
242316,43878.016,15606.911295132253
242317,43878.016,23112.959605895594
242318,43878.016,11177.396104199983
242319,43878.016,13424.514143878023
242320,43878.016,71141.51141236859
242321,43878.016,59199.55446113764
242322,43878.016,14138.184527071167
242323,43878.016,17250.951842742463
242324,43878.016,22380.25531307236
242325,43878.016,118903.69509220461
242326,43878.016,69324.99343704304
242327,43878.016,18918.873997377887
242328,43878.016,16849.095970767703
242329,43878.016,17582.071649604994
242330,43878.016,68194.17607817461
242331,43878.016,26935.59863982042
242332,43878.016,32310.00511755144
242333,43878.016,28954.536527488934
242334,43878.016,47939.18936193458
242335,43878.016,19915.308400130885
242336,43878.016,47961.90297417198
242337,43878.016,58236.4630043795
242338,43878.016,54003.09763550103
242339,43878.016,30641.089418453357
242340,43878.016,44838.66705844947
242341,43878.016,11660.408973772452
242342,43878.016,47099.64252445261
242343,43878.016,8328.427474048205
242344,43878.016,12318.274578912293
242345,43878.016,35539.57010911147
242346,43878.016,59243.924999042814
242347,43878.016,26278.42909748644
242348,43878.016,52524.64448467567
242349,43878.016,66205.90434384784
242350,43878.016,7899.692024629112
242351,43878.016,48516.566605264365
242352,43878.016,30960.063050458335
242353,43878.016,25076.00941175711
242354,43878.016,27199.201865895975
242355,43878.016,40308.11469586583
242356,43878.016,28445.348921858116
242357,43878.016,51287.01937839159
242358,43878.016,43057.58766849477
242359,43878.016,49038.038781281306
242360,43878.016,41663.30213057409
242361,43878.016,46032.27808979068
242362,43878.016,38740.50499971464
242363,43878.016,51597.28680929143
242364,43878.016,42603.9041593897
242365,43878.016,43563.07824363641
242366,43878.016,69232.08958115196
242367,43878.016,39004.290446514155
242368,43878.016,41316.4386338189
242369,43878.016,59977.52479470715
242370,43878.016,45713.41600561653
242371,43878.016,51115.26660490615
242372,43878.016,24545.608270879075
242373,43878.016,27296.44581448062
242374,43878.016,28648.458762038787
242375,43878.016,83839.5167656945
242376,43878.016,9514.793122320638
242377,43878.016,16661.064760921607
242378,43878.016,9353.485324535472
242379,43878.016,25061.779859533333
242380,43878.016,53185.57405186447
242381,43878.016,83850.68236219737
242382,43878.016,21310.450114554733
242383,43878.016,11442.715349987753
242384,43878.016,58731.00277962696
242385,43878.016,50832.583786293966
242386,43878.016,50367.81258247746
242387,43878.016,12731.317694278496
242388,43878.016,15423.921715808534
242389,43878.016,13692.785302362645
242390,43878.016,64807.076842154005
242391,43878.016,50318.11252054568
242392,43878.016,51761.70892519367
242393,43878.016,45124.28004866251
242394,43878.016,58300.10614246261
242395,43878.016,37182.66078520855
242396,43878.016,14763.961886208432
242397,43878.016,66258.36296025667
242398,43878.016,23520.541864201645
242399,43878.016,35974.67951540466
242400,43878.016,31606.4053000094
242401,43878.016,86210.46207206177
242402,43878.016,44270.65386332239
242403,43878.016,7597.144312437857
242404,43878.016,37698.70770951489
242405,43878.016,31102.1109711863
242406,43878.016,30272.72538742609
242407,43878.016,8111.109564123432
242408,43878.016,44448.06625226563
242409,43878.016,13144.554254066727
242410,43878.016,17842.014594631313
242411,43878.016,34112.94135666332
242412,43878.016,62526.97732044204
242413,43878.016,73156.16453940247
242414,43878.016,21175.219583466896
242415,43878.016,70010.61521136823
242416,43878.016,22357.246231402598
242417,43878.016,69874.19879534005
242418,43878.016,12916.100773026375
242419,43878.016,7191.68558370732
242420,43878.016,41038.28556535005
242421,43878.016,41915.62696295905
242422,43878.016,40423.744980824624
242423,43878.016,24918.683336086582
242424,43878.016,17254.559761595043
242425,43878.016,20014.382195647253
242426,43878.016,21268.458559048886
242427,43878.016,43561.215510832386
242428,43878.016,67821.2129323984
242429,43878.016,62988.26837540526
242430,43878.016,45352.4875189054
242431,43878.016,65224.20983309081
242432,43878.016,8447.264603059004
242433,43878.016,13217.100879574722
242434,43878.016,54036.03006899752
242435,43878.016,13378.905667583498
242436,43878.016,25609.83676961447
242437,43878.016,54144.77802916209
242438,43878.016,8889.364795583484
242439,43878.016,31595.32168111584
242440,43878.016,25142.041183194004
242441,43878.016,71326.2156298664
242442,43878.016,41965.94328083771
242443,43878.016,6141.411543253904
242444,43878.016,26483.183800834664
242445,43878.016,32237.805866586044
242446,43878.016,47063.315402270855
242447,43878.016,22436.3959550771
242448,43878.016,23809.94138102613
242449,43878.016,17645.409802769842
242450,43878.016,60879.67781436461
242451,43878.016,22286.8977301316
242452,43878.016,37714.49727049787
242453,43878.016,38449.18024501941
242454,43878.016,24483.47717475129
242455,43878.016,51788.989267292
242456,43878.016,64500.23475665662
242457,43878.016,72144.2924813882
242458,43878.016,104313.89686854927
242459,43878.016,79092.00998446747
242460,43878.016,48117.77933463611
242461,43878.016,61883.749188961265
242462,43878.016,32926.22893286268
242463,43878.016,14137.11047272569
242464,43878.016,33609.558202738954
242465,43878.016,10138.512190144926
242466,43878.016,21526.613190344513
242467,43878.016,56203.96998037009
242468,43878.016,43637.12041447558
242469,43878.016,9152.465444806712
242470,43878.016,49798.75496846149
242471,43878.016,40922.893753495184
242472,43878.016,59705.16973431523
242473,43878.016,7673.926706776174
242474,43878.016,29820.851796151874
242475,43878.016,9798.81177064724
242476,43878.016,22693.80201209959
242477,43878.016,10727.650451252553
242478,43878.016,15779.404742097158
242479,43878.016,32898.7759129486
242480,43878.016,56461.97204024391
242481,43878.016,15839.979541043354
242482,43878.016,8499.283976383476
242483,43878.016,31108.207344882903
242484,43878.016,33081.01042459329
242485,43878.016,19153.270395369582
242486,43878.016,15635.134648297275
242487,43878.016,38559.60678860273
242488,43878.016,29785.5541379012
242489,43878.016,15583.029320772248
242490,43878.016,29945.156899030015
242491,43878.016,47693.7641606785
242492,43878.016,46590.24127436835
242493,43878.016,25093.546712111205
242494,43878.016,15317.423090163913
242495,43878.016,68177.90124719372
242496,43878.016,37304.986581049816
242497,43878.016,48846.73331689063
242498,43878.016,67201.86119216045
242499,43878.016,16314.65745562261
242500,43878.016,35602.73551208336
242501,43878.016,19992.451376666293
242502,43878.016,19578.124898386897
242503,43878.016,38677.35072697616
242504,43878.016,55385.58679903726
242505,43878.016,42718.935396821005
242506,43878.016,12534.057170817485
242507,43878.016,56452.743795035094
242508,43878.016,44381.88052190353
242509,43878.016,63955.175417337094
242510,43878.016,21777.02481872233
242511,43878.016,38727.75771158944
242512,43878.016,30863.469409695295
242513,43878.016,42314.72387945782
242514,43878.016,21254.32155153592
242515,43878.016,8714.14495376919
242516,43878.016,67575.84310157063
242517,43878.016,8848.923711684844
242518,43878.016,66828.7171665951
242519,43878.016,6042.483842674158
242520,43878.016,40167.694766684304
242521,43878.016,107010.53607775005
242522,43878.016,33713.00164556784
242523,43878.016,63204.299046580614
242524,43878.016,38845.56959097575
242525,43878.016,32738.36359219106
242526,43878.016,49672.60338580019
242527,43878.016,60919.8952736864
242528,43878.016,20156.46417922183
242529,43878.016,12624.940691214952
242530,43878.016,20254.894791521747
242531,43878.016,54809.99503785341
242532,43878.016,53528.165796786576
242533,43878.016,34975.433826550834
242534,43878.016,56033.8130849887
242535,43878.016,47194.13853713071
242536,43878.016,35660.085301480074
242537,43878.016,23321.600026342967
242538,43878.016,44995.171181705366
242539,43878.016,12940.449088363219
242540,43878.016,58445.26563209447
242541,43878.016,9330.722942848928
242542,43878.016,48540.391786459804
242543,43878.016,7179.719244346585
242544,43878.016,32088.633706309793
242545,43878.016,12489.043555372984
242546,43878.016,24189.279255725218
242547,43878.016,60942.170887592496
242548,43878.016,14444.105767322319
242549,43878.016,12027.938772783702
242550,43878.016,22584.731971059282
242551,43878.016,21596.92766148698
242552,43878.016,38426.9179556815
242553,43878.016,55976.87722742027
242554,43878.016,58039.97273190737
242555,43878.016,26884.162731978857
242556,43878.016,22580.266284736153
242557,43878.016,23045.08938312516
242558,43878.016,14567.249600420322
242559,43878.016,26226.406440053757
242560,43878.016,59150.40704068179
242561,43878.016,43332.27595571034
242562,43878.016,3583.202444260283
242563,43878.016,11880.876057872718
242564,43878.016,21859.74141925618
242565,43878.016,25960.820534008613
242566,43878.016,14035.742645383842
242567,43878.016,23650.14875189559
242568,43878.016,55174.81028515531
242569,43878.016,43370.99528218972
242570,43878.016,30262.346751629226
242571,43878.016,31432.344758860774
242572,43878.016,26862.922118063267
242573,43878.016,5630.771426423401
242574,43878.016,75256.02326496248
242575,43878.016,11747.870294083867
242576,43878.016,15835.710193131586
242577,43878.016,16206.357593683662
242578,43878.016,22839.227178011013
242579,43878.016,39765.28166893013
242580,43878.016,10773.316942218906
242581,43878.016,41351.289018084484
242582,43878.016,9046.337387871994
242583,43878.016,52290.23575633297
242584,43878.016,8376.539914505009
242585,43878.016,28923.369505487837
242586,43878.016,80628.67022345364
242587,43878.016,36379.71214162512
242588,43878.016,28471.0935731846
242589,43878.016,22291.196957597025
242590,43878.016,22151.783780246773
242591,43878.016,14166.705882507471
242592,43878.016,21199.45796294227
242593,43878.016,71045.1522286708
242594,43878.016,21514.778240635645
242595,43878.016,40103.19423261461
242596,43878.016,65490.024570499714
242597,43878.016,41383.324328105555
242598,43878.016,41403.53604220134
242599,43878.016,27019.559712173286
242600,43878.016,33437.38776110632
242601,43878.016,39767.13234988115
242602,43878.016,65054.98487826465
242603,43878.016,19872.90607786314
242604,43878.016,13657.993383318946
242605,43878.016,10271.086567286984
242606,43878.016,37255.69685312074
242607,43878.016,63741.380220767
242608,43878.016,112788.2087399257
242609,43878.016,21580.587732409283
242610,43878.016,28953.68060639697
242611,43878.016,29612.963832760975
242612,43878.016,8235.493629703082
242613,43878.016,52930.72714212422
242614,43878.016,60671.53394646769
242615,43878.016,47395.81338085457
242616,43878.016,19719.579764931197
242617,43878.016,59378.416389750084
242618,43878.016,56619.730436082966
242619,43878.016,13870.82416346325
242620,43878.016,31561.30542811289
242621,43878.016,56716.0130835245
242622,43878.016,43270.20923904128
242623,43878.016,23590.90710241955
242624,43878.016,12869.485350227662
242625,43878.016,20512.209208541706
242626,43878.016,8722.326187716619
242627,43878.016,14446.4848685642
242628,43878.016,27550.627830056404
242629,43878.016,38587.90073104171
242630,43878.016,38305.91718273365
242631,43878.016,24787.967019349668
242632,43878.016,9969.33396976938
242633,43878.016,16207.553585845182
242634,43878.016,33808.49106609871
242635,43878.016,61367.94285302029
242636,43878.016,24508.85553431134
242637,43878.016,9157.747137566905
242638,43878.016,44741.68139689766
242639,43878.016,34900.31746230923
242640,43878.016,55888.42354107416
242641,43878.016,59737.62373518903
242642,43878.016,27442.288771018237
242643,43878.016,56085.40963613899
242644,43878.016,45064.96285472993
242645,43878.016,19051.8872565897
242646,43878.016,54429.14576926178
242647,43878.016,37661.830751441375
242648,43878.016,27168.038669633577
242649,43878.016,31996.511897032382
242650,43878.016,36429.99831522267
242651,43878.016,25867.611438911677
242652,43878.016,45568.47288825483
242653,43878.016,14241.91025574209
242654,43878.016,15067.856188878954
242655,43878.016,25862.490388690294
242656,43878.016,61415.3350032468
242657,43878.016,4575.1286409109525
242658,43878.016,13397.812795521782
242659,43878.016,57150.05158729155
242660,43878.016,68242.470881399
242661,43878.016,37065.77629187051
242662,43878.016,30822.57134354595
242663,43878.016,49486.37771468488
242664,43878.016,47403.79082742286
242665,43878.016,10036.36543690207
242666,43878.016,36186.22079254982
242667,43878.016,17746.856902864005
242668,43878.016,46290.09658355713
242669,43878.016,34070.25917863656
242670,43878.016,54262.43189949668
242671,43878.016,42271.55206432925
242672,43878.016,45318.690702157146
242673,43878.016,29953.667218027284
242674,43878.016,45255.59126989626
242675,43878.016,14599.459955902015
242676,43878.016,41616.816559152416
242677,43878.016,23524.207288840094
242678,43878.016,30669.449220611717
242679,43878.016,19980.797172750197
242680,43878.016,45550.27616422065
242681,43878.016,13878.606869115634
242682,43878.016,43645.881848303696
242683,43878.016,77374.83668464488
242684,43878.016,27344.79709352254
242685,43878.016,30514.94540442516
242686,43878.016,17880.649677219935
242687,43878.016,58542.415749761145
242688,43878.016,23450.27710419478
242689,43878.016,21085.91261069999
242690,43878.016,39650.36218012785
242691,43878.016,41710.207592395855
242692,43878.016,98852.18005389358
242693,43878.016,13803.570281600538
242694,43878.016,24547.40191047177
242695,43878.016,48097.52773094697
242696,43878.016,11732.250597772525
242697,43878.016,14363.574198435
242698,43878.016,13532.991456814181
242699,43878.016,56018.86998103867
242700,43878.016,39169.16863655889
242701,43878.016,69532.49650279437
242702,43878.016,34126.7811955362
242703,43878.016,32065.585144200137
242704,43878.016,30416.226350330813
242705,43878.016,14132.249594409475
242706,43878.016,16612.976191905618
242707,43878.016,20994.58980057849
242708,43878.016,22819.005831782706
242709,43878.016,16763.094026362585
242710,43878.016,18168.65039411388
242711,43878.016,17492.624625858953
242712,43878.016,28150.748552125642
242713,43878.016,41834.747022019794
242714,43878.016,18606.8517135414
242715,43878.016,12958.436756235204
242716,43878.016,68439.88644787595
242717,43878.016,34861.529530869964
242718,43878.016,16235.687405761386
242719,43878.016,37346.192454612574
242720,43878.016,35456.47330886149
242721,43878.016,9272.158745208724
242722,43878.016,10739.366853617685
242723,43878.016,32553.705388494545
242724,43878.016,17339.845743865786
242725,43878.016,48330.44788519866
242726,43878.016,25805.25312512246
242727,43878.016,52286.21194721988
242728,43878.016,31305.45119639902
242729,43878.016,66735.67757920026
242730,43878.016,51531.178769130456
242731,43878.016,48331.83901867173
242732,43878.016,29500.344436096977
242733,43878.016,78393.26529828913
242734,43878.016,65759.19068228417
242735,43878.016,38204.44751543331
242736,43878.016,16218.618069629849
242737,43878.016,104745.16252214633
242738,43878.016,41977.680977395146
242739,43878.016,51611.161203627795
242740,43878.016,21987.89397834804
242741,43878.016,7043.178139296018
242742,43878.016,25268.649989275742
242743,43878.016,27877.967103204162
242744,43878.016,37065.00457562214
242745,43878.016,64229.989827053316
242746,43878.016,31968.330151168313
242747,43878.016,42134.008492770925
242748,43878.016,57748.44675286167
242749,43878.016,8529.602313696625
242750,43878.016,25538.34845864192
242751,43878.016,57482.50119174233
242752,43878.016,11266.94949366634
242753,43878.016,17348.440154700205
242754,43878.016,51647.77591750967
242755,43878.016,12003.208583339183
242756,43878.016,23560.107559486052
242757,43878.016,13609.519314253988
242758,43878.016,30058.8378613365
242759,43878.016,10429.48290058925
242760,43878.016,12594.504217964308
242761,43878.016,15240.938763909411
242762,43878.016,43982.429302277065
242763,43878.016,21086.324070342285
242764,43878.016,41839.00717018087
242765,43878.016,51542.15845065964
242766,43878.016,57262.07118316836
242767,43878.016,44994.774659331444
242768,43878.016,7483.250976256926
242769,43878.016,31303.96357937276
242770,43878.016,86259.2059573606
242771,43878.016,30126.393225996748
242772,43878.016,38368.050878311755
242773,43878.016,37507.07044586159
242774,43878.016,47334.284189998005
242775,43878.016,19090.74895118397
242776,43878.016,51386.99502586968
242777,43878.016,61282.03167016393
242778,43878.016,13232.988786596607
242779,43878.016,71329.41303902991
242780,43878.016,58461.51430015608
242781,43878.016,13369.473520857166
242782,43878.016,40662.451749048174
242783,43878.016,27367.240155956388
242784,43878.016,51418.25539502204
242785,43878.016,42287.6287376655
242786,43878.016,12727.20683027789
242787,43878.016,42568.28808192706
242788,43878.016,15184.152298623543
242789,43878.016,35718.64440498095
242790,43878.016,18743.98081549041
242791,43878.016,48186.823840188634
242792,43878.016,42309.77100109155
242793,43878.016,15023.89086954706
242794,43878.016,24096.82867332376
242795,43878.016,5962.52215532583
242796,43878.016,57230.25845997093
242797,43878.016,16879.38521288927
242798,43878.016,27035.60076494462
242799,43878.016,47268.426106604216
242800,43878.016,25330.180572974336
242801,43878.016,43269.52440343926
242802,43878.016,60461.5497091237
242803,43878.016,30024.177690865756
242804,43878.016,19363.284044770346
242805,43878.016,11840.818994510462
242806,43878.016,53987.69107880734
242807,43878.016,60874.24805369526
242808,43878.016,25945.947445669633
242809,43878.016,48867.343970052934
242810,43878.016,35135.19340586903
242811,43878.016,29640.803009867122
242812,43878.016,9880.780139820547
242813,43878.016,40810.10453166269
242814,43878.016,37872.72543560312
242815,43878.016,61871.679544226194
242816,43878.016,33653.7241943883
242817,43878.016,82920.88713144585
242818,43878.016,24093.629301938436
242819,43878.016,51117.51116218139
242820,43878.016,55175.79068170674
242821,43878.016,50816.44016495877
242822,43878.016,43696.01852462317
242823,43878.016,15747.425602898777
242824,43878.016,14327.991610327106
242825,43878.016,14228.381491525126
242826,43878.016,23258.55404166083
242827,43878.016,16606.06211390116
242828,43878.016,42155.531294558285
242829,43878.016,100356.57874099963
242830,43878.016,19074.518025339272
242831,43878.016,24403.55717044189
242832,43878.016,17730.87774397766
242833,43878.016,14894.139503569977
242834,43878.016,44879.17446123263
242835,43878.016,89713.77130664681
242836,43878.016,46439.33394576476
242837,43878.016,28572.758290801386
242838,43878.016,16647.277213023888
242839,43878.016,49373.333755139225
242840,43878.016,15728.598401483217
242841,43878.016,12217.696988109205
242842,43878.016,14863.535931848051
242843,43878.016,43792.43082205915
242844,43878.016,16431.692659054752
242845,43878.016,23844.178955039035
242846,43878.016,21873.91335544988
242847,43878.016,35211.272591743
242848,43878.016,24762.37341313774
242849,43878.016,37186.924951824825
242850,43878.016,30492.9965775336
242851,43878.016,16992.702570454247
242852,43878.016,50110.506556029664
242853,43878.016,31101.712393586058
242854,43878.016,61607.26907958394
242855,43878.016,38571.779850953884
242856,43878.016,39576.17605880432
242857,43878.016,37412.64981749737
242858,43878.016,59737.701825545446
242859,43878.016,55629.172485848656
242860,43878.016,61712.57581408406
242861,43878.016,80667.57532021654
242862,43878.016,12158.521611136475
242863,43878.016,73059.81616065626
242864,43878.016,52408.55983255458
242865,43878.016,25329.522533150594
242866,43878.016,13135.213214633623
242867,43878.016,36057.335348546534
242868,43878.016,50844.04683757749
242869,43878.016,49915.01933847722
242870,43878.016,37104.85129849342
242871,43878.016,66823.18274318932
242872,43878.016,52682.10545839864
242873,43878.016,65467.375115571245
242874,43878.016,50376.32978322831
242875,43878.016,58487.16120448958
242876,43878.016,40098.0549986654
242877,43878.016,45401.19630746199
242878,43878.016,51759.20771386448
242879,43878.016,11766.087271383143
242880,43878.016,44895.001010517924
242881,43878.016,10057.756126687738
242882,43878.016,70718.27742769114
242883,43878.016,12799.509598742208
242884,43878.016,9586.783414821703
242885,43878.016,7910.905938601748
242886,43878.016,90232.36844828859
242887,43878.016,51023.527252636406
242888,43878.016,25180.781282580007
242889,43878.016,48918.771010509
242890,43878.016,20865.888813776513
242891,43878.016,35277.356946734835
242892,43878.016,10969.575711695528
242893,43878.016,26037.596834763706
242894,43878.016,9048.4187996647
242895,43878.016,27357.841536873908
242896,43878.016,37045.20045644533
242897,43878.016,7948.598296015025
242898,43878.016,70054.98111590915
242899,43878.016,31560.0840857841
242900,43878.016,19369.661068816156
242901,43878.016,47570.934601583234
242902,43878.016,9261.285297301294
242903,43878.016,42444.65886014559
242904,43878.016,11135.799561100775
242905,43878.016,24736.0975121404
242906,43878.016,29311.23139275032
242907,43878.016,10271.923227351894
242908,43878.016,47130.028505528004
242909,43878.016,44089.31147935681
242910,43878.016,40219.4172747448
242911,43878.016,16370.892079187954
242912,43878.016,51484.27006972866
242913,43878.016,29491.47857963153
242914,43878.016,57781.71232710981
242915,43878.016,14143.46772231084
242916,43878.016,58137.164567692475
242917,43878.016,94084.87855681137
242918,43878.016,33329.95883368526
242919,43878.016,17490.11387128032
242920,43878.016,24840.311464159564
242921,43878.016,50368.66043450758
242922,43878.016,48865.049132760556
242923,43878.016,48550.732274347094
242924,43878.016,57951.36407859627
242925,43878.016,51962.2715202427
242926,43878.016,23816.58895147199
242927,43878.016,60400.99196972997
242928,43878.016,25895.57570803684
242929,43878.016,7633.4459664064225
242930,43878.016,38791.21839433254
242931,43878.016,21319.60718268203
242932,43878.016,50081.068068356864
242933,43878.016,37234.19037843666
242934,43878.016,51100.65023392934
242935,43878.016,6038.025939585006
242936,43878.016,7178.438321411731
242937,43878.016,34138.55364342249
242938,43878.016,17990.04513458412
242939,43878.016,28558.22943925045
242940,43878.016,66719.5894642877
242941,43878.016,21810.989565838245
242942,43878.016,47534.10523303203
242943,43878.016,73560.51424869063
242944,43878.016,9599.13036671732
242945,43878.016,11276.0958700068
242946,43878.016,47946.40317206521
242947,43878.016,70616.17646716358
242948,43878.016,76682.9287712178
242949,43878.016,44140.17914357183
242950,43878.016,18194.768001867476
242951,43878.016,25209.672087439285
242952,43878.016,52322.263347025255
242953,43878.016,49408.232020557625
242954,43878.016,41829.78288318084
242955,43878.016,53832.10062312041
242956,43878.016,46093.76232100859
242957,43878.016,12726.961934444353
242958,43878.016,59774.93493502719
242959,43878.016,77173.77510324391
242960,43878.016,71167.0050212993
242961,43878.016,34746.09182022433
242962,43878.016,25171.421602586423
242963,43878.016,33450.64171472537
242964,43878.016,48700.84004836431
242965,43878.016,43054.587535013576
242966,43878.016,21569.279088621694
242967,43878.016,35225.23201682768
242968,43878.016,6442.945034095248
242969,43878.016,69690.54210745447
242970,43878.016,36397.057276545704
242971,43878.016,15309.752721793957
242972,43878.016,13458.92085303805
242973,43878.016,77956.81163037795
242974,43878.016,33608.73120369032
242975,43878.016,18932.324553807972
242976,43878.016,29714.061612986257
242977,43878.016,18510.643233847568
242978,43878.016,13876.498490174965
242979,43878.016,39539.124462804895
242980,43878.016,23191.10962238063
242981,43878.016,49448.46625486012
242982,43878.016,26796.59257766137
242983,43878.016,25021.530581394134
242984,43878.016,9966.97281730992
242985,43878.016,35227.66430237877
242986,43878.016,12097.887904991881
242987,43878.016,23675.053631570237
242988,43878.016,11920.524546177207
242989,43878.016,76690.72605189562
242990,43878.016,27087.37409819265
242991,43878.016,46014.79510936381
242992,43878.016,46051.61209351526
242993,43878.016,7145.966686789994
242994,43878.016,15860.56544001225
242995,43878.016,26688.99783214997
242996,43878.016,19841.19770653425
242997,43878.016,74829.1391511802
242998,43878.016,27286.45405093648
242999,43878.016,8731.025248615591
243000,43878.016,37257.432404949526
243001,43878.016,35417.96742532644
243002,43878.016,16915.31775484485
243003,43878.016,38519.71675632332
243004,43878.016,17371.32271955247
243005,43878.016,27020.879463660767
243006,43878.016,38985.45465557605
243007,43878.016,7971.8279235594355
243008,43878.016,8817.850275768738
243009,43878.016,10838.166112870646
243010,43878.016,6791.846497573558
243011,43878.016,34113.643180879255
243012,43878.016,63013.42948444268
243013,43878.016,58636.57061736035
243014,43878.016,74881.12056502516
243015,43878.016,66902.46362644811
243016,43878.016,13359.981188804879
243017,43878.016,66021.25491945035
243018,43878.016,79227.01214191916
243019,43878.016,30293.753254272557
243020,43878.016,74474.78048274538
243021,43878.016,14200.09461770931
243022,43878.016,58895.82476071867
243023,43878.016,83389.77298059905
243024,43878.016,21384.299723837736
243025,43878.016,14857.443772775516
243026,43878.016,26054.855342915263
243027,43878.016,83390.2823770393
243028,43878.016,51501.66931432033
243029,43878.016,19544.57660039932
243030,43878.016,13007.510761233061
243031,43878.016,22885.9322236871
243032,43878.016,29632.210636602485
243033,43878.016,51241.72264007124
243034,43878.016,10831.862387139863
243035,43878.016,51248.35783592665
243036,43878.016,43181.96965682977
243037,43878.016,27454.768063161726
243038,43878.016,49793.4558575331
243039,43878.016,41347.125517621
243040,43878.016,18001.846926693197
243041,43878.016,10873.55995428279
243042,43878.016,8231.841321312384
243043,43878.016,27482.70280412624
243044,43878.016,28068.11481390613
243045,43878.016,42928.220167119995
243046,43878.016,42447.871545367925
243047,43878.016,70018.60246120185
243048,43878.016,43138.53326967776
243049,43878.016,14703.587570842417
243050,43878.016,21617.20913070245
243051,43878.016,74892.25703048604
243052,43878.016,59503.48802814282
243053,43878.016,9881.987348627334
243054,43878.016,15441.541328441219
243055,43878.016,34771.55622927821
243056,43878.016,49795.87024183136
243057,43878.016,46273.49214508991
243058,43878.016,87996.72112961722
243059,43878.016,10930.574323572186
243060,43878.016,27796.621510238092
243061,43878.016,6937.989613048811
243062,43878.016,19355.0397374233
243063,43878.016,6954.2247123095
243064,43878.016,18214.961262779143
243065,43878.016,63705.763348152315
243066,43878.016,50551.330393508055
243067,43878.016,15273.568384592005
243068,43878.016,45428.88520689156
243069,43878.016,20447.85937873254
243070,43878.016,55725.51698943415
243071,43878.016,19301.14461712358
243072,43878.016,19662.601227836367
243073,43878.016,66003.87440658548
243074,43878.016,46370.17898133758
243075,43878.016,48649.822100691126
243076,43878.016,14197.410233260125
243077,43878.016,58774.48554983904
243078,43878.016,50566.84446095651
243079,43878.016,9183.473530308778
243080,43878.016,64643.872929627054
243081,43878.016,31439.268465201432
243082,43878.016,60460.2398936302
243083,43878.016,15316.90721541752
243084,43878.016,68601.6883598558
243085,43878.016,21155.95186621944
243086,43878.016,19323.562592504753
243087,43878.016,46338.06965056526
243088,43878.016,56780.89126774194
243089,43878.016,57668.10282153301
243090,43878.016,16348.397022890484
243091,43878.016,56803.59834313496
243092,43878.016,22358.92939329631
243093,43878.016,16200.026104650888
243094,43878.016,11215.475781516277
243095,43878.016,38213.18766395257
243096,43878.016,26696.790993302144
243097,43878.016,50863.80710782789
243098,43878.016,30814.623252057805
243099,43878.016,45847.124067966295
243100,43878.016,45221.82676268006
243101,43878.016,31858.647833512903
243102,43878.016,46994.99658613235
243103,43878.016,39750.999637689405
243104,43878.016,23498.503190093874
243105,43878.016,37262.88807806568
243106,43878.016,44627.1936347211
243107,43878.016,31530.169212723576
243108,43878.016,20114.216950384896
243109,43878.016,31934.431757074395
243110,43878.016,33652.29762470368
243111,43878.016,46524.81887205051
243112,43878.016,47728.57910760624
243113,43878.016,23772.927401143897
243114,43878.016,53430.66127496603
243115,43878.016,12394.031516611314
243116,43878.016,22817.063805279693
243117,43878.016,24564.52593738417
243118,43878.016,26920.6891316535
243119,43878.016,62600.439896497846
243120,43878.016,12682.602969449264
243121,43878.016,60798.648982473234
243122,43878.016,18989.910552524037
243123,43878.016,17935.73742725503
243124,43878.016,61673.63740846441
243125,43878.016,46987.09575647625
243126,43878.016,47846.52675204842
243127,43878.016,54468.23098034184
243128,43878.016,23464.792491332195
243129,43878.016,17852.906325131204
243130,43878.016,19757.460526702398
243131,43878.016,52372.65135843252
243132,43878.016,11555.844674269489
243133,43878.016,15164.711316029057
243134,43878.016,37059.971122666226
243135,43878.016,48091.55363899118
243136,43878.016,12144.210158048787
243137,43878.016,21485.253115221272
243138,43878.016,19439.924370895515
243139,43878.016,28222.85878385642
243140,43878.016,30170.83014663356
243141,43878.016,118135.8870544717
243142,43878.016,16327.25781497724
243143,43878.016,17367.80363653611
243144,43878.016,14919.759972999558
243145,43878.016,29725.164255197513
243146,43878.016,16629.12591018331
243147,43878.016,61550.94617081048
243148,43878.016,15085.939016183465
243149,43878.016,30065.26662315375
243150,43878.016,25425.526745751817
243151,43878.016,11003.581547148186
243152,43878.016,22221.48536831735
243153,43878.016,58450.508908914344
243154,43878.016,41341.10585410066
243155,43878.016,30380.982568309137
243156,43878.016,39065.13821228893
243157,43878.016,38281.82590329088
243158,43878.016,59502.451619982385
243159,43878.016,36250.31958876903
243160,43878.016,27241.79178539834
243161,43878.016,18547.535954549858
243162,43878.016,2787.0433112917945
243163,43878.016,17916.524806376077
243164,43878.016,89628.57484437889
243165,43878.016,75892.09968015525
243166,43878.016,47069.76769657794
243167,43878.016,16428.830004749787
243168,43878.016,16409.94852551147
243169,43878.016,34877.466580223954
243170,43878.016,63646.956732391736
243171,43878.016,27700.722564713124
243172,43878.016,30483.627587248946
243173,43878.016,32666.833412460393
243174,43878.016,41848.51068539834
243175,43878.016,35890.46140415852
243176,43878.016,29178.188344636048
243177,43878.016,28894.08396054451
243178,43878.016,22862.162756412163
243179,43878.016,20285.53283521507
243180,43878.016,23334.441606200275
243181,43878.016,35380.7452311891
243182,43878.016,22628.576826151228
243183,43878.016,18128.972660141873
243184,43878.016,21067.14348550516
243185,43878.016,21751.540022425306
243186,43878.016,22124.47987806216
243187,43878.016,22560.94640241286
243188,43878.016,5409.679418542751
243189,43878.016,29600.291553784493
243190,43878.016,61239.304177044854
243191,43878.016,64906.18310256318
243192,43878.016,20994.261382799064
243193,43878.016,16550.79397470359
243194,43878.016,53632.23997517168
243195,43878.016,41828.82377745862
243196,43878.016,16032.553163348304
243197,43878.016,8800.33355940233
243198,43878.016,24504.31700248865
243199,43878.016,41957.40110758279
243200,43878.016,12083.482026786804
243201,43878.016,29240.503830761678
243202,43878.016,16801.175905151453
243203,43878.016,31329.158429511022
243204,43878.016,66249.17337495834
243205,43878.016,40786.54888063934
243206,43878.016,63458.56279537494
243207,43878.016,13637.065173495272
243208,43878.016,11380.847406369707
243209,43878.016,3769.9144675973675
243210,43878.016,24473.425219069795
243211,43878.016,76004.02295372474
243212,43878.016,23224.43343040429
243213,43878.016,57684.33978613615
243214,43878.016,10949.832093618144
243215,43878.016,60884.32228816438
243216,43878.016,40775.06471977832
243217,43878.016,43266.09630078423
243218,43878.016,24464.39257577793
243219,43878.016,93177.96301519523
243220,43878.016,53300.55696388911
243221,43878.016,68271.65827097274
243222,43878.016,44822.76818771944
243223,43878.016,18360.628689421836
243224,43878.016,41028.25642077536
243225,43878.016,32297.595331660126
243226,43878.016,31063.50956426216
243227,43878.016,81291.53151868751
243228,43878.016,21618.147418011387
243229,43878.016,12454.564801672415
243230,43878.016,30284.458114854137
243231,43878.016,61253.209003963224
243232,43878.016,17906.297836980917
243233,43878.016,15621.782342501014
243234,43878.016,16236.68416520096
243235,43878.016,49006.77752734833
243236,43878.016,54874.65033414077
243237,43878.016,9899.465578231568
243238,43878.016,40238.14680406728
243239,43878.016,68878.76577522617
243240,43878.016,51773.33897599226
243241,43878.016,9122.418588884975
243242,43878.016,55618.31707867453
243243,43878.016,4431.1789465149
243244,43878.016,15726.017675777166
243245,43878.016,49011.52080258943
243246,43878.016,20683.334300207578
243247,43878.016,11264.904576739342
243248,43878.016,21253.001629894916
243249,43878.016,40053.33924089608
243250,43878.016,44801.204729622856
243251,43878.016,25971.327156528994
243252,43878.016,32120.75417568687
243253,43878.016,31727.0967472421
243254,43878.016,74375.3300454414
243255,43878.016,14496.130140255007
243256,43878.016,47079.83786521497
243257,43878.016,32529.61677536047
243258,43878.016,29014.140781210404
243259,43878.016,35519.94554545814
243260,43878.016,46361.34510376421
243261,43878.016,61835.00163894631
243262,43878.016,23950.675670419285
243263,43878.016,32918.008474472845
243264,43878.016,18095.495919951365
243265,43878.016,65437.33687271515
243266,43878.016,45641.30030982876
243267,43878.016,33467.158423738765
243268,43878.016,60132.8772428377
243269,43878.016,32691.9077517389
243270,43878.016,59604.397494218065
243271,43878.016,22022.225226588922
243272,43878.016,39271.95681786623
243273,43878.016,13324.18029803338
243274,43878.016,47649.31125123949
243275,43878.016,67733.74239831735
243276,43878.016,16751.26552026049
243277,43878.016,26434.796716343022
243278,43878.016,11139.912035377158
243279,43878.016,20350.16471765678
243280,43878.016,55107.41296471527
243281,43878.016,14803.775565649761
243282,43878.016,26100.637643656737
243283,43878.016,35021.576702080594
243284,43878.016,26932.155489896762
243285,43878.016,34790.57118846802
243286,43878.016,61769.77109243845
243287,43878.016,28851.289983830404
243288,43878.016,29775.989545641612
243289,43878.016,54655.67814772596
243290,43878.016,31426.606362895865
243291,43878.016,18762.820931968377
243292,43878.016,22184.88787391302
243293,43878.016,30077.93772754047
243294,43878.016,55529.5851188104
243295,43878.016,34862.761885067644
243296,43878.016,42970.156512288144
243297,43878.016,55441.28597671983
243298,43878.016,16849.884395433724
243299,43878.016,48680.95511367496
243300,43878.016,45290.54463750488
243301,43878.016,32562.42898095406
243302,43878.016,48463.255996185755
243303,43878.016,57554.66844688396
243304,43878.016,8952.511291935758
243305,43878.016,16975.97203636629
243306,43878.016,35482.7450295784
243307,43878.016,50702.57058067535
243308,43878.016,57364.919734052244
243309,43878.016,36745.673980431595
243310,43878.016,37798.20782745756
243311,43878.016,42439.81496580066
243312,43878.016,34436.02033589463
243313,43878.016,51324.53047899768
243314,43878.016,49894.91452454563
243315,43878.016,5780.942666871049
243316,43878.016,18102.292486818056
243317,43878.016,37040.108012946905
243318,43878.016,19947.63600372528
243319,43878.016,29317.505562685525
243320,43878.016,62375.4142427433
243321,43878.016,33958.36984591117
243322,43878.016,28011.449722204005
243323,43878.016,47480.451231360246
243324,43878.016,19587.72321120429
243325,43878.016,56747.760138360296
243326,43878.016,22469.56142596382
243327,43878.016,38536.37992207843
243328,43878.016,63991.61591385643
243329,43878.016,52184.669878386616
243330,43878.016,11795.065153368132
243331,43878.016,45716.610592082165
243332,43878.016,40740.92231647823
243333,43878.016,45476.28023827979
243334,43878.016,13556.455820435609
243335,43878.016,30816.09998788376
243336,43878.016,42178.75604793759
243337,43878.016,69846.86231144978
243338,43878.016,9535.898104877324
243339,43878.016,34708.24231847618
243340,43878.016,12441.93158338634
243341,43878.016,39948.30490966588
243342,43878.016,46261.00736322547
243343,43878.016,47180.59947877885
243344,43878.016,54730.22397611612
243345,43878.016,51954.168053229514
243346,43878.016,9074.186987049281
243347,43878.016,8575.621497131317
243348,43878.016,25722.448907290967
243349,43878.016,55439.474285531076
243350,43878.016,11075.270502083129
243351,43878.016,24363.699870154695
243352,43878.016,8607.817129372354
243353,43878.016,30742.404590359896
243354,43878.016,31954.650403466316
243355,43878.016,25222.450262742783
243356,43878.016,13785.037642200155
243357,43878.016,25889.651012497903
243358,43878.016,11055.089953988034
243359,43878.016,56524.10732756372
243360,43878.016,17956.593150010118
243361,43878.016,67837.6538347874
243362,43878.016,20782.40782209895
243363,43878.016,21690.010060398694
243364,43878.016,27671.48768498089
243365,43878.016,22018.19220905328
243366,43878.016,27065.06045120473
243367,43878.016,22655.57057849185
243368,43878.016,70672.66122188223
243369,43878.016,22603.572773438464
243370,43878.016,17082.41032911042
243371,43878.016,44407.44758768507
243372,43878.016,17337.914945153178
243373,43878.016,58695.29844011
243374,43878.016,26289.956361759618
243375,43878.016,29778.42280217277
243376,43878.016,10063.76388956207
243377,43878.016,30427.824959238176
243378,43878.016,37869.039818320256
243379,43878.016,51924.94873833018
243380,43878.016,22292.087218514793
243381,43878.016,34085.3007714783
243382,43878.016,23541.889957776733
243383,43878.016,52454.677415432576
243384,43878.016,30331.584105874615
243385,43878.016,9187.996097405325
243386,43878.016,13713.852232572877
243387,43878.016,32168.861058460603
243388,43878.016,54017.32796855597
243389,43878.016,46362.513603206025
243390,43878.016,62306.987565574076
243391,43878.016,14196.969105497818
243392,43878.016,25489.666660228733
243393,43878.016,32466.152290782804
243394,43878.016,33970.62510503754
243395,43878.016,27048.44644770657
243396,43878.016,10790.791097760623
243397,43878.016,35097.065598660294
243398,43878.016,10451.155499557328
243399,43878.016,43106.37482985793
243400,43878.016,39453.14591084185
243401,43878.016,18349.95647698637
243402,43878.016,28155.02399234557
243403,43878.016,40980.18541789217
243404,43878.016,51586.09914892245
243405,43878.016,12539.2320881686
243406,43878.016,14263.485580368437
243407,43878.016,25944.196176525536
243408,43878.016,63453.1478522309
243409,43878.016,48775.55318822645
243410,43878.016,14824.722928107769
243411,43878.016,14039.896928806977
243412,43878.016,36670.14483512915
243413,43878.016,45101.42039454715
243414,43878.016,26322.86173025262
243415,43878.016,12152.383166863221
243416,43878.016,52670.40151832184
243417,43878.016,8683.25335826879
243418,43878.016,28078.57580018937
243419,43878.016,16521.615471913658
243420,43878.016,41455.08703547692
243421,43878.016,14747.910665373112
243422,43878.016,31565.81880178358
243423,43878.016,29798.90164103739
243424,43878.016,15539.164363577584
243425,43878.016,50023.382443140756
243426,43878.016,58203.096843413165
243427,43878.016,57871.541759809945
243428,43878.016,8075.787625664553
243429,43878.016,60574.42437820464
243430,43878.016,15876.36356230878
243431,43878.016,23569.577282063503
243432,43878.016,26733.727730347164
243433,43878.016,34098.28777160736
243434,43878.016,9353.494081353918
243435,43878.016,60746.1148118453
243436,43878.016,46252.27322993198
243437,43878.016,54049.51017816949
243438,43878.016,31668.707192839614
243439,43878.016,25354.587734739624
243440,43878.016,34960.36158192193
243441,43878.016,47126.48197236697
243442,43878.016,26487.838350074948
243443,43878.016,39860.20456740146
243444,43878.016,36912.569342359646
243445,43878.016,6533.055411997956
243446,43878.016,36967.47550060587
243447,43878.016,7952.60760111238
243448,43878.016,64773.74954602479
243449,43878.016,55640.623359493475
243450,43878.016,56386.470989869675
243451,43878.016,37983.24691198387
243452,43878.016,39072.8795396372
243453,43878.016,14736.993548091821
243454,43878.016,50851.062891389505
243455,43878.016,35570.06265982422
243456,43878.016,15196.439024684509
243457,43878.016,20897.15433217637
243458,43878.016,40868.734714700855
243459,43878.016,8505.594674579062
243460,43878.016,16596.829114764834
243461,43878.016,53690.14790826648
243462,43878.016,36983.90920640529
243463,43878.016,38567.62067829982
243464,43878.016,7056.332191071484
243465,43878.016,38115.68319624225
243466,43878.016,23673.59071350578
243467,43878.016,45091.18134902349
243468,43878.016,33712.30324362732
243469,43878.016,32220.962119129446
243470,43878.016,16994.476125828733
243471,43878.016,43796.64702348015
243472,43878.016,59022.87548799177
243473,43878.016,55580.624981523615
243474,43878.016,43638.79396618221
243475,43878.016,7583.701699085399
243476,43878.016,7247.162540989075
243477,43878.016,31947.199950700357
243478,43878.016,68529.2342487774
243479,43878.016,18391.89904863394
243480,43878.016,27130.564022012473
243481,43878.016,27953.523411428865
243482,43878.016,27039.630789036037
243483,43878.016,13552.380028749885
243484,43878.016,25191.48097388655
243485,43878.016,11896.162264050461
243486,43878.016,19603.41259108617
243487,43878.016,47851.89526893705
243488,43878.016,81152.82512124747
243489,43878.016,37698.36433812585
243490,43878.016,34412.26292728265
243491,43878.016,48079.99774545779
243492,43878.016,22191.639569207684
243493,43878.016,56547.27870883539
243494,43878.016,48164.71109761091
243495,43878.016,23753.861721999234
243496,43878.016,10526.630320516611
243497,43878.016,60092.95121477864
243498,43878.016,38811.79474230231
243499,43878.016,39286.46166323219
243500,43878.016,11005.260604920484
243501,43878.016,18493.647772768676
243502,43878.016,52391.76093337987
243503,43878.016,76406.25136099245
243504,43878.016,43187.641653607105
243505,43878.016,25593.967200083534
243506,43878.016,13612.43699143865
243507,43878.016,38405.63163694471
243508,43878.016,11654.47836930866
243509,43878.016,63396.59165217634
243510,43878.016,51038.64647557619
243511,43878.016,116773.81406756201
243512,43878.016,29107.597067253904
243513,43878.016,48581.631618290594
243514,43878.016,11446.76313383754
243515,43878.016,20317.831238331153
243516,43878.016,33790.06805937007
243517,43878.016,42281.760394292
243518,43878.016,11597.927701879904
243519,43878.016,58912.47708340518
243520,43878.016,38471.93604470234
243521,43878.016,65720.49282385212
243522,43878.016,58510.6848549469
243523,43878.016,29242.63837322065
243524,43878.016,16752.382457123338
243525,43878.016,42610.941417501344
243526,43878.016,29519.72401884215
243527,43878.016,66161.94411762142
243528,43878.016,29642.472448214583
243529,43878.016,62751.516448706585
243530,43878.016,7629.536803489406
243531,43878.016,15300.98119847847
243532,43878.016,44564.63203227125
243533,43878.016,88369.22149976411
243534,43878.016,8435.276425541477
243535,43878.016,58887.23312643443
243536,43878.016,42137.57463231606
243537,43878.016,10166.114391847344
243538,43878.016,16675.43953333678
243539,43878.016,22127.288009727916
243540,43878.016,67354.23566305982
243541,43878.016,33389.52284345765
243542,43878.016,16725.500484312026
243543,43878.016,19912.791223520802
243544,43878.016,52705.68407575863
243545,43878.016,50641.4723678775
243546,43878.016,22511.92692428082
243547,43878.016,43135.56940491831
243548,43878.016,31605.22907572493
243549,43878.016,31665.808161590994
243550,43878.016,45213.69784021539
243551,43878.016,31851.502321353968
243552,43878.016,6743.386115878708
243553,43878.016,27499.748114554222
243554,43878.016,17668.812205271417
243555,43878.016,57932.04757454572
243556,43878.016,54471.206269264665
243557,43878.016,47186.85628758867
243558,43878.016,64058.62693233271
243559,43878.016,20796.892896062287
243560,43878.016,21899.93920732781
243561,43878.016,18947.309607850933
243562,43878.016,26928.35105366552
243563,43878.016,15843.76736622296
243564,43878.016,18196.20434508672
243565,43878.016,45749.589447743274
243566,43878.016,26183.31180486689
243567,43878.016,49915.27212318374
243568,43878.016,36190.47505281885
243569,43878.016,22617.185447486772
243570,43878.016,17887.239408545684
243571,43878.016,12841.742707203823
243572,43878.016,24265.999126224382
243573,43878.016,38043.88174428739
243574,43878.016,45150.36279601359
243575,43878.016,67104.25303140558
243576,43878.016,24290.06708189057
243577,43878.016,17526.736649832263
243578,43878.016,59976.79897135482
243579,43878.016,61451.073829614994
243580,43878.016,30573.89009420251
243581,43878.016,25230.262444955228
243582,43878.016,20975.2917067026
243583,43878.016,35702.33464136644
243584,43878.016,18422.215428538526
243585,43878.016,84037.3590218332
243586,43878.016,17099.113214590365
243587,43878.016,14740.404493586655
243588,43878.016,36697.12087977534
243589,43878.016,10147.176965741954
243590,43878.016,20362.82755080297
243591,43878.016,43753.78592392526
243592,43878.016,26953.966154362402
243593,43878.016,48841.42448618903
243594,43878.016,37231.75173973731
243595,43878.016,19701.015542187793
243596,43878.016,57508.09019911167
243597,43878.016,13996.69701103605
243598,43878.016,6584.37215225105
243599,43878.016,15086.681378795032
243600,43878.016,24520.076648917413
243601,43878.016,11932.288469714791
243602,43878.016,14026.780005544058
243603,43878.016,35029.61793305635
243604,43878.016,28596.4057958697
243605,43878.016,23413.915432517282
243606,43878.016,24812.91271782799
243607,43878.016,11663.1622366391
243608,43878.016,17866.15660582449
243609,43878.016,81319.86026327436
243610,43878.016,29267.69176659711
243611,43878.016,38085.40961228458
243612,43878.016,10841.211387510264
243613,43878.016,40773.291565762396
243614,43878.016,56785.89189529049
243615,43878.016,30053.877407621385
243616,43878.016,34053.74711884826
243617,43878.016,25750.00263197856
243618,43878.016,20054.963846771654
243619,43878.016,30230.171640878478
243620,43878.016,27767.079716623295
243621,43878.016,47193.44326959357
243622,43878.016,55488.838951249876
243623,43878.016,43145.010211969326
243624,43878.016,19651.350843898294
243625,43878.016,12475.975419817833
243626,43878.016,69509.08897856259
243627,43878.016,107606.38609721146
243628,43878.016,41843.681091155675
243629,43878.016,24594.021751558226
243630,43878.016,61131.18389280727
243631,43878.016,17099.57842551856
243632,43878.016,87127.37330433614
243633,43878.016,17238.2618742936
243634,43878.016,33648.513508175216
243635,43878.016,73702.24816807832
243636,43878.016,31583.796956915518
243637,43878.016,30287.245762289072
243638,43878.016,10809.70053705389
243639,43878.016,28255.826296894353
243640,43878.016,16745.13731448199
243641,43878.016,25307.886907709133
243642,43878.016,64473.19126238782
243643,43878.016,23654.06194728866
243644,43878.016,21648.013258559706
243645,43878.016,15969.738789280587
243646,43878.016,65355.19004209459
243647,43878.016,29181.229881212097
243648,43878.016,36968.79635758815
243649,43878.016,10842.8794841234
243650,43878.016,29987.69395838209
243651,43878.016,55286.1678499684
243652,43878.016,14242.043236885153
243653,43878.016,15615.64572766662
243654,43878.016,5659.165298445607
243655,43878.016,57390.69387762322
243656,43878.016,50122.74581499296
243657,43878.016,34409.06475427008
243658,43878.016,5914.5261464529685
243659,43878.016,40074.00407953801
243660,43878.016,6040.188164403502
243661,43878.016,45314.323553917864
243662,43878.016,39840.886232061
243663,43878.016,61344.80368487377
243664,43878.016,11307.424852938515
243665,43878.016,8856.556201725782
243666,43878.016,29983.65273849461
243667,43878.016,64811.22039233682
243668,43878.016,9014.912251589398
243669,43878.016,16107.765735475119
243670,43878.016,26638.276214027268
243671,43878.016,61904.53584431214
243672,43878.016,13784.149945973746
243673,43878.016,55514.036805796175
243674,43878.016,48821.96164129654
243675,43878.016,9523.910597923674
243676,43878.016,9781.644999545124
243677,43878.016,45221.11630867445
243678,43878.016,21806.074108687924
243679,43878.016,22614.251060316794
243680,43878.016,49689.401686073514
243681,43878.016,25281.838218993806
243682,43878.016,51312.86761578975
243683,43878.016,44900.82301080008
243684,43878.016,26445.506059528678
243685,43878.016,24866.193633009392
243686,43878.016,52931.62854304165
243687,43878.016,60953.39307306059
243688,43878.016,26552.75141641605
243689,43878.016,45825.372905230106
243690,43878.016,44925.120889725826
243691,43878.016,13910.606955771722
243692,43878.016,23794.00622617551
243693,43878.016,26201.175721295727
243694,43878.016,100911.92338638537
243695,43878.016,42388.10249012238
243696,43878.016,28004.077695268817
243697,43878.016,49328.139420294516
243698,43878.016,45742.857162696186
243699,43878.016,13104.331547456992
243700,43878.016,14766.497958763412
243701,43878.016,65804.01399195785
243702,43878.016,35006.625070379
243703,43878.016,9123.567620308842
243704,43878.016,33264.17512233858
243705,43878.016,71676.57002471804
243706,43878.016,52613.119222757945
243707,43878.016,45430.381332729106
243708,43878.016,14124.963085227235
243709,43878.016,14960.45429298758
243710,43878.016,31952.021309755804
243711,43878.016,45388.15234693974
243712,43878.016,36558.69482187091
243713,43878.016,37993.538982920916
243714,43878.016,13829.365844552593
243715,43878.016,33339.222070050295
243716,43878.016,13514.832876393362
243717,43878.016,65196.74204523271
243718,43878.016,23382.35623764797
243719,43878.016,33438.91158235955
243720,43878.016,18926.085916948698
243721,43878.016,11888.013850366315
243722,43878.016,72746.22238800382
243723,43878.016,43108.95361267086
243724,43878.016,39469.505119078894
243725,43878.016,57616.63310559219
243726,43878.016,69759.73250816567
243727,43878.016,40751.91781020647
243728,43878.016,18863.074604025493
243729,43878.016,43034.789066602156
243730,43878.016,37003.68912705311
243731,43878.016,23463.998579288444
243732,43878.016,38247.70900705214
243733,43878.016,19701.355264456823
243734,43878.016,6601.051532283929
243735,43878.016,49045.441953402275
243736,43878.016,30894.26974371652
243737,43878.016,31469.355561895864
243738,43878.016,43586.763311378374
243739,43878.016,32603.15695464395
243740,43878.016,33931.14409070584
243741,43878.016,32103.212677794334
243742,43878.016,58516.54176585256
243743,43878.016,50473.42818198689
243744,43878.016,8893.135726362158
243745,43878.016,48992.61778511966
243746,43878.016,37770.377669193236
243747,43878.016,11072.003510761648
243748,43878.016,39674.623251127785
243749,43878.016,72828.34133388259
243750,43878.016,8875.660036794803
243751,43878.016,14534.249877298986
243752,43878.016,50065.65754148726
243753,43878.016,10379.571576885426
243754,43878.016,28232.758117374273
243755,43878.016,22950.122674560305
243756,43878.016,57816.73156739217
243757,43878.016,53236.20665676903
243758,43878.016,33628.17120089706
243759,43878.016,25936.240868681183
243760,43878.016,48849.98693534942
243761,43878.016,66218.95562833305
243762,43878.016,5427.842803054843
243763,43878.016,54156.32745338103
243764,43878.016,26376.804553374703
243765,43878.016,51688.71169051773
243766,43878.016,25075.558033456316
243767,43878.016,22006.885413432025
243768,43878.016,34242.98517984866
243769,43878.016,11485.849446318243
243770,43878.016,16680.96602820519
243771,43878.016,35311.28387055066
243772,43878.016,36313.728557198694
243773,43878.016,19826.968438324766
243774,43878.016,58687.45682935364
243775,43878.016,18038.55450594383
243776,43878.016,21682.00505835868
243777,43878.016,38522.240033421185
243778,43878.016,17250.978626151977
243779,43878.016,77983.35065292641
243780,43878.016,14057.186723562678
243781,43878.016,47853.53487321786
243782,43878.016,13609.334528491225
243783,43878.016,9264.073327355965
243784,43878.016,74344.53616524766
243785,43878.016,47721.07315589527
243786,43878.016,28231.806231886872
243787,43878.016,9151.151080416443
243788,43878.016,24285.924725486228
243789,43878.016,47332.706049641885
243790,43878.016,18687.389532345227
243791,43878.016,32594.49408052131
243792,43878.016,44042.86648572531
243793,43878.016,16479.108468615763
243794,43878.016,34038.54107399735
243795,43878.016,45179.86535450757
243796,43878.016,6251.425504910172
243797,43878.016,39918.985858947904
243798,43878.016,12121.086091190451
243799,43878.016,39602.5245998526
243800,43878.016,44969.82528462746
243801,43878.016,5810.3703447788685
243802,43878.016,26004.3895402699
243803,43878.016,26967.337432302884
243804,43878.016,57193.23722916832
243805,43878.016,31118.4411174867
243806,43878.016,64505.85469237639
243807,43878.016,117651.40591703991
243808,43878.016,21909.936208586718
243809,43878.016,42147.92096757459
243810,43878.016,29100.86332102724
243811,43878.016,9117.883627316183
243812,43878.016,37376.74249851296
243813,43878.016,35762.69704019217
243814,43878.016,39475.104218189466
243815,43878.016,18427.58615877364
243816,43878.016,17993.654423371074
243817,43878.016,21258.41706077907
243818,43878.016,66927.53404999107
243819,43878.016,43082.37091914528
243820,43878.016,26667.180135140617
243821,43878.016,16760.18519639817
243822,43878.016,53638.54160908492
243823,43878.016,27444.758417369605
243824,43878.016,23509.168435166
243825,43878.016,23658.622908946454
243826,43878.016,57037.81149762209
243827,43878.016,43678.106457361995
243828,43878.016,36311.02732652789
243829,43878.016,14689.809151854975
243830,43878.016,47130.68238730865
243831,43878.016,12451.17473372227
243832,43878.016,40103.2216018156
243833,43878.016,52327.259405912424
243834,43878.016,31857.54410067429
243835,43878.016,48970.26591502887
243836,43878.016,10330.030708189692
243837,43878.016,19448.71661376891
243838,43878.016,30056.294680260416
243839,43878.016,20879.527324216906
243840,43878.016,32729.861408592482
243841,43878.016,11390.934810714827
243842,43878.016,42532.69528385976
243843,43878.016,16298.14378489208
243844,43878.016,10097.659829830967
243845,43878.016,72542.60579501107
243846,43878.016,13249.970718804734
243847,43878.016,18467.59514209869
243848,43878.016,38072.71001359936
243849,43878.016,48270.96849419813
243850,43878.016,28281.121740145383
243851,43878.016,35220.1307976079
243852,43878.016,31994.2416806448
243853,43878.016,55992.86420476792
243854,43878.016,9122.493117070057
243855,43878.016,27706.96365700439
243856,43878.016,24921.285260905945
243857,43878.016,31499.694773147872
243858,43878.016,19253.118285417964
243859,43878.016,9210.644958055309
243860,43878.016,37736.9955073651
243861,43878.016,22151.10216681368
243862,43878.016,19044.35482995409
243863,43878.016,19095.661154484762
243864,43878.016,38222.54315136346
243865,43878.016,56262.342762882596
243866,43878.016,28715.147803262695
243867,43878.016,15846.092058903281
243868,43878.016,24583.333650679186
243869,43878.016,13901.976931782992
243870,43878.016,54490.439437672605
243871,43878.016,13199.402764073093
243872,43878.016,49039.56907334664
243873,43878.016,27250.462675446837
243874,43878.016,22730.964197811772
243875,43878.016,41127.17553379526
243876,43878.016,11465.322505987548
243877,43878.016,59771.96770885769
243878,43878.016,19319.09381611844
243879,43878.016,34291.688323657785
243880,43878.016,37534.59033206555
243881,43878.016,6514.574289134153
243882,43878.016,11748.208276957268
243883,43878.016,64423.952012404865
243884,43878.016,35983.91572899358
243885,43878.016,47721.60744843083
243886,43878.016,95416.60205285197
243887,43878.016,26360.031453243064
243888,43878.016,34298.139758983976
243889,43878.016,44648.224450097274
243890,43878.016,11631.364920438822
243891,43878.016,16250.795505609836
243892,43878.016,51302.481816624684
243893,43878.016,23234.686557687375
243894,43878.016,3127.970113460103
243895,43878.016,20118.165506582453
243896,43878.016,55327.35908522082
243897,43878.016,73499.59281517293
243898,43878.016,19097.99256977415
243899,43878.016,19001.246534690694
243900,43878.016,5885.20174497193
243901,43878.016,17681.8213373083
243902,43878.016,56296.427537847674
243903,43878.016,47813.98786922634
243904,43878.016,16891.13859449851
243905,43878.016,23088.77723260975
243906,43878.016,21068.54336866471
243907,43878.016,9430.37456121104
243908,43878.016,33078.497637417924
243909,43878.016,16172.60128737944
243910,43878.016,50067.580908922355
243911,43878.016,27668.196675446732
243912,43878.016,17900.125803236802
243913,43878.016,33238.462134765294
243914,43878.016,49917.305431261564
243915,43878.016,56208.73584899057
243916,43878.016,27828.370041448172
243917,43878.016,38781.403890878595
243918,43878.016,33830.02476473305
243919,43878.016,59845.91703246191
243920,43878.016,41487.108190031555
243921,43878.016,41112.213980365435
243922,43878.016,29608.1681116551
243923,43878.016,20404.033480102753
243924,43878.016,18486.82447752773
243925,43878.016,8388.462275750298
243926,43878.016,35223.020379735586
243927,43878.016,54964.588936851294
243928,43878.016,21388.382088803177
243929,43878.016,19195.4081842706
243930,43878.016,51087.28255034639
243931,43878.016,8771.252909352103
243932,43878.016,47680.121976471215
243933,43878.016,44904.674331668095
243934,43878.016,59027.603872417036
243935,43878.016,41911.61030078757
243936,43878.016,40635.85059627109
243937,43878.016,70985.35627593372
243938,43878.016,10770.911815351068
243939,43878.016,60113.18120049867
243940,43878.016,22820.07084424887
243941,43878.016,35235.77243514232
243942,43878.016,25163.925375777097
243943,43878.016,57475.77307898548
243944,43878.016,22503.045367840034
243945,43878.016,54946.38276315619
243946,43878.016,35588.8969053139
243947,43878.016,60275.55205073574
243948,43878.016,11400.058695718266
243949,43878.016,29299.960496310396
243950,43878.016,13703.029551031661
243951,43878.016,7566.3748448118995
243952,43878.016,62618.28222470435
243953,43878.016,15722.440450548405
243954,43878.016,29861.650608796448
243955,43878.016,74877.53223638644
243956,43878.016,55877.4627920915
243957,43878.016,12174.591026860704
243958,43878.016,33996.3961440581
243959,43878.016,32547.129896847644
243960,43878.016,49265.62366768207
243961,43878.016,36482.58200951916
243962,43878.016,50857.82595043181
243963,43878.016,6971.917176781662
243964,43878.016,3231.5855508007903
243965,43878.016,42184.93499727267
243966,43878.016,37212.758199375756
243967,43878.016,35858.07492840889
243968,43878.016,18523.69058177209
243969,43878.016,12038.416961989638
243970,43878.016,57969.371374252194
243971,43878.016,33762.78414516331
243972,43878.016,31141.791538680136
243973,43878.016,44232.03865157722
243974,43878.016,18139.822249843273
243975,43878.016,13404.014206803817
243976,43878.016,34507.69529463784
243977,43878.016,24663.560780835385
243978,43878.016,50630.08231312994
243979,43878.016,56841.51193528819
243980,43878.016,35134.91178086104
243981,43878.016,16596.526739119836
243982,43878.016,22184.466024438145
243983,43878.016,20379.95548616891
243984,43878.016,24874.547678896288
243985,43878.016,26244.94443674261
243986,43878.016,46748.27858786141
243987,43878.016,9532.30948933997
243988,43878.016,34007.481991938934
243989,43878.016,48963.41825305145
243990,43878.016,22674.335559146213
243991,43878.016,11284.109050933486
243992,43878.016,63724.12501512421
243993,43878.016,118218.4202820917
243994,43878.016,29572.07375538841
243995,43878.016,51641.14788449945
243996,43878.016,43666.00110710498
243997,43878.016,12219.3794309918
243998,43878.016,36457.31322648989
243999,43878.016,47776.02367517027
244000,43878.016,47089.905472714636
244001,43878.016,20387.050704559784
244002,43878.016,13696.808480938113
244003,43878.016,69097.04950975126
244004,43878.016,51616.42973672653
244005,43878.016,24523.138543581557
244006,43878.016,19374.466175025344
244007,43878.016,29474.597277705096
244008,43878.016,66380.39613578527
244009,43878.016,52296.428907756876
244010,43878.016,53761.325037517025
244011,43878.016,50726.045819336374
244012,43878.016,14058.219958279276
244013,43878.016,18234.966823703584
244014,43878.016,40032.89277324698
244015,43878.016,11316.753342806067
244016,43878.016,10707.503325913649
244017,43878.016,35966.94718873383
244018,43878.016,35827.380633528206
244019,43878.016,49784.62298630848
244020,43878.016,60212.52963188322
244021,43878.016,17771.666376263205
244022,43878.016,8362.524218395463
244023,43878.016,20889.652702823296
244024,43878.016,76129.1318011401
244025,43878.016,33138.48033923406
244026,43878.016,8983.646517777657
244027,43878.016,28148.72132490782
244028,43878.016,46624.5202638411
244029,43878.016,63400.60689814997
244030,43878.016,36382.81956398479
244031,43878.016,69118.45544533433
244032,43878.016,6002.081256254346
244033,43878.016,15837.411555560771
244034,43878.016,4384.545023887597
244035,43878.016,11071.173412030275
244036,43878.016,39942.9099318605
244037,43878.016,80628.50344582928
244038,43878.016,67358.59938238695
244039,43878.016,16923.500429277457
244040,43878.016,50715.10763291996
244041,43878.016,13698.723363483075
244042,43878.016,62463.63545069213
244043,43878.016,49165.536718485564
244044,43878.016,59604.492820130385
244045,43878.016,42547.443583530374
244046,43878.016,77479.69728899692
244047,43878.016,37203.18042095
244048,43878.016,52193.91106558742
244049,43878.016,15654.529787299021
244050,43878.016,48693.782788760276
244051,43878.016,70504.76610861738
244052,43878.016,48480.38498156364
244053,43878.016,50607.80725662177
244054,43878.016,55973.37586190466
244055,43878.016,62562.27533207013
244056,43878.016,9616.994835044827
244057,43878.016,14032.033515462903
244058,43878.016,30616.57005338052
244059,43878.016,38048.70902337132
244060,43878.016,29485.612328027193
244061,43878.016,24845.653344241724
244062,43878.016,9619.673974092138
244063,43878.016,16741.425959478816
244064,43878.016,5904.139024427052
244065,43878.016,16339.189139342385
244066,43878.016,44401.50748643099
244067,43878.016,9832.301008577446
244068,43878.016,8145.31540459142
244069,43878.016,16405.41252958241
244070,43878.016,10258.725041774642
244071,43878.016,41027.359891632215
244072,43878.016,38659.96692349644
244073,43878.016,45412.748578026105
244074,43878.016,35480.38279335259
244075,43878.016,53313.973615289004
244076,43878.016,38052.666749762604
244077,43878.016,14215.919841424206
244078,43878.016,33950.14316070001
244079,43878.016,43438.82034805341
244080,43878.016,42667.105862542005
244081,43878.016,25496.64653380937
244082,43878.016,24875.62057205421
244083,43878.016,20676.6696089874
244084,43878.016,35724.17425787128
244085,43878.016,10052.314202452304
244086,43878.016,60247.97336432899
244087,43878.016,37722.25825379209
244088,43878.016,23712.75324545578
244089,43878.016,26449.59122953654
244090,43878.016,18808.49728256379
244091,43878.016,19012.516306508744
244092,43878.016,19843.08349771651
244093,43878.016,15214.609578144766
244094,43878.016,79101.94482058258
244095,43878.016,46559.288363546075
244096,43878.016,54827.24492365069
244097,43878.016,21732.029039936784
244098,43878.016,19573.70326510299
244099,43878.016,10638.79532618153
244100,43878.016,14782.376675212976
244101,43878.016,20414.660299357663
244102,43878.016,62178.04788276994
244103,43878.016,39993.20620664411
244104,43878.016,25344.77550867953
244105,43878.016,13300.445990996603
244106,43878.016,36363.85652469
244107,43878.016,39298.47266920917
244108,43878.016,13115.334235363078
244109,43878.016,13566.885925771532
244110,43878.016,34125.15351142823
244111,43878.016,72164.92377658367
244112,43878.016,53649.54183673201
244113,43878.016,24591.90069870856
244114,43878.016,20094.905327968525
244115,43878.016,35512.572131753106
244116,43878.016,37336.765510748395
244117,43878.016,14309.37769378401
244118,43878.016,20241.054974047012
244119,43878.016,19205.020302192548
244120,43878.016,40340.83412515957
244121,43878.016,6388.273276459499
244122,43878.016,62081.53822259537
244123,43878.016,27414.60487203355
244124,43878.016,47826.44603200574
244125,43878.016,51488.61904085964
244126,43878.016,37899.177763303676
244127,43878.016,64948.21352316082
244128,43878.016,22130.051164612047
244129,43878.016,48329.97142770725
244130,43878.016,18121.14342480433
244131,43878.016,28712.41026994774
244132,43878.016,19526.89758597764
244133,43878.016,24014.562926741295
244134,43878.016,28344.450426170053
244135,43878.016,43234.5337070678
244136,43878.016,25377.002974688898
244137,43878.016,27262.73179851987
244138,43878.016,44561.13620504911
244139,43878.016,18001.64486969076
244140,43878.016,51669.98315200707
244141,43878.016,74534.0309636704
244142,43878.016,13545.333446035569
244143,43878.016,44885.58023087897
244144,43878.016,45873.50757860473
244145,43878.016,66560.63583239706
244146,43878.016,52426.06904960329
244147,43878.016,23196.742637666655
244148,43878.016,55354.87309025291
244149,43878.016,61738.075097081775
244150,43878.016,49430.87720982542
244151,43878.016,15988.303404644794
244152,43878.016,50426.25776078328
244153,43878.016,42942.993202363126
244154,43878.016,35729.44962905559
244155,43878.016,77841.33060026643
244156,43878.016,23142.148583344537
244157,43878.016,9442.720588550317
244158,43878.016,30782.8380695904
244159,43878.016,44876.986126454336
244160,43878.016,45083.44240642581
244161,43878.016,47635.44280586189
244162,43878.016,10453.592952334298
244163,43878.016,45357.25511261487
244164,43878.016,18043.990179927318
244165,43878.016,31977.644440578068
244166,43878.016,52339.102104299105
244167,43878.016,23054.685025444527
244168,43878.016,12341.761461332504
244169,43878.016,18200.47762337017
244170,43878.016,21610.957597544384
244171,43878.016,18921.316314904107
244172,43878.016,15551.195704130523
244173,43878.016,41571.45997111991
244174,43878.016,34843.363982492876
244175,43878.016,48942.81004537138
244176,43878.016,5862.794288930943
244177,43878.016,54329.06366616735
244178,43878.016,40334.54932731408
244179,43878.016,21229.790250342972
244180,43878.016,22306.60646064912
244181,43878.016,45949.47603105192
244182,43878.016,25987.27449515794
244183,43878.016,71203.02873491727
244184,43878.016,9771.573806951035
244185,43878.016,19351.21474844546
244186,43878.016,39467.772468809184
244187,43878.016,25707.92510703076
244188,43878.016,61160.876959757225
244189,43878.016,23174.88657843545
244190,43878.016,26658.2038209771
244191,43878.016,13582.115971110648
244192,43878.016,85241.70972772651
244193,43878.016,69373.91010606253
244194,43878.016,64649.714518069944
244195,43878.016,44446.82724836963
244196,43878.016,49072.493227548715
244197,43878.016,23550.09489202971
244198,43878.016,37644.610643038526
244199,43878.016,20042.236540181813
244200,43878.016,50957.883221777396
244201,43878.016,23234.49571915783
244202,43878.016,50601.53282293468
244203,43878.016,9665.873133233574
244204,43878.016,28510.54081886116
244205,43878.016,50720.18082843252
244206,43878.016,75074.9586639467
244207,43878.016,9765.095239502967
244208,43878.016,10855.578641516075
244209,43878.016,49842.29605811832
244210,43878.016,19984.935335093563
244211,43878.016,6056.848814386936
244212,43878.016,25869.314695366054
244213,43878.016,32059.332686388632
244214,43878.016,56430.29526729625
244215,43878.016,63726.143273557806
244216,43878.016,50464.59510402316
244217,43878.016,14902.858580516591
244218,43878.016,47428.44500076423
244219,43878.016,55844.089505859505
244220,43878.016,18190.302142318506
244221,43878.016,10278.01247187079
244222,43878.016,15157.455593057772
244223,43878.016,69829.62805357175
244224,43878.016,63433.58299766863
244225,43878.016,7849.649871092553
244226,43878.016,27327.778122219293
244227,43878.016,56000.11349258237
244228,43878.016,29512.65256452155
244229,43878.016,6653.951448709045
244230,43878.016,38537.15278869933
244231,43878.016,4417.430817664883
244232,43878.016,43837.919378981554
244233,43878.016,22628.716023096225
244234,43878.016,30579.3848091565
244235,43878.016,26507.960187632714
244236,43878.016,7179.844400947047
244237,43878.016,60450.756617082596
244238,43878.016,73043.62794771556
244239,43878.016,7420.11104621138
244240,43878.016,10685.306438375765
244241,43878.016,17490.519220859573
244242,43878.016,56653.698605064674
244243,43878.016,6095.106868967984
244244,43878.016,13127.926529230544
244245,43878.016,43565.814798166866
244246,43878.016,91149.82908833191
244247,43878.016,42265.92952208719
244248,43878.016,44649.44796472321
244249,43878.016,10204.43486654702
244250,43878.016,6768.232264158254
244251,43878.016,44189.901374275556
244252,43878.016,19139.700250770802
244253,43878.016,14550.121015510258
244254,43878.016,28873.391592289812
244255,43878.016,16069.340580738548
244256,43878.016,33919.30460606153
244257,43878.016,57603.01172329508
244258,43878.016,5780.094441438965
244259,43878.016,42705.01636045888
244260,43878.016,46512.05973926193
244261,43878.016,8598.274567085376
244262,43878.016,62025.25439185191
244263,43878.016,36760.246120532174
244264,43878.016,29907.06666448319
244265,43878.016,74665.54949109691
244266,43878.016,98943.96426064985
244267,43878.016,78003.81628472901
244268,43878.016,26343.74777943576
244269,43878.016,32021.101553406013
244270,43878.016,47286.81299705824
244271,43878.016,59355.3749868838
244272,43878.016,46806.68606374102
244273,43878.016,72694.9154704217
244274,43878.016,73166.82722220266
244275,43878.016,33661.75773623519
244276,43878.016,25107.672515860984
244277,43878.016,37378.531204368206
244278,43878.016,42812.870872053216
244279,43878.016,47691.952116185894
244280,43878.016,17118.52966843177
244281,43878.016,35343.87740870928
244282,43878.016,47984.257432002254
244283,43878.016,10158.07417867293
244284,43878.016,58614.75576921419
244285,43878.016,16961.469584926937
244286,43878.016,48446.97153280935
244287,43878.016,21083.479491892158
244288,43878.016,56984.2005052737
244289,43878.016,28452.075091656476
244290,43878.016,56734.479480306996
244291,43878.016,34793.08153403705
244292,43878.016,27743.126999207918
244293,43878.016,51592.01499924796
244294,43878.016,57482.15899511347
244295,43878.016,50918.3801739768
244296,43878.016,47978.87664088423
244297,43878.016,51209.69202630606
244298,43878.016,62066.679954000334
244299,43878.016,32925.4990806371
244300,43878.016,40232.08876819398
244301,43878.016,18201.391208308505
244302,43878.016,16488.832685911497
244303,43878.016,47321.97541290227
244304,43878.016,54817.35025562736
244305,43878.016,10548.146255445257
244306,43878.016,33249.84326891302
244307,43878.016,24841.04254570699
244308,43878.016,55989.687810243035
244309,43878.016,54420.09447704932
244310,43878.016,9847.939557068754
244311,43878.016,40619.32406676702
244312,43878.016,14864.701322300427
244313,43878.016,20080.52732724686
244314,43878.016,10200.781751173929
244315,43878.016,11198.809538214287
244316,43878.016,18661.755324401824
244317,43878.016,69394.23908471638
244318,43878.016,11316.83560487085
244319,43878.016,33749.27826830509
244320,43878.016,34771.912135055856
244321,43878.016,29140.96326142667
244322,43878.016,21677.722697919366
244323,43878.016,47742.919215804286
244324,43878.016,18529.65720989118
244325,43878.016,13679.205104453229
244326,43878.016,9773.785787990342
244327,43878.016,20431.05912116864
244328,43878.016,10922.928613056509
244329,43878.016,26299.178801739785
244330,43878.016,22239.79415740897
244331,43878.016,34174.338548463886
244332,43878.016,24653.606319312676
244333,43878.016,65457.4514604786
244334,43878.016,31622.902869219688
244335,43878.016,82513.65324079646
244336,43878.016,59210.77792419921
244337,43878.016,49120.06053891625
244338,43878.016,60552.68372233549
244339,43878.016,30937.75945533334
244340,43878.016,10762.548433199336
244341,43878.016,53060.44600185268
244342,43878.016,42410.9677379474
244343,43878.016,60798.67322205389
244344,43878.016,7226.365118310505
244345,43878.016,44521.238599327095
244346,43878.016,49537.9107099269
244347,43878.016,10291.054311819193
244348,43878.016,45878.60381552602
244349,43878.016,10911.773377285279
244350,43878.016,22022.02590921653
244351,43878.016,28233.46585659479
244352,43878.016,38729.270863082755
244353,43878.016,59101.6790088696
244354,43878.016,13767.226093454656
244355,43878.016,36574.679747882255
244356,43878.016,38696.17101428358
244357,43878.016,51883.18503611458
244358,43878.016,11176.666315727654
244359,43878.016,13294.98272990174
244360,43878.016,55574.82588646712
244361,43878.016,42791.062755478364
244362,43878.016,74084.24388988585
244363,43878.016,16755.485726720406
244364,43878.016,33579.061891294456
244365,43878.016,25133.40184646406
244366,43878.016,64792.58592165896
244367,43878.016,14693.13628481291
244368,43878.016,35712.928845561364
244369,43878.016,31717.601883156185
244370,43878.016,49689.38657804057
244371,43878.016,10884.704633375752
244372,43878.016,32007.507222409087
244373,43878.016,31009.071444367015
244374,43878.016,32126.057863044833
244375,43878.016,25801.301705458696
244376,43878.016,53502.156305138924
244377,43878.016,18128.50560922045
244378,43878.016,17998.53347597615
244379,43878.016,80695.1127976995
244380,43878.016,62711.52536486441
244381,43878.016,12586.40921573603
244382,43878.016,58160.45008057945
244383,43878.016,50223.83935170025
244384,43878.016,29008.966288918095
244385,43878.016,32340.896081053685
244386,43878.016,9969.260760318468
244387,43878.016,30886.036584760248
244388,43878.016,24460.646674213065
244389,43878.016,14767.811580359268
244390,43878.016,62921.969204896566
244391,43878.016,45640.828564649004
244392,43878.016,48093.80429894265
244393,43878.016,15911.568668170466
244394,43878.016,56034.33764686248
244395,43878.016,20130.30556870203
244396,43878.016,25431.755846582702
244397,43878.016,22585.830997114936
244398,43878.016,59567.337004849905
244399,43878.016,15899.400274336078
244400,43878.016,30475.557847691238
244401,43878.016,29317.949803132396
244402,43878.016,26029.309171124834
244403,43878.016,58315.10780167462
244404,43878.016,71474.5409555792
244405,43878.016,16669.866598238157
244406,43878.016,65665.78824611744
244407,43878.016,15378.928776279296
244408,43878.016,43820.2299091446
244409,43878.016,30366.82387017843
244410,43878.016,24230.005848644945
244411,43878.016,53300.5626737765
244412,43878.016,20711.50837711585
244413,43878.016,9616.630380147664
244414,43878.016,16037.075501197682
244415,43878.016,32066.87245882964
244416,43878.016,7193.593727891329
244417,43878.016,24177.642768126883
244418,43878.016,5845.135838621828
244419,43878.016,58682.477088753476
244420,43878.016,56072.19912972982
244421,43878.016,67354.58487068122
244422,43878.016,58750.031989415416
244423,43878.016,14317.693523581525
244424,43878.016,56373.57345166029
244425,43878.016,9117.3596720287
244426,43878.016,69731.78976996194
244427,43878.016,47279.612685526714
244428,43878.016,43011.936401662984
244429,43878.016,40715.28164751508
244430,43878.016,38633.03812364865
244431,43878.016,34457.28702711634
244432,43878.016,69763.45287039678
244433,43878.016,12424.295243579649
244434,43878.016,37751.75111020135
244435,43878.016,29291.14343859961
244436,43878.016,24669.87599266431
244437,43878.016,18534.126882947283
244438,43878.016,16685.53143708815
244439,43878.016,54066.256261431576
244440,43878.016,59023.46782354176
244441,43878.016,26896.20132635788
244442,43878.016,49604.390795740444
244443,43878.016,20672.21860316979
244444,43878.016,22092.907968575404
244445,43878.016,65453.56616019171
244446,43878.016,11431.839230832558
244447,43878.016,47792.79166245284
244448,43878.016,22113.891230221067
244449,43878.016,14202.569278963949
244450,43878.016,51345.42555404466
244451,43878.016,11423.057110072368
244452,43878.016,25961.641122759116
244453,43878.016,55679.65046208172
244454,43878.016,12071.943384011218
244455,43878.016,27595.973996376437
244456,43878.016,20336.165382443105
244457,43878.016,43305.989891688245
244458,43878.016,52273.031124920104
244459,43878.016,8591.034688779431
244460,43878.016,27031.241091876407
244461,43878.016,15427.575903222696
244462,43878.016,48352.49459075622
244463,43878.016,17235.004921818556
244464,43878.016,22791.084835346264
244465,43878.016,11171.49105283639
244466,43878.016,25606.67357788165
244467,43878.016,41175.59378737664
244468,43878.016,39228.94664368226
244469,43878.016,48338.709354180384
244470,43878.016,65616.6764319182
244471,43878.016,19824.678516450676
244472,43878.016,48197.26809354811
244473,43878.016,39531.15967215238
244474,43878.016,21495.309266378357
244475,43878.016,15285.062491034143
244476,43878.016,55404.30115173953
244477,43878.016,38817.458331776055
244478,43878.016,56264.946325311364
244479,43878.016,19615.972268517893
244480,43878.016,65272.18818971591
244481,43878.016,46087.28611410843
244482,43878.016,29801.79300999714
244483,43878.016,16485.69651128863
244484,43878.016,68390.44246264973
244485,43878.016,39337.321132518846
244486,43878.016,13641.484652301397
244487,43878.016,17291.806012802095
244488,43878.016,24160.093904020607
244489,43878.016,74718.4200844161
244490,43878.016,45362.30572620493
244491,43878.016,21821.10514173893
244492,43878.016,52006.40457675983
244493,43878.016,42069.74406328985
244494,43878.016,47144.81167614758
244495,43878.016,48571.00450028268
244496,43878.016,79747.92831216278
244497,43878.016,32191.005395090393
244498,43878.016,6856.493565560754
244499,43878.016,36838.02076053254
244500,43878.016,48207.213270025946
244501,43878.016,26184.088460300693
244502,43878.016,19863.75041519479
244503,43878.016,9364.392857957486
244504,43878.016,20935.017360652033
244505,43878.016,22245.091940794486
244506,43878.016,27972.163240143193
244507,43878.016,22938.99676345214
244508,43878.016,48583.63134543216
244509,43878.016,78851.46001479415
244510,43878.016,34154.17584581016
244511,43878.016,14151.599700169449
244512,43878.016,29766.66725185415
244513,43878.016,23072.83450756822
244514,43878.016,13140.913705020568
244515,43878.016,25940.996881532017
244516,43878.016,28832.26848366866
244517,43878.016,28747.103092651934
244518,43878.016,20523.9760851183
244519,43878.016,46979.60724633578
244520,43878.016,33623.63243592554
244521,43878.016,23189.211832756715
244522,43878.016,24308.336146266833
244523,43878.016,34746.973510098986
244524,43878.016,27669.973088945735
244525,43878.016,28704.424487067765
244526,43878.016,36106.078803880635
244527,43878.016,56670.026027577485
244528,43878.016,14767.028104953479
244529,43878.016,13086.729070775562
244530,43878.016,34198.910560148746
244531,43878.016,22846.31056479951
244532,43878.016,38582.84944908821
244533,43878.016,65968.5980951773
244534,43878.016,28031.739275049236
244535,43878.016,47033.99636273189
244536,43878.016,34869.737830242295
244537,43878.016,22059.237581418496
244538,43878.016,19146.76781681097
244539,43878.016,49576.53417494883
244540,43878.016,49259.97645850948
244541,43878.016,19889.884222674675
244542,43878.016,40053.5545600905
244543,43878.016,26709.79316489902
244544,43878.016,24484.52630117241
244545,43878.016,85659.86334390916
244546,43878.016,42053.14522864576
244547,43878.016,24503.82504294894
244548,43878.016,25261.974143506573
244549,43878.016,16912.135565225657
244550,43878.016,29277.991544166925
244551,43878.016,39015.91188546081
244552,43878.016,61623.367882779195
244553,43878.016,82633.31906230902
244554,43878.016,24977.890504387058
244555,43878.016,42321.68221818393
244556,43878.016,65480.6605548817
244557,43878.016,15011.62552075468
244558,43878.016,28416.891838450596
244559,43878.016,16412.52678349943
244560,43878.016,49166.07428972136
244561,43878.016,21517.751301521825
244562,43878.016,38768.472462188074
244563,43878.016,16308.72740632862
244564,43878.016,11645.730866443479
244565,43878.016,4868.945705088972
244566,43878.016,57167.02302969921
244567,43878.016,26541.473802608958
244568,43878.016,6573.228308983036
244569,43878.016,49074.11166399721
244570,43878.016,43994.52353937284
244571,43878.016,23048.740213686728
244572,43878.016,24593.50867134241
244573,43878.016,57793.78184422177
244574,43878.016,52418.88232663529
244575,43878.016,17339.786683519604
244576,43878.016,16123.35862164117
244577,43878.016,48786.625770417486
244578,43878.016,33725.092742053785
244579,43878.016,4811.602165869775
244580,43878.016,9768.293006922353
244581,43878.016,55002.64841583096
244582,43878.016,61446.32996528464
244583,43878.016,50509.57373020626
244584,43878.016,18528.37704800004
244585,43878.016,65792.95873656907
244586,43878.016,39943.447316310994
244587,43878.016,7973.091112408459
244588,43878.016,20009.263610050955
244589,43878.016,62076.0672783363
244590,43878.016,41510.02306401226
244591,43878.016,52973.31485832539
244592,43878.016,18328.08297844155
244593,43878.016,31935.900133738178
244594,43878.016,17453.142445322363
244595,43878.016,63921.42257125163
244596,43878.016,41494.13343550252
244597,43878.016,20263.674440768948
244598,43878.016,9412.803828308772
244599,43878.016,37910.01045299447
244600,43878.016,42957.74153515681
244601,43878.016,54237.4613735
244602,43878.016,63294.59272928797
244603,43878.016,55899.20720015507
244604,43878.016,14718.797420667624
244605,43878.016,11856.107747912327
244606,43878.016,19650.23833917977
244607,43878.016,13801.51504319694
244608,43878.016,10190.312844670509
244609,43878.016,29912.53748678805
244610,43878.016,30781.048733122505
244611,43878.016,43996.52876481713
244612,43878.016,17866.105835692866
244613,43878.016,15876.465543363176
244614,43878.016,6881.711870535807
244615,43878.016,68117.78489166958
244616,43878.016,38233.38280786798
244617,43878.016,10842.41874355976
244618,43878.016,53022.67738803598
244619,43878.016,26625.323712986137
244620,43878.016,40340.66883344071
244621,43878.016,12322.950376358007
244622,43878.016,31156.098439195473
244623,43878.016,5584.482849430942
244624,43878.016,37112.57362035995
244625,43878.016,10113.020951989647
244626,43878.016,25751.813137554913
244627,43878.016,43358.10549294269
244628,43878.016,9967.061689988772
244629,43878.016,18617.87763015639
244630,43878.016,64822.74570641957
244631,43878.016,15596.917354279478
244632,43878.016,32052.80581603281
244633,43878.016,8205.451785043371
244634,43878.016,39208.58359607442
244635,43878.016,69849.92570152105
244636,43878.016,60057.24889196033
244637,43878.016,35767.62595715332
244638,43878.016,18483.720223162098
244639,43878.016,15417.64593724437
244640,43878.016,63012.473688036735
244641,43878.016,11945.34228739588
244642,43878.016,37591.401235806836
244643,43878.016,50534.600010060356
244644,43878.016,7883.989239409837
244645,43878.016,5564.517553023754
244646,43878.016,70707.08076087049
244647,43878.016,24543.25298075334
244648,43878.016,49210.34299159782
244649,43878.016,32433.64359461034
244650,43878.016,48143.96914935975
244651,43878.016,55344.589849431824
244652,43878.016,10928.66878005923
244653,43878.016,47938.881313448255
244654,43878.016,42383.79501894456
244655,43878.016,12840.322473215845
244656,43878.016,45195.122866242215
244657,43878.016,23513.761700465115
244658,43878.016,16203.820095420799
244659,43878.016,17379.45872907959
244660,43878.016,70114.36746237928
244661,43878.016,22415.13589352808
244662,43878.016,9630.753280978517
244663,43878.016,65605.76805921413
244664,43878.016,10696.593879118356
244665,43878.016,20312.018915049888
244666,43878.016,27463.57746060289
244667,43878.016,39228.36558628591
244668,43878.016,49444.62759665689
244669,43878.016,45089.336632243176
244670,43878.016,11279.928855758859
244671,43878.016,23792.913212768595
244672,43878.016,5458.381727464652
244673,43878.016,41208.338092816615
244674,43878.016,20683.493631686513
244675,43878.016,9547.148057492814
244676,43878.016,8069.390047815063
244677,43878.016,61063.63677575477
244678,43878.016,57483.56229879261
244679,43878.016,58676.89139587667
244680,43878.016,23864.931697682878
244681,43878.016,19515.966164509086
244682,43878.016,49674.50408426483
244683,43878.016,19305.514940422407
244684,43878.016,19179.83913290185
244685,43878.016,32471.209702526
244686,43878.016,9761.507387530195
244687,43878.016,18665.933530294285
244688,43878.016,64691.5005101808
244689,43878.016,8759.739758235397
244690,43878.016,33647.277415490884
244691,43878.016,25255.48931536019
244692,43878.016,7048.4597306564865
244693,43878.016,25894.89746259347
244694,43878.016,31374.583835823654
244695,43878.016,14625.66783387
244696,43878.016,26948.943184934913
244697,43878.016,50305.63756214368
244698,43878.016,52214.701018274565
244699,43878.016,52957.702080602896
244700,43878.016,17463.774767280764
244701,43878.016,8302.485672096742
244702,43878.016,13441.808932656262
244703,43878.016,46211.55061451995
244704,43878.016,27459.330193590416
244705,43878.016,58659.382714882115
244706,43878.016,112867.27886038617
244707,43878.016,9062.809679154785
244708,43878.016,25014.72978763131
244709,43878.016,25520.263673069294
244710,43878.016,19816.92490676207
244711,43878.016,73047.78841313881
244712,43878.016,30767.241456872707
244713,43878.016,12838.722079252633
244714,43878.016,9658.107251532634
244715,43878.016,36544.943398954834
244716,43878.016,49042.3078067379
244717,43878.016,11505.703076561203
244718,43878.016,14058.809203021101
244719,43878.016,43191.447540362
244720,43878.016,60404.8526585719
244721,43878.016,80752.87202036407
244722,43878.016,22566.37489034977
244723,43878.016,48280.34126451535
244724,43878.016,80763.19768033242
244725,43878.016,33784.33755223476
244726,43878.016,59944.08106349971
244727,43878.016,11635.984680160851
244728,43878.016,31612.27772967389
244729,43878.016,14174.502160961247
244730,43878.016,11638.783109628373
244731,43878.016,43430.70357664861
244732,43878.016,49103.51671986193
244733,43878.016,30654.22498983759
244734,43878.016,15275.719598912881
244735,43878.016,19301.364720141864
244736,43878.016,18629.424737328987
244737,43878.016,47448.07550673138
244738,43878.016,52919.26615133584
244739,43878.016,51026.57418456187
244740,43878.016,41257.03330150152
244741,43878.016,27834.156502157664
244742,43878.016,26129.464838374188
244743,43878.016,35849.41378693043
244744,43878.016,18634.674090955745
244745,43878.016,17220.241834494376
244746,43878.016,35014.3241951806
244747,43878.016,11794.199751802229
244748,43878.016,31697.14047832719
244749,43878.016,12174.280688968742
244750,43878.016,9564.435639612191
244751,43878.016,13727.646468022162
244752,43878.016,13350.262333119912
244753,43878.016,63121.08736426698
244754,43878.016,56900.16783463943
244755,43878.016,40710.94709121779
244756,43878.016,50386.87262199826
244757,43878.016,4790.646886289921
244758,43878.016,76479.49145396968
244759,43878.016,40174.702108371974
244760,43878.016,21739.892146814313
244761,43878.016,11367.94305487315
244762,43878.016,57665.779916455846
244763,43878.016,10149.906669784401
244764,43878.016,53513.23663637675
244765,43878.016,41750.728127565184
244766,43878.016,33453.88310992362
244767,43878.016,4613.103175824169
244768,43878.016,49475.58499159904
244769,43878.016,44757.697522675284
244770,43878.016,9672.378901365893
244771,43878.016,29285.69567879417
244772,43878.016,11707.750685420719
244773,43878.016,68127.58509327754
244774,43878.016,70607.32912349569
244775,43878.016,44817.880027034975
244776,43878.016,28007.429319322295
244777,43878.016,41242.00653723972
244778,43878.016,12254.623147343833
244779,43878.016,53933.732197624944
244780,43878.016,14496.414283167225
244781,43878.016,57649.57516868898
244782,43878.016,43797.902761985235
244783,43878.016,44284.19401016114
244784,43878.016,39411.11458009884
244785,43878.016,10779.137226303668
244786,43878.016,41191.52660197434
244787,43878.016,79706.27538542009
244788,43878.016,23189.439614973508
244789,43878.016,9924.380669658096
244790,43878.016,13826.224020919428
244791,43878.016,38401.70051889618
244792,43878.016,64329.42574856432
244793,43878.016,20455.171707097365
244794,43878.016,35166.6251166039
244795,43878.016,36170.424516498846
244796,43878.016,48811.5223224285
244797,43878.016,20271.180827748747
244798,43878.016,39851.002744048776
244799,43878.016,45836.8020202262
244800,43878.016,50389.35140670965
244801,43878.016,25296.262789389613
244802,43878.016,27097.34418438058
244803,43878.016,9668.644186249168
244804,43878.016,63126.12273629662
244805,43878.016,25365.90947296669
244806,43878.016,26285.155791367688
244807,43878.016,17549.81674067199
244808,43878.016,25928.292186879924
244809,43878.016,22002.879236292727
244810,43878.016,22278.831078416282
244811,43878.016,13469.923164586846
244812,43878.016,15424.994326437274
244813,43878.016,44169.15660285893
244814,43878.016,12191.513323282821
244815,43878.016,28657.985721137018
244816,43878.016,14524.294710077791
244817,43878.016,35594.122923770585
244818,43878.016,47448.250784759985
244819,43878.016,32098.775040616034
244820,43878.016,9115.845904231832
244821,43878.016,19481.085136468224
244822,43878.016,95033.48267628426
244823,43878.016,47379.57825506193
244824,43878.016,73320.57052879859
244825,43878.016,16421.21669859971
244826,43878.016,24734.08951537319
244827,43878.016,83380.19544888269
244828,43878.016,49151.02127635794
244829,43878.016,71977.37570349663
244830,43878.016,34018.281005221055
244831,43878.016,25128.060616814088
244832,43878.016,53502.742082910525
244833,43878.016,30350.160531601672
244834,43878.016,50773.50748201157
244835,43878.016,30924.044417152778
244836,43878.016,38048.97301321799
244837,43878.016,11374.567490118829
244838,43878.016,25472.541088725753
244839,43878.016,57073.26812290136
244840,43878.016,11582.876964708381
244841,43878.016,11117.933810865885
244842,43878.016,57141.70136361768
244843,43878.016,15476.369927843043
244844,43878.016,16978.942179937778
244845,43878.016,45972.04896644076
244846,43878.016,24968.597212957877
244847,43878.016,76558.57631516583
244848,43878.016,14113.546375075013
244849,43878.016,61908.36742396921
244850,43878.016,37308.19202467382
244851,43878.016,30888.73052992248
244852,43878.016,18645.59281736894
244853,43878.016,44389.005266191394
244854,43878.016,21303.172509314543
244855,43878.016,7184.747087049729
244856,43878.016,54021.0274596988
244857,43878.016,68475.46615316538
244858,43878.016,49406.72283934787
244859,43878.016,14297.776451675942
244860,43878.016,24443.424154256303
244861,43878.016,21150.889042435414
244862,43878.016,53764.001107997836
244863,43878.016,55793.341081320534
244864,43878.016,58894.83259845396
244865,43878.016,16564.29652799462
244866,43878.016,17653.641658096254
244867,43878.016,47166.66212605856
244868,43878.016,22641.503452521963
244869,43878.016,19406.458875827648
244870,43878.016,38829.16672420427
244871,43878.016,38940.43017490387
244872,43878.016,19964.467462019587
244873,43878.016,43678.691677467
244874,43878.016,55075.012146886234
244875,43878.016,42560.500234054525
244876,43878.016,22610.932137216794
244877,43878.016,61537.67069356861
244878,43878.016,33734.38831366746
244879,43878.016,68003.97376547616
244880,43878.016,29642.46804036958
244881,43878.016,50171.36554391546
244882,43878.016,39520.823436644394
244883,43878.016,57662.19523251264
244884,43878.016,24022.47006783678
244885,43878.016,37197.45437086826
244886,43878.016,10418.627107276923
244887,43878.016,55199.66949692856
244888,43878.016,19157.911564383223
244889,43878.016,20827.320749796123
244890,43878.016,13222.524310795096
244891,43878.016,44568.18679725462
244892,43878.016,18539.752150571803
244893,43878.016,31792.528954307887
244894,43878.016,41630.772394466716
244895,43878.016,17195.336528117426
244896,43878.016,43932.31670859533
244897,43878.016,36544.00596625805
244898,43878.016,99623.48517089542
244899,43878.016,54775.401678376205
244900,43878.016,33372.70670977698
244901,43878.016,22778.97792350454
244902,43878.016,42869.966871713645
244903,43878.016,33262.995874576794
244904,43878.016,46901.083366869105
244905,43878.016,28926.47821486475
244906,43878.016,55623.60170848017
244907,43878.016,6743.264127427599
244908,43878.016,14359.637175511227
244909,43878.016,41974.29228209497
244910,43878.016,11123.579701371189
244911,43878.016,22703.45790906287
244912,43878.016,64426.60446319186
244913,43878.016,45482.20769617918
244914,43878.016,27874.30471154752
244915,43878.016,58332.20127931104
244916,43878.016,55188.812705974975
244917,43878.016,32182.50894213637
244918,43878.016,65024.630375905945
244919,43878.016,51089.99166451194
244920,43878.016,49942.887252282024
244921,43878.016,20853.212522141905
244922,43878.016,30230.14216511216
244923,43878.016,9736.16666875171
244924,43878.016,6402.526699231786
244925,43878.016,64330.26863858515
244926,43878.016,42978.10597578567
244927,43878.016,22064.20683033159
244928,43878.016,12225.815627220478
244929,43878.016,24662.44494497051
244930,43878.016,27886.00024621914
244931,43878.016,9293.60694611011
244932,43878.016,19673.51434932648
244933,43878.016,43013.85392106332
244934,43878.016,53490.637750305934
244935,43878.016,46054.78150044705
244936,43878.016,113131.18784976717
244937,43878.016,56724.33342841966
244938,43878.016,19599.04348578737
244939,43878.016,31163.939754367595
244940,43878.016,41954.181251783775
244941,43878.016,11833.764911898124
244942,43878.016,22451.99963199126
244943,43878.016,27379.103008300382
244944,43878.016,8053.41105793013
244945,43878.016,45077.14491604975
244946,43878.016,67548.2908537382
244947,43878.016,10877.175885904879
244948,43878.016,16662.96163991795
244949,43878.016,31709.394438674615
244950,43878.016,52509.48082265298
244951,43878.016,34325.647252988325
244952,43878.016,42791.68828533206
244953,43878.016,59529.83409117862
244954,43878.016,19593.391767043526
244955,43878.016,52212.751972847655
244956,43878.016,24036.98017276404
244957,43878.016,59748.26524768932
244958,43878.016,35110.16375233915
244959,43878.016,40699.679897150796
244960,43878.016,20406.028071014538
244961,43878.016,40786.742852009855
244962,43878.016,18830.761214324197
244963,43878.016,16606.970790945805
244964,43878.016,61747.723553319054
244965,43878.016,33877.68893531182
244966,43878.016,10839.388870766265
244967,43878.016,14096.645238490522
244968,43878.016,53827.28036177105
244969,43878.016,34321.20383520814
244970,43878.016,77830.5184603062
244971,43878.016,57130.42179076915
244972,43878.016,53035.671464007726
244973,43878.016,27784.455096597027
244974,43878.016,51606.52619701028
244975,43878.016,65700.73797169149
244976,43878.016,31620.92102459419
244977,43878.016,25966.76481220988
244978,43878.016,35848.856015586694
244979,43878.016,26040.401285283016
244980,43878.016,34365.76681718871
244981,43878.016,41615.76997394856
244982,43878.016,33925.28833727595
244983,43878.016,19883.086163053034
244984,43878.016,40848.703281916714
244985,43878.016,14599.385367129618
244986,43878.016,44476.583316666074
244987,43878.016,56321.57438380297
244988,43878.016,19459.86190008379
244989,43878.016,20902.746551220782
244990,43878.016,55461.23661167378
244991,43878.016,35325.08533979667
244992,43878.016,41077.24904854434
244993,43878.016,18048.79769814053
244994,43878.016,19341.662351157323
244995,43878.016,14410.615925212727
244996,43878.016,9401.504580855206
244997,43878.016,18661.73326130585
244998,43878.016,29196.074492329633
244999,43878.016,38876.04455868428
245000,43878.016,24359.152755503863
245001,43878.016,53944.89526075042
245002,43878.016,35334.05531398803
245003,43878.016,29794.878923654003
245004,43878.016,48157.57846234742
245005,43878.016,57363.98470832723
245006,43878.016,34103.618565926256
245007,43878.016,59325.34302902006
245008,43878.016,8153.911581750477
245009,43878.016,60642.25998432891
245010,43878.016,64206.29433347026
245011,43878.016,23436.517930701833
245012,43878.016,42212.03053672617
245013,43878.016,20707.712403871683
245014,43878.016,18922.205028571003
245015,43878.016,43570.58714937528
245016,43878.016,76081.07327744433
245017,43878.016,34892.09029009448
245018,43878.016,13201.515363584385
245019,43878.016,20244.724165354713
245020,43878.016,4617.930165178982
245021,43878.016,24776.238379649632
245022,43878.016,33640.2284058225
245023,43878.016,44616.2933136807
245024,43878.016,52157.30037743577
245025,43878.016,52958.46164777396
245026,43878.016,41228.3458048361
245027,43878.016,33502.68043682293
245028,43878.016,37463.76262329798
245029,43878.016,38579.25437272641
245030,43878.016,32402.715336914716
245031,43878.016,54238.03267437821
245032,43878.016,17093.468777556172
245033,43878.016,31292.178741448533
245034,43878.016,21327.523822582665
245035,43878.016,23899.97207578085
245036,43878.016,48600.21161745551
245037,43878.016,56989.565464056635
245038,43878.016,12341.868193916289
245039,43878.016,34623.29017605174
245040,43878.016,52412.450424157825
245041,43878.016,10463.076026095909
245042,43878.016,8199.518604005127
245043,43878.016,22364.73850227091
245044,43878.016,61705.31920603656
245045,43878.016,87651.2298935604
245046,43878.016,13154.705020357145
245047,43878.016,35135.716208194906
245048,43878.016,44062.09745331529
245049,43878.016,71162.1938924674
245050,43878.016,47754.93764889962
245051,43878.016,62784.42575626663
245052,43878.016,42355.011757074484
245053,43878.016,49300.27533757516
245054,43878.016,10106.699923773782
245055,43878.016,23097.516713492656
245056,43878.016,54683.325091899875
245057,43878.016,16363.916771251774
245058,43878.016,53123.54486907744
245059,43878.016,78120.8196137533
245060,43878.016,36097.49670803884
245061,43878.016,77236.67225984785
245062,43878.016,23355.186751452755
245063,43878.016,22418.51079023551
245064,43878.016,23866.2722585094
245065,43878.016,81915.4960992594
245066,43878.016,42071.02899511711
245067,43878.016,9788.44643682258
245068,43878.016,56334.64449774288
245069,43878.016,50999.923752396586
245070,43878.016,53969.59666172447
245071,43878.016,12744.201647027188
245072,43878.016,64275.70414490826
245073,43878.016,24925.745241927907
245074,43878.016,30230.448892993572
245075,43878.016,28962.23420809793
245076,43878.016,35619.92359400057
245077,43878.016,54946.03257973255
245078,43878.016,51479.39939573008
245079,43878.016,31098.676267830007
245080,43878.016,18688.950769198633
245081,43878.016,12232.665315273394
245082,43878.016,36922.598031785565
245083,43878.016,42104.617256879574
245084,43878.016,48687.1911001349
245085,43878.016,23150.554625862056
245086,43878.016,43918.091743591795
245087,43878.016,18826.83907437744
245088,43878.016,34548.43669063686
245089,43878.016,65034.768285830265
245090,43878.016,8226.255601070765
245091,43878.016,27324.438715462504
245092,43878.016,42044.29154593804
245093,43878.016,16666.621587704445
245094,43878.016,26472.94365377324
245095,43878.016,57367.60630591843
245096,43878.016,37593.63542672721
245097,43878.016,19426.708137053934
245098,43878.016,18086.372956293802
245099,43878.016,22694.917709769146
245100,43878.016,39812.36510539287
245101,43878.016,70547.76089165456
245102,43878.016,32738.971442010312
245103,43878.016,32383.905053998344
245104,43878.016,35979.70123323746
245105,43878.016,29157.324274760584
245106,43878.016,12892.152361768254
245107,43878.016,71445.31149715194
245108,43878.016,40810.38243210981
245109,43878.016,20014.93159302453
245110,43878.016,17408.742701455845
245111,43878.016,15643.773892888637
245112,43878.016,54407.531168356654
245113,43878.016,59615.163164156205
245114,43878.016,41073.51701788911
245115,43878.016,48682.02142604591
245116,43878.016,18938.514303427455
245117,43878.016,51385.2950979332
245118,43878.016,63340.9374490669
245119,43878.016,27579.23471574701
245120,43878.016,48380.200845811
245121,43878.016,41233.185839042664
245122,43878.016,14161.005341732656
245123,43878.016,26651.629538841218
245124,43878.016,11427.990667227457
245125,43878.016,33373.85195023189
245126,43878.016,52122.05581896622
245127,43878.016,34760.0210923487
245128,43878.016,9413.460245692195
245129,43878.016,25032.78348038208
245130,43878.016,60598.53605336295
245131,43878.016,64300.24967007732
245132,43878.016,12343.970192543627
245133,43878.016,50387.80064499115
245134,43878.016,16116.471317326623
245135,43878.016,62299.435636535345
245136,43878.016,21138.037196946614
245137,43878.016,27621.507097637415
245138,43878.016,61917.90686692129
245139,43878.016,94753.35427370518
245140,43878.016,9531.094403400624
245141,43878.016,63223.00121484257
245142,43878.016,30661.481917838642
245143,43878.016,32868.60482610973
245144,43878.016,42552.08238258818
245145,43878.016,7316.835112046466
245146,43878.016,32613.629657719484
245147,43878.016,26514.667567439727
245148,43878.016,22141.36085471672
245149,43878.016,10165.816291992396
245150,43878.016,42113.53205195937
245151,43878.016,64895.23772516871
245152,43878.016,41762.90649553457
245153,43878.016,50347.432039263025
245154,43878.016,9890.237561619759
245155,43878.016,38599.574113392824
245156,43878.016,32842.699330039744
245157,43878.016,33671.95320792685
245158,43878.016,16039.82790267017
245159,43878.016,16922.088492455907
245160,43878.016,29837.541355229354
245161,43878.016,20716.172009829006
245162,43878.016,8557.194744846007
245163,43878.016,13068.495324685842
245164,43878.016,16345.57312223614
245165,43878.016,42479.93326009217
245166,43878.016,34984.43354429096
245167,43878.016,40560.65503149304
245168,43878.016,61082.39067844998
245169,43878.016,50527.00153382874
245170,43878.016,39635.61934154154
245171,43878.016,11329.67395176479
245172,43878.016,15295.17310415769
245173,43878.016,28558.46084158656
245174,43878.016,48812.09104592834
245175,43878.016,20988.51255390269
245176,43878.016,29009.613532825002
245177,43878.016,13185.956941183089
245178,43878.016,58584.70239028694
245179,43878.016,13583.85416185809
245180,43878.016,52794.089538227665
245181,43878.016,22716.850159257112
245182,43878.016,30285.66064364868
245183,43878.016,22361.7871544067
245184,43878.016,78656.12800977142
245185,43878.016,7922.12032104727
245186,43878.016,58418.123994378286
245187,43878.016,62444.97229859256
245188,43878.016,64592.06407320982
245189,43878.016,20918.79510390375
245190,43878.016,64801.75380358686
245191,43878.016,29582.340371524017
245192,43878.016,48126.916399745234
245193,43878.016,9631.961228111613
245194,43878.016,25873.34511568028
245195,43878.016,13851.803203448575
245196,43878.016,35624.454292490904
245197,43878.016,8626.209902360188
245198,43878.016,20670.450951130304
245199,43878.016,60935.609680720714
245200,43878.016,45172.77407169477
245201,43878.016,16058.815486858459
245202,43878.016,73529.17785303721
245203,43878.016,8699.23483869383
245204,43878.016,44660.8289529477
245205,43878.016,15709.090285400665
245206,43878.016,38637.99097953675
245207,43878.016,13595.394305970649
245208,43878.016,36961.2576003321
245209,43878.016,48613.64047017071
245210,43878.016,98114.21065942124
245211,43878.016,47454.74578285547
245212,43878.016,30776.811562946852
245213,43878.016,58486.951304674825
245214,43878.016,43811.9238543935
245215,43878.016,50905.30039211067
245216,43878.016,23476.643080172245
245217,43878.016,53943.991318454006
245218,43878.016,10106.936268883639
245219,43878.016,53084.15246683174
245220,43878.016,34510.08154118411
245221,43878.016,14380.492762986638
245222,43878.016,28485.165575772557
245223,43878.016,55075.02325218457
245224,43878.016,17010.61497781693
245225,43878.016,22758.70160034452
245226,43878.016,46090.32583696543
245227,43878.016,7930.190325104775
245228,43878.016,16140.263801367684
245229,43878.016,9967.429589189042
245230,43878.016,40701.77510737317
245231,43878.016,13772.245256170043
245232,43878.016,53430.070295416874
245233,43878.016,32742.646457332798
245234,43878.016,42181.46055109226
245235,43878.016,33463.55550154286
245236,43878.016,79781.97311022277
245237,43878.016,6387.513006630583
245238,43878.016,55764.41978678183
245239,43878.016,81017.920935547
245240,43878.016,13322.867045075252
245241,43878.016,15878.345639933703
245242,43878.016,4488.802772798938
245243,43878.016,15048.693512212429
245244,43878.016,9719.33074600448
245245,43878.016,37928.453302648224
245246,43878.016,33855.93464171247
245247,43878.016,13102.722252667789
245248,43878.016,67495.09740352017
245249,43878.016,14191.937200818771
245250,43878.016,26470.209864435987
245251,43878.016,9835.055159933421
245252,43878.016,50650.617992957326
245253,43878.016,23914.740355299284
245254,43878.016,65681.96181452248
245255,43878.016,12954.19858527931
245256,43878.016,8546.404560477744
245257,43878.016,7685.27114422278
245258,43878.016,20477.354221145608
245259,43878.016,61382.97792734294
245260,43878.016,49043.2855355097
245261,43878.016,22809.219147676486
245262,43878.016,33168.09244116778
245263,43878.016,30615.556841965114
245264,43878.016,78892.82732119932
245265,43878.016,50413.65309606656
245266,43878.016,61051.357850317145
245267,43878.016,50044.44483996915
245268,43878.016,37032.28431544073
245269,43878.016,11037.371937097889
245270,43878.016,7646.74074887404
245271,43878.016,42408.91540002898
245272,43878.016,22320.501692741444
245273,43878.016,31484.164135282568
245274,43878.016,10729.873086202782
245275,43878.016,25235.02697800313
245276,43878.016,13220.476137939948
245277,43878.016,46441.33387363351
245278,43878.016,34278.90023528823
245279,43878.016,61857.63639954948
245280,43878.016,31750.148353861954
245281,43878.016,29819.54400233247
245282,43878.016,59085.909017882266
245283,43878.016,36295.0302986338
245284,43878.016,45443.52779295374
245285,43878.016,18175.801405805774
245286,43878.016,28450.869367786898
245287,43878.016,23829.13027688916
245288,43878.016,37689.15353886675
245289,43878.016,27801.36254911413
245290,43878.016,8644.55400073828
245291,43878.016,38318.1373481792
245292,43878.016,17358.176300326795
245293,43878.016,33195.28722039934
245294,43878.016,14806.77224735446
245295,43878.016,36501.65727978495
245296,43878.016,11430.226073993352
245297,43878.016,26568.508626044313
245298,43878.016,30031.399314630515
245299,43878.016,45295.932831135746
245300,43878.016,42168.476833325214
245301,43878.016,14322.493000304527
245302,43878.016,28998.58161916859
245303,43878.016,24344.274717250708
245304,43878.016,37998.065525336904
245305,43878.016,42331.29780135227
245306,43878.016,17182.777515175607
245307,43878.016,19294.74851576833
245308,43878.016,13831.511894175015
245309,43878.016,13430.920278679561
245310,43878.016,6791.824253585743
245311,43878.016,12299.241149051684
245312,43878.016,28340.349275179884
245313,43878.016,9530.210365641939
245314,43878.016,44530.17691384213
245315,43878.016,30488.308375516266
245316,43878.016,16131.124211234708
245317,43878.016,43063.921674159385
245318,43878.016,20602.589978670403
245319,43878.016,28578.898080838575
245320,43878.016,66380.27824693192
245321,43878.016,41325.94327662437
245322,43878.016,34164.10877952757
245323,43878.016,16987.234444890055
245324,43878.016,66153.60249242892
245325,43878.016,22063.716826062195
245326,43878.016,53400.75012935285
245327,43878.016,40448.60101424553
245328,43878.016,81117.78406456
245329,43878.016,28137.16536161069
245330,43878.016,59687.559448401036
245331,43878.016,35676.39498036072
245332,43878.016,27822.13760945268
245333,43878.016,14424.760303211571
245334,43878.016,46578.008788756386
245335,43878.016,47407.49329249127
245336,43878.016,17786.218395094285
245337,43878.016,44744.07867452498
245338,43878.016,50467.46847312428
245339,43878.016,17439.182449551707
245340,43878.016,75246.7032007915
245341,43878.016,7529.953503945156
245342,43878.016,20658.983326606958
245343,43878.016,36755.99697932781
245344,43878.016,53781.97105085482
245345,43878.016,52019.395300358934
245346,43878.016,15321.892299812258
245347,43878.016,18955.65635590478
245348,43878.016,29221.16402767585
245349,43878.016,52205.96717752294
245350,43878.016,87270.58812954088
245351,43878.016,12203.452564629648
245352,43878.016,22627.166522964188
245353,43878.016,49530.78497848588
245354,43878.016,24369.813041678502
245355,43878.016,13365.266313573833
245356,43878.016,59455.14364736009
245357,43878.016,70200.58840601145
245358,43878.016,24232.05275538959
245359,43878.016,68679.72318718143
245360,43878.016,5715.459449974544
245361,43878.016,22309.64833736294
245362,43878.016,38390.06543214914
245363,43878.016,42995.02783024597
245364,43878.016,59016.90612295913
245365,43878.016,51016.467793162905
245366,43878.016,10059.357208168296
245367,43878.016,23673.68918472014
245368,43878.016,29483.446111886893
245369,43878.016,18841.717161916215
245370,43878.016,41374.01998084725
245371,43878.016,10564.292395968561
245372,43878.016,11188.415619135918
245373,43878.016,35865.0648376484
245374,43878.016,29472.735564983923
245375,43878.016,33676.84728925803
245376,43878.016,44383.65743641871
245377,43878.016,57817.751681746115
245378,43878.016,19240.78314949625
245379,43878.016,58216.765126545
245380,43878.016,7525.328471845239
245381,43878.016,45907.27491106202
245382,43878.016,16860.556710477715
245383,43878.016,35957.42254828224
245384,43878.016,12898.304970684092
245385,43878.016,73813.00404275357
245386,43878.016,21631.97955615861
245387,43878.016,35176.32991919866
245388,43878.016,9595.856179635895
245389,43878.016,67337.7809729332
245390,43878.016,16436.465172803903
245391,43878.016,55245.994066167514
245392,43878.016,10838.97610435676
245393,43878.016,10861.535886143954
245394,43878.016,27350.673484576135
245395,43878.016,13866.73477087421
245396,43878.016,35839.035208099165
245397,43878.016,15863.916866618343
245398,43878.016,14129.437337097059
245399,43878.016,43059.06638914894
245400,43878.016,27715.500083678584
245401,43878.016,41135.89317204989
245402,43878.016,73065.48714164682
245403,43878.016,42633.962292253535
245404,43878.016,44328.799114191854
245405,43878.016,26120.802203879142
245406,43878.016,71996.22096823572
245407,43878.016,26078.724289459482
245408,43878.016,6252.627765061745
245409,43878.016,32615.483287874235
245410,43878.016,60584.7120524196
245411,43878.016,42308.715021163836
245412,43878.016,38744.22344333989
245413,43878.016,52589.067066447984
245414,43878.016,78156.93270807138
245415,43878.016,14254.81051422472
245416,43878.016,19142.14841454805
245417,43878.016,27906.26264815056
245418,43878.016,32201.67883627352
245419,43878.016,55445.09518455076
245420,43878.016,26827.380936855785
245421,43878.016,23225.42760700009
245422,43878.016,66082.72253033392
245423,43878.016,48256.336846282145
245424,43878.016,24023.441979570835
245425,43878.016,59392.44706696116
245426,43878.016,14476.228675928493
245427,43878.016,23580.130635654925
245428,43878.016,42663.34853092081
245429,43878.016,12154.302180288929
245430,43878.016,78000.59141785724
245431,43878.016,10470.738559070744
245432,43878.016,54742.89191518585
245433,43878.016,22519.857407343705
245434,43878.016,41081.35859874271
245435,43878.016,8887.18661766075
245436,43878.016,57160.49232979264
245437,43878.016,21449.523532404102
245438,43878.016,20938.91104225119
245439,43878.016,21638.5018163669
245440,43878.016,107652.89704464788
245441,43878.016,9838.459411664913
245442,43878.016,42287.28369096008
245443,43878.016,36020.771227159705
245444,43878.016,24384.78878628084
245445,43878.016,64425.529738576995
245446,43878.016,37691.39475805281
245447,43878.016,68815.83553258059
245448,43878.016,26622.912891263142
245449,43878.016,36994.8273489912
245450,43878.016,53398.178482070136
245451,43878.016,51612.8422332568
245452,43878.016,9578.127750116526
245453,43878.016,13409.796383717676
245454,43878.016,13453.71573847162
245455,43878.016,9951.113717127926
245456,43878.016,60322.21061030889
245457,43878.016,32993.91984556392
245458,43878.016,62310.02676133489
245459,43878.016,57620.786684461375
245460,43878.016,31291.518266865507
245461,43878.016,50851.92135232121
245462,43878.016,50783.67906810515
245463,43878.016,28096.046577603465
245464,43878.016,31702.654054797258
245465,43878.016,79232.20181821834
245466,43878.016,16808.244316680553
245467,43878.016,67866.54375143928
245468,43878.016,59690.887832262226
245469,43878.016,28146.658830114666
245470,43878.016,20307.176380777768
245471,43878.016,32018.18819475273
245472,43878.016,10350.061071463415
245473,43878.016,41584.26975433457
245474,43878.016,46449.51187122021
245475,43878.016,38159.95638410137
245476,43878.016,29640.974047886757
245477,43878.016,16815.74306027847
245478,43878.016,7254.204051866599
245479,43878.016,58583.16025122041
245480,43878.016,34731.17500384645
245481,43878.016,50238.75977428606
245482,43878.016,14115.434364346162
245483,43878.016,48251.869442072595
245484,43878.016,40629.03054142928
245485,43878.016,20743.65982052839
245486,43878.016,32973.20866726967
245487,43878.016,6116.0196927793595
245488,43878.016,25265.945604342487
245489,43878.016,17673.49951172994
245490,43878.016,18972.90238449027
245491,43878.016,23075.444237947577
245492,43878.016,31537.64254138049
245493,43878.016,36427.365431152764
245494,43878.016,14641.688422474113
245495,43878.016,10557.711186083176
245496,43878.016,44061.966547944256
245497,43878.016,20975.887738802827
245498,43878.016,39056.4947638058
245499,43878.016,26833.899786065216
245500,43878.016,59876.846247131034
245501,43878.016,8385.311147440445
245502,43878.016,35444.57141332504
245503,43878.016,12378.30163054942
245504,43878.016,11207.992815231077
245505,43878.016,9143.723614184566
245506,43878.016,56839.09680416159
245507,43878.016,13360.797111523152
245508,43878.016,12994.378818459123
245509,43878.016,12431.419996913917
245510,43878.016,32534.683851557256
245511,43878.016,33730.73525835392
245512,43878.016,15006.995489583205
245513,43878.016,14600.153079276628
245514,43878.016,17746.050885668086
245515,43878.016,45828.180924098306
245516,43878.016,14763.809239684831
245517,43878.016,10093.003724157277
245518,43878.016,10848.672404855744
245519,43878.016,18916.792680934625
245520,43878.016,57201.88306351505
245521,43878.016,34868.96878681621
245522,43878.016,59208.208434486274
245523,43878.016,14321.027314071825
245524,43878.016,32109.838636221473
245525,43878.016,10685.639370910465
245526,43878.016,27256.89644836627
245527,43878.016,8530.208282197487
245528,43878.016,25946.636116771624
245529,43878.016,25133.0839423143
245530,43878.016,26129.9361660652
245531,43878.016,17391.732829788893
245532,43878.016,21561.029594573713
245533,43878.016,19409.006083874614
245534,43878.016,65092.836341390364
245535,43878.016,10471.375030270507
245536,43878.016,35613.37009856245
245537,43878.016,39440.47437806631
245538,43878.016,15775.099870106329
245539,43878.016,18099.32496678021
245540,43878.016,50236.355201449565
245541,43878.016,49979.723431705075
245542,43878.016,13577.362283570761
245543,43878.016,54095.290162860794
245544,43878.016,28867.92521527888
245545,43878.016,43784.63310462039
245546,43878.016,23803.387660934735
245547,43878.016,49840.79315072554
245548,43878.016,59614.29304066826
245549,43878.016,32736.18211324339
245550,43878.016,32438.477421795138
245551,43878.016,29071.820400626846
245552,43878.016,7067.458002983109
245553,43878.016,38131.43374264358
245554,43878.016,19714.62085467996
245555,43878.016,52199.576544161224
245556,43878.016,10192.267302552213
245557,43878.016,16529.76474433994
245558,43878.016,52557.274892083304
245559,43878.016,57609.06659711299
245560,43878.016,12037.561966945146
245561,43878.016,49579.83034720241
245562,43878.016,39402.80585360152
245563,43878.016,24013.459176046075
245564,43878.016,63459.09650477419
245565,43878.016,30284.16123254332
245566,43878.016,58524.114575881635
245567,43878.016,51050.778561646526
245568,43878.016,61635.160397953114
245569,43878.016,33682.370640572735
245570,43878.016,24731.096083779896
245571,43878.016,34241.691108695726
245572,43878.016,24149.25614225306
245573,43878.016,16743.046882359784
245574,43878.016,11881.744039415837
245575,43878.016,42944.35701802389
245576,43878.016,43996.59402840167
245577,43878.016,43809.217644174845
245578,43878.016,23978.882512537388
245579,43878.016,24569.608817914344
245580,43878.016,46104.91808968818
245581,43878.016,68911.68651315893
245582,43878.016,13627.121320943264
245583,43878.016,65600.93969427075
245584,43878.016,31568.981797143686
245585,43878.016,67356.72000631088
245586,43878.016,41654.628127278025
245587,43878.016,29878.490132570496
245588,43878.016,7675.049342965534
245589,43878.016,28008.16289603476
245590,43878.016,62922.576463885445
245591,43878.016,16474.44125362763
245592,43878.016,46060.217480614374
245593,43878.016,31231.658491286686
245594,43878.016,28621.695727125516
245595,43878.016,48583.952167448726
245596,43878.016,69399.89766038946
245597,43878.016,52244.03578475347
245598,43878.016,44055.48448775774
245599,43878.016,16193.63963700988
245600,43878.016,17691.239551817365
245601,43878.016,14966.63118459232
245602,43878.016,37411.40282161639
245603,43878.016,22193.558863003134
245604,43878.016,73505.87222707727
245605,43878.016,42809.40764396531
245606,43878.016,29857.32151914109
245607,43878.016,16362.519660204594
245608,43878.016,20136.06793687284
245609,43878.016,42078.84026508928
245610,43878.016,40781.143039638955
245611,43878.016,23237.371639837642
245612,43878.016,38457.77296535611
245613,43878.016,13103.717617868448
245614,43878.016,68329.26887634458
245615,43878.016,22692.896105952612
245616,43878.016,6327.913651732407
245617,43878.016,25683.73353988664
245618,43878.016,48529.4146338065
245619,43878.016,7113.214938115323
245620,43878.016,57896.54269548392
245621,43878.016,23395.64333250935
245622,43878.016,10498.11274303449
245623,43878.016,49719.74037870337
245624,43878.016,56279.557934107004
245625,43878.016,8508.820474405644
245626,43878.016,41696.2441094626
245627,43878.016,33270.98224412973
245628,43878.016,75225.41932730032
245629,43878.016,18743.991224110978
245630,43878.016,59852.42864961183
245631,43878.016,39400.34507262952
245632,43878.016,67103.42748459964
245633,43878.016,30256.24485776872
245634,43878.016,29542.842717215924
245635,43878.016,52191.99737207009
245636,43878.016,15254.41437263456
245637,43878.016,59884.57448614183
245638,43878.016,12103.925279676898
245639,43878.016,69569.35095530545
245640,43878.016,25582.978539460888
245641,43878.016,63761.1357116103
245642,43878.016,9920.00575591409
245643,43878.016,31543.65820945178
245644,43878.016,22295.274042328965
245645,43878.016,29360.210355190276
245646,43878.016,78565.69640753289
245647,43878.016,26985.09920023144
245648,43878.016,41973.639206680506
245649,43878.016,63247.30441312573
245650,43878.016,23721.97624813459
245651,43878.016,54377.91712629811
245652,43878.016,37966.28672283212
245653,43878.016,33585.20387304147
245654,43878.016,20092.53770093929
245655,43878.016,38773.65759359854
245656,43878.016,28980.808384472704
245657,43878.016,31110.606772408915
245658,43878.016,55402.97131801818
245659,43878.016,23933.774848650643
245660,43878.016,47912.099519197094
245661,43878.016,46113.88021301156
245662,43878.016,7794.430701962945
245663,43878.016,47397.521145625506
245664,43878.016,53256.82869231538
245665,43878.016,12206.99327892952
245666,43878.016,27528.941877804267
245667,43878.016,48177.351265518795
245668,43878.016,47300.092881521305
245669,43878.016,18688.503187936934
245670,43878.016,46252.54469793666
245671,43878.016,10921.966919497332
245672,43878.016,60092.4700582499
245673,43878.016,41084.85310796472
245674,43878.016,20052.350829348816
245675,43878.016,59574.02518941376
245676,43878.016,21263.704742774506
245677,43878.016,21239.02855051574
245678,43878.016,39533.21274911455
245679,43878.016,10314.761358040996
245680,43878.016,57986.433728255295
245681,43878.016,9457.191488645676
245682,43878.016,38947.3265170211
245683,43878.016,16531.069188867932
245684,43878.016,10696.377690276086
245685,43878.016,39475.025662461216
245686,43878.016,73179.54340118867
245687,43878.016,41364.8159216524
245688,43878.016,37685.39227420362
245689,43878.016,66277.15585710075
245690,43878.016,46259.12259117136
245691,43878.016,28885.74500193419
245692,43878.016,70568.20915329264
245693,43878.016,10228.392500553073
245694,43878.016,21939.76484148422
245695,43878.016,42567.54095590473
245696,43878.016,12792.810571164722
245697,43878.016,80690.2090492672
245698,43878.016,46170.86992193038
245699,43878.016,21133.528182407914
245700,43878.016,44771.37701301103
245701,43878.016,18067.818950456574
245702,43878.016,17327.520140232537
245703,43878.016,34159.5285359861
245704,43878.016,52528.81420176908
245705,43878.016,41746.37474687322
245706,43878.016,60910.841955317905
245707,43878.016,31643.59504782089
245708,43878.016,42212.065667543866
245709,43878.016,39422.71048706764
245710,43878.016,39562.70199064497
245711,43878.016,39615.08777153099
245712,43878.016,25448.173195281706
245713,43878.016,56866.74908614049
245714,43878.016,33303.150544535594
245715,43878.016,53807.91332801828
245716,43878.016,66653.11240820128
245717,43878.016,19625.26450551634
245718,43878.016,46815.479764561685
245719,43878.016,47083.57597860464
245720,43878.016,59026.261482270755
245721,43878.016,61241.46063169856
245722,43878.016,29844.694221339134
245723,43878.016,7410.956369698998
245724,43878.016,40962.643207823836
245725,43878.016,9129.922254940875
245726,43878.016,30843.269574989834
245727,43878.016,17457.988052871824
245728,43878.016,52512.56969220337
245729,43878.016,10211.746777951786
245730,43878.016,66275.91729968687
245731,43878.016,43530.94523482682
245732,43878.016,43188.42489253042
245733,43878.016,18258.57697929596
245734,43878.016,34858.865515680576
245735,43878.016,30336.92049917909
245736,43878.016,37133.328965275105
245737,43878.016,33534.01445018913
245738,43878.016,17864.739729605575
245739,43878.016,10739.834979177293
245740,43878.016,42090.33509243428
245741,43878.016,14228.663833081895
245742,43878.016,25400.778104746787
245743,43878.016,68531.13694603696
245744,43878.016,22323.8042790311
245745,43878.016,23310.832429545302
245746,43878.016,11220.807364530325
245747,43878.016,19292.163319563413
245748,43878.016,6483.030481275143
245749,43878.016,9928.299220027144
245750,43878.016,34929.1508284392
245751,43878.016,44329.2617113646
245752,43878.016,38111.259992489315
245753,43878.016,25629.45132691436
245754,43878.016,60164.41126330525
245755,43878.016,64984.51777499794
245756,43878.016,61770.03683023926
245757,43878.016,31247.200171632914
245758,43878.016,33554.88950165819
245759,43878.016,53351.79934108776
245760,43878.016,30157.15534856457
245761,43878.016,37319.642819463304
245762,43878.016,77558.02669844213
245763,43878.016,26081.08358644913
245764,43878.016,45920.63532865329
245765,43878.016,52010.9552886208
245766,43878.016,20949.769864241418
245767,43878.016,17318.71617937662
245768,43878.016,33854.58568523863
245769,43878.016,44889.254706030515
245770,43878.016,49458.07112087841
245771,43878.016,68845.46987759614
245772,43878.016,70813.97361843914
245773,43878.016,24937.300872475258
245774,43878.016,6460.663655735425
245775,43878.016,40868.09770094168
245776,43878.016,60182.16813493406
245777,43878.016,16442.160557579595
245778,43878.016,10550.525439730593
245779,43878.016,56037.71687301831
245780,43878.016,10983.427464585491
245781,43878.016,16158.663896439048
245782,43878.016,31479.345269740526
245783,43878.016,44473.332380111504
245784,43878.016,29265.556620335738
245785,43878.016,9493.936632139288
245786,43878.016,61750.490119335314
245787,43878.016,61197.09339504445
245788,43878.016,12858.35536314226
245789,43878.016,36301.92866040454
245790,43878.016,41036.93712842882
245791,43878.016,25160.811634553538
245792,43878.016,31333.069432809032
245793,43878.016,8397.13095664655
245794,43878.016,40477.272927049504
245795,43878.016,46262.28909325257
245796,43878.016,60446.25882826205
245797,43878.016,38638.68688831975
245798,43878.016,31010.64152435281
245799,43878.016,27725.434131865884
245800,43878.016,15353.767591680184
245801,43878.016,14808.261419145829
245802,43878.016,27782.08857070872
245803,43878.016,14090.301386035915
245804,43878.016,28371.34967512739
245805,43878.016,5947.42111815195
245806,43878.016,40622.187162394584
245807,43878.016,29776.613922265075
245808,43878.016,36453.74061513125
245809,43878.016,16006.991020711017
245810,43878.016,65244.89575525861
245811,43878.016,6119.130950799456
245812,43878.016,56527.16505239665
245813,43878.016,51124.18289596798
245814,43878.016,32737.43928837891
245815,43878.016,55655.60567383996
245816,43878.016,30998.620110298885
245817,43878.016,42721.84271125342
245818,43878.016,47524.976497669435
245819,43878.016,44648.393396221276
245820,43878.016,26165.0361209022
245821,43878.016,18369.666199824474
245822,43878.016,40395.80871877595
245823,43878.016,41975.72696628065
245824,43878.016,32524.994187169523
245825,43878.016,28672.341942191808
245826,43878.016,51280.46332907354
245827,43878.016,53501.134823013024
245828,43878.016,15056.867976302594
245829,43878.016,27614.466866143714
245830,43878.016,65790.54885988617
245831,43878.016,70791.55582695923
245832,43878.016,65762.67661736083
245833,43878.016,14804.028277226265
245834,43878.016,22382.275697013763
245835,43878.016,15563.907119340596
245836,43878.016,40940.35458169335
245837,43878.016,39603.8645973468
245838,43878.016,53877.32439139714
245839,43878.016,51018.61656272847
245840,43878.016,6238.3094270060565
245841,43878.016,30998.714284197806
245842,43878.016,10288.32065641806
245843,43878.016,28797.286447802842
245844,43878.016,37861.4305258892
245845,43878.016,29744.986030240758
245846,43878.016,33069.44000719501
245847,43878.016,41256.38568166214
245848,43878.016,59944.2996597546
245849,43878.016,14528.853945779469
245850,43878.016,38633.74182579913
245851,43878.016,63182.022061852374
245852,43878.016,22810.527214542046
245853,43878.016,17741.22219018518
245854,43878.016,59742.18095784281
245855,43878.016,49372.871745569
245856,43878.016,43570.83694855539
245857,43878.016,65818.24415824653
245858,43878.016,53983.65471311016
245859,43878.016,57238.86003408194
245860,43878.016,17348.573564093975
245861,43878.016,56552.62752131412
245862,43878.016,49721.2765266818
245863,43878.016,66210.57301416341
245864,43878.016,19515.01497810407
245865,43878.016,8108.130702425322
245866,43878.016,23771.866354864607
245867,43878.016,32867.45962453701
245868,43878.016,24353.739875768057
245869,43878.016,20874.424211985624
245870,43878.016,16944.22074932088
245871,43878.016,25908.042166752257
245872,43878.016,37108.637961920824
245873,43878.016,32401.900781042037
245874,43878.016,43561.77440123452
245875,43878.016,33988.478000773546
245876,43878.016,39370.64999642099
245877,43878.016,21255.558701980604
245878,43878.016,31832.75113082753
245879,43878.016,55547.633589854435
245880,43878.016,43226.101103038054
245881,43878.016,3884.974252560068
245882,43878.016,70696.35101192034
245883,43878.016,31496.112772769648
245884,43878.016,55889.5115827866
245885,43878.016,53505.960906522436
245886,43878.016,37195.73287015408
245887,43878.016,19412.557086734258
245888,43878.016,50618.916398013025
245889,43878.016,12131.537425812667
245890,43878.016,30357.03725802281
245891,43878.016,55029.94370352337
245892,43878.016,56945.59966957519
245893,43878.016,20869.3644328374
245894,43878.016,21652.26448045585
245895,43878.016,41208.59224235725
245896,43878.016,10200.612224009596
245897,43878.016,18829.494917289343
245898,43878.016,37063.7013279359
245899,43878.016,16867.40099622466
245900,43878.016,25548.912922299303
245901,43878.016,30088.266291925036
245902,43878.016,25299.804857750503
245903,43878.016,37816.89631424306
245904,43878.016,22850.200122712246
245905,43878.016,24056.21095194326
245906,43878.016,45259.91053280206
245907,43878.016,22444.29615980516
245908,43878.016,55647.37533029373
245909,43878.016,87290.50773398274
245910,43878.016,43166.63300773673
245911,43878.016,11153.435764511263
245912,43878.016,8744.052797673867
245913,43878.016,72083.95485878561
245914,43878.016,87696.62772701416
245915,43878.016,64172.79083602386
245916,43878.016,53584.229839086984
245917,43878.016,25007.09468535289
245918,43878.016,8200.445039747758
245919,43878.016,16677.49354010696
245920,43878.016,47599.19222483919
245921,43878.016,37688.78919848067
245922,43878.016,59728.016295792906
245923,43878.016,25802.244404624835
245924,43878.016,54391.49912908245
245925,43878.016,43531.08187254393
245926,43878.016,31978.045091277454
245927,43878.016,36043.634696083616
245928,43878.016,73607.4293197807
245929,43878.016,36246.401455419036
245930,43878.016,46185.09597025109
245931,43878.016,16843.247468003974
245932,43878.016,54160.34935205066
245933,43878.016,58491.70255973381
245934,43878.016,59163.133230564184
245935,43878.016,35257.397029852604
245936,43878.016,9471.828044515676
245937,43878.016,24442.987934843684
245938,43878.016,33664.4011786489
245939,43878.016,28059.203295289877
245940,43878.016,10321.539801875058
245941,43878.016,32746.9143519217
245942,43878.016,15438.245921110163
245943,43878.016,35520.31689553518
245944,43878.016,15631.054105253415
245945,43878.016,21602.297374271384
245946,43878.016,39332.2994358197
245947,43878.016,14094.447349363789
245948,43878.016,17407.911765762736
245949,43878.016,57143.89677002607
245950,43878.016,30169.542445648658
245951,43878.016,10191.624814562141
245952,43878.016,15325.783211246979
245953,43878.016,71728.86963388843
245954,43878.016,42421.14567582288
245955,43878.016,20446.581821823955
245956,43878.016,16695.24549120976
245957,43878.016,31394.123491336315
245958,43878.016,24218.2769181192
245959,43878.016,99063.62796252238
245960,43878.016,37972.779076641425
245961,43878.016,32369.11338503523
245962,43878.016,83394.82379709237
245963,43878.016,12824.044628307616
245964,43878.016,28514.663745198264
245965,43878.016,35016.14473715615
245966,43878.016,21719.82386774105
245967,43878.016,25924.054909416114
245968,43878.016,63903.01221221082
245969,43878.016,50757.06126291521
245970,43878.016,36342.365632927846
245971,43878.016,25427.354589268805
245972,43878.016,40212.7820400292
245973,43878.016,29498.513564344226
245974,43878.016,32225.205035214778
245975,43878.016,32153.789913835848
245976,43878.016,68566.45191909204
245977,43878.016,47734.20544552017
245978,43878.016,32332.142130314438
245979,43878.016,50345.97824513977
245980,43878.016,10062.534072453114
245981,43878.016,34454.46916547999
245982,43878.016,10328.488628624644
245983,43878.016,50806.92166723557
245984,43878.016,11139.040327550367
245985,43878.016,55624.29010013872
245986,43878.016,55331.153652402776
245987,43878.016,45509.936699504105
245988,43878.016,14364.531693961117
245989,43878.016,6812.351476670171
245990,43878.016,48301.05238586327
245991,43878.016,44094.673296637164
245992,43878.016,42448.89379731353
245993,43878.016,8900.396624142237
245994,43878.016,49383.84692461418
245995,43878.016,55501.66766694175
245996,43878.016,115365.80251890329
245997,43878.016,115922.38887918253
245998,43878.016,53144.675898170775
245999,43878.016,12425.826876483763
246000,43878.016,40020.12301453048
246001,43878.016,55676.2479564162
246002,43878.016,11794.144319027939
246003,43878.016,32094.069868188897
246004,43878.016,50073.959495537
246005,43878.016,38150.76096003241
246006,43878.016,57261.080197478805
246007,43878.016,29966.484975431275
246008,43878.016,12177.02458103385
246009,43878.016,69334.71275534364
246010,43878.016,23183.429514676474
246011,43878.016,10057.97366482162
246012,43878.016,57305.477241482804
246013,43878.016,54041.06864225434
246014,43878.016,22525.81664198062
246015,43878.016,7719.648354620425
246016,43878.016,13506.071505570875
246017,43878.016,51454.23818165285
246018,43878.016,62489.32623426062
246019,43878.016,24744.837631763316
246020,43878.016,54204.57977617506
246021,43878.016,38989.729469299775
246022,43878.016,10798.295912510479
246023,43878.016,50626.00016908684
246024,43878.016,17893.42560786174
246025,43878.016,23005.65789742137
246026,43878.016,17198.127252381106
246027,43878.016,64171.98576399819
246028,43878.016,42246.368432951254
246029,43878.016,19709.11892852999
246030,43878.016,30022.31976484652
246031,43878.016,49540.056601602235
246032,43878.016,23652.98916969145
246033,43878.016,23553.913782359534
246034,43878.016,27508.657594961853
246035,43878.016,47539.887615568245
246036,43878.016,16105.596300328682
246037,43878.016,23428.12956032569
246038,43878.016,60336.38229324769
246039,43878.016,27150.511176780215
246040,43878.016,35311.67845283067
246041,43878.016,18356.74201296758
246042,43878.016,24092.78458568597
246043,43878.016,28926.46427756957
246044,43878.016,50380.58245992763
246045,43878.016,17461.47840111496
246046,43878.016,19002.370074385493
246047,43878.016,21773.58880346388
246048,43878.016,47243.4419551479
246049,43878.016,18271.690860633018
246050,43878.016,58874.679978725355
246051,43878.016,47767.68959755493
246052,43878.016,18539.435376402405
246053,43878.016,16555.789339808987
246054,43878.016,58175.59872247095
246055,43878.016,21099.943568710612
246056,43878.016,64577.483359794955
246057,43878.016,15739.169676159889
246058,43878.016,45224.901318011696
246059,43878.016,16204.33600599804
246060,43878.016,38600.85175378862
246061,43878.016,54364.552694246835
246062,43878.016,55690.50576769556
246063,43878.016,13591.650097157943
246064,43878.016,62672.02176221053
246065,43878.016,28443.102846948295
246066,43878.016,15995.401042262643
246067,43878.016,70894.75957880745
246068,43878.016,41400.9973158946
246069,43878.016,36392.89912330372
246070,43878.016,19957.945260393277
246071,43878.016,26086.31885147624
246072,43878.016,35744.75107423059
246073,43878.016,34089.95157664653
246074,43878.016,59023.98406543273
246075,43878.016,15574.54470571438
246076,43878.016,17225.601178872545
246077,43878.016,55357.326783980185
246078,43878.016,14161.038604674897
246079,43878.016,58931.58992643163
246080,43878.016,41272.72252063153
246081,43878.016,41471.29947006404
246082,43878.016,47580.96893942357
246083,43878.016,35645.467806942856
246084,43878.016,24325.73658701244
246085,43878.016,41960.35031822477
246086,43878.016,53426.54291402382
246087,43878.016,32521.59948569465
246088,43878.016,25145.35969406433
246089,43878.016,52569.739872317936
246090,43878.016,8542.819902050926
246091,43878.016,70171.59487923043
246092,43878.016,21412.38147876065
246093,43878.016,39774.535512057926
246094,43878.016,51104.699841313675
246095,43878.016,42598.34965137487
246096,43878.016,5448.042897708674
246097,43878.016,43013.47588993452
246098,43878.016,65177.64007415658
246099,43878.016,21797.901970968705
246100,43878.016,11330.280650430648
246101,43878.016,6354.495047416052
246102,43878.016,27897.86127537702
246103,43878.016,18160.967454422273
246104,43878.016,47516.43667163064
246105,43878.016,25797.554282185545
246106,43878.016,41580.29842939433
246107,43878.016,26438.81163485705
246108,43878.016,36176.80968718616
246109,43878.016,38172.883622136505
246110,43878.016,46574.41086807183
246111,43878.016,55921.750973478986
246112,43878.016,67513.69269105078
246113,43878.016,33872.131817005335
246114,43878.016,46820.33676720423
246115,43878.016,50461.35537920726
246116,43878.016,40309.824780431445
246117,43878.016,33604.01061671651
246118,43878.016,39516.99857935677
246119,43878.016,11523.223438349907
246120,43878.016,20516.71399187869
246121,43878.016,28076.718626234946
246122,43878.016,44258.46366858355
246123,43878.016,18895.60311275624
246124,43878.016,6579.344182815299
246125,43878.016,39591.394095053336
246126,43878.016,26904.890556166312
246127,43878.016,26358.58630959942
246128,43878.016,40840.34946551311
246129,43878.016,24362.756264350857
246130,43878.016,20732.19057942698
246131,43878.016,10732.434188489224
246132,43878.016,11086.194045618087
246133,43878.016,42483.533446848596
246134,43878.016,86155.95251177662
246135,43878.016,41727.17279025817
246136,43878.016,49143.46992604719
246137,43878.016,16259.203866189635
246138,43878.016,43576.33348537972
246139,43878.016,17824.074895003836
246140,43878.016,38759.78356549331
246141,43878.016,47290.20010421486
246142,43878.016,49768.84722518021
246143,43878.016,66362.31984527186
246144,43878.016,55656.352402865356
246145,43878.016,11968.486068991208
246146,43878.016,21256.824678055298
246147,43878.016,53503.86019105473
246148,43878.016,45960.54763730223
246149,43878.016,43211.81171467166
246150,43878.016,50493.32194630296
246151,43878.016,16544.998903217256
246152,43878.016,29525.104235591374
246153,43878.016,46225.17982680355
246154,43878.016,39446.68070216391
246155,43878.016,9310.935056538774
246156,43878.016,39299.009719575086
246157,43878.016,9891.120612546749
246158,43878.016,27922.54091305307
246159,43878.016,55496.86713971935
246160,43878.016,22483.049956852934
246161,43878.016,62942.723326255626
246162,43878.016,85570.5757357275
246163,43878.016,72763.2810934261
246164,43878.016,20364.87702727329
246165,43878.016,53103.544459355726
246166,43878.016,22803.295861852974
246167,43878.016,10973.132584907013
246168,43878.016,51045.43267493646
246169,43878.016,20927.30909833964
246170,43878.016,42264.59122032799
246171,43878.016,18079.499346226927
246172,43878.016,18357.118088465366
246173,43878.016,65680.21889454639
246174,43878.016,52934.80437621644
246175,43878.016,26416.191240888995
246176,43878.016,23606.969418228105
246177,43878.016,18972.21992417682
246178,43878.016,63567.783528304164
246179,43878.016,44933.63608668118
246180,43878.016,21440.07331755226
246181,43878.016,61381.427298302544
246182,43878.016,32615.512378703657
246183,43878.016,39614.44730200052
246184,43878.016,57642.301123976606
246185,43878.016,28762.93929883005
246186,43878.016,25999.54130611777
246187,43878.016,56958.720706206674
246188,43878.016,12428.903337027425
246189,43878.016,22590.766515264702
246190,43878.016,34009.96808966238
246191,43878.016,21102.863358126215
246192,43878.016,10674.32059281252
246193,43878.016,55518.55677121913
246194,43878.016,54298.77731768279
246195,43878.016,46608.49237750081
246196,43878.016,14924.868644183485
246197,43878.016,63357.60738317962
246198,43878.016,41258.68507335872
246199,43878.016,53086.32998564132
246200,43878.016,14312.656803225012
246201,43878.016,27331.737579999266
246202,43878.016,56603.12719721039
246203,43878.016,63178.45338573225
246204,43878.016,45175.446047961916
246205,43878.016,37290.19873492463
246206,43878.016,24656.82699805413
246207,43878.016,36717.16508400832
246208,43878.016,28063.544052772842
246209,43878.016,19205.11778138586
246210,43878.016,12903.154939627297
246211,43878.016,38036.77336067451
246212,43878.016,13567.219530225191
246213,43878.016,65584.5549146155
246214,43878.016,21317.10466918138
246215,43878.016,15605.143237422915
246216,43878.016,47409.413554949686
246217,43878.016,60893.74341017847
246218,43878.016,51845.76374495705
246219,43878.016,10835.901108613672
246220,43878.016,9125.747186489534
246221,43878.016,26342.7358940708
246222,43878.016,32700.328766680108
246223,43878.016,28849.81181315117
246224,43878.016,9648.26610102098
246225,43878.016,15789.700676809694
246226,43878.016,12436.950278650384
246227,43878.016,18253.231293619567
246228,43878.016,31065.407861448144
246229,43878.016,36779.278486742136
246230,43878.016,43072.91353115425
246231,43878.016,54013.543835287586
246232,43878.016,62132.12059456736
246233,43878.016,39249.48374176019
246234,43878.016,20480.586126964503
246235,43878.016,10999.928288486963
246236,43878.016,34555.9317996639
246237,43878.016,41298.77953895217
246238,43878.016,33455.90544410152
246239,43878.016,28598.061510411262
246240,43878.016,32183.036393046634
246241,43878.016,15142.529477171616
246242,43878.016,53518.19377648125
246243,43878.016,47103.69899868868
246244,43878.016,19992.84808773194
246245,43878.016,15821.07580979173
246246,43878.016,30046.736675744098
246247,43878.016,12233.781618669267
246248,43878.016,9953.1191627599
246249,43878.016,11760.142478710295
246250,43878.016,16109.307017116556
246251,43878.016,6077.530875353208
246252,43878.016,47591.33000679229
246253,43878.016,18709.64109364123
246254,43878.016,67676.68399355357
246255,43878.016,43763.63463410225
246256,43878.016,18362.480541741315
246257,43878.016,18443.4373710447
246258,43878.016,20026.66029676665
246259,43878.016,46033.5278145913
246260,43878.016,49626.899713291124
246261,43878.016,37940.894573562065
246262,43878.016,23460.62418853519
246263,43878.016,16936.832626404102
246264,43878.016,48803.72322339266
246265,43878.016,15218.228693299128
246266,43878.016,17865.951735193397
246267,43878.016,59453.343739093536
246268,43878.016,17248.138606256773
246269,43878.016,21352.525155714484
246270,43878.016,14154.068458072963
246271,43878.016,45704.01892364107
246272,43878.016,71314.33321914295
246273,43878.016,20433.665080718485
246274,43878.016,33003.384623098274
246275,43878.016,80499.11345709547
246276,43878.016,55043.395834934534
246277,43878.016,21286.843644549834
246278,43878.016,49843.72112397761
246279,43878.016,13347.615919113869
246280,43878.016,48871.029933729165
246281,43878.016,12732.229539573951
246282,43878.016,83050.4937075917
246283,43878.016,6897.088712064803
246284,43878.016,23723.61591127671
246285,43878.016,50448.308651163345
246286,43878.016,10866.798415611416
246287,43878.016,45824.67986127816
246288,43878.016,24745.87307076128
246289,43878.016,68837.79609776042
246290,43878.016,38260.06971178489
246291,43878.016,25628.613366902347
246292,43878.016,44731.49004064901
246293,43878.016,10172.013836137236
246294,43878.016,57106.59594205285
246295,43878.016,24723.320591342224
246296,43878.016,34892.55881881261
246297,43878.016,9188.996004587254
246298,43878.016,31781.006972295134
246299,43878.016,65972.3836144746
246300,43878.016,52483.58258431044
246301,43878.016,34179.59832960884
246302,43878.016,31548.336993161665
246303,43878.016,38982.905068893146
246304,43878.016,4620.570999742587
246305,43878.016,65574.46703804743
246306,43878.016,57596.4544808243
246307,43878.016,12285.932672595805
246308,43878.016,25354.34431791149
246309,43878.016,27401.898607202966
246310,43878.016,49601.087624757165
246311,43878.016,38223.472392049145
246312,43878.016,82935.16536844557
246313,43878.016,84964.53209149645
246314,43878.016,31592.440956083752
246315,43878.016,33232.20569756314
246316,43878.016,28339.72728863716
246317,43878.016,8573.081453876732
246318,43878.016,39125.20594556675
246319,43878.016,44716.66924118958
246320,43878.016,29079.47197198026
246321,43878.016,22113.11265593849
246322,43878.016,38230.90670765204
246323,43878.016,45723.50438541589
246324,43878.016,9960.379793557087
246325,43878.016,14412.79559496729
246326,43878.016,20062.93998165531
246327,43878.016,20087.84257054907
246328,43878.016,8974.512206320656
246329,43878.016,65022.20983226407
246330,43878.016,16096.275441965145
246331,43878.016,23638.491663801302
246332,43878.016,45842.51950464271
246333,43878.016,47706.37077525017
246334,43878.016,44182.89715262828
246335,43878.016,48046.32634375658
246336,43878.016,17384.76501610879
246337,43878.016,25058.77016096132
246338,43878.016,47562.476053195554
246339,43878.016,28928.6746910113
246340,43878.016,6701.946992871204
246341,43878.016,8230.872790897944
246342,43878.016,22333.658564458718
246343,43878.016,69731.27370945025
246344,43878.016,23120.74167687678
246345,43878.016,11850.28770564011
246346,43878.016,37555.58480574774
246347,43878.016,24630.870002975502
246348,43878.016,11402.85416420946
246349,43878.016,31022.217173522993
246350,43878.016,59507.17361840088
246351,43878.016,48884.10351242562
246352,43878.016,64236.263626958906
246353,43878.016,45979.46386389884
246354,43878.016,6555.49045625259
246355,43878.016,64659.435136699045
246356,43878.016,18744.172682269487
246357,43878.016,58406.54558100043
246358,43878.016,18366.897567010838
246359,43878.016,26411.51539120494
246360,43878.016,52124.74558701468
246361,43878.016,31382.861118525212
246362,43878.016,26087.120924219922
246363,43878.016,21403.778767933072
246364,43878.016,25598.999996529987
246365,43878.016,19247.736985131232
246366,43878.016,19270.852843292094
246367,43878.016,11392.487544737503
246368,43878.016,14870.979887075591
246369,43878.016,53783.05785941569
246370,43878.016,50181.91698258321
246371,43878.016,15494.320756354153
246372,43878.016,12462.296256511638
246373,43878.016,67879.3458127669
246374,43878.016,9521.561933553208
246375,43878.016,48269.818355440955
246376,43878.016,14317.633568967067
246377,43878.016,65396.80660961093
246378,43878.016,14918.303773011152
246379,43878.016,15937.36617585835
246380,43878.016,55659.0335324241
246381,43878.016,69539.29719233396
246382,43878.016,21031.718303618058
246383,43878.016,54315.11129481035
246384,43878.016,45872.54805022381
246385,43878.016,39888.6810335254
246386,43878.016,69793.1122294448
246387,43878.016,43427.5256889668
246388,43878.016,41024.13282090625
246389,43878.016,25886.277724146206
246390,43878.016,40336.44383185037
246391,43878.016,19113.582085779686
246392,43878.016,60724.388376944764
246393,43878.016,10567.469085656887
246394,43878.016,21999.074155646438
246395,43878.016,44215.87927387429
246396,43878.016,39790.77674000005
246397,43878.016,16211.110466078953
246398,43878.016,7982.704412102852
246399,43878.016,61246.657303523585
246400,43878.016,10809.773660413764
246401,43878.016,35524.019787912795
246402,43878.016,17211.80964038151
246403,43878.016,10532.25209301044
246404,43878.016,24834.703310287045
246405,43878.016,32448.90461901077
246406,43878.016,28497.610810246468
246407,43878.016,38827.43551863413
246408,43878.016,30273.719508713828
246409,43878.016,44581.54826330033
246410,43878.016,18600.709452411145
246411,43878.016,54611.86885603083
246412,43878.016,16141.789354093595
246413,43878.016,39443.64081150371
246414,43878.016,43257.25006306708
246415,43878.016,30169.549475765358
246416,43878.016,26361.121853103454
246417,43878.016,57475.88576602367
246418,43878.016,25665.861710586745
246419,43878.016,8724.919014466563
246420,43878.016,52141.4359251422
246421,43878.016,35367.97698681169
246422,43878.016,20983.591459239597
246423,43878.016,21064.6224256326
246424,43878.016,9817.582226622451
246425,43878.016,6992.898350865154
246426,43878.016,14125.651846015404
246427,43878.016,28282.318052350252
246428,43878.016,20868.68283584996
246429,43878.016,48977.64306588644
246430,43878.016,12696.187047912525
246431,43878.016,47723.87285050193
246432,43878.016,46969.91858906694
246433,43878.016,38716.687477404375
246434,43878.016,24642.219617658742
246435,43878.016,8582.283147105416
246436,43878.016,20182.854074748902
246437,43878.016,31965.747576655373
246438,43878.016,33271.06638079917
246439,43878.016,30420.296588990554
246440,43878.016,11140.340140683697
246441,43878.016,27306.15741589057
246442,43878.016,51326.776469664015
246443,43878.016,35808.423308752295
246444,43878.016,56646.06464138186
246445,43878.016,48178.30723222991
246446,43878.016,49815.42232551057
246447,43878.016,33744.48316171016
246448,43878.016,7842.2410535095005
246449,43878.016,18278.460184090545
246450,43878.016,26083.257561384926
246451,43878.016,51415.51299476599
246452,43878.016,74247.05627306152
246453,43878.016,41651.3471908406
246454,43878.016,50602.645514550684
246455,43878.016,7571.306257667848
246456,43878.016,34505.59788499669
246457,43878.016,41882.21436835739
246458,43878.016,50435.47832496756
246459,43878.016,33960.56656658105
246460,43878.016,35002.25019540866
246461,43878.016,21309.154973057757
246462,43878.016,26893.420783716778
246463,43878.016,33524.402656358776
246464,43878.016,58425.430816205066
246465,43878.016,62886.681135222076
246466,43878.016,7565.101012003872
246467,43878.016,10221.190595091879
246468,43878.016,22291.591050904924
246469,43878.016,58996.1769361629
246470,43878.016,30044.38402735242
246471,43878.016,35678.77175668759
246472,43878.016,44669.65930211256
246473,43878.016,70329.31234942864
246474,43878.016,39328.888225493676
246475,43878.016,50148.29333072923
246476,43878.016,20574.9165073591
246477,43878.016,23911.6252719226
246478,43878.016,25575.78309611043
246479,43878.016,29745.32906404161
246480,43878.016,61139.35891358692
246481,43878.016,62499.512595542554
246482,43878.016,39197.35382492608
246483,43878.016,29408.075849880093
246484,43878.016,23058.228978337378
246485,43878.016,11007.452764936314
246486,43878.016,69856.88492656435
246487,43878.016,34798.107584425066
246488,43878.016,28376.503236105786
246489,43878.016,17850.251572784073
246490,43878.016,32225.805643905012
246491,43878.016,7452.396970710803
246492,43878.016,36619.74959510006
246493,43878.016,34358.88267149485
246494,43878.016,12877.846394236658
246495,43878.016,55481.59142990963
246496,43878.016,76288.3700317896
246497,43878.016,36399.55616958616
246498,43878.016,15556.416221832858
246499,43878.016,35838.8323142098
246500,43878.016,74521.61673352138
246501,43878.016,27594.224933300702
246502,43878.016,28074.21987554577
246503,43878.016,51404.228173965275
246504,43878.016,58259.44636999366
246505,43878.016,84312.61113466888
246506,43878.016,36509.19545608398
246507,43878.016,9820.548253526087
246508,43878.016,32915.826614788
246509,43878.016,49906.02972089237
246510,43878.016,36174.365302719656
246511,43878.016,21241.907965695733
246512,43878.016,17450.301762571882
246513,43878.016,29245.163324731235
246514,43878.016,6814.501449541983
246515,43878.016,22626.288334984285
246516,43878.016,32498.1551505174
246517,43878.016,43900.51800006773
246518,43878.016,66493.60883859756
246519,43878.016,19813.381395613098
246520,43878.016,36690.80833779847
246521,43878.016,31077.024009845696
246522,43878.016,23407.61490468535
246523,43878.016,56274.518378736786
246524,43878.016,58904.550689652635
246525,43878.016,9484.121069286746
246526,43878.016,32215.33063066417
246527,43878.016,51045.56957167231
246528,43878.016,58290.63925285883
246529,43878.016,21792.135968019946
246530,43878.016,20832.774569278616
246531,43878.016,57672.00383694631
246532,43878.016,47357.63897016017
246533,43878.016,23646.770950392714
246534,43878.016,25916.87524265977
246535,43878.016,18681.620337432763
246536,43878.016,23279.950424583207
246537,43878.016,35445.831600366284
246538,43878.016,7808.167631406518
246539,43878.016,15318.768553408596
246540,43878.016,30870.11151729024
246541,43878.016,21889.452942150172
246542,43878.016,27359.239693996984
246543,43878.016,71994.28175249281
246544,43878.016,71674.35789427684
246545,43878.016,51972.87197295329
246546,43878.016,33844.63517665838
246547,43878.016,59799.23649073913
246548,43878.016,6558.692914321629
246549,43878.016,19121.56954455839
246550,43878.016,32525.94608350414
246551,43878.016,9731.041222609809
246552,43878.016,35308.27123133386
246553,43878.016,42392.021983963015
246554,43878.016,29112.258161008718
246555,43878.016,36094.16999420463
246556,43878.016,24345.300155751924
246557,43878.016,56994.72331698846
246558,43878.016,14880.215241936758
246559,43878.016,9220.969679449569
246560,43878.016,67339.16097958611
246561,43878.016,35502.27062307464
246562,43878.016,30424.812799320178
246563,43878.016,90384.63749676927
246564,43878.016,6446.424784560521
246565,43878.016,21755.201055818434
246566,43878.016,9570.231896119303
246567,43878.016,62560.20367369989
246568,43878.016,28062.884881081558
246569,43878.016,59610.24060716723
246570,43878.016,31861.961674644837
246571,43878.016,22020.735094576045
246572,43878.016,17256.22556256635
246573,43878.016,21319.628038946496
246574,43878.016,56662.894242778246
246575,43878.016,48054.101526907274
246576,43878.016,50240.7262611519
246577,43878.016,17931.628205933466
246578,43878.016,77633.30214493345
246579,43878.016,15376.678283138088
246580,43878.016,39125.606939893776
246581,43878.016,67233.87924127406
246582,43878.016,27196.459834150388
246583,43878.016,46729.423199199366
246584,43878.016,26142.591800644142
246585,43878.016,38707.3116483071
246586,43878.016,39751.3068438016
246587,43878.016,56213.42076123805
246588,43878.016,21874.730997069855
246589,43878.016,11137.290324053818
246590,43878.016,12585.9741639919
246591,43878.016,42021.35232326402
246592,43878.016,44890.83586665076
246593,43878.016,42106.976935694605
246594,43878.016,26743.982121023953
246595,43878.016,12515.987024995882
246596,43878.016,33098.98600193279
246597,43878.016,49209.76688184086
246598,43878.016,19401.565442222727
246599,43878.016,40588.02286546978
246600,43878.016,11329.754620820728
246601,43878.016,65676.83917308503
246602,43878.016,58159.49733770771
246603,43878.016,35068.4255329623
246604,43878.016,38986.28112568261
246605,43878.016,25465.62756991074
246606,43878.016,27679.996152891985
246607,43878.016,54810.69582143807
246608,43878.016,33731.3707358722
246609,43878.016,15082.761389646972
246610,43878.016,60399.41434430904
246611,43878.016,21295.825168918094
246612,43878.016,19481.468231376897
246613,43878.016,59979.86650080104
246614,43878.016,13653.640585365421
246615,43878.016,12415.870286276378
246616,43878.016,37148.54451897122
246617,43878.016,44132.136047775944
246618,43878.016,60328.51046541577
246619,43878.016,41244.615707849436
246620,43878.016,39500.88393047286
246621,43878.016,24880.263282484917
246622,43878.016,38095.57830208817
246623,43878.016,56836.74330016518
246624,43878.016,10124.354342941473
246625,43878.016,56106.85853733425
246626,43878.016,32897.41758908615
246627,43878.016,10849.938434272723
246628,43878.016,37098.80437275427
246629,43878.016,68313.70121571884
246630,43878.016,19116.282759125683
246631,43878.016,35955.421305140255
246632,43878.016,31980.58538655519
246633,43878.016,17847.10430196902
246634,43878.016,29912.269013998182
246635,43878.016,9000.60688433054
246636,43878.016,52240.42716936185
246637,43878.016,4899.113300922896
246638,43878.016,34749.92341586759
246639,43878.016,18257.171175922977
246640,43878.016,18895.915889697168
246641,43878.016,11126.47876594158
246642,43878.016,38778.68489534654
246643,43878.016,52789.0670331213
246644,43878.016,11360.48921905034
246645,43878.016,31140.394623460215
246646,43878.016,7939.859137415925
246647,43878.016,18661.72405217147
246648,43878.016,27876.288648537375
246649,43878.016,46320.175678626794
246650,43878.016,30581.026221547087
246651,43878.016,22954.04579826207
246652,43878.016,22873.754013121896
246653,43878.016,34772.5146772087
246654,43878.016,18804.918184738057
246655,43878.016,25684.884205267714
246656,43878.016,36249.39083483555
246657,43878.016,49264.433533776086
246658,43878.016,13508.481905344337
246659,43878.016,61220.349130567316
246660,43878.016,62754.15609957161
246661,43878.016,15266.191220396926
246662,43878.016,83373.01838049083
246663,43878.016,93991.91420192936
246664,43878.016,11902.790225516888
246665,43878.016,47245.27979261778
246666,43878.016,57255.400867388955
246667,43878.016,36982.11162364538
246668,43878.016,56017.85734088513
246669,43878.016,78341.04231710668
246670,43878.016,38632.75375593112
246671,43878.016,13410.906845707746
246672,43878.016,24205.063226624483
246673,43878.016,52890.33297663356
246674,43878.016,27117.308264663632
246675,43878.016,9769.762600586475
246676,43878.016,38578.39640549015
246677,43878.016,6517.959112631285
246678,43878.016,29729.22535267437
246679,43878.016,52604.15462805581
246680,43878.016,5400.370910859997
246681,43878.016,11895.075671403765
246682,43878.016,30886.80490097055
246683,43878.016,10289.360768639533
246684,43878.016,26222.248918014746
246685,43878.016,30855.95802921212
246686,43878.016,60377.783789663496
246687,43878.016,31268.337159973857
246688,43878.016,18610.866929203985
246689,43878.016,9728.376225099566
246690,43878.016,30010.94930845567
246691,43878.016,43043.13924141011
246692,43878.016,19839.525488953484
246693,43878.016,15200.475751751357
246694,43878.016,17597.1697956166
246695,43878.016,17191.29251127876
246696,43878.016,8974.860999001605
246697,43878.016,9998.16473749998
246698,43878.016,14045.340027409617
246699,43878.016,50802.22411761395
246700,43878.016,22774.59346970267
246701,43878.016,21419.417710505477
246702,43878.016,45677.0079860798
246703,43878.016,27257.76213931934
246704,43878.016,5090.833040576335
246705,43878.016,46852.18645845588
246706,43878.016,49351.86669684028
246707,43878.016,58451.0189509997
246708,43878.016,29530.12923898233
246709,43878.016,24877.78145085184
246710,43878.016,22468.082425487784
246711,43878.016,13924.217545172874
246712,43878.016,16107.6046242076
246713,43878.016,47041.49689515721
246714,43878.016,15831.8464667013
246715,43878.016,16225.722355872515
246716,43878.016,18221.763363241804
246717,43878.016,59355.34318538437
246718,43878.016,43085.59462075231
246719,43878.016,61324.67716107677
246720,43878.016,46416.2532521933
246721,43878.016,67157.39501644907
246722,43878.016,44713.74961789999
246723,43878.016,15200.088955372745
246724,43878.016,48091.069969068434
246725,43878.016,24259.420375025304
246726,43878.016,24051.47590306317
246727,43878.016,38272.62485711134
246728,43878.016,26704.04014478129
246729,43878.016,64476.78887268816
246730,43878.016,41503.23229853274
246731,43878.016,10251.9271300714
246732,43878.016,45464.2674458244
246733,43878.016,55419.6808309292
246734,43878.016,39468.10943594238
246735,43878.016,41851.25988366944
246736,43878.016,27404.175602443447
246737,43878.016,37115.692391813245
246738,43878.016,71179.55206794327
246739,43878.016,19676.904220135762
246740,43878.016,38112.85137001744
246741,43878.016,9731.072178803843
246742,43878.016,17111.160199809692
246743,43878.016,59964.04635946303
246744,43878.016,33805.923089095006
246745,43878.016,45891.71828960854
246746,43878.016,16939.971167377946
246747,43878.016,17302.25224998574
246748,43878.016,41963.87382388334
246749,43878.016,23837.48742078666
246750,43878.016,12501.962033462336
246751,43878.016,26173.825662133204
246752,43878.016,12758.470227062886
246753,43878.016,53609.0558664334
246754,43878.016,54814.59692559155
246755,43878.016,50663.190240209886
246756,43878.016,26055.358736520473
246757,43878.016,52842.78955091919
246758,43878.016,18413.14835149715
246759,43878.016,57610.80216250944
246760,43878.016,29176.21309930066
246761,43878.016,39029.0674751536
246762,43878.016,14845.28176000515
246763,43878.016,35128.40078557608
246764,43878.016,8073.0821119352495
246765,43878.016,81717.9528150192
246766,43878.016,23186.958506700856
246767,43878.016,27750.992844696226
246768,43878.016,13893.252270939312
246769,43878.016,18314.02986452486
246770,43878.016,13179.06793661158
246771,43878.016,39992.7833456352
246772,43878.016,23305.647846742984
246773,43878.016,66028.49616371334
246774,43878.016,39815.718204321325
246775,43878.016,44909.24024083556
246776,43878.016,38129.10061973582
246777,43878.016,52900.1195357872
246778,43878.016,18072.103590072158
246779,43878.016,62993.049316718956
246780,43878.016,13796.622842033146
246781,43878.016,45293.89240384749
246782,43878.016,16858.034475338598
246783,43878.016,15544.16404939809
246784,43878.016,13685.988774845735
246785,43878.016,59216.31401614635
246786,43878.016,11265.815115485833
246787,43878.016,30026.957673973004
246788,43878.016,62995.17340566815
246789,43878.016,18397.44435881429
246790,43878.016,70684.99454371317
246791,43878.016,40952.550577781185
246792,43878.016,47704.150147923996
246793,43878.016,27090.368672979723
246794,43878.016,50101.395438570864
246795,43878.016,32410.77769802475
246796,43878.016,69302.118339392
246797,43878.016,10151.023669936912
246798,43878.016,39101.758942818204
246799,43878.016,30057.737496132948
246800,43878.016,60832.4277422614
246801,43878.016,36832.77613009429
246802,43878.016,22684.164622496613
246803,43878.016,14956.466995645023
246804,43878.016,51684.14818518917
246805,43878.016,14820.478331625407
246806,43878.016,22440.716164712063
246807,43878.016,29577.503353645916
246808,43878.016,38055.64537770848
246809,43878.016,47774.518974679966
246810,43878.016,46784.78403191059
246811,43878.016,39687.23006588144
246812,43878.016,22654.10585328384
246813,43878.016,71083.97030900196
246814,43878.016,22060.195134036447
246815,43878.016,20860.77905714289
246816,43878.016,53615.71498310064
246817,43878.016,30801.576822151193
246818,43878.016,11001.745170423479
246819,43878.016,26495.759512948796
246820,43878.016,11389.703098989638
246821,43878.016,60816.630003394566
246822,43878.016,53886.37148734277
246823,43878.016,16904.95489930852
246824,43878.016,29202.68230183042
246825,43878.016,39938.356135522125
246826,43878.016,42196.09908688869
246827,43878.016,27620.256251933846
246828,43878.016,34759.91682322817
246829,43878.016,12432.588956878584
246830,43878.016,48992.97104301558
246831,43878.016,28311.8852782964
246832,43878.016,11094.066954434527
246833,43878.016,14293.935874819988
246834,43878.016,29862.534181113395
246835,43878.016,47309.36864029956
246836,43878.016,17828.920287485755
246837,43878.016,10279.155286962849
246838,43878.016,58894.01438322933
246839,43878.016,30899.805814273437
246840,43878.016,112267.763049303
246841,43878.016,37783.62147026885
246842,43878.016,32501.098443179726
246843,43878.016,64303.01698526333
246844,43878.016,23148.885835367597
246845,43878.016,19550.759726420696
246846,43878.016,46503.7371615579
246847,43878.016,22590.481228028042
246848,43878.016,71388.11867757374
246849,43878.016,18269.78900212825
246850,43878.016,8475.469600782935
246851,43878.016,31965.774388059504
246852,43878.016,10214.621357501514
246853,43878.016,50647.956464021634
246854,43878.016,87729.5374868232
246855,43878.016,17986.812884942123
246856,43878.016,15594.959792338706
246857,43878.016,32416.03979227239
246858,43878.016,10217.57051379758
246859,43878.016,55473.18456409949
246860,43878.016,48222.60768286534
246861,43878.016,30730.496608822432
246862,43878.016,25344.02298428384
246863,43878.016,25315.897976178698
246864,43878.016,29813.098910615012
246865,43878.016,45981.3188789397
246866,43878.016,12555.376529593766
246867,43878.016,35431.62502019979
246868,43878.016,15819.955652396582
246869,43878.016,68425.02961275335
246870,43878.016,72177.67156397362
246871,43878.016,19182.593517828325
246872,43878.016,11007.265422503415
246873,43878.016,54092.914276074654
246874,43878.016,31189.55186317752
246875,43878.016,78808.84678055705
246876,43878.016,12043.052378783941
246877,43878.016,45122.216666717504
246878,43878.016,35525.45660401236
246879,43878.016,7080.469329914158
246880,43878.016,45307.82658324382
246881,43878.016,17947.557660132592
246882,43878.016,47545.572537757216
246883,43878.016,13523.215149633974
246884,43878.016,65414.805147819614
246885,43878.016,45893.172185544085
246886,43878.016,49600.705586539596
246887,43878.016,13528.102053748578
246888,43878.016,44674.34754162786
246889,43878.016,16478.594905843354
246890,43878.016,36076.5097030394
246891,43878.016,45639.40896698932
246892,43878.016,40700.53232700417
246893,43878.016,73590.15771894767
246894,43878.016,80148.68681686567
246895,43878.016,34970.77113272626
246896,43878.016,92890.75379071476
246897,43878.016,31346.8518581525
246898,43878.016,8634.232191831536
246899,43878.016,61856.738947846774
246900,43878.016,27147.98039009379
246901,43878.016,49360.70907524147
246902,43878.016,15351.078444814868
246903,43878.016,34493.09527526172
246904,43878.016,53905.160603198005
246905,43878.016,27761.83957102304
246906,43878.016,16382.75631072423
246907,43878.016,18218.4868257396
246908,43878.016,56634.60023982808
246909,43878.016,58366.84485681129
246910,43878.016,27321.4584257146
246911,43878.016,20081.112339029016
246912,43878.016,32256.66395997371
246913,43878.016,7192.850326676306
246914,43878.016,14392.132702380291
246915,43878.016,58397.25446251663
246916,43878.016,42285.66705436025
246917,43878.016,27245.659297341626
246918,43878.016,51410.44861687267
246919,43878.016,15342.64919210881
246920,43878.016,26938.557788458893
246921,43878.016,14567.492981173677
246922,43878.016,9813.299871178917
246923,43878.016,7204.698056047834
246924,43878.016,20375.829878687942
246925,43878.016,70338.83307349632
246926,43878.016,52447.52150962174
246927,43878.016,15091.878256128975
246928,43878.016,19066.195553599126
246929,43878.016,8228.517616687612
246930,43878.016,62304.87502379452
246931,43878.016,14347.530232424688
246932,43878.016,32891.14954785932
246933,43878.016,51210.516515782656
246934,43878.016,17975.639606001114
246935,43878.016,46013.11197677463
246936,43878.016,66052.94557972346
246937,43878.016,65809.55920847601
246938,43878.016,13493.796868744568
246939,43878.016,54667.030381594035
246940,43878.016,31082.60664730473
246941,43878.016,95710.75970697227
246942,43878.016,10712.49093314428
246943,43878.016,20073.245410871627
246944,43878.016,5687.811910176351
246945,43878.016,94746.15897584753
246946,43878.016,45494.091192325
246947,43878.016,30710.804280884815
246948,43878.016,47497.7931423123
246949,43878.016,27723.706657422947
246950,43878.016,10620.901635938902
246951,43878.016,19564.363776386002
246952,43878.016,61108.39085651505
246953,43878.016,24074.601255369667
246954,43878.016,64609.225785563955
246955,43878.016,20971.821789289912
246956,43878.016,69019.38382724122
246957,43878.016,57415.76865177943
246958,43878.016,57071.415855608895
246959,43878.016,15682.836430517895
246960,43878.016,49748.43188551078
246961,43878.016,57828.425873514134
246962,43878.016,46847.19264106834
246963,43878.016,40527.83297371583
246964,43878.016,32631.94979312348
246965,43878.016,22483.54509964971
246966,43878.016,12376.752691102933
246967,43878.016,24088.808970699265
246968,43878.016,46734.30799032767
246969,43878.016,52091.207392866345
246970,43878.016,40598.10119444348
246971,43878.016,16040.523116828335
246972,43878.016,26049.626829914276
246973,43878.016,36637.73398420869
246974,43878.016,8438.45162521686
246975,43878.016,61104.46843620626
246976,43878.016,12972.714274952998
246977,43878.016,55548.496734442364
246978,43878.016,59069.57192203246
246979,43878.016,49771.85142092307
246980,43878.016,63355.517399449585
246981,43878.016,19764.506457810603
246982,43878.016,25821.420472713184
246983,43878.016,11389.98586003006
246984,43878.016,48786.11761377174
246985,43878.016,28756.545470951034
246986,43878.016,17588.318660034984
246987,43878.016,9592.366487547812
246988,43878.016,54198.01383170104
246989,43878.016,19790.943931636437
246990,43878.016,15418.819445501793
246991,43878.016,26259.121072529768
246992,43878.016,49182.446064897704
246993,43878.016,27012.778837478072
246994,43878.016,27551.706502856672
246995,43878.016,31273.84796601875
246996,43878.016,46356.93144205674
246997,43878.016,14355.305367910576
246998,43878.016,81926.97220859572
246999,43878.016,31689.27123460253
247000,43878.016,51991.93735247013
247001,43878.016,23684.841914837507
247002,43878.016,37391.274511751355
247003,43878.016,30992.489305356612
247004,43878.016,52110.3067440378
247005,43878.016,33340.55055598548
247006,43878.016,26883.881825827062
247007,43878.016,52516.059971217466
247008,43878.016,7902.439350508967
247009,43878.016,56067.93565353603
247010,43878.016,27299.209806272025
247011,43878.016,17485.44731945332
247012,43878.016,53072.62721243931
247013,43878.016,47472.80649324634
247014,43878.016,54242.88532283747
247015,43878.016,31779.53030367027
247016,43878.016,35421.10207414545
247017,43878.016,85614.90735171078
247018,43878.016,49270.88178106526
247019,43878.016,28755.798970613178
247020,43878.016,37769.917280000984
247021,43878.016,61816.41080121745
247022,43878.016,71326.96046182093
247023,43878.016,16337.823016850227
247024,43878.016,10629.032735758741
247025,43878.016,40276.90089307644
247026,43878.016,18435.553138650914
247027,43878.016,58378.28877847823
247028,43878.016,36549.89253605266
247029,43878.016,18385.151572869556
247030,43878.016,29205.45085344893
247031,43878.016,18046.023317382507
247032,43878.016,50483.23387651203
247033,43878.016,9977.277529241166
247034,43878.016,19601.4441188232
247035,43878.016,8384.419654086487
247036,43878.016,30322.114835725562
247037,43878.016,10542.120242215879
247038,43878.016,23877.27351019579
247039,43878.016,29501.20545559614
247040,43878.016,66348.3868855136
247041,43878.016,18970.056000383156
247042,43878.016,35142.69832299062
247043,43878.016,45627.2617940162
247044,43878.016,57557.12531874749
247045,43878.016,46813.98962779404
247046,43878.016,46671.50795644695
247047,43878.016,11511.412228541642
247048,43878.016,40042.96857496091
247049,43878.016,54773.882932696004
247050,43878.016,17405.095777422823
247051,43878.016,10260.755815618108
247052,43878.016,40009.90714816655
247053,43878.016,65478.059697966484
247054,43878.016,49937.99203714551
247055,43878.016,19141.766962666334
247056,43878.016,20204.239459606517
247057,43878.016,65679.6283884437
247058,43878.016,33326.73025504185
247059,43878.016,26796.50063719533
247060,43878.016,23134.13594095532
247061,43878.016,42004.00849500197
247062,43878.016,15048.784481205637
247063,43878.016,19211.25939600341
247064,43878.016,18449.17698434915
247065,43878.016,22234.62339945593
247066,43878.016,2675.861682444349
247067,43878.016,18554.88118855655
247068,43878.016,13671.916823147507
247069,43878.016,14344.837074598845
247070,43878.016,45658.97928892388
247071,43878.016,22273.639094202084
247072,43878.016,37022.39339623221
247073,43878.016,15835.971745437737
247074,43878.016,26713.15399610479
247075,43878.016,23011.36485051646
247076,43878.016,35776.44071836835
247077,43878.016,46033.306553722105
247078,43878.016,37956.262303963165
247079,43878.016,45095.76164697935
247080,43878.016,31587.41503975346
247081,43878.016,45906.95159131874
247082,43878.016,19173.882016285883
247083,43878.016,51226.70990552817
247084,43878.016,44064.094520869585
247085,43878.016,36172.44166541496
247086,43878.016,36157.504076425605
247087,43878.016,26954.94095870296
247088,43878.016,29967.09401983889
247089,43878.016,16271.890571294176
247090,43878.016,30672.436938205392
247091,43878.016,27872.243315229785
247092,43878.016,5744.973866319457
247093,43878.016,49491.951353255965
247094,43878.016,41087.02041581069
247095,43878.016,29552.87488823356
247096,43878.016,20599.0613918472
247097,43878.016,37429.18100540082
247098,43878.016,23504.61552263408
247099,43878.016,48845.12986723242
247100,43878.016,71802.44978712396
247101,43878.016,18548.045791345867
247102,43878.016,9871.484419751496
247103,43878.016,29066.993283415766
247104,43878.016,57192.79325031582
247105,43878.016,25630.924395583297
247106,43878.016,34640.71294255841
247107,43878.016,38916.89766510066
247108,43878.016,35516.150496041
247109,43878.016,44288.460567567905
247110,43878.016,40776.8572985626
247111,43878.016,37596.374774606564
247112,43878.016,53346.29934116156
247113,43878.016,67857.89880655007
247114,43878.016,33267.943188035264
247115,43878.016,50907.974549414845
247116,43878.016,5823.145747452654
247117,43878.016,77064.74872991836
247118,43878.016,11950.573654542392
247119,43878.016,28211.858382333718
247120,43878.016,20991.929418269643
247121,43878.016,23400.983632655538
247122,43878.016,18006.730412184355
247123,43878.016,51080.55630608062
247124,43878.016,45057.98317066315
247125,43878.016,61318.409809031655
247126,43878.016,33580.56123856429
247127,43878.016,48322.32529963224
247128,43878.016,49148.76690893883
247129,43878.016,39304.1730561017
247130,43878.016,32890.83212484083
247131,43878.016,71997.21794119185
247132,43878.016,57872.83152659515
247133,43878.016,11978.936601975523
247134,43878.016,25742.5755839806
247135,43878.016,10733.537777469515
247136,43878.016,60413.27207727719
247137,43878.016,22606.383418156944
247138,43878.016,28193.142856634746
247139,43878.016,61263.528138696194
247140,43878.016,48470.745261179014
247141,43878.016,31979.031452276133
247142,43878.016,87074.10977655962
247143,43878.016,73209.23496652655
247144,43878.016,10322.272547413015
247145,43878.016,11761.44252942218
247146,43878.016,25262.263000953662
247147,43878.016,71974.46008649224
247148,43878.016,31068.8003308739
247149,43878.016,60495.92391816898
247150,43878.016,34107.75883730637
247151,43878.016,14027.896902720146
247152,43878.016,13633.922622932354
247153,43878.016,12781.613995258285
247154,43878.016,88293.85808133977
247155,43878.016,8967.367435593522
247156,43878.016,69723.91335158079
247157,43878.016,28553.175549981544
247158,43878.016,49985.156747862784
247159,43878.016,11285.291782964036
247160,43878.016,53352.06439705418
247161,43878.016,33733.733432370085
247162,43878.016,16945.87600097906
247163,43878.016,52149.68701001706
247164,43878.016,18931.87732938643
247165,43878.016,44060.651672107066
247166,43878.016,17601.13158358141
247167,43878.016,23726.012758903318
247168,43878.016,30181.550478326208
247169,43878.016,56140.510016081585
247170,43878.016,7910.578174387487
247171,43878.016,20730.363513434666
247172,43878.016,49134.82052648411
247173,43878.016,9395.038431204624
247174,43878.016,57267.99566337722
247175,43878.016,46827.63452374107
247176,43878.016,21645.018570259137
247177,43878.016,9705.045381237373
247178,43878.016,32306.6854442386
247179,43878.016,48363.134104969475
247180,43878.016,57209.741830396364
247181,43878.016,12510.797543066341
247182,43878.016,36644.56835524838
247183,43878.016,23418.091023818975
247184,43878.016,47816.348167981996
247185,43878.016,11952.324123859602
247186,43878.016,62576.17700216322
247187,43878.016,12198.408760243896
247188,43878.016,55402.55732510216
247189,43878.016,50245.02727621957
247190,43878.016,45417.928079213816
247191,43878.016,19141.588801692746
247192,43878.016,57218.42595431193
247193,43878.016,27599.76602817003
247194,43878.016,17029.30777151697
247195,43878.016,42993.56340309458
247196,43878.016,72192.64323915579
247197,43878.016,59054.8107719675
247198,43878.016,56325.76861391323
247199,43878.016,12164.955769512535
247200,43878.016,39217.89740547117
247201,43878.016,6519.609523506247
247202,43878.016,20829.149579585857
247203,43878.016,47732.19954156557
247204,43878.016,49815.18340444696
247205,43878.016,21550.48409391253
247206,43878.016,55204.62372594938
247207,43878.016,47791.64538649912
247208,43878.016,21747.076078894897
247209,43878.016,24056.71044732459
247210,43878.016,21043.30691983358
247211,43878.016,55335.85745451615
247212,43878.016,50508.206436255874
247213,43878.016,10757.709313599134
247214,43878.016,10338.044095773832
247215,43878.016,20859.702310086777
247216,43878.016,23796.252875200906
247217,43878.016,47513.66389967589
247218,43878.016,12917.024748504356
247219,43878.016,16269.870871307992
247220,43878.016,21357.365637478102
247221,43878.016,12872.076328123492
247222,43878.016,8134.434007869447
247223,43878.016,76503.88991815434
247224,43878.016,49618.825366116034
247225,43878.016,35073.96042618476
247226,43878.016,34905.89631590841
247227,43878.016,68042.4571431945
247228,43878.016,27790.263719153936
247229,43878.016,62011.68646544186
247230,43878.016,14026.095192558067
247231,43878.016,70525.99332252519
247232,43878.016,12665.84728661906
247233,43878.016,19728.3991566107
247234,43878.016,40857.09976756973
247235,43878.016,36309.59286338076
247236,43878.016,60965.41144602161
247237,43878.016,14335.22202624369
247238,43878.016,11981.415714569252
247239,43878.016,12782.150407563264
247240,43878.016,31420.778148034624
247241,43878.016,8542.007125379305
247242,43878.016,47188.6859794778
247243,43878.016,49495.85804747492
247244,43878.016,13843.435953127866
247245,43878.016,48845.469878563286
247246,43878.016,53463.88119249442
247247,43878.016,58057.76237397334
247248,43878.016,21582.447097204553
247249,43878.016,21071.8705676457
247250,43878.016,44526.75687639075
247251,43878.016,24832.126306169914
247252,43878.016,31305.614565902975
247253,43878.016,29806.082755049167
247254,43878.016,33099.477686067126
247255,43878.016,38552.678761069394
247256,43878.016,17154.8223616669
247257,43878.016,64048.81383441206
247258,43878.016,111850.95798560251
247259,43878.016,57320.94783242343
247260,43878.016,34393.22124441849
247261,43878.016,15681.023043069838
247262,43878.016,52253.1857685887
247263,43878.016,17024.240434975047
247264,43878.016,39268.29529545993
247265,43878.016,39807.9766295263
247266,43878.016,41562.67848297532
247267,43878.016,12196.945522699589
247268,43878.016,22102.16766369572
247269,43878.016,57995.30363570641
247270,43878.016,53322.19907560013
247271,43878.016,25046.19559074969
247272,43878.016,20157.53379102955
247273,43878.016,43730.801977101815
247274,43878.016,28136.963965116873
247275,43878.016,35855.27977099566
247276,43878.016,33767.61140136325
247277,43878.016,12832.074054293942
247278,43878.016,50144.45676659483
247279,43878.016,26314.723654874375
247280,43878.016,28738.471856566557
247281,43878.016,9278.360334379817
247282,43878.016,52793.13020755238
247283,43878.016,19314.27126757495
247284,43878.016,44102.474387807546
247285,43878.016,79707.1245265923
247286,43878.016,42488.598918580086
247287,43878.016,13348.321131611674
247288,43878.016,29445.192561590327
247289,43878.016,29610.46786665552
247290,43878.016,30307.51127824803
247291,43878.016,50166.94717745047
247292,43878.016,71293.40712921407
247293,43878.016,45093.112620283355
247294,43878.016,13005.154198900178
247295,43878.016,74034.28332738951
247296,43878.016,21481.630478444375
247297,43878.016,37846.941651214474
247298,43878.016,20361.646507736285
247299,43878.016,21015.43555888811
247300,43878.016,38417.743594094274
247301,43878.016,53045.30923287069
247302,43878.016,28303.835524671857
247303,43878.016,48063.07630959761
247304,43878.016,55241.13238321355
247305,43878.016,28425.79397516322
247306,43878.016,48201.307646446585
247307,43878.016,18517.58954587642
247308,43878.016,38234.664290192835
247309,43878.016,47590.54304210215
247310,43878.016,38460.19155524426
247311,43878.016,71536.80241337042
247312,43878.016,15003.4999525768
247313,43878.016,32829.538989426306
247314,43878.016,11679.697909861154
247315,43878.016,53410.41233767642
247316,43878.016,14926.108813933437
247317,43878.016,22945.588011595613
247318,43878.016,41150.63144967177
247319,43878.016,46544.18959814004
247320,43878.016,29661.96619494509
247321,43878.016,19347.75487511492
247322,43878.016,12720.714008645566
247323,43878.016,57880.65438050488
247324,43878.016,42175.95040890641
247325,43878.016,69636.15097771482
247326,43878.016,63420.95325202463
247327,43878.016,5551.674425554141
247328,43878.016,40309.34888997331
247329,43878.016,52861.40910598989
247330,43878.016,12017.10210488059
247331,43878.016,14648.71899977306
247332,43878.016,37023.24158269732
247333,43878.016,29322.593905708145
247334,43878.016,43997.61569347507
247335,43878.016,41039.60014761895
247336,43878.016,53484.19316865712
247337,43878.016,41626.77502314143
247338,43878.016,8241.280468066834
247339,43878.016,10480.820964648237
247340,43878.016,40991.167381933534
247341,43878.016,57865.376858017706
247342,43878.016,8882.83292888765
247343,43878.016,66496.52240159779
247344,43878.016,57667.85891099414
247345,43878.016,33984.70480963288
247346,43878.016,30348.18441100677
247347,43878.016,88840.32351628302
247348,43878.016,16334.755624616751
247349,43878.016,60017.95207242692
247350,43878.016,27436.3858281411
247351,43878.016,18170.510007416582
247352,43878.016,45379.0778033087
247353,43878.016,22206.49045414591
247354,43878.016,74311.90776910057
247355,43878.016,21653.89995953856
247356,43878.016,14531.424376063822
247357,43878.016,10324.609837043468
247358,43878.016,50857.761623991384
247359,43878.016,30456.914793973447
247360,43878.016,18097.466821197602
247361,43878.016,17241.871246760023
247362,43878.016,19925.791330414926
247363,43878.016,18064.794015217107
247364,43878.016,8967.704770777184
247365,43878.016,43915.3308263684
247366,43878.016,17611.946119197604
247367,43878.016,38385.02252238148
247368,43878.016,26441.083809065247
247369,43878.016,8721.041953185
247370,43878.016,52154.30496498017
247371,43878.016,77807.7377844027
247372,43878.016,32628.239934996487
247373,43878.016,13286.927288536459
247374,43878.016,28966.675395746694
247375,43878.016,44343.88803735275
247376,43878.016,62187.218688594876
247377,43878.016,12335.976810815846
247378,43878.016,11551.136883970943
247379,43878.016,36956.52763444175
247380,43878.016,17262.020714480743
247381,43878.016,74011.7302790995
247382,43878.016,24279.697136735565
247383,43878.016,20455.719489377363
247384,43878.016,24664.76820466989
247385,43878.016,7705.679497510114
247386,43878.016,18167.547274153578
247387,43878.016,14236.247563906942
247388,43878.016,24746.550201727216
247389,43878.016,7235.437856041748
247390,43878.016,63078.32276814618
247391,43878.016,15729.932429285627
247392,43878.016,10165.550363782902
247393,43878.016,51490.70749176573
247394,43878.016,32321.46686068824
247395,43878.016,9217.719787155296
247396,43878.016,41519.57407694054
247397,43878.016,44403.53591377084
247398,43878.016,18883.74962197445
247399,43878.016,31973.20187803316
247400,43878.016,40268.66576399553
247401,43878.016,61573.6976572593
247402,43878.016,11472.05487827877
247403,43878.016,18658.04062976543
247404,43878.016,20594.62183659528
247405,43878.016,34070.71429965355
247406,43878.016,49954.30605587484
247407,43878.016,14751.14539957317
247408,43878.016,49035.36059826853
247409,43878.016,14626.841297673947
247410,43878.016,32034.680449137653
247411,43878.016,61781.27746337227
247412,43878.016,16910.462894098826
247413,43878.016,28278.91360287488
247414,43878.016,12310.029032370261
247415,43878.016,41850.66880239369
247416,43878.016,27142.55557728201
247417,43878.016,25716.062659200492
247418,43878.016,61187.21123300436
247419,43878.016,19006.807572161728
247420,43878.016,66148.0609891694
247421,43878.016,42588.46543919362
247422,43878.016,35682.2616854721
247423,43878.016,27528.922396052745
247424,43878.016,108274.98564933149
247425,43878.016,10699.626362529283
247426,43878.016,36405.6353470471
247427,43878.016,64337.7224669918
247428,43878.016,49719.15873698573
247429,43878.016,15369.103723820026
247430,43878.016,15383.306836099728
247431,43878.016,16780.286491992112
247432,43878.016,39346.51653115766
247433,43878.016,39602.72249134881
247434,43878.016,18469.392565763304
247435,43878.016,12598.58474975828
247436,43878.016,62436.29110167298
247437,43878.016,67617.89979179986
247438,43878.016,21418.99087163286
247439,43878.016,12669.830060222064
247440,43878.016,7172.492293874611
247441,43878.016,64734.029703666725
247442,43878.016,49294.47006984621
247443,43878.016,25825.243165108608
247444,43878.016,53749.295728766854
247445,43878.016,61189.160327055506
247446,43878.016,25907.61752027016
247447,43878.016,61508.96578992345
247448,43878.016,19168.708393089313
247449,43878.016,16585.644789636946
247450,43878.016,17900.660203769978
247451,43878.016,27197.602806575174
247452,43878.016,54173.572403316495
247453,43878.016,46407.14702770429
247454,43878.016,10659.379227993892
247455,43878.016,10728.974845943976
247456,43878.016,45971.28758537598
247457,43878.016,19873.78726007283
247458,43878.016,8713.541464094136
247459,43878.016,37392.07497555386
247460,43878.016,62790.308284588515
247461,43878.016,71966.5548115782
247462,43878.016,40609.22839752572
247463,43878.016,24982.46386558494
247464,43878.016,7393.9748762930585
247465,43878.016,60147.732892817665
247466,43878.016,43719.172432864005
247467,43878.016,70738.39173814029
247468,43878.016,36946.40091939908
247469,43878.016,33233.03100395341
247470,43878.016,53684.07335649215
247471,43878.016,31931.883311971982
247472,43878.016,17936.932030512162
247473,43878.016,18687.16808326343
247474,43878.016,56626.1517531976
247475,43878.016,22726.5745976849
247476,43878.016,16252.108403095755
247477,43878.016,53517.71261351954
247478,43878.016,33608.704951413776
247479,43878.016,14979.323574932361
247480,43878.016,32184.762324447554
247481,43878.016,30354.518891310276
247482,43878.016,23426.672862829393
247483,43878.016,31931.729686716128
247484,43878.016,50736.975160893846
247485,43878.016,30945.201718632474
247486,43878.016,32466.32581386613
247487,43878.016,36012.937875728756
247488,43878.016,10265.480635140058
247489,43878.016,40375.010431849194
247490,43878.016,23428.533137055252
247491,43878.016,47110.06096619862
247492,43878.016,5618.379317644076
247493,43878.016,9548.985040333684
247494,43878.016,7991.806448977332
247495,43878.016,52764.29826157349
247496,43878.016,50391.92030327301
247497,43878.016,60009.09609546972
247498,43878.016,45390.728467824294
247499,43878.016,29970.79960072782
247500,43878.016,10139.320000420705
247501,43878.016,11851.655502081145
247502,43878.016,23457.98510067308
247503,43878.016,10467.583292937334
247504,43878.016,25237.679163264915
247505,43878.016,50767.97520893222
247506,43878.016,42410.81635156552
247507,43878.016,11199.571691652493
247508,43878.016,22124.7031443455
247509,43878.016,42452.923925894305
247510,43878.016,21184.59325835012
247511,43878.016,26147.492378266237
247512,43878.016,65367.995424625005
247513,43878.016,51500.31677073307
247514,43878.016,54249.589036661724
247515,43878.016,41466.182168980995
247516,43878.016,52497.685074552704
247517,43878.016,36753.64016082151
247518,43878.016,61011.1495758159
247519,43878.016,31837.038459532905
247520,43878.016,29708.50041867021
247521,43878.016,37431.33578839004
247522,43878.016,13337.07398192215
247523,43878.016,50008.30343420763
247524,43878.016,20353.062777276482
247525,43878.016,22543.217853882346
247526,43878.016,18833.17218176209
247527,43878.016,23071.778619672794
247528,43878.016,56513.998114296
247529,43878.016,14427.385414656635
247530,43878.016,26815.25510600318
247531,43878.016,99985.021148256
247532,43878.016,62277.28874278822
247533,43878.016,65398.05986117517
247534,43878.016,66255.91737864919
247535,43878.016,6859.988124483423
247536,43878.016,31104.684962639138
247537,43878.016,60221.34413894927
247538,43878.016,11338.168542630548
247539,43878.016,17380.415963612257
247540,43878.016,6266.149839917868
247541,43878.016,18816.8946160787
247542,43878.016,32289.619184706837
247543,43878.016,21972.915427177766
247544,43878.016,48852.726720744475
247545,43878.016,11649.407767624589
247546,43878.016,8332.741112959253
247547,43878.016,65857.07231899729
247548,43878.016,39861.69400523241
247549,43878.016,30426.483615681685
247550,43878.016,65950.90004505035
247551,43878.016,10218.991517373039
247552,43878.016,31437.818970620825
247553,43878.016,16642.446293124456
247554,43878.016,54561.59383842134
247555,43878.016,6816.626714824387
247556,43878.016,21236.15261876329
247557,43878.016,55518.999610110644
247558,43878.016,50208.47185131969
247559,43878.016,32908.145432309386
247560,43878.016,38048.89363072779
247561,43878.016,63640.0456905168
247562,43878.016,60860.318610955066
247563,43878.016,17494.793976337318
247564,43878.016,16861.564391439904
247565,43878.016,31808.82243126693
247566,43878.016,42904.85560280354
247567,43878.016,51879.17153689685
247568,43878.016,19272.001227117307
247569,43878.016,59865.314980725845
247570,43878.016,95167.60665189523
247571,43878.016,59067.83001427087
247572,43878.016,56714.96139107653
247573,43878.016,35438.212850791126
247574,43878.016,22749.218375281504
247575,43878.016,3392.9900364753867
247576,43878.016,26532.774594669867
247577,43878.016,31376.60594281299
247578,43878.016,39933.188990194845
247579,43878.016,12055.303781028066
247580,43878.016,65889.30480813186
247581,43878.016,49319.57860988002
247582,43878.016,15293.896481695181
247583,43878.016,72931.82494310732
247584,43878.016,61574.566595228214
247585,43878.016,15943.269601622524
247586,43878.016,31053.786911214203
247587,43878.016,51068.87186000954
247588,43878.016,47307.20490568938
247589,43878.016,39136.90079185273
247590,43878.016,63938.08284099123
247591,43878.016,30918.04825461042
247592,43878.016,56628.94580910341
247593,43878.016,11587.900946257723
247594,43878.016,47408.74414604639
247595,43878.016,60210.57012133765
247596,43878.016,21281.471999632136
247597,43878.016,15529.606806853159
247598,43878.016,17786.427842433743
247599,43878.016,26092.999617084723
247600,43878.016,19728.507653815108
247601,43878.016,33656.95368092461
247602,43878.016,52074.71392404977
247603,43878.016,15944.561899134425
247604,43878.016,25468.219343432673
247605,43878.016,47488.46047064224
247606,43878.016,19232.482943682808
247607,43878.016,20653.9019825335
247608,43878.016,38548.740861893566
247609,43878.016,43811.8499741928
247610,43878.016,56756.97452605813
247611,43878.016,35293.47549018982
247612,43878.016,70973.22029634914
247613,43878.016,85174.7225927464
247614,43878.016,22881.287865583698
247615,43878.016,53117.619713745415
247616,43878.016,25050.407455307406
247617,43878.016,60114.25240678547
247618,43878.016,50978.29535340955
247619,43878.016,43625.399200449094
247620,43878.016,15508.166992641722
247621,43878.016,57626.218249391386
247622,43878.016,42348.070313685705
247623,43878.016,64945.47711799596
247624,43878.016,76555.84124333452
247625,43878.016,56536.25417980433
247626,43878.016,9855.132243972757
247627,43878.016,27634.990516698697
247628,43878.016,47480.80687746728
247629,43878.016,35425.34808375774
247630,43878.016,22728.5368370307
247631,43878.016,60840.08677676284
247632,43878.016,19457.60238346353
247633,43878.016,49217.32467778259
247634,43878.016,50705.96095978411
247635,43878.016,45452.2669887574
247636,43878.016,53294.46432365833
247637,43878.016,33515.85150729244
247638,43878.016,18960.910786144836
247639,43878.016,43937.60689245312
247640,43878.016,37470.73668041113
247641,43878.016,13813.269011652757
247642,43878.016,46066.28214098096
247643,43878.016,15587.561015066885
247644,43878.016,48331.77890468268
247645,43878.016,10031.646369334192
247646,43878.016,61020.63223416762
247647,43878.016,27159.741738329663
247648,43878.016,63245.80137076847
247649,43878.016,39352.906802982
247650,43878.016,40501.95955365521
247651,43878.016,58071.9353875967
247652,43878.016,28467.650268496487
247653,43878.016,14147.86941256086
247654,43878.016,79300.87794442307
247655,43878.016,44766.80189629449
247656,43878.016,30538.12658800393
247657,43878.016,7094.669769045589
247658,43878.016,43243.9267457992
247659,43878.016,26960.774614611575
247660,43878.016,55184.473627836545
247661,43878.016,24369.535611411306
247662,43878.016,61613.295943007
247663,43878.016,71041.95169390153
247664,43878.016,23421.100511487668
247665,43878.016,62591.266847327395
247666,43878.016,38680.62600224391
247667,43878.016,18191.339749671457
247668,43878.016,38865.19167714695
247669,43878.016,43441.168423974144
247670,43878.016,61697.841456471455
247671,43878.016,15490.119020276556
247672,43878.016,52219.02379989352
247673,43878.016,28685.193398736603
247674,43878.016,15690.109652423313
247675,43878.016,63817.46889544484
247676,43878.016,65227.190943122005
247677,43878.016,6016.811821619799
247678,43878.016,15497.325112435761
247679,43878.016,14682.504907144603
247680,43878.016,55981.70881287878
247681,43878.016,19167.915671611292
247682,43878.016,67293.9850084883
247683,43878.016,43770.906865831865
247684,43878.016,34715.89098467542
247685,43878.016,22493.70258160756
247686,43878.016,57718.782519992455
247687,43878.016,38215.559309196884
247688,43878.016,41582.95278204813
247689,43878.016,37798.27977510718
247690,43878.016,28962.404926510062
247691,43878.016,40003.63861319564
247692,43878.016,15126.740154699342
247693,43878.016,12738.00484472513
247694,43878.016,9326.16912693072
247695,43878.016,12096.367819149353
247696,43878.016,18966.917334373058
247697,43878.016,51130.78457844996
247698,43878.016,31878.766738640938
247699,43878.016,36933.828251288054
247700,43878.016,17495.52411492364
247701,43878.016,16598.475869593203
247702,43878.016,12754.956156775215
247703,43878.016,52487.25245118601
247704,43878.016,35121.95081679051
247705,43878.016,31980.440775588842
247706,43878.016,25787.925976725932
247707,43878.016,50957.36204176386
247708,43878.016,29867.6764976314
247709,43878.016,30573.891289035717
247710,43878.016,41324.122256490635
247711,43878.016,32890.85142635514
247712,43878.016,78030.72410625621
247713,43878.016,10690.596791281268
247714,43878.016,18355.13234264208
247715,43878.016,7593.745846838645
247716,43878.016,40514.98334805586
247717,43878.016,20803.275602959693
247718,43878.016,25251.188662776964
247719,43878.016,11170.951071543092
247720,43878.016,53012.55214484899
247721,43878.016,23130.79623262134
247722,43878.016,40511.48848398466
247723,43878.016,58510.79702107021
247724,43878.016,17170.607463064847
247725,43878.016,35537.318105022445
247726,43878.016,29511.093916808495
247727,43878.016,40333.52728351769
247728,43878.016,52615.1436806334
247729,43878.016,26417.893133201625
247730,43878.016,8377.108233906964
247731,43878.016,9087.718025374019
247732,43878.016,76051.52816509888
247733,43878.016,21834.6969022974
247734,43878.016,25843.652015397627
247735,43878.016,105105.64263914668
247736,43878.016,34129.59472741493
247737,43878.016,34060.51913780675
247738,43878.016,59167.406177457044
247739,43878.016,25317.99342027155
247740,43878.016,23205.926559797987
247741,43878.016,16320.310343000414
247742,43878.016,59036.31512455807
247743,43878.016,40956.47865052062
247744,43878.016,53890.286291253
247745,43878.016,20199.843869253207
247746,43878.016,29090.987248310186
247747,43878.016,41159.149104618016
247748,43878.016,55405.70953948991
247749,43878.016,18279.947633546653
247750,43878.016,38540.42509266532
247751,43878.016,35420.07256423025
247752,43878.016,45461.41378555536
247753,43878.016,50289.913204299264
247754,43878.016,45372.64073620323
247755,43878.016,15549.716037529497
247756,43878.016,24731.36963104122
247757,43878.016,44940.62931484973
247758,43878.016,19592.00207513686
247759,43878.016,55601.78853878385
247760,43878.016,34840.90135553154
247761,43878.016,58038.533575510846
247762,43878.016,7779.709229448039
247763,43878.016,35143.623875235884
247764,43878.016,22996.623311246014
247765,43878.016,24557.876362270636
247766,43878.016,35565.8186342648
247767,43878.016,15629.938913443155
247768,43878.016,11298.76853535289
247769,43878.016,56147.090296321985
247770,43878.016,37903.99098731694
247771,43878.016,10843.472528617838
247772,43878.016,62594.98690779672
247773,43878.016,15814.77633673943
247774,43878.016,7640.234902961302
247775,43878.016,44149.68356384204
247776,43878.016,11163.078643785408
247777,43878.016,11721.840230407799
247778,43878.016,57651.549051394926
247779,43878.016,16878.04577328218
247780,43878.016,49555.08551566687
247781,43878.016,48446.45226220283
247782,43878.016,12664.099118977992
247783,43878.016,14600.82699295235
247784,43878.016,50757.27569166242
247785,43878.016,60044.7802523301
247786,43878.016,6815.569004501118
247787,43878.016,25898.93021970369
247788,43878.016,41916.67329741675
247789,43878.016,45664.18077153208
247790,43878.016,62923.330742282036
247791,43878.016,12316.693030512304
247792,43878.016,50025.23942744488
247793,43878.016,38044.84224557422
247794,43878.016,31897.381161036035
247795,43878.016,26863.05246944872
247796,43878.016,36535.76692191201
247797,43878.016,10451.765602477555
247798,43878.016,60690.05017679721
247799,43878.016,41775.97706360723
247800,43878.016,34833.18935832741
247801,43878.016,31333.575952394724
247802,43878.016,14309.982756768859
247803,43878.016,19929.533237057967
247804,43878.016,22729.484483618562
247805,43878.016,12403.373263052385
247806,43878.016,47154.29856653918
247807,43878.016,36994.94313573679
247808,43878.016,39561.53369448211
247809,43878.016,58134.31428757812
247810,43878.016,50816.565935417464
247811,43878.016,23825.814445150878
247812,43878.016,35293.26392229382
247813,43878.016,37461.506047290604
247814,43878.016,17303.21654905684
247815,43878.016,14126.704843077354
247816,43878.016,30227.983388756384
247817,43878.016,8605.870358686023
247818,43878.016,78261.57643405182
247819,43878.016,28028.60199247969
247820,43878.016,16693.50277915553
247821,43878.016,46104.78018372515
247822,43878.016,17280.382170809527
247823,43878.016,15821.131025423592
247824,43878.016,48674.85182184507
247825,43878.016,16104.387509582424
247826,43878.016,44383.51434575494
247827,43878.016,29039.70354438479
247828,43878.016,36472.632639596835
247829,43878.016,12418.350602251783
247830,43878.016,45243.90139559611
247831,43878.016,53430.54595614583
247832,43878.016,6033.103119693056
247833,43878.016,12258.304387088952
247834,43878.016,41954.74914298109
247835,43878.016,21273.647393810963
247836,43878.016,45689.619950556145
247837,43878.016,64966.640845833754
247838,43878.016,16703.59535378738
247839,43878.016,53710.24587123035
247840,43878.016,73111.81091687529
247841,43878.016,38189.826715372306
247842,43878.016,18015.376270442324
247843,43878.016,29319.073875558654
247844,43878.016,15359.552273053203
247845,43878.016,17025.010365467162
247846,43878.016,48595.243407241345
247847,43878.016,54018.1289572143
247848,43878.016,43546.201781247175
247849,43878.016,32942.65947857313
247850,43878.016,19523.281369006163
247851,43878.016,23627.087637316774
247852,43878.016,29891.019960279173
247853,43878.016,49646.631868520286
247854,43878.016,13768.195782749062
247855,43878.016,46607.60168697517
247856,43878.016,13676.32487834842
247857,43878.016,62906.635151354014
247858,43878.016,16882.443528030013
247859,43878.016,52438.88043669458
247860,43878.016,52801.57165510879
247861,43878.016,31742.940338767126
247862,43878.016,7325.004875208446
247863,43878.016,43214.739168878645
247864,43878.016,77094.49883046251
247865,43878.016,11010.474096284719
247866,43878.016,24363.89738482249
247867,43878.016,7553.538904434242
247868,43878.016,11296.3158728301
247869,43878.016,48810.65505189747
247870,43878.016,43667.94448789356
247871,43878.016,24887.783350334143
247872,43878.016,19759.316384911643
247873,43878.016,15149.005716475967
247874,43878.016,23623.94155247486
247875,43878.016,49368.26100183788
247876,43878.016,57400.305224535085
247877,43878.016,50944.88942776561
247878,43878.016,74048.7233245102
247879,43878.016,25216.769183871504
247880,43878.016,7769.510607404163
247881,43878.016,99046.7221964314
247882,43878.016,24885.655117263286
247883,43878.016,27109.986253600946
247884,43878.016,7002.1150798146355
247885,43878.016,61857.73369191346
247886,43878.016,11314.28085625575
247887,43878.016,116590.29713026124
247888,43878.016,10019.860563470707
247889,43878.016,57804.08968904681
247890,43878.016,57746.55954664496
247891,43878.016,44528.323952319704
247892,43878.016,43563.822897569335
247893,43878.016,6553.464008817464
247894,43878.016,38572.574952392846
247895,43878.016,32746.437701729494
247896,43878.016,39080.308426955606
247897,43878.016,64405.05801093034
247898,43878.016,26207.813117421098
247899,43878.016,31457.131820131737
247900,43878.016,16283.333604751337
247901,43878.016,10218.455266877058
247902,43878.016,42151.309822320894
247903,43878.016,29357.218334280024
247904,43878.016,13130.297212020725
247905,43878.016,61056.80542450328
247906,43878.016,28759.912855941384
247907,43878.016,24901.681307967487
247908,43878.016,51094.34115962904
247909,43878.016,11888.193887945657
247910,43878.016,15463.057254270348
247911,43878.016,37350.72169798105
247912,43878.016,18765.406361015113
247913,43878.016,13304.431298290101
247914,43878.016,4297.698188867122
247915,43878.016,29644.648782276166
247916,43878.016,13104.203033778906
247917,43878.016,23368.831721500872
247918,43878.016,19159.266250445446
247919,43878.016,55104.82384619541
247920,43878.016,16376.403679758481
247921,43878.016,47825.83549855351
247922,43878.016,43792.68256278952
247923,43878.016,10732.134311872669
247924,43878.016,74664.8600970573
247925,43878.016,55661.311293245795
247926,43878.016,50045.3708269737
247927,43878.016,21008.516045131128
247928,43878.016,36133.17753448256
247929,43878.016,62430.069574422596
247930,43878.016,66438.96195233965
247931,43878.016,50902.49091845455
247932,43878.016,49420.8023063753
247933,43878.016,45826.37643006461
247934,43878.016,75329.23293308064
247935,43878.016,56200.33529724184
247936,43878.016,5598.450980871504
247937,43878.016,61044.529026373704
247938,43878.016,49117.86985011837
247939,43878.016,24321.607773744658
247940,43878.016,25540.426426780276
247941,43878.016,33558.34446071983
247942,43878.016,45707.496745695345
247943,43878.016,26028.7627594503
247944,43878.016,43906.50977312569
247945,43878.016,11063.649596169607
247946,43878.016,33734.484139525615
247947,43878.016,33508.92644285357
247948,43878.016,48136.06573067523
247949,43878.016,28765.329806341168
247950,43878.016,58597.86112871143
247951,43878.016,17206.52874128236
247952,43878.016,33289.20043542443
247953,43878.016,10416.666350769992
247954,43878.016,40799.81214891109
247955,43878.016,51050.39088475757
247956,43878.016,37977.587015548364
247957,43878.016,20697.07017409898
247958,43878.016,24472.065843914203
247959,43878.016,48620.21571107901
247960,43878.016,64153.906877076486
247961,43878.016,28926.65482911431
247962,43878.016,7267.562042064135
247963,43878.016,31275.311817845024
247964,43878.016,21813.884437660014
247965,43878.016,22396.615901232923
247966,43878.016,24262.130396040156
247967,43878.016,44142.353205209685
247968,43878.016,8191.554225926735
247969,43878.016,17488.263017774912
247970,43878.016,13553.741601222724
247971,43878.016,23138.71816938708
247972,43878.016,7615.45560061492
247973,43878.016,21571.386472869934
247974,43878.016,26261.219637336995
247975,43878.016,57591.84113007531
247976,43878.016,37475.87952899088
247977,43878.016,31817.29496579144
247978,43878.016,54867.9231688522
247979,43878.016,8806.126395803622
247980,43878.016,25278.033393894988
247981,43878.016,12085.518852694526
247982,43878.016,10910.285636446728
247983,43878.016,18109.03729114711
247984,43878.016,22288.577755592476
247985,43878.016,32645.442309596798
247986,43878.016,25212.023510544583
247987,43878.016,32984.9966608598
247988,43878.016,41310.070700326796
247989,43878.016,67344.8619260904
247990,43878.016,37682.57388062027
247991,43878.016,21972.936329180382
247992,43878.016,42491.16792074681
247993,43878.016,9091.886248376191
247994,43878.016,98243.12309144471
247995,43878.016,11729.330463618217
247996,43878.016,27032.003236212207
247997,43878.016,7334.920842557821
247998,43878.016,8353.672174232612
247999,43878.016,17039.595449249362
248000,43878.016,45984.23428758785
248001,43878.016,55827.92434259841
248002,43878.016,54943.822442264944
248003,43878.016,47393.4209018542
248004,43878.016,36355.90080694705
248005,43878.016,32385.93785476325
248006,43878.016,26032.01974518822
248007,43878.016,21345.647519120255
248008,43878.016,10503.608236302945
248009,43878.016,41807.07120232955
248010,43878.016,53551.493856053625
248011,43878.016,56352.86675375504
248012,43878.016,30054.276165190062
248013,43878.016,31764.169095952115
248014,43878.016,21381.935832881263
248015,43878.016,9958.555188654569
248016,43878.016,30194.00911950786
248017,43878.016,15237.995810941235
248018,43878.016,65550.18447693576
248019,43878.016,30913.58282136313
248020,43878.016,50927.490667676444
248021,43878.016,37032.15365567636
248022,43878.016,43728.30621905097
248023,43878.016,64341.25978262656
248024,43878.016,37099.93932043778
248025,43878.016,32566.966124723058
248026,43878.016,11037.35198266271
248027,43878.016,13919.055125903431
248028,43878.016,33149.83364623252
248029,43878.016,63494.65836429801
248030,43878.016,34424.665308605625
248031,43878.016,26892.942910465248
248032,43878.016,50763.564568449976
248033,43878.016,17125.78287910235
248034,43878.016,15259.853812507783
248035,43878.016,19273.938233397494
248036,43878.016,50637.736941969044
248037,43878.016,51486.00060217317
248038,43878.016,48996.92435249093
248039,43878.016,4597.998812372295
248040,43878.016,27277.96336838685
248041,43878.016,11662.061119932529
248042,43878.016,47543.282637985656
248043,43878.016,39310.18968030731
248044,43878.016,41235.86230072949
248045,43878.016,57525.94558180179
248046,43878.016,52064.56136304319
248047,43878.016,18004.981070274633
248048,43878.016,15554.713769979593
248049,43878.016,20748.099028186673
248050,43878.016,82570.32532687514
248051,43878.016,37923.86907397647
248052,43878.016,26041.918139574384
248053,43878.016,40689.00892982418
248054,43878.016,53907.48551390261
248055,43878.016,55371.814148730366
248056,43878.016,24846.01697714755
248057,43878.016,48267.781286839825
248058,43878.016,37567.17897708876
248059,43878.016,21119.09324467664
248060,43878.016,55045.045943330675
248061,43878.016,24635.576505444682
248062,43878.016,8951.31569310184
248063,43878.016,75251.70521214926
248064,43878.016,14013.661251157055
248065,43878.016,36767.87697227362
248066,43878.016,35856.418293381874
248067,43878.016,57669.125366389766
248068,43878.016,20242.87510634232
248069,43878.016,49476.579374055
248070,43878.016,27918.705016587905
248071,43878.016,60177.16521399269
248072,43878.016,44510.83446891733
248073,43878.016,33229.15131842071
248074,43878.016,43536.82674688679
248075,43878.016,36113.328007949574
248076,43878.016,26179.011493901413
248077,43878.016,50825.95774423594
248078,43878.016,10541.378869351816
248079,43878.016,30737.426413164932
248080,43878.016,27586.33001977205
248081,43878.016,23052.632796080856
248082,43878.016,10415.054737017013
248083,43878.016,55177.40315169244
248084,43878.016,16018.667611847242
248085,43878.016,30516.440387396487
248086,43878.016,21617.017856193448
248087,43878.016,5432.268939531696
248088,43878.016,14502.186407570613
248089,43878.016,75735.71338614593
248090,43878.016,29320.557084520555
248091,43878.016,26628.74867352648
248092,43878.016,62109.92631138658
248093,43878.016,8144.451165338705
248094,43878.016,19613.602811574227
248095,43878.016,21977.2437783274
248096,43878.016,13082.218647508893
248097,43878.016,22523.336570936677
248098,43878.016,46443.19018905459
248099,43878.016,30989.56590195655
248100,43878.016,12731.46372874274
248101,43878.016,42017.49051063183
248102,43878.016,10474.39125145668
248103,43878.016,89707.56703409081
248104,43878.016,8082.665753678922
248105,43878.016,51988.86303070658
248106,43878.016,17693.438345377417
248107,43878.016,17662.077499739065
248108,43878.016,26412.504351121665
248109,43878.016,18596.404601807728
248110,43878.016,26376.040696625303
248111,43878.016,31223.1853603046
248112,43878.016,59026.72302087176
248113,43878.016,34786.3798584164
248114,43878.016,17096.056984355066
248115,43878.016,11949.88569088757
248116,43878.016,13300.236823217518
248117,43878.016,36789.651563914085
248118,43878.016,31371.37241228616
248119,43878.016,42646.71003889096
248120,43878.016,36967.50563425092
248121,43878.016,32020.232243904382
248122,43878.016,9468.9389684313
248123,43878.016,81444.4730835637
248124,43878.016,22141.721433473536
248125,43878.016,36587.07410952076
248126,43878.016,69693.21612562326
248127,43878.016,13094.986869024802
248128,43878.016,42460.996729549945
248129,43878.016,43962.30470816139
248130,43878.016,49379.82632408996
248131,43878.016,27723.990062756315
248132,43878.016,32643.513350596826
248133,43878.016,43370.20357018775
248134,43878.016,29941.553924090254
248135,43878.016,43781.33422630541
248136,43878.016,41152.176645535685
248137,43878.016,34004.03432166584
248138,43878.016,15607.872730579838
248139,43878.016,49329.60782246194
248140,43878.016,36018.26527162077
248141,43878.016,29042.959242893707
248142,43878.016,22199.474824198882
248143,43878.016,11602.032235912508
248144,43878.016,15799.112447947688
248145,43878.016,31771.103717263966
248146,43878.016,22632.23842562347
248147,43878.016,23654.402931076846
248148,43878.016,18963.565577160487
248149,43878.016,65032.004309158685
248150,43878.016,30295.515599273338
248151,43878.016,9657.478483562927
248152,43878.016,39404.385607367374
248153,43878.016,60475.501219857346
248154,43878.016,41478.46249368609
248155,43878.016,55107.37420700725
248156,43878.016,15247.918983829675
248157,43878.016,12651.716677236047
248158,43878.016,41640.20432833278
248159,43878.016,54223.32859628544
248160,43878.016,15188.771594779568
248161,43878.016,51939.72979093867
248162,43878.016,42004.155265905196
248163,43878.016,22873.571785790296
248164,43878.016,35815.67373661165
248165,43878.016,44914.22427061017
248166,43878.016,9856.545955382777
248167,43878.016,24183.99739242589
248168,43878.016,26148.10592092357
248169,43878.016,15895.188366198594
248170,43878.016,40006.10905580163
248171,43878.016,10071.481063915182
248172,43878.016,63221.071818257224
248173,43878.016,55737.32256532704
248174,43878.016,45837.04563862221
248175,43878.016,16007.130227651693
248176,43878.016,49898.60230308211
248177,43878.016,42354.982471219235
248178,43878.016,55318.974277174246
248179,43878.016,58856.1921482785
248180,43878.016,15233.388883840373
248181,43878.016,22162.662226477383
248182,43878.016,19137.613723929717
248183,43878.016,49302.59199904384
248184,43878.016,30490.23464338621
248185,43878.016,25261.737832045175
248186,43878.016,61639.913536575674
248187,43878.016,63113.07075316931
248188,43878.016,6400.701651920338
248189,43878.016,66047.50260521026
248190,43878.016,7010.126011764997
248191,43878.016,61891.48075887908
248192,43878.016,22495.519365765285
248193,43878.016,15565.52466954272
248194,43878.016,33066.670002196275
248195,43878.016,65491.3772847853
248196,43878.016,52422.64013045968
248197,43878.016,61250.94179708587
248198,43878.016,72565.09452550317
248199,43878.016,49769.696984077935
248200,43878.016,6455.039017582574
248201,43878.016,52188.764862469485
248202,43878.016,41123.76325812045
248203,43878.016,31783.94098376185
248204,43878.016,11830.527864885562
248205,43878.016,20571.065797079973
248206,43878.016,22365.56342843303
248207,43878.016,51574.14520965166
248208,43878.016,10121.869744676584
248209,43878.016,11278.35288149621
248210,43878.016,51999.9615587122
248211,43878.016,20741.142216642565
248212,43878.016,52828.225006047396
248213,43878.016,23762.159198462698
248214,43878.016,33738.75093781368
248215,43878.016,37467.780097211726
248216,43878.016,23591.639265012338
248217,43878.016,40022.89633873552
248218,43878.016,49930.254384122934
248219,43878.016,17657.80357424608
248220,43878.016,30262.11038214635
248221,43878.016,10224.492721963723
248222,43878.016,49799.7043364693
248223,43878.016,62191.81521670474
248224,43878.016,80505.82153632319
248225,43878.016,22415.451303941507
248226,43878.016,54846.715508976624
248227,43878.016,11625.404938337846
248228,43878.016,47889.96954465847
248229,43878.016,61187.97196808705
248230,43878.016,21444.66348620718
248231,43878.016,33460.154318566274
248232,43878.016,68048.74713828822
248233,43878.016,46041.76092584359
248234,43878.016,33061.729557270075
248235,43878.016,24586.920359144664
248236,43878.016,24033.622267332445
248237,43878.016,81607.22604925034
248238,43878.016,40448.153280263374
248239,43878.016,46656.51825152529
248240,43878.016,12948.608534291598
248241,43878.016,15620.19798106146
248242,43878.016,43178.66650034393
248243,43878.016,11912.193091132112
248244,43878.016,42907.34863039432
248245,43878.016,46312.44876207582
248246,43878.016,52747.80374437256
248247,43878.016,33513.937785077884
248248,43878.016,53635.892795465676
248249,43878.016,13768.091016617404
248250,43878.016,13849.026418448162
248251,43878.016,30492.281617626457
248252,43878.016,22305.292929476305
248253,43878.016,11158.897350513442
248254,43878.016,64302.60165186602
248255,43878.016,116738.88418807085
248256,43878.016,19228.08760000495
248257,43878.016,13664.491847663356
248258,43878.016,19081.041361944037
248259,43878.016,42544.88016307231
248260,43878.016,8592.192541953646
248261,43878.016,43321.95850706112
248262,43878.016,48096.22571740637
248263,43878.016,19496.27805531416
248264,43878.016,7795.77049584204
248265,43878.016,33900.26780080091
248266,43878.016,50478.507685252545
248267,43878.016,44406.292327173265
248268,43878.016,8240.549956925004
248269,43878.016,62955.603052698796
248270,43878.016,61285.20760873849
248271,43878.016,48512.66363885621
248272,43878.016,30320.812139539907
248273,43878.016,26845.040839679612
248274,43878.016,18876.77612953364
248275,43878.016,18463.57873317069
248276,43878.016,26524.67073176839
248277,43878.016,10928.736643023023
248278,43878.016,18644.727706355723
248279,43878.016,38385.086607061465
248280,43878.016,15884.053841645195
248281,43878.016,59072.468023771165
248282,43878.016,31341.56352649836
248283,43878.016,39941.43899198518
248284,43878.016,64078.33480730457
248285,43878.016,65079.3475965092
248286,43878.016,25353.034682635323
248287,43878.016,14895.77519541698
248288,43878.016,59851.772109786725
248289,43878.016,75542.56414329664
248290,43878.016,11823.714271834178
248291,43878.016,5086.8854127391505
248292,43878.016,73970.85934347937
248293,43878.016,84780.25263765405
248294,43878.016,36753.070742190524
248295,43878.016,56782.924397333576
248296,43878.016,42232.26723814708
248297,43878.016,28651.918246831134
248298,43878.016,14625.373521385985
248299,43878.016,63087.82300262572
248300,43878.016,39472.26441926966
248301,43878.016,52685.26658929973
248302,43878.016,52683.68509318161
248303,43878.016,41087.60138733941
248304,43878.016,37310.78807345093
248305,43878.016,6647.163264325811
248306,43878.016,17447.4656585894
248307,43878.016,32349.62817910714
248308,43878.016,22534.978805024108
248309,43878.016,25346.75175546968
248310,43878.016,50707.27171995631
248311,43878.016,44160.327747142685
248312,43878.016,66626.11332635234
248313,43878.016,23042.051859623156
248314,43878.016,57197.43530480287
248315,43878.016,3712.1504072801376
248316,43878.016,19951.184345612397
248317,43878.016,8149.503035095578
248318,43878.016,30984.721280548663
248319,43878.016,32542.2804933358
248320,43878.016,39429.17758021145
248321,43878.016,15389.133709303413
248322,43878.016,51784.544435159965
248323,43878.016,37756.46688878534
248324,43878.016,31394.864001258815
248325,43878.016,76360.552664901
248326,43878.016,16498.817090903278
248327,43878.016,24743.012345339455
248328,43878.016,67068.31661412265
248329,43878.016,46609.0128266403
248330,43878.016,56390.367775064704
248331,43878.016,40735.20924959262
248332,43878.016,62459.54942012297
248333,43878.016,41823.15901387935
248334,43878.016,26393.361107333974
248335,43878.016,14238.11992226557
248336,43878.016,31653.5495430983
248337,43878.016,15854.197877670793
248338,43878.016,31985.514371536163
248339,43878.016,8895.894819160929
248340,43878.016,9880.219901546567
248341,43878.016,46391.74587820854
248342,43878.016,44451.808056167734
248343,43878.016,66294.07891561421
248344,43878.016,8200.274833623145
248345,43878.016,46458.463638530135
248346,43878.016,5753.082032161695
248347,43878.016,29753.534308785478
248348,43878.016,45039.277087032206
248349,43878.016,35042.63539972215
248350,43878.016,45355.440771851354
248351,43878.016,24423.95523315754
248352,43878.016,40074.9043057666
248353,43878.016,58322.54842626411
248354,43878.016,40135.20171724008
248355,43878.016,41336.6592113685
248356,43878.016,13873.336033676076
248357,43878.016,38631.3845408385
248358,43878.016,24962.509579467827
248359,43878.016,39206.63500349496
248360,43878.016,11033.800080723813
248361,43878.016,10386.520519683843
248362,43878.016,5323.957632233588
248363,43878.016,35442.91830991146
248364,43878.016,11961.93698040008
248365,43878.016,30579.395328799823
248366,43878.016,15461.363789984816
248367,43878.016,33408.30093552903
248368,43878.016,52920.79062681326
248369,43878.016,47416.62880813466
248370,43878.016,7350.554606318117
248371,43878.016,57718.162358468675
248372,43878.016,39057.048354263075
248373,43878.016,26794.448495030803
248374,43878.016,23985.493387705963
248375,43878.016,10693.964379819261
248376,43878.016,29466.638747573466
248377,43878.016,33484.14727636332
248378,43878.016,36917.98666673663
248379,43878.016,20003.436954823665
248380,43878.016,56402.525364798574
248381,43878.016,52613.87150675751
248382,43878.016,47531.68891725368
248383,43878.016,32184.374043420157
248384,43878.016,46981.20941663045
248385,43878.016,12330.076355636575
248386,43878.016,48212.764462107545
248387,43878.016,8324.801216269003
248388,43878.016,70227.51488150988
248389,43878.016,58114.742218671796
248390,43878.016,58110.77278852996
248391,43878.016,10030.444923622696
248392,43878.016,47808.52370130111
248393,43878.016,48139.94252688395
248394,43878.016,54925.88977625355
248395,43878.016,49871.54709486328
248396,43878.016,45471.3466234408
248397,43878.016,34747.79606962918
248398,43878.016,7188.537802927395
248399,43878.016,23351.969269127105
248400,43878.016,58593.43540369987
248401,43878.016,26146.153267523754
248402,43878.016,73834.4066837949
248403,43878.016,13532.901537798989
248404,43878.016,23885.710517668093
248405,43878.016,29698.588106197723
248406,43878.016,7798.076290944044
248407,43878.016,55647.5013450286
248408,43878.016,58814.67628209146
248409,43878.016,19018.37616818176
248410,43878.016,22433.972647792412
248411,43878.016,47301.841312600205
248412,43878.016,19890.74127739304
248413,43878.016,25276.82094198849
248414,43878.016,19320.474317553595
248415,43878.016,38815.85991869485
248416,43878.016,52524.94849855867
248417,43878.016,44596.12626791673
248418,43878.016,27857.623730842275
248419,43878.016,17405.463048424746
248420,43878.016,27490.600918457738
248421,43878.016,31132.159376761505
248422,43878.016,14451.68286770249
248423,43878.016,12004.888163809983
248424,43878.016,34557.1293818246
248425,43878.016,19011.808109502217
248426,43878.016,54195.45448353622
248427,43878.016,45899.692096364895
248428,43878.016,11006.944221160407
248429,43878.016,38996.00403278051
248430,43878.016,60266.76739345198
248431,43878.016,22533.819640513353
248432,43878.016,53288.66149834952
248433,43878.016,36877.46840673833
248434,43878.016,33218.01086766797
248435,43878.016,15755.631880118044
248436,43878.016,21370.746018727794
248437,43878.016,42153.19906926756
248438,43878.016,16529.968123340397
248439,43878.016,5674.64685964499
248440,43878.016,12374.2613339874
248441,43878.016,27777.376895253325
248442,43878.016,55108.25800405752
248443,43878.016,17159.210200024103
248444,43878.016,13519.431521234674
248445,43878.016,11119.333377586505
248446,43878.016,50543.366420668244
248447,43878.016,69225.3253481742
248448,43878.016,40186.80737196688
248449,43878.016,57865.65292528002
248450,43878.016,49411.09495156207
248451,43878.016,48453.5804593331
248452,43878.016,42055.9425036989
248453,43878.016,31303.90454248672
248454,43878.016,38526.97670597721
248455,43878.016,25217.29085496741
248456,43878.016,32618.648698299945
248457,43878.016,59560.05133708996
248458,43878.016,35313.342638485
248459,43878.016,29196.185155043517
248460,43878.016,40385.36736052404
248461,43878.016,12236.114492583576
248462,43878.016,27320.572717894476
248463,43878.016,47010.18104476241
248464,43878.016,37218.96821598244
248465,43878.016,97925.55821783499
248466,43878.016,22691.69387127307
248467,43878.016,31706.06443537156
248468,43878.016,61482.220372126336
248469,43878.016,17612.15584335815
248470,43878.016,6131.022874037477
248471,43878.016,16460.89039013556
248472,43878.016,39301.90103893021
248473,43878.016,35255.71851644325
248474,43878.016,64727.753716282285
248475,43878.016,20158.76629295107
248476,43878.016,45036.51360041889
248477,43878.016,7653.168124781015
248478,43878.016,35149.88389397604
248479,43878.016,26254.478584410506
248480,43878.016,24377.0854943049
248481,43878.016,35810.03384454858
248482,43878.016,38958.27611032619
248483,43878.016,60680.62227342137
248484,43878.016,11229.357363966905
248485,43878.016,63190.801366412226
248486,43878.016,22875.366053191618
248487,43878.016,68751.32616713036
248488,43878.016,42385.44913735906
248489,43878.016,60542.38429183622
248490,43878.016,87816.91238408993
248491,43878.016,46848.630021622346
248492,43878.016,14829.620869609425
248493,43878.016,25055.31914520754
248494,43878.016,22584.458797986124
248495,43878.016,52287.45903214795
248496,43878.016,15209.581086732744
248497,43878.016,5883.485961462403
248498,43878.016,47323.36044426699
248499,43878.016,80310.84225284345
248500,43878.016,21643.714603384753
248501,43878.016,55794.66310329841
248502,43878.016,49236.63968040552
248503,43878.016,27142.19274687128
248504,43878.016,24938.980584342113
248505,43878.016,61304.13242367043
248506,43878.016,42681.566322461666
248507,43878.016,10451.146700070592
248508,43878.016,17050.596741954425
248509,43878.016,20822.788544743744
248510,43878.016,38872.77853671451
248511,43878.016,12549.979267767636
248512,43878.016,13403.055669345997
248513,43878.016,39778.5219771674
248514,43878.016,19491.071367998073
248515,43878.016,6952.02186082138
248516,43878.016,54046.391013624525
248517,43878.016,31429.383211293654
248518,43878.016,11790.874213902316
248519,43878.016,48241.35386609607
248520,43878.016,20953.525384067485
248521,43878.016,16508.536928532354
248522,43878.016,29695.03653238498
248523,43878.016,14321.747268040643
248524,43878.016,29971.141773272007
248525,43878.016,27755.777717629415
248526,43878.016,34083.75283035882
248527,43878.016,70908.42341691253
248528,43878.016,51622.16872592863
248529,43878.016,59037.71947481804
248530,43878.016,52935.39682890086
248531,43878.016,51687.14308219424
248532,43878.016,63929.66210833208
248533,43878.016,46542.95690397634
248534,43878.016,35117.92307983606
248535,43878.016,48684.699336590784
248536,43878.016,25897.14837482869
248537,43878.016,9331.113553440759
248538,43878.016,26348.67706286466
248539,43878.016,21689.492550127463
248540,43878.016,25554.05910786959
248541,43878.016,8471.927377188127
248542,43878.016,45523.433713075414
248543,43878.016,45406.80907766887
248544,43878.016,37494.85455408032
248545,43878.016,18722.985085331948
248546,43878.016,12817.3897632186
248547,43878.016,14051.080001007318
248548,43878.016,53220.41236215123
248549,43878.016,35255.485181714175
248550,43878.016,71102.55415812678
248551,43878.016,27834.166211234126
248552,43878.016,27174.003048528477
248553,43878.016,24044.223768502605
248554,43878.016,59463.80312414312
248555,43878.016,18106.299033365707
248556,43878.016,41698.51290648788
248557,43878.016,63784.935619645454
248558,43878.016,68979.1716593185
248559,43878.016,34435.23365221388
248560,43878.016,8899.743349669738
248561,43878.016,59500.33853809331
248562,43878.016,21865.723075412567
248563,43878.016,22098.21828144691
248564,43878.016,56940.79579877135
248565,43878.016,74411.3759327301
248566,43878.016,16626.860168959345
248567,43878.016,19101.668967492347
248568,43878.016,65712.66256378051
248569,43878.016,24292.93312262101
248570,43878.016,10431.353199194877
248571,43878.016,51893.86054996705
248572,43878.016,25588.510127073754
248573,43878.016,51367.623438045084
248574,43878.016,67273.8166151567
248575,43878.016,39689.13236868726
248576,43878.016,65282.297777870954
248577,43878.016,38222.08913041282
248578,43878.016,39430.87770990582
248579,43878.016,18363.826506485308
248580,43878.016,8318.27882180199
248581,43878.016,50488.39942826387
248582,43878.016,44636.31810880716
248583,43878.016,18283.87253829907
248584,43878.016,43861.23595905499
248585,43878.016,21892.381938227147
248586,43878.016,10700.808928991939
248587,43878.016,56248.97956556649
248588,43878.016,21278.273915997514
248589,43878.016,33121.640735369016
248590,43878.016,47215.231622354906
248591,43878.016,51030.14365446803
248592,43878.016,29415.01192215841
248593,43878.016,30857.055688414035
248594,43878.016,62147.56785779239
248595,43878.016,53714.92268739205
248596,43878.016,64738.05347044652
248597,43878.016,26879.25223642793
248598,43878.016,12658.85306872419
248599,43878.016,47099.23328951829
248600,43878.016,27647.34608477487
248601,43878.016,30747.5330510936
248602,43878.016,19911.122967902716
248603,43878.016,26055.834118843723
248604,43878.016,11970.376209573682
248605,43878.016,38057.9978010544
248606,43878.016,50606.7622336956
248607,43878.016,12941.724073289522
248608,43878.016,62724.112328953415
248609,43878.016,46002.11692618273
248610,43878.016,52766.55423635735
248611,43878.016,36235.20329133006
248612,43878.016,39238.021971493814
248613,43878.016,34723.95971344743
248614,43878.016,68231.45067644399
248615,43878.016,29967.794268286667
248616,43878.016,19374.4151672366
248617,43878.016,64610.73658767117
248618,43878.016,29699.656190789243
248619,43878.016,42344.25911146391
248620,43878.016,33314.96281981385
248621,43878.016,35527.05195180285
248622,43878.016,40787.99587368591
248623,43878.016,43852.63871294956
248624,43878.016,72446.51141747786
248625,43878.016,7589.19506507802
248626,43878.016,49020.16082604361
248627,43878.016,21850.72557367069
248628,43878.016,9666.487740554245
248629,43878.016,12057.62643505172
248630,43878.016,17366.470119468016
248631,43878.016,57876.62303346796
248632,43878.016,79606.76475526758
248633,43878.016,11925.84199464446
248634,43878.016,21690.115991646846
248635,43878.016,42132.95054690986
248636,43878.016,46737.20273243588
248637,43878.016,33617.39940707584
248638,43878.016,36992.55536248385
248639,43878.016,57742.205101405896
248640,43878.016,31516.85693331878
248641,43878.016,8053.705273786404
248642,43878.016,13952.936080379004
248643,43878.016,56427.66989182559
248644,43878.016,17687.143699745757
248645,43878.016,14755.08467368867
248646,43878.016,44872.700262735074
248647,43878.016,17928.620029387992
248648,43878.016,41889.72437636767
248649,43878.016,22865.094383561278
248650,43878.016,31085.368728146197
248651,43878.016,43723.276788582734
248652,43878.016,16197.013005922006
248653,43878.016,29871.997000188854
248654,43878.016,21759.29302894251
248655,43878.016,45746.77589755657
248656,43878.016,42738.472500695294
248657,43878.016,23659.137529662814
248658,43878.016,36308.7009163091
248659,43878.016,13432.140064868838
248660,43878.016,99852.84370387119
248661,43878.016,10091.837600085923
248662,43878.016,67508.26993961273
248663,43878.016,46899.93003102033
248664,43878.016,31057.854214200772
248665,43878.016,11811.56935679847
248666,43878.016,32686.158648662284
248667,43878.016,11835.669514159163
248668,43878.016,40521.28794310598
248669,43878.016,55255.58048364204
248670,43878.016,39459.10310811185
248671,43878.016,46990.71715208766
248672,43878.016,56116.59475595385
248673,43878.016,117029.02800885781
248674,43878.016,35988.603756114935
248675,43878.016,43429.881969898466
248676,43878.016,10759.012083719388
248677,43878.016,19391.787050577954
248678,43878.016,56073.46673794495
248679,43878.016,72491.86986480166
248680,43878.016,69563.70919657113
248681,43878.016,61201.53670759385
248682,43878.016,10517.594927169754
248683,43878.016,19775.59775620868
248684,43878.016,16017.915596312849
248685,43878.016,12161.879567404798
248686,43878.016,69395.51852222145
248687,43878.016,21727.571223886225
248688,43878.016,35747.14644996408
248689,43878.016,49390.233647510504
248690,43878.016,52654.13243653792
248691,43878.016,47574.339531371596
248692,43878.016,13513.709555345042
248693,43878.016,6857.574787908745
248694,43878.016,65086.35077379838
248695,43878.016,18313.104101178586
248696,43878.016,47949.12650029871
248697,43878.016,80514.36056181593
248698,43878.016,55756.5179527197
248699,43878.016,83102.24676992196
248700,43878.016,9688.426435707781
248701,43878.016,50970.636428236096
248702,43878.016,9121.658992041908
248703,43878.016,14025.43969306249
248704,43878.016,37807.02161165397
248705,43878.016,56342.26789631087
248706,43878.016,55101.174953090034
248707,43878.016,48756.41779048602
248708,43878.016,36465.46592012224
248709,43878.016,61461.502133061476
248710,43878.016,42556.312294643096
248711,43878.016,53520.15580594111
248712,43878.016,3824.7085316851912
248713,43878.016,53264.98238598432
248714,43878.016,38141.068571585434
248715,43878.016,49476.28542481438
248716,43878.016,20471.401103608336
248717,43878.016,44907.368335082436
248718,43878.016,48685.08354018013
248719,43878.016,15439.639084210512
248720,43878.016,8645.356190767456
248721,43878.016,52595.68770246268
248722,43878.016,14668.305524872085
248723,43878.016,64147.05977603033
248724,43878.016,44840.530416453534
248725,43878.016,6547.787427132034
248726,43878.016,29375.853372227273
248727,43878.016,30734.86222564325
248728,43878.016,15529.981564119314
248729,43878.016,9851.436335190525
248730,43878.016,39158.53065032221
248731,43878.016,32454.87564788409
248732,43878.016,10283.810926394995
248733,43878.016,10471.4350774377
248734,43878.016,23901.124762522533
248735,43878.016,22171.432421118483
248736,43878.016,15117.406608559952
248737,43878.016,23746.396181401535
248738,43878.016,27620.029679269195
248739,43878.016,65226.192319279646
248740,43878.016,45285.96808035804
248741,43878.016,23582.565452410025
248742,43878.016,47242.75565694599
248743,43878.016,35667.04928162281
248744,43878.016,53580.55107674577
248745,43878.016,12544.177026820651
248746,43878.016,29795.250014206355
248747,43878.016,28353.400636110302
248748,43878.016,13893.861121772245
248749,43878.016,66379.85619520835
248750,43878.016,11298.903513608824
248751,43878.016,8371.383335053775
248752,43878.016,70478.13474482611
248753,43878.016,25294.289101563525
248754,43878.016,27310.420465914816
248755,43878.016,34273.49850072552
248756,43878.016,15329.134564857346
248757,43878.016,44676.357886778766
248758,43878.016,27419.7134656121
248759,43878.016,59105.94131974747
248760,43878.016,26158.87640031979
248761,43878.016,18926.85890278591
248762,43878.016,45537.20172420235
248763,43878.016,38418.3222064794
248764,43878.016,9928.271018925938
248765,43878.016,48802.422793016216
248766,43878.016,17496.01054167336
248767,43878.016,18307.343549299665
248768,43878.016,24757.354970137236
248769,43878.016,20839.521499862418
248770,43878.016,18390.292816174635
248771,43878.016,89717.60551043446
248772,43878.016,61727.07717448039
248773,43878.016,41668.4727862603
248774,43878.016,43830.438789191794
248775,43878.016,69346.00996824849
248776,43878.016,32159.5059541666
248777,43878.016,14619.67179335244
248778,43878.016,23468.0405984104
248779,43878.016,18851.839270501467
248780,43878.016,65411.25013684227
248781,43878.016,43924.91370693909
248782,43878.016,74827.85994311897
248783,43878.016,46529.781830739346
248784,43878.016,27000.911412949466
248785,43878.016,43421.1409334997
248786,43878.016,65353.6544866734
248787,43878.016,58613.893839716126
248788,43878.016,33841.64848269038
248789,43878.016,69368.8714234666
248790,43878.016,11498.048445322916
248791,43878.016,21901.371200442194
248792,43878.016,48400.91273314029
248793,43878.016,48851.77872224982
248794,43878.016,17414.787486190482
248795,43878.016,35488.49560848278
248796,43878.016,25400.40427666107
248797,43878.016,44252.966533149
248798,43878.016,20532.082739446476
248799,43878.016,26362.78441031814
248800,43878.016,14096.816907054586
248801,43878.016,29784.2186361597
248802,43878.016,55650.312895295545
248803,43878.016,33118.07199179681
248804,43878.016,49380.95701599176
248805,43878.016,6898.219842985873
248806,43878.016,32755.84234528597
248807,43878.016,17872.580844503405
248808,43878.016,10916.358916964158
248809,43878.016,13438.837110692604
248810,43878.016,13607.884307404538
248811,43878.016,42569.27808983644
248812,43878.016,39003.02899648972
248813,43878.016,23182.04672000267
248814,43878.016,9169.520755883115
248815,43878.016,30799.29794147535
248816,43878.016,19375.317511094512
248817,43878.016,37002.979693154695
248818,43878.016,53892.76190351614
248819,43878.016,23102.936415662665
248820,43878.016,31166.53388056176
248821,43878.016,60586.8455000511
248822,43878.016,46361.129017525964
248823,43878.016,30278.132216746897
248824,43878.016,12834.956982893664
248825,43878.016,53108.533245849256
248826,43878.016,55311.89066117033
248827,43878.016,43024.02000087084
248828,43878.016,32944.750450874555
248829,43878.016,25622.33925596025
248830,43878.016,50468.75751350801
248831,43878.016,17275.261280825172
248832,43878.016,10718.31185776439
248833,43878.016,38208.090116379826
248834,43878.016,19618.975916490563
248835,43878.016,68974.49017330757
248836,43878.016,37498.1689558972
248837,43878.016,53946.20192788584
248838,43878.016,55231.40419087536
248839,43878.016,44316.77603784063
248840,43878.016,117770.84841943726
248841,43878.016,8935.104446135865
248842,43878.016,22755.655307789453
248843,43878.016,52541.113226115005
248844,43878.016,50931.07305192239
248845,43878.016,13025.514082392565
248846,43878.016,38601.218007330324
248847,43878.016,56404.34385898319
248848,43878.016,10731.766365476418
248849,43878.016,18849.643991049667
248850,43878.016,49908.81158360537
248851,43878.016,13197.299777156066
248852,43878.016,37503.760333074555
248853,43878.016,20402.9174068654
248854,43878.016,42534.13715790891
248855,43878.016,31000.128679844525
248856,43878.016,34856.64765972173
248857,43878.016,42381.00117349106
248858,43878.016,7095.55443907778
248859,43878.016,11967.690954118461
248860,43878.016,22284.950203244698
248861,43878.016,45925.63797688539
248862,43878.016,26212.282086481082
248863,43878.016,31512.04914741351
248864,43878.016,70032.76991244475
248865,43878.016,18859.955850500264
248866,43878.016,26188.37237741718
248867,43878.016,78823.01641418562
248868,43878.016,10039.35429875185
248869,43878.016,34557.94522844679
248870,43878.016,9155.248465176961
248871,43878.016,27583.51284194099
248872,43878.016,33481.663190127954
248873,43878.016,32555.964811569105
248874,43878.016,72436.54391477042
248875,43878.016,36471.56900862704
248876,43878.016,70058.41872742877
248877,43878.016,8192.52469618147
248878,43878.016,34910.678316528654
248879,43878.016,50798.030500787776
248880,43878.016,43647.79372221701
248881,43878.016,32665.881007143358
248882,43878.016,41027.95914556126
248883,43878.016,20112.077850531463
248884,43878.016,30900.859772236523
248885,43878.016,58926.85178538744
248886,43878.016,6316.299407316749
248887,43878.016,40359.38436609637
248888,43878.016,63882.52242629803
248889,43878.016,10735.41028911943
248890,43878.016,19029.58896199712
248891,43878.016,23783.047139336566
248892,43878.016,62879.215819547644
248893,43878.016,32681.05152497728
248894,43878.016,30278.72870507933
248895,43878.016,40222.29116776327
248896,43878.016,12103.929723016672
248897,43878.016,43095.149511586744
248898,43878.016,42658.17934397931
248899,43878.016,29089.615906200514
248900,43878.016,32189.898536387936
248901,43878.016,29678.8277644192
248902,43878.016,58152.74878893082
248903,43878.016,14086.023352974911
248904,43878.016,54128.466230460246
248905,43878.016,65237.02808213334
248906,43878.016,17096.810011950474
248907,43878.016,13664.366904162058
248908,43878.016,61361.10174526988
248909,43878.016,18600.88216653781
248910,43878.016,35773.496559316205
248911,43878.016,54516.762887888675
248912,43878.016,19330.582277847676
248913,43878.016,43330.657008642505
248914,43878.016,37911.41021675253
248915,43878.016,21264.75164606447
248916,43878.016,19068.468925952995
248917,43878.016,49461.83218976822
248918,43878.016,35935.991038287575
248919,43878.016,38953.8304666559
248920,43878.016,44140.84417544965
248921,43878.016,37082.83402112051
248922,43878.016,40174.48904862939
248923,43878.016,10138.584206537964
248924,43878.016,8174.819713376469
248925,43878.016,13368.170120732091
248926,43878.016,11059.804429129968
248927,43878.016,21935.61780735852
248928,43878.016,60973.345525699995
248929,43878.016,53469.91565094875
248930,43878.016,12774.400879696519
248931,43878.016,11111.719215108122
248932,43878.016,53553.21573685093
248933,43878.016,4927.076054901774
248934,43878.016,53197.36519159468
248935,43878.016,49377.72548396532
248936,43878.016,15060.010445999036
248937,43878.016,60453.659186096884
248938,43878.016,19790.606726777227
248939,43878.016,58630.02163664699
248940,43878.016,19625.03320983116
248941,43878.016,51976.84071475155
248942,43878.016,28628.952754736776
248943,43878.016,47850.5693052865
248944,43878.016,33776.97126413743
248945,43878.016,18783.5150346459
248946,43878.016,31759.203761509438
248947,43878.016,81396.85568628566
248948,43878.016,48690.2724703389
248949,43878.016,57928.34707379011
248950,43878.016,65074.73992774121
248951,43878.016,70723.70107067518
248952,43878.016,54508.92258775188
248953,43878.016,60486.71181267405
248954,43878.016,32073.20598788776
248955,43878.016,10077.405495192803
248956,43878.016,44443.038123972394
248957,43878.016,25816.326505685312
248958,43878.016,15748.47414357278
248959,43878.016,37037.45907923361
248960,43878.016,35196.94205439753
248961,43878.016,80126.93340578451
248962,43878.016,74913.01999310747
248963,43878.016,28579.552498065783
248964,43878.016,47058.121839966625
248965,43878.016,38920.259651171815
248966,43878.016,42016.17121578068
248967,43878.016,24075.518745396945
248968,43878.016,37014.4175225879
248969,43878.016,10573.431556234145
248970,43878.016,54993.11863408436
248971,43878.016,26278.53384530754
248972,43878.016,47666.782870361974
248973,43878.016,31401.39497516163
248974,43878.016,58413.757828328715
248975,43878.016,49547.50522542726
248976,43878.016,61707.7245607435
248977,43878.016,12946.704148463337
248978,43878.016,17332.18614825443
248979,43878.016,32831.35926537526
248980,43878.016,21668.983024992922
248981,43878.016,52687.01250518403
248982,43878.016,17351.779056437546
248983,43878.016,15064.882354547695
248984,43878.016,13969.065698140987
248985,43878.016,54956.98054567453
248986,43878.016,39854.4344203965
248987,43878.016,45323.32166217307
248988,43878.016,45441.37384815938
248989,43878.016,11866.024694933229
248990,43878.016,36664.150792946755
248991,43878.016,59775.683709876015
248992,43878.016,13691.862377884689
248993,43878.016,19190.462233877053
248994,43878.016,32952.87373936114
248995,43878.016,5420.462301619645
248996,43878.016,44385.72266651946
248997,43878.016,8207.771326148595
248998,43878.016,56566.56628037139
248999,43878.016,21614.336794799874
249000,43878.016,22474.25522440212
249001,43878.016,44306.4864711574
249002,43878.016,42539.28341978525
249003,43878.016,8838.588704600643
249004,43878.016,28617.292071298787
249005,43878.016,80840.1190028066
249006,43878.016,14144.48112407504
249007,43878.016,10496.54683384993
249008,43878.016,35347.23639075012
249009,43878.016,62492.55030017343
249010,43878.016,15925.230883243443
249011,43878.016,47328.22760521129
249012,43878.016,67689.47432620397
249013,43878.016,66307.74083366526
249014,43878.016,48755.968717923555
249015,43878.016,7409.376456821781
249016,43878.016,59836.88617301076
249017,43878.016,37686.72680569649
249018,43878.016,44096.45408800213
249019,43878.016,66285.76229196107
249020,43878.016,66194.19803910013
249021,43878.016,42314.2791278315
249022,43878.016,38302.74266829261
249023,43878.016,54883.076395178985
249024,43878.016,17306.361531104492
249025,43878.016,19556.115482380323
249026,43878.016,34138.40894673051
249027,43878.016,58910.27125673982
249028,43878.016,50355.92412492082
249029,43878.016,11190.617899709174
249030,43878.016,56749.830898658416
249031,43878.016,31631.990770791028
249032,43878.016,23227.233190648916
249033,43878.016,35703.7207696907
249034,43878.016,51956.08567733558
249035,43878.016,46215.843342224725
249036,43878.016,13147.55399110704
249037,43878.016,20569.62732414038
249038,43878.016,18240.790350085328
249039,43878.016,18010.970481177952
249040,43878.016,11113.890719074363
249041,43878.016,42275.969411298815
249042,43878.016,47917.025637880586
249043,43878.016,24555.36269264269
249044,43878.016,35179.80642307135
249045,43878.016,58542.571420063156
249046,43878.016,38683.16941979907
249047,43878.016,34674.273859743065
249048,43878.016,25141.45933335297
249049,43878.016,57036.0003617813
249050,43878.016,53976.17972334908
249051,43878.016,44614.22070289797
249052,43878.016,13649.23909886463
249053,43878.016,40007.82465830162
249054,43878.016,52359.08021853766
249055,43878.016,45218.9548888615
249056,43878.016,22215.574421456462
249057,43878.016,35144.648486595754
249058,43878.016,26478.588825829698
249059,43878.016,31768.970256879777
249060,43878.016,47877.72623429302
249061,43878.016,29778.916604860115
249062,43878.016,36999.25581291349
249063,43878.016,4451.730306805346
249064,43878.016,23056.96577456913
249065,43878.016,63737.47976720398
249066,43878.016,15720.305032715583
249067,43878.016,24180.27860067844
249068,43878.016,16137.980121433418
249069,43878.016,41228.499067600475
249070,43878.016,46488.940447052075
249071,43878.016,43161.17295011638
249072,43878.016,16067.306539171223
249073,43878.016,56378.981118910626
249074,43878.016,66999.90186188226
249075,43878.016,74760.01734692657
249076,43878.016,49638.38589257935
249077,43878.016,13388.015439705272
249078,43878.016,23781.703911578854
249079,43878.016,11460.918629879488
249080,43878.016,48876.6629407131
249081,43878.016,9665.859547099599
249082,43878.016,19903.25680634197
249083,43878.016,36962.18992021549
249084,43878.016,41597.72246771927
249085,43878.016,66474.6486004956
249086,43878.016,32313.303142256405
249087,43878.016,31329.142897186925
249088,43878.016,15872.734505859707
249089,43878.016,26672.23674546103
249090,43878.016,22638.136355983745
249091,43878.016,9009.285674957251
249092,43878.016,29066.697662013667
249093,43878.016,45660.590769972274
249094,43878.016,6119.786036210222
249095,43878.016,14445.85519076741
249096,43878.016,25941.66133178802
249097,43878.016,43025.83196840595
249098,43878.016,43339.86326266599
249099,43878.016,23026.310126307046
249100,43878.016,39342.77801418803
249101,43878.016,23529.29307839801
249102,43878.016,28701.256479538235
249103,43878.016,44532.81780760804
249104,43878.016,56695.16492057085
249105,43878.016,61110.204192029116
249106,43878.016,62736.501649375
249107,43878.016,48148.31454279249
249108,43878.016,10152.065185850315
249109,43878.016,22495.418621518227
249110,43878.016,34809.65018646793
249111,43878.016,9793.573177249915
249112,43878.016,16919.779483412345
249113,43878.016,48571.56633993945
249114,43878.016,12765.968558068296
249115,43878.016,47871.76361437097
249116,43878.016,44619.713697368556
249117,43878.016,32556.48623468484
249118,43878.016,34048.499999290456
249119,43878.016,68638.04938030489
249120,43878.016,19135.63242561168
249121,43878.016,17983.40522775486
249122,43878.016,75569.84958590315
249123,43878.016,48973.70068148177
249124,43878.016,27833.497672922196
249125,43878.016,13441.801929432306
249126,43878.016,17547.6451889831
249127,43878.016,25342.62559938246
249128,43878.016,25932.843650426803
249129,43878.016,53517.298314552274
249130,43878.016,6960.255214587899
249131,43878.016,40676.45497586189
249132,43878.016,56089.82039209832
249133,43878.016,4942.617336987926
249134,43878.016,23882.327576270607
249135,43878.016,52185.2697605691
249136,43878.016,20671.881757738953
249137,43878.016,13698.322158558132
249138,43878.016,19435.85867807959
249139,43878.016,6500.378784673451
249140,43878.016,74500.92420226391
249141,43878.016,68084.19797764582
249142,43878.016,61035.191820274136
249143,43878.016,21187.89169746993
249144,43878.016,15953.231616182282
249145,43878.016,22630.403765293406
249146,43878.016,74233.42084880787
249147,43878.016,28193.341990311837
249148,43878.016,10085.43481038413
249149,43878.016,27152.38325857118
249150,43878.016,24885.26267737784
249151,43878.016,52802.259762136186
249152,43878.016,12245.496039418284
249153,43878.016,42226.554664934796
249154,43878.016,16131.071223321973
249155,43878.016,65725.05380431603
249156,43878.016,50514.03955713921
249157,43878.016,22971.954510796
249158,43878.016,55841.76763336974
249159,43878.016,59192.9236700803
249160,43878.016,7348.912322070307
249161,43878.016,53716.5455635553
249162,43878.016,22952.547461971335
249163,43878.016,41720.74736363468
249164,43878.016,44116.803689055894
249165,43878.016,57108.26248117492
249166,43878.016,22114.392382533864
249167,43878.016,29858.94843999387
249168,43878.016,53356.03252243435
249169,43878.016,33625.38167187514
249170,43878.016,65462.665012038946
249171,43878.016,64727.46151293751
249172,43878.016,48841.48068431112
249173,43878.016,12360.444817856152
249174,43878.016,47374.249857471405
249175,43878.016,29958.627579903707
249176,43878.016,18085.293540890387
249177,43878.016,13363.115194533948
249178,43878.016,46492.51855290948
249179,43878.016,14703.451132405185
249180,43878.016,52508.56843169893
249181,43878.016,32944.26659134228
249182,43878.016,13414.9324390208
249183,43878.016,35613.14868075731
249184,43878.016,43627.54774863914
249185,43878.016,13769.688131735213
249186,43878.016,19982.33842047286
249187,43878.016,47184.3274214785
249188,43878.016,45444.58353350333
249189,43878.016,51066.21125311973
249190,43878.016,60201.25434566205
249191,43878.016,69596.46640114136
249192,43878.016,11172.928512294286
249193,43878.016,36697.5478141086
249194,43878.016,9141.723660719064
249195,43878.016,48464.47121137805
249196,43878.016,37648.53391740391
249197,43878.016,28678.951500066767
249198,43878.016,67205.10163448688
249199,43878.016,52189.117684693956
249200,43878.016,71998.9073677239
249201,43878.016,50150.50808066801
249202,43878.016,38178.552888040416
249203,43878.016,29022.376049329425
249204,43878.016,31687.651714135915
249205,43878.016,27566.13710084687
249206,43878.016,22615.803680072786
249207,43878.016,19838.893751939908
249208,43878.016,48339.0678919622
249209,43878.016,17669.706752563394
249210,43878.016,33899.608398993914
249211,43878.016,23995.201024320497
249212,43878.016,13477.839602556965
249213,43878.016,61645.19593689724
249214,43878.016,26717.155141269413
249215,43878.016,31965.445498608737
249216,43878.016,65937.73389026581
249217,43878.016,73784.86691503161
249218,43878.016,49901.20976821336
249219,43878.016,18819.852581733478
249220,43878.016,38894.2711131643
249221,43878.016,19809.499823047612
249222,43878.016,22813.623503099232
249223,43878.016,55038.064609081
249224,43878.016,38018.956210811346
249225,43878.016,56304.10544081028
249226,43878.016,28225.59310070654
249227,43878.016,12557.218928816832
249228,43878.016,12063.432782183847
249229,43878.016,23447.886426501766
249230,43878.016,39027.38626483612
249231,43878.016,14497.236987659873
249232,43878.016,10725.151731027372
249233,43878.016,5939.9084029604865
249234,43878.016,51163.784657302785
249235,43878.016,20502.46486017393
249236,43878.016,13039.615592979368
249237,43878.016,19611.870962746292
249238,43878.016,26232.330003171628
249239,43878.016,28211.96961646954
249240,43878.016,14523.74165625137
249241,43878.016,19705.483840890513
249242,43878.016,32442.545424826178
249243,43878.016,55277.76378573344
249244,43878.016,47236.145212934796
249245,43878.016,39128.23736456422
249246,43878.016,23913.933869385033
249247,43878.016,21936.83053033451
249248,43878.016,32873.948414919505
249249,43878.016,66716.51175589496
249250,43878.016,35718.17283575201
249251,43878.016,33731.14987732026
249252,43878.016,56752.444429156254
249253,43878.016,22597.13384243771
249254,43878.016,56564.83332837894
249255,43878.016,43641.17191287575
249256,43878.016,31624.772838175588
249257,43878.016,26768.145875741666
249258,43878.016,19240.00204290215
249259,43878.016,37674.04894305706
249260,43878.016,4479.154301385091
249261,43878.016,32154.618643715654
249262,43878.016,50415.893336545996
249263,43878.016,38997.6578488126
249264,43878.016,30005.444351590435
249265,43878.016,27698.97412862965
249266,43878.016,9898.355773448295
249267,43878.016,18021.767609601957
249268,43878.016,34277.58483501708
249269,43878.016,50670.79177237058
249270,43878.016,30249.46997641775
249271,43878.016,76211.14546689279
249272,43878.016,44701.99907398766
249273,43878.016,20462.310469409265
249274,43878.016,11984.143542504253
249275,43878.016,44665.39474453533
249276,43878.016,40661.263276706806
249277,43878.016,10086.128873437321
249278,43878.016,17388.430506890483
249279,43878.016,45607.809164005215
249280,43878.016,18704.515195387736
249281,43878.016,53121.368137593265
249282,43878.016,24385.442582496595
249283,43878.016,25865.308248067864
249284,43878.016,27083.207490854802
249285,43878.016,14933.38641959274
249286,43878.016,29037.91059278499
249287,43878.016,28902.531593182757
249288,43878.016,11636.22575713727
249289,43878.016,14274.408238099186
249290,43878.016,75124.56468352287
249291,43878.016,36110.5218238856
249292,43878.016,13589.195249079312
249293,43878.016,36334.48780845322
249294,43878.016,68648.10077513658
249295,43878.016,16520.358962718856
249296,43878.016,54154.34340136903
249297,43878.016,29760.93041144093
249298,43878.016,10697.982167202885
249299,43878.016,16550.582461870585
249300,43878.016,64838.129928481554
249301,43878.016,34204.23888101483
249302,43878.016,12144.192100698021
249303,43878.016,15173.47621333346
249304,43878.016,41401.132508182905
249305,43878.016,25014.701648748323
249306,43878.016,30791.686185852115
249307,43878.016,56135.09290079976
249308,43878.016,50506.93703300044
249309,43878.016,66328.50280801299
249310,43878.016,23396.841633614218
249311,43878.016,17276.1274342419
249312,43878.016,52916.14722640421
249313,43878.016,43577.728435717945
249314,43878.016,19099.857812081733
249315,43878.016,60334.52181802082
249316,43878.016,38506.721245825596
249317,43878.016,66939.90041528532
249318,43878.016,45628.32939712373
249319,43878.016,58084.24551444918
249320,43878.016,56212.90638866268
249321,43878.016,33055.89480718192
249322,43878.016,20472.156829467185
249323,43878.016,20081.716429082295
249324,43878.016,7401.766674029347
249325,43878.016,36455.72648246847
249326,43878.016,9228.705378714121
249327,43878.016,27469.20495383858
249328,43878.016,16382.000583927935
249329,43878.016,23764.976333697272
249330,43878.016,64693.40682616857
249331,43878.016,67011.26695688898
249332,43878.016,32672.452216058988
249333,43878.016,15340.358655979284
249334,43878.016,27271.45880620465
249335,43878.016,26108.32538321038
249336,43878.016,77682.60079984668
249337,43878.016,28184.125032986525
249338,43878.016,31900.214765293505
249339,43878.016,37815.35129045166
249340,43878.016,47475.90314479758
249341,43878.016,15533.225169073838
249342,43878.016,35549.5475636865
249343,43878.016,9499.617202691974
249344,43878.016,64500.27935138026
249345,43878.016,15278.736163963513
249346,43878.016,50775.3846677381
249347,43878.016,47999.493754578456
249348,43878.016,41793.10875839105
249349,43878.016,18712.607393056358
249350,43878.016,28854.806583206457
249351,43878.016,20174.797068831955
249352,43878.016,52870.903245082794
249353,43878.016,31842.965647263532
249354,43878.016,17526.201176754003
249355,43878.016,58958.25242260332
249356,43878.016,31574.148153851835
249357,43878.016,30146.841543224255
249358,43878.016,32035.085713600918
249359,43878.016,60139.133703599364
249360,43878.016,10360.1905449921
249361,43878.016,57344.859710814744
249362,43878.016,19340.61571420072
249363,43878.016,32228.407350932088
249364,43878.016,25069.170412768814
249365,43878.016,48858.339932392744
249366,43878.016,31250.18683287473
249367,43878.016,50824.33546994344
249368,43878.016,10849.456725272463
249369,43878.016,22445.116317181935
249370,43878.016,37219.63829822972
249371,43878.016,64627.95683331957
249372,43878.016,22641.264971474244
249373,43878.016,12628.896790896244
249374,43878.016,33994.15119984643
249375,43878.016,41935.00394929828
249376,43878.016,32372.47523126233
249377,43878.016,17218.033700477587
249378,43878.016,27719.276445203086
249379,43878.016,32061.733557433177
249380,43878.016,20940.959249335057
249381,43878.016,17591.03673146451
249382,43878.016,7429.958133972468
249383,43878.016,38755.479829142896
249384,43878.016,39805.11064073744
249385,43878.016,11930.955300462425
249386,43878.016,15390.709127608738
249387,43878.016,34422.41972138143
249388,43878.016,19066.788103139643
249389,43878.016,40642.26098266692
249390,43878.016,4743.797915905938
249391,43878.016,51250.90482054109
249392,43878.016,32307.16837436194
249393,43878.016,64527.89784577365
249394,43878.016,43135.43131013677
249395,43878.016,21899.393765859735
249396,43878.016,20617.511353988182
249397,43878.016,57163.112161752186
249398,43878.016,41909.70310002489
249399,43878.016,27343.48693275327
249400,43878.016,10353.148858621607
249401,43878.016,61911.662105320924
249402,43878.016,6684.933644903735
249403,43878.016,16450.319057246146
249404,43878.016,44620.29046743119
249405,43878.016,54148.314456957094
249406,43878.016,20931.365551405037
249407,43878.016,8835.039357724832
249408,43878.016,47693.4639454248
249409,43878.016,7447.239441579441
249410,43878.016,19490.30343067716
249411,43878.016,28987.043881541147
249412,43878.016,30531.473685497185
249413,43878.016,15190.821631164477
249414,43878.016,37940.8165109211
249415,43878.016,61660.67597879232
249416,43878.016,68512.50487720806
249417,43878.016,24234.391528883752
249418,43878.016,47608.476174837095
249419,43878.016,49404.829460701716
249420,43878.016,52946.71359743361
249421,43878.016,73565.68844502841
249422,43878.016,44190.11958409164
249423,43878.016,74735.94933205421
249424,43878.016,8963.419125569404
249425,43878.016,51010.292906391776
249426,43878.016,17640.948090040503
249427,43878.016,44489.85839967261
249428,43878.016,12895.477274971825
249429,43878.016,21996.789191151012
249430,43878.016,54874.05136873042
249431,43878.016,49719.2602230047
249432,43878.016,57346.972314973646
249433,43878.016,45064.03636327769
249434,43878.016,40926.219193195444
249435,43878.016,25931.90886858536
249436,43878.016,54446.19131580691
249437,43878.016,42718.16896973834
249438,43878.016,19434.285312374846
249439,43878.016,8885.525303755516
249440,43878.016,38831.37458466787
249441,43878.016,61633.03474024614
249442,43878.016,17068.740218168576
249443,43878.016,39389.843471929125
249444,43878.016,46434.160330208215
249445,43878.016,39669.04269290107
249446,43878.016,25753.937286279863
249447,43878.016,4503.219260922728
249448,43878.016,17217.633719131987
249449,43878.016,15802.230611715679
249450,43878.016,46610.29857534234
249451,43878.016,15680.997300749803
249452,43878.016,25998.041839163016
249453,43878.016,41750.039186152586
249454,43878.016,32317.804581582364
249455,43878.016,42347.43211715447
249456,43878.016,52833.29084728592
249457,43878.016,46384.7410083042
249458,43878.016,14122.473115164688
249459,43878.016,57203.207261735624
249460,43878.016,46662.89778496602
249461,43878.016,33911.182922995795
249462,43878.016,33025.598714143685
249463,43878.016,65218.19828095386
249464,43878.016,39750.102188581215
249465,43878.016,44903.77673994636
249466,43878.016,50369.41945086608
249467,43878.016,27370.650800663527
249468,43878.016,34121.56583785345
249469,43878.016,32106.381324133723
249470,43878.016,20659.862760082015
249471,43878.016,6818.540038334543
249472,43878.016,41000.80469709333
249473,43878.016,29602.631413139145
249474,43878.016,45555.08022696356
249475,43878.016,37108.69726363358
249476,43878.016,58869.02432387613
249477,43878.016,43263.80096883165
249478,43878.016,66789.7944722589
249479,43878.016,23561.780098547802
249480,43878.016,25284.21615865986
249481,43878.016,14544.523570423578
249482,43878.016,15899.376669234265
249483,43878.016,29181.98537410807
249484,43878.016,8947.791750073062
249485,43878.016,9459.70527272921
249486,43878.016,28596.493383879668
249487,43878.016,33209.4339739024
249488,43878.016,37164.61694751793
249489,43878.016,29682.606487740337
249490,43878.016,21160.97362938561
249491,43878.016,44550.19804437641
249492,43878.016,21102.066693683973
249493,43878.016,48320.68161972333
249494,43878.016,36125.874086605974
249495,43878.016,26488.773636106922
249496,43878.016,4660.430629007251
249497,43878.016,47245.1892195849
249498,43878.016,17772.59159057868
249499,43878.016,40599.668361873795
249500,43878.016,23447.894118672328
249501,43878.016,64676.25055321789
249502,43878.016,21195.94221300116
249503,43878.016,63368.678523287985
249504,43878.016,73915.67422326705
249505,43878.016,33049.40428642236
249506,43878.016,19492.689724574895
249507,43878.016,52234.373731535125
249508,43878.016,14273.308035167298
249509,43878.016,39023.69648781807
249510,43878.016,49834.117037056174
249511,43878.016,49283.61514598527
249512,43878.016,18289.130287623917
249513,43878.016,51080.69844302687
249514,43878.016,18146.508008035897
249515,43878.016,41099.90351439847
249516,43878.016,21067.4020419994
249517,43878.016,49086.02586143632
249518,43878.016,56710.13106084168
249519,43878.016,18393.376076904442
249520,43878.016,17855.981369790352
249521,43878.016,32058.447420060147
249522,43878.016,80259.39477695104
249523,43878.016,38060.366371670134
249524,43878.016,44263.63261993515
249525,43878.016,25964.151967119156
249526,43878.016,6842.04806244239
249527,43878.016,106523.2793815848
249528,43878.016,33280.64835744369
249529,43878.016,84683.53916486447
249530,43878.016,55063.287061241615
249531,43878.016,29708.9819021192
249532,43878.016,74982.33701770869
249533,43878.016,15990.040188964482
249534,43878.016,8180.240558753949
249535,43878.016,16721.449029630552
249536,43878.016,53389.06761946504
249537,43878.016,29650.26536843223
249538,43878.016,47176.311838883295
249539,43878.016,15798.115424525524
249540,43878.016,25706.096065433285
249541,43878.016,35353.66038956299
249542,43878.016,39609.4893023083
249543,43878.016,28396.85341819754
249544,43878.016,37737.33366414545
249545,43878.016,19990.31061680689
249546,43878.016,21895.632948803035
249547,43878.016,39019.45724357068
249548,43878.016,56790.648984879466
249549,43878.016,16914.028911237256
249550,43878.016,16803.509269013946
249551,43878.016,11096.500647333867
249552,43878.016,10383.893926812598
249553,43878.016,47096.82656536518
249554,43878.016,56797.890865042275
249555,43878.016,30087.255676259814
249556,43878.016,10806.564651039926
249557,43878.016,31546.896963259216
249558,43878.016,41648.46801665634
249559,43878.016,55455.94548776288
249560,43878.016,15145.475309695868
249561,43878.016,22839.40754530441
249562,43878.016,38610.43264536798
249563,43878.016,46988.74018425591
249564,43878.016,34708.995068192395
249565,43878.016,36902.567821088254
249566,43878.016,21513.38761699775
249567,43878.016,18286.272990372545
249568,43878.016,17908.196035666148
249569,43878.016,54216.22054123478
249570,43878.016,28931.1591062931
249571,43878.016,9843.20163034282
249572,43878.016,46671.794221099095
249573,43878.016,35822.19286170502
249574,43878.016,51934.71556257273
249575,43878.016,40398.153205067465
249576,43878.016,41155.446566103645
249577,43878.016,10431.579732870177
249578,43878.016,44769.189965095466
249579,43878.016,40251.33440057573
249580,43878.016,56316.13985644489
249581,43878.016,48038.927017012895
249582,43878.016,12378.491366723405
249583,43878.016,60985.16866191792
249584,43878.016,25436.109367926776
249585,43878.016,13319.9903118322
249586,43878.016,4906.661266037809
249587,43878.016,15474.4975390542
249588,43878.016,9299.890100097824
249589,43878.016,58770.84353018798
249590,43878.016,51297.38216162388
249591,43878.016,17834.126666684377
249592,43878.016,18856.92773394929
249593,43878.016,14063.862229960128
249594,43878.016,41296.081755200044
249595,43878.016,11390.100225022503
249596,43878.016,41924.06183951482
249597,43878.016,97485.20610137282
249598,43878.016,35185.62762989481
249599,43878.016,12708.29199724096
249600,43878.016,13132.604764919812
249601,43878.016,10225.108401420755
249602,43878.016,55555.28598691319
249603,43878.016,45303.00130883329
249604,43878.016,37524.45342383475
249605,43878.016,45131.415795825575
249606,43878.016,43105.681618722476
249607,43878.016,9255.93053670939
249608,43878.016,65080.77756914658
249609,43878.016,56450.38442429001
249610,43878.016,17668.775928368123
249611,43878.016,39424.039936770554
249612,43878.016,52637.52684259964
249613,43878.016,34415.305139004224
249614,43878.016,48404.888948660606
249615,43878.016,68280.5730560325
249616,43878.016,34373.71842785191
249617,43878.016,65259.36327513559
249618,43878.016,74852.62587673259
249619,43878.016,18958.35768862732
249620,43878.016,32314.88474302962
249621,43878.016,24828.84215554053
249622,43878.016,8574.226758802624
249623,43878.016,7684.543488475125
249624,43878.016,33829.087153277185
249625,43878.016,25976.35009955318
249626,43878.016,14884.504299866177
249627,43878.016,16554.71921271974
249628,43878.016,39896.39061608993
249629,43878.016,64728.13917808264
249630,43878.016,16323.05775417872
249631,43878.016,27360.344067105827
249632,43878.016,37249.99768171157
249633,43878.016,35894.16412291331
249634,43878.016,18550.299649367378
249635,43878.016,21231.026454777573
249636,43878.016,56827.082333969855
249637,43878.016,48923.34363991923
249638,43878.016,60993.077630060965
249639,43878.016,49561.99891152901
249640,43878.016,64721.92290782816
249641,43878.016,15438.691169505153
249642,43878.016,14403.540119039188
249643,43878.016,6349.729374235741
249644,43878.016,19056.204460563888
249645,43878.016,24093.61370502965
249646,43878.016,20966.041464764305
249647,43878.016,51941.02908633723
249648,43878.016,19339.852719041934
249649,43878.016,75293.8734247834
249650,43878.016,30994.9234634374
249651,43878.016,14531.719878493472
249652,43878.016,54280.1873878127
249653,43878.016,56490.447176843816
249654,43878.016,62599.99441212687
249655,43878.016,7361.1105119889135
249656,43878.016,14041.463692962165
249657,43878.016,16415.173631099668
249658,43878.016,48845.369847316775
249659,43878.016,6876.641451522579
249660,43878.016,14838.743869478592
249661,43878.016,12360.788232435807
249662,43878.016,65217.06120229959
249663,43878.016,16417.851667146686
249664,43878.016,30625.666386225435
249665,43878.016,65236.35116030691
249666,43878.016,24529.066055906533
249667,43878.016,65619.40242028832
249668,43878.016,49472.42260527816
249669,43878.016,40796.24109397098
249670,43878.016,26461.437283367937
249671,43878.016,52181.89668533223
249672,43878.016,47264.69402144662
249673,43878.016,24423.182751909946
249674,43878.016,14911.545364537842
249675,43878.016,32164.986894806316
249676,43878.016,12685.819126145854
249677,43878.016,59850.9408650896
249678,43878.016,59249.36205475996
249679,43878.016,14829.967949683365
249680,43878.016,41808.701976201315
249681,43878.016,40614.013533321326
249682,43878.016,15543.461182438541
249683,43878.016,11590.559368945273
249684,43878.016,44338.88734595964
249685,43878.016,9346.042256513168
249686,43878.016,44651.4014026045
249687,43878.016,62312.031377205094
249688,43878.016,22549.319898154678
249689,43878.016,22884.2686833955
249690,43878.016,33403.145715693
249691,43878.016,67476.4762653246
249692,43878.016,14597.79904995597
249693,43878.016,74570.00613310492
249694,43878.016,31169.994970046133
249695,43878.016,33634.64349689274
249696,43878.016,15666.740677368525
249697,43878.016,7284.188121093121
249698,43878.016,15783.1931316941
249699,43878.016,27316.72991016275
249700,43878.016,41666.092061794
249701,43878.016,58750.61644396777
249702,43878.016,29153.263159293187
249703,43878.016,51006.83880312052
249704,43878.016,18040.016075132462
249705,43878.016,71235.07896433926
249706,43878.016,26722.51069445726
249707,43878.016,7520.752799801372
249708,43878.016,52965.65528191558
249709,43878.016,35966.042400428494
249710,43878.016,26171.96929837267
249711,43878.016,36593.788291011995
249712,43878.016,44752.431772387565
249713,43878.016,49180.05344002875
249714,43878.016,20367.147881412257
249715,43878.016,16794.5788899793
249716,43878.016,56719.97611722095
249717,43878.016,24232.026026160605
249718,43878.016,33436.352128476574
249719,43878.016,28528.220708496596
249720,43878.016,62068.181324756784
249721,43878.016,13701.77071187018
249722,43878.016,38551.628376615765
249723,43878.016,11360.72525781104
249724,43878.016,27192.758453902923
249725,43878.016,53667.72952015795
249726,43878.016,44978.10855298634
249727,43878.016,61385.83315440203
249728,43878.016,69881.6356354157
249729,43878.016,20816.80664194146
249730,43878.016,30636.177091672944
249731,43878.016,47115.906943802496
249732,43878.016,42126.53582648826
249733,43878.016,20370.76883706204
249734,43878.016,20060.41838932853
249735,43878.016,50002.75992092372
249736,43878.016,40766.43566433069
249737,43878.016,52433.548880548755
249738,43878.016,13691.655764000905
249739,43878.016,50611.07014793747
249740,43878.016,55677.18652319912
249741,43878.016,49327.18729446319
249742,43878.016,69519.59032565414
249743,43878.016,47601.21591826385
249744,43878.016,52040.59360360241
249745,43878.016,32858.445210334874
249746,43878.016,17272.47945271851
249747,43878.016,30496.540408220764
249748,43878.016,92587.54651490008
249749,43878.016,55541.63463491911
249750,43878.016,48221.960320550286
249751,43878.016,40399.31186909814
249752,43878.016,27107.475104614547
249753,43878.016,32713.120709718598
249754,43878.016,61287.21463699716
249755,43878.016,32594.061359832758
249756,43878.016,17808.818628139088
249757,43878.016,42438.38164364344
249758,43878.016,28034.33781031264
249759,43878.016,16073.68420111049
249760,43878.016,34150.28263363543
249761,43878.016,14137.109862076992
249762,43878.016,47363.52461997887
249763,43878.016,70542.04507941744
249764,43878.016,14833.048076152707
249765,43878.016,10307.549673090443
249766,43878.016,28911.438965992667
249767,43878.016,22066.782843152803
249768,43878.016,55837.342581839686
249769,43878.016,78797.50140897748
249770,43878.016,50819.204401247116
249771,43878.016,31572.256489232732
249772,43878.016,14375.553234336008
249773,43878.016,59556.223831202326
249774,43878.016,21622.717992158745
249775,43878.016,25946.564026504133
249776,43878.016,20183.248177406214
249777,43878.016,25100.7743050734
249778,43878.016,61363.372784336636
249779,43878.016,23934.337853929323
249780,43878.016,19466.73440961167
249781,43878.016,32860.20819439852
249782,43878.016,22663.30089500365
249783,43878.016,14871.943684835132
249784,43878.016,17139.388469494064
249785,43878.016,34358.540743941376
249786,43878.016,39479.96960952996
249787,43878.016,9480.094238154723
249788,43878.016,55954.64239084227
249789,43878.016,15150.286898516722
249790,43878.016,43956.67048864439
249791,43878.016,33649.2616668266
249792,43878.016,61338.17509812867
249793,43878.016,17700.032633115054
249794,43878.016,55571.55418537029
249795,43878.016,14751.198882708311
249796,43878.016,77795.97696922174
249797,43878.016,52482.57452216669
249798,43878.016,64661.453138382145
249799,43878.016,58666.6959934144
249800,43878.016,33159.89580250356
249801,43878.016,14120.69301408481
249802,43878.016,13006.576249078737
249803,43878.016,26812.982834032373
249804,43878.016,31638.582929579083
249805,43878.016,27466.916107029705
249806,43878.016,48538.59862766728
249807,43878.016,10863.676061925493
249808,43878.016,44370.34569146178
249809,43878.016,32646.07581145322
249810,43878.016,27423.421201807287
249811,43878.016,25890.33718479275
249812,43878.016,40484.32779276171
249813,43878.016,20419.452918170664
249814,43878.016,40766.11186245783
249815,43878.016,21885.94798244944
249816,43878.016,36761.709503522834
249817,43878.016,64606.19905682257
249818,43878.016,10879.682274635514
249819,43878.016,48807.884560605795
249820,43878.016,34134.83200472818
249821,43878.016,30363.049982520664
249822,43878.016,9628.58356710642
249823,43878.016,13906.211075635783
249824,43878.016,87200.78242172558
249825,43878.016,67806.83616967611
249826,43878.016,43722.82668671228
249827,43878.016,12567.46551393277
249828,43878.016,12760.995990313284
249829,43878.016,31739.838193666183
249830,43878.016,34197.15021769815
249831,43878.016,36237.39842503343
249832,43878.016,50036.76242486792
249833,43878.016,56540.024316298586
249834,43878.016,13984.764807106794
249835,43878.016,16492.37796365841
249836,43878.016,8611.392443163846
249837,43878.016,37845.897520727194
249838,43878.016,45023.10473996767
249839,43878.016,48799.967390993996
249840,43878.016,10886.195031560235
249841,43878.016,14771.898842172319
249842,43878.016,45460.922820018706
249843,43878.016,6676.516995983836
249844,43878.016,23305.94592548277
249845,43878.016,31726.304844759197
249846,43878.016,27963.768240278547
249847,43878.016,62981.81002700082
249848,43878.016,71269.67734080071
249849,43878.016,14291.487849924644
249850,43878.016,77267.76008911364
249851,43878.016,17195.247886271678
249852,43878.016,24513.93619313227
249853,43878.016,14236.52096181239
249854,43878.016,17383.07426725005
249855,43878.016,16864.545391314427
249856,43878.016,22217.78886735952
249857,43878.016,13793.576541429824
249858,43878.016,9853.416595141127
249859,43878.016,13089.499898164515
249860,43878.016,17439.114080049294
249861,43878.016,48238.06345960799
249862,43878.016,42516.32956857023
249863,43878.016,22312.17174936058
249864,43878.016,10172.071376023036
249865,43878.016,29095.051796306318
249866,43878.016,17274.475598098295
249867,43878.016,51871.54594372706
249868,43878.016,22043.957040959744
249869,43878.016,31352.360253322848
249870,43878.016,13516.65094930749
249871,43878.016,45808.30115658616
249872,43878.016,50436.84677651783
249873,43878.016,52933.67968635237
249874,43878.016,47096.64666587342
249875,43878.016,32080.063656409548
249876,43878.016,77171.50379708082
249877,43878.016,62663.23783833668
249878,43878.016,16595.45126205373
249879,43878.016,26460.48861664932
249880,43878.016,27630.794943106943
249881,43878.016,18222.63831659748
249882,43878.016,58462.79089593646
249883,43878.016,58814.49165887822
249884,43878.016,46318.9982531096
249885,43878.016,48248.38336653304
249886,43878.016,32830.62433184958
249887,43878.016,15247.021344242119
249888,43878.016,10975.148075414989
249889,43878.016,10736.721619027145
249890,43878.016,8330.05484794747
249891,43878.016,40826.475932297246
249892,43878.016,33874.31393412947
249893,43878.016,40345.133877101856
249894,43878.016,25547.10937479569
249895,43878.016,38643.57575842547
249896,43878.016,16678.070490127146
249897,43878.016,31992.581830086605
249898,43878.016,26314.84320282984
249899,43878.016,26805.748490389404
249900,43878.016,24204.331499062384
249901,43878.016,62613.11206593467
249902,43878.016,15962.503840981642
249903,43878.016,46309.86408722033
249904,43878.016,12177.895967354876
249905,43878.016,57109.796164982734
249906,43878.016,26090.61421534647
249907,43878.016,44202.06391777552
249908,43878.016,33041.77424821225
249909,43878.016,13153.75116448843
249910,43878.016,48783.884629485234
249911,43878.016,23939.555443386365
249912,43878.016,24249.16243314684
249913,43878.016,12788.160575697244
249914,43878.016,6803.265439762882
249915,43878.016,50819.038452991226
249916,43878.016,12118.73334359889
249917,43878.016,17383.99235686001
249918,43878.016,13553.705118109425
249919,43878.016,25109.60765028517
249920,43878.016,16086.99676874604
249921,43878.016,64051.80999606057
249922,43878.016,47743.29706611735
249923,43878.016,18710.14061992075
249924,43878.016,41733.47807190122
249925,43878.016,10935.489390775101
249926,43878.016,13739.74159262508
249927,43878.016,27673.74992466268
249928,43878.016,27532.58893185504
249929,43878.016,39193.696371624326
249930,43878.016,77319.73095516182
249931,43878.016,21778.025537767113
249932,43878.016,26141.080173599355
249933,43878.016,48491.94579797959
249934,43878.016,13051.078677089263
249935,43878.016,67598.70680937917
249936,43878.016,56099.922535458885
249937,43878.016,25368.899037887728
249938,43878.016,13447.903886948297
249939,43878.016,61442.59741296238
249940,43878.016,15167.830450931906
249941,43878.016,26608.078538653663
249942,43878.016,53118.37171136295
249943,43878.016,71878.1901799446
249944,43878.016,63290.408936572065
249945,43878.016,10962.995049630366
249946,43878.016,31423.9676299034
249947,43878.016,39999.02146345058
249948,43878.016,59335.497754884585
249949,43878.016,47788.82659210616
249950,43878.016,14263.644490375067
249951,43878.016,48059.33192564261
249952,43878.016,33460.60835401293
249953,43878.016,55634.09093456492
249954,43878.016,36461.69204360398
249955,43878.016,27006.56485890818
249956,43878.016,24185.525866658994
249957,43878.016,39629.14181173397
249958,43878.016,47241.97398296399
249959,43878.016,26799.688400941057
249960,43878.016,28511.74691595976
249961,43878.016,23446.91310020047
249962,43878.016,43393.73907338398
249963,43878.016,18814.231390071862
249964,43878.016,20816.50557706842
249965,43878.016,45789.186066186274
249966,43878.016,11737.4625139615
249967,43878.016,48821.37024694965
249968,43878.016,42230.04877219185
249969,43878.016,62050.4892773502
249970,43878.016,78659.37930492479
249971,43878.016,15613.615681680662
249972,43878.016,28363.160584377772
249973,43878.016,26402.327812020336
249974,43878.016,33112.127912368065
249975,43878.016,30406.641592195916
249976,43878.016,30242.961577843926
249977,43878.016,59346.68297641659
249978,43878.016,50042.96949422058
249979,43878.016,16311.290880102237
249980,43878.016,47001.85518375472
249981,43878.016,13329.944123040837
249982,43878.016,16920.37049794958
249983,43878.016,66005.82659090421
249984,43878.016,30709.357346932768
249985,43878.016,65660.1588263148
249986,43878.016,65471.79862533584
249987,43878.016,38313.980165392204
249988,43878.016,27429.382663645596
249989,43878.016,45981.832073329686
249990,43878.016,28938.183506060293
249991,43878.016,54074.874682357746
249992,43878.016,29235.039666234647
249993,43878.016,16406.89321764025
249994,43878.016,81188.80175449612
249995,43878.016,11225.301289549798
249996,43878.016,55944.30613962221
249997,43878.016,18450.130732595095
249998,43878.016,28241.57293903156
249999,43878.016,19885.307274926952
250000,43878.016,28642.166484100046
250001,43878.016,12177.355347820638
250002,43878.016,34197.497163560605
250003,43878.016,60582.14814079503
250004,43878.016,54432.76214844404
250005,43878.016,27010.103154317287
250006,43878.016,35818.572573462836
250007,43878.016,14133.904931011015
250008,43878.016,24001.327728268454
250009,43878.016,23445.129145259245
250010,43878.016,23836.66549858589
250011,43878.016,14862.98211950287
250012,43878.016,65642.7190425915
250013,43878.016,38396.78778051875
250014,43878.016,7644.952198273577
250015,43878.016,18087.02734072865
250016,43878.016,28454.901335109163
250017,43878.016,50835.52289517222
250018,43878.016,13112.484051520707
250019,43878.016,19102.111513518747
250020,43878.016,62665.42931959534
250021,43878.016,19744.566564771947
250022,43878.016,35282.06698708547
250023,43878.016,52868.87484476836
250024,43878.016,32400.87656532293
250025,43878.016,12144.598863751746
250026,43878.016,41974.57479311058
250027,43878.016,16006.72334606848
250028,43878.016,32165.70483631688
250029,43878.016,17582.67368218037
250030,43878.016,54588.2512701679
250031,43878.016,53835.679431253484
250032,43878.016,18005.13087309197
250033,43878.016,44158.65642651998
250034,43878.016,7541.694940476473
250035,43878.016,31314.203192628913
250036,43878.016,9549.608024169964
250037,43878.016,19020.3219994895
250038,43878.016,41245.385715149045
250039,43878.016,51163.41255682518
250040,43878.016,5787.514229053599
250041,43878.016,7922.3242410424955
250042,43878.016,16577.39959322156
250043,43878.016,16277.76824441044
250044,43878.016,26936.727929763874
250045,43878.016,20888.851934975854
250046,43878.016,35460.32976495212
250047,43878.016,53103.29319003913
250048,43878.016,15544.197517365643
250049,43878.016,48274.85466179058
250050,43878.016,48007.75525186916
250051,43878.016,10056.212009336188
250052,43878.016,7832.554796506253
250053,43878.016,42533.24574103896
250054,43878.016,30074.168979685488
250055,43878.016,32201.041741930734
250056,43878.016,22717.653337510565
250057,43878.016,20403.030109636667
250058,43878.016,76353.02787306266
250059,43878.016,14454.462015633902
250060,43878.016,54166.60864429082
250061,43878.016,68108.47421152364
250062,43878.016,49739.92450556301
250063,43878.016,14259.619878563097
250064,43878.016,21925.165593626127
250065,43878.016,35456.08263796337
250066,43878.016,48589.124777822995
250067,43878.016,8374.874191537841
250068,43878.016,30997.68277399376
250069,43878.016,16385.145423824244
250070,43878.016,51061.482759824285
250071,43878.016,27129.771892759636
250072,43878.016,22964.12336614683
250073,43878.016,50835.30730016912
250074,43878.016,8067.957506387978
250075,43878.016,54543.642881261745
250076,43878.016,14906.329849507883
250077,43878.016,57530.03149281645
250078,43878.016,22445.89380758378
250079,43878.016,9537.589687320678
250080,43878.016,32858.42823926017
250081,43878.016,15343.686101848312
250082,43878.016,21076.70412967769
250083,43878.016,30262.18748779847
250084,43878.016,75760.17455595061
250085,43878.016,30564.226150529223
250086,43878.016,28960.92058891584
250087,43878.016,44822.49477517226
250088,43878.016,64978.90772228422
250089,43878.016,58158.9651307474
250090,43878.016,26378.250065858214
250091,43878.016,18523.732742063985
250092,43878.016,31607.127101543418
250093,43878.016,31707.04645746365
250094,43878.016,22094.60543326295
250095,43878.016,49450.72749600893
250096,43878.016,24122.164626391717
250097,43878.016,37737.638342104845
250098,43878.016,65852.28250063186
250099,43878.016,58472.62396092371
250100,43878.016,51244.90459758834
250101,43878.016,60845.29976048732
250102,43878.016,23812.79951837492
250103,43878.016,7876.660711478687
250104,43878.016,49951.81522284867
250105,43878.016,10033.512220734121
250106,43878.016,59448.09900220628
250107,43878.016,43885.85259491734
250108,43878.016,25931.08760805066
250109,43878.016,59166.786567563846
250110,43878.016,46069.72162215933
250111,43878.016,54781.95152413484
250112,43878.016,21842.903433162504
250113,43878.016,34077.82381604597
250114,43878.016,55918.63499857577
250115,43878.016,46340.23417071921
250116,43878.016,4346.334602437459
250117,43878.016,29898.920772948466
250118,43878.016,6142.146770322799
250119,43878.016,56260.583883066676
250120,43878.016,29577.156030218433
250121,43878.016,9260.989042524041
250122,43878.016,13405.24004980744
250123,43878.016,10021.606491347084
250124,43878.016,59472.63741082687
250125,43878.016,42400.49953221445
250126,43878.016,33289.570805373085
250127,43878.016,20129.982523127885
250128,43878.016,23072.864650730175
250129,43878.016,20961.19555245595
250130,43878.016,35481.48802810619
250131,43878.016,42000.59778011446
250132,43878.016,97980.77092179949
250133,43878.016,48275.32231543076
250134,43878.016,68599.23603541558
250135,43878.016,13161.108535746223
250136,43878.016,27935.454803629018
250137,43878.016,56762.643209771355
250138,43878.016,12965.396945421158
250139,43878.016,25047.082526882816
250140,43878.016,14085.883969148106
250141,43878.016,10776.35997844577
250142,43878.016,23500.579960424275
250143,43878.016,48069.52059469418
250144,43878.016,27098.257458289998
250145,43878.016,58189.88138568867
250146,43878.016,12521.17749441473
250147,43878.016,63908.636195233084
250148,43878.016,53441.23738546127
250149,43878.016,9922.415486346938
250150,43878.016,47951.53473723481
250151,43878.016,32762.435719854722
250152,43878.016,10253.131563498497
250153,43878.016,37472.69055204782
250154,43878.016,35075.59393602982
250155,43878.016,58712.53971017303
250156,43878.016,25919.148525221917
250157,43878.016,16082.443152445507
250158,43878.016,38773.477898252684
250159,43878.016,17887.07695006053
250160,43878.016,54566.37660418747
250161,43878.016,39578.67239981647
250162,43878.016,38738.16649391756
250163,43878.016,31965.951518072136
250164,43878.016,53162.16014071741
250165,43878.016,22434.283602581432
250166,43878.016,14499.603510216799
250167,43878.016,37226.42598920553
250168,43878.016,21269.89123689277
250169,43878.016,70204.89126305154
250170,43878.016,8354.706292650071
250171,43878.016,41641.51392712624
250172,43878.016,19558.920839279846
250173,43878.016,5490.221533634248
250174,43878.016,11853.967221525381
250175,43878.016,28698.17894557474
250176,43878.016,70234.66087848345
250177,43878.016,49060.72218660812
250178,43878.016,19935.038942821207
250179,43878.016,65649.4548018433
250180,43878.016,28719.190501057932
250181,43878.016,59755.02190622783
250182,43878.016,59340.03063906341
250183,43878.016,10644.261783147655
250184,43878.016,9636.34955823094
250185,43878.016,15138.534798683382
250186,43878.016,7863.064370315435
250187,43878.016,64124.79636340783
250188,43878.016,32110.558076210575
250189,43878.016,13830.878688288398
250190,43878.016,45643.112337615356
250191,43878.016,13109.960131107367
250192,43878.016,6167.900211588068
250193,43878.016,54968.841671926835
250194,43878.016,12110.181224616137
250195,43878.016,31955.639343272538
250196,43878.016,33442.54115173556
250197,43878.016,19646.19500977418
250198,43878.016,35263.782910776994
250199,43878.016,25213.04310895459
250200,43878.016,23475.256290250243
250201,43878.016,15240.91027392449
250202,43878.016,53313.04757481435
250203,43878.016,33485.60652652608
250204,43878.016,44873.98183456129
250205,43878.016,17382.94383019532
250206,43878.016,33741.60559934119
250207,43878.016,12919.362964749555
250208,43878.016,53951.47340840435
250209,43878.016,49384.325374708555
250210,43878.016,8634.005111475597
250211,43878.016,15903.835178607702
250212,43878.016,38730.654211838475
250213,43878.016,11383.388876824014
250214,43878.016,21531.784316615758
250215,43878.016,8889.267223133253
250216,43878.016,44887.50755216026
250217,43878.016,73283.43551703828
250218,43878.016,28579.327185325514
250219,43878.016,30832.472175700328
250220,43878.016,12976.345494474097
250221,43878.016,53203.264116501065
250222,43878.016,18446.357946812328
250223,43878.016,77313.16486222521
250224,43878.016,27344.04798169864
250225,43878.016,19815.506218813698
250226,43878.016,24978.261519727166
250227,43878.016,27085.30009896025
250228,43878.016,42971.406249070526
250229,43878.016,38143.57462017299
250230,43878.016,32315.212030261882
250231,43878.016,39303.72856780978
250232,43878.016,46700.52395484543
250233,43878.016,57738.989819657225
250234,43878.016,14636.788278184806
250235,43878.016,42711.41604190117
250236,43878.016,49858.077195374586
250237,43878.016,24753.254982377748
250238,43878.016,50675.51672195804
250239,43878.016,33703.407940770245
250240,43878.016,50171.69277302814
250241,43878.016,37579.980165033754
250242,43878.016,53932.401892433256
250243,43878.016,46792.33640610118
250244,43878.016,46979.2360307864
250245,43878.016,81029.20304003691
250246,43878.016,75426.48009244686
250247,43878.016,25194.211087828706
250248,43878.016,29349.31829705746
250249,43878.016,17806.26647367252
250250,43878.016,59605.378644537996
250251,43878.016,12872.25779923234
250252,43878.016,29088.37717316993
250253,43878.016,36231.27914438158
250254,43878.016,25974.08289058345
250255,43878.016,10011.974378584018
250256,43878.016,21047.74043210434
250257,43878.016,66925.65012348103
250258,43878.016,54365.49841345586
250259,43878.016,54891.936085408786
250260,43878.016,83104.94433549252
250261,43878.016,37000.263074911374
250262,43878.016,16550.178272071716
250263,43878.016,67605.97234011028
250264,43878.016,41210.20404912313
250265,43878.016,10706.604157931435
250266,43878.016,43876.22603611055
250267,43878.016,41174.47089760029
250268,43878.016,28153.006301122972
250269,43878.016,69048.46668560004
250270,43878.016,17217.602538192477
250271,43878.016,16509.04289285378
250272,43878.016,27669.975988181708
250273,43878.016,42960.334243850346
250274,43878.016,18114.52889928156
250275,43878.016,46919.49814750874
250276,43878.016,7370.644929525577
250277,43878.016,32738.634597387503
250278,43878.016,61070.27918411514
250279,43878.016,9645.758162074717
250280,43878.016,40046.390999128824
250281,43878.016,31845.534927605775
250282,43878.016,9884.10346041599
250283,43878.016,10774.96060426867
250284,43878.016,22739.81086835799
250285,43878.016,60549.0245607731
250286,43878.016,68060.77642714744
250287,43878.016,27609.166770041822
250288,43878.016,33127.47782877423
250289,43878.016,48109.217481791835
250290,43878.016,35215.530404222845
250291,43878.016,82080.36013371854
250292,43878.016,23567.478580275743
250293,43878.016,23749.171144510456
250294,43878.016,34070.973218283834
250295,43878.016,11163.178447960847
250296,43878.016,12066.28028518402
250297,43878.016,45200.87964139812
250298,43878.016,18095.572295744587
250299,43878.016,44947.19526621442
250300,43878.016,9107.024259847107
250301,43878.016,28074.930682322858
250302,43878.016,50261.08457155597
250303,43878.016,41927.90668382797
250304,43878.016,12635.103120527958
250305,43878.016,16063.464188980573
250306,43878.016,49512.38366496187
250307,43878.016,8532.93236094202
250308,43878.016,55662.57739424159
250309,43878.016,17988.34814877098
250310,43878.016,16839.17907642133
250311,43878.016,52502.97278262786
250312,43878.016,27308.58631869611
250313,43878.016,60296.86328971655
250314,43878.016,10348.865099910436
250315,43878.016,99170.46445594863
250316,43878.016,52423.401130461
250317,43878.016,39540.32633079338
250318,43878.016,20979.413941773815
250319,43878.016,46499.60132029672
250320,43878.016,3517.6255085215967
250321,43878.016,13455.479492424669
250322,43878.016,24566.570058220575
250323,43878.016,37602.809093562006
250324,43878.016,41074.2277012008
250325,43878.016,9458.036445899197
250326,43878.016,27225.445157391514
250327,43878.016,9868.225983123966
250328,43878.016,58283.79989789211
250329,43878.016,35884.23892186524
250330,43878.016,32934.39600579241
250331,43878.016,23528.98329894213
250332,43878.016,50707.372558512805
250333,43878.016,27855.007193456517
250334,43878.016,8342.256875703551
250335,43878.016,20010.45487469072
250336,43878.016,117443.34984232362
250337,43878.016,32094.27705614456
250338,43878.016,30960.64398662853
250339,43878.016,17098.971577262586
250340,43878.016,10200.843481161975
250341,43878.016,27040.866605326835
250342,43878.016,14517.967590573979
250343,43878.016,28510.668140795886
250344,43878.016,58473.77655075523
250345,43878.016,69339.18190661063
250346,43878.016,21422.72918146066
250347,43878.016,28128.56147357844
250348,43878.016,54182.071231214904
250349,43878.016,29119.17722277938
250350,43878.016,30819.326154364804
250351,43878.016,14033.934549940272
250352,43878.016,19195.13386819122
250353,43878.016,26319.73719352449
250354,43878.016,9081.18687788747
250355,43878.016,58603.86166701017
250356,43878.016,32662.57850734398
250357,43878.016,24105.362315372415
250358,43878.016,59588.41260297854
250359,43878.016,46519.41267063176
250360,43878.016,31740.516156048303
250361,43878.016,17262.926246862226
250362,43878.016,17911.574893563473
250363,43878.016,48790.23945217829
250364,43878.016,10522.703233109893
250365,43878.016,74005.0339697432
250366,43878.016,50484.2901297999
250367,43878.016,49054.76675011028
250368,43878.016,7819.540763891597
250369,43878.016,16728.938730336842
250370,43878.016,27328.415046904156
250371,43878.016,69463.11826986968
250372,43878.016,22642.75527488824
250373,43878.016,8524.391012425054
250374,43878.016,57674.000840060915
250375,43878.016,51955.672995044275
250376,43878.016,48682.384287989684
250377,43878.016,26058.19233112158
250378,43878.016,28314.70392935742
250379,43878.016,18827.618242625987
250380,43878.016,23806.229475796135
250381,43878.016,9755.555910637506
250382,43878.016,60884.15561101309
250383,43878.016,27823.04220613721
250384,43878.016,34790.042443829414
250385,43878.016,5357.873085530438
250386,43878.016,16828.236843975857
250387,43878.016,94422.48903093346
250388,43878.016,42354.62022970722
250389,43878.016,58489.58585252172
250390,43878.016,8059.774773631528
250391,43878.016,37603.82950215664
250392,43878.016,20440.787148772455
250393,43878.016,20613.926239057677
250394,43878.016,32580.169485833616
250395,43878.016,8148.809987312777
250396,43878.016,52377.45601473093
250397,43878.016,55533.232716295825
250398,43878.016,34092.707758486795
250399,43878.016,16502.490443958286
250400,43878.016,35051.38556307681
250401,43878.016,13931.386820155152
250402,43878.016,36283.786738989926
250403,43878.016,54143.34280101244
250404,43878.016,31786.630920222622
250405,43878.016,13733.020261231395
250406,43878.016,42907.40511740891
250407,43878.016,38629.40300195986
250408,43878.016,10477.209235492483
250409,43878.016,70006.25079149556
250410,43878.016,22123.808539937094
250411,43878.016,42140.77455711449
250412,43878.016,9929.798030642054
250413,43878.016,10004.021303717713
250414,43878.016,5553.842398213173
250415,43878.016,26365.951109958918
250416,43878.016,40645.18528004746
250417,43878.016,67354.7276496373
250418,43878.016,44464.00088047155
250419,43878.016,13003.741154337993
250420,43878.016,33036.10874017744
250421,43878.016,9318.872031193381
250422,43878.016,11079.139405468195
250423,43878.016,46356.575226863155
250424,43878.016,22758.431966541062
250425,43878.016,60895.466411358604
250426,43878.016,24005.367336004998
250427,43878.016,27995.5750100594
250428,43878.016,73926.39328633985
250429,43878.016,56601.06366372361
250430,43878.016,71332.61163105113
250431,43878.016,90854.93509068353
250432,43878.016,23435.038934129756
250433,43878.016,27319.49028671208
250434,43878.016,54209.42622889985
250435,43878.016,46078.48813495829
250436,43878.016,56505.03394612765
250437,43878.016,21852.47138426225
250438,43878.016,68937.39756092991
250439,43878.016,11581.105479126018
250440,43878.016,19854.547009021335
250441,43878.016,19006.24519004659
250442,43878.016,38454.746573223405
250443,43878.016,50283.17374686858
250444,43878.016,43849.394677654
250445,43878.016,19910.742223371235
250446,43878.016,58040.96166533427
250447,43878.016,21925.77874984159
250448,43878.016,71797.04668180735
250449,43878.016,13830.357998979478
250450,43878.016,58725.240982865194
250451,43878.016,38171.05320725708
250452,43878.016,49054.00685344844
250453,43878.016,18596.35061325469
250454,43878.016,9148.6096285352
250455,43878.016,29105.162586955834
250456,43878.016,57287.035016040914
250457,43878.016,58992.0217216214
250458,43878.016,14411.974880394075
250459,43878.016,31691.710267126306
250460,43878.016,50583.94512874412
250461,43878.016,31802.607628999383
250462,43878.016,69077.29727998553
250463,43878.016,39734.146242303585
250464,43878.016,12851.486220260365
250465,43878.016,53185.00371109327
250466,43878.016,46571.27273366019
250467,43878.016,46224.940134416785
250468,43878.016,21804.605512157428
250469,43878.016,52426.30952886573
250470,43878.016,23019.01670162167
250471,43878.016,45712.2493187481
250472,43878.016,38079.106533217186
250473,43878.016,25345.26527518427
250474,43878.016,51829.649839027414
250475,43878.016,38272.67372326264
250476,43878.016,42967.77044567482
250477,43878.016,47106.525391619034
250478,43878.016,24894.144908702063
250479,43878.016,29235.596232256805
250480,43878.016,6422.362137831142
250481,43878.016,20059.64028092902
250482,43878.016,23838.505144053557
250483,43878.016,11390.098057052046
250484,43878.016,24020.965763940207
250485,43878.016,24996.941183617015
250486,43878.016,60101.00667307385
250487,43878.016,53926.80974746635
250488,43878.016,59820.776335073235
250489,43878.016,53037.65833726792
250490,43878.016,59338.304963400915
250491,43878.016,30497.72315082058
250492,43878.016,7638.688420769673
250493,43878.016,8384.678036912828
250494,43878.016,55793.38049373357
250495,43878.016,46764.94236695466
250496,43878.016,8391.96459545883
250497,43878.016,44969.391804860956
250498,43878.016,54640.2078727348
250499,43878.016,16588.820057332134
250500,43878.016,55691.60810850465
250501,43878.016,9353.834604128187
250502,43878.016,56058.207322636634
250503,43878.016,31234.475606290634
250504,43878.016,10833.146437174119
250505,43878.016,50174.41178827172
250506,43878.016,21590.21326775652
250507,43878.016,37073.39247126858
250508,43878.016,29978.515540279204
250509,43878.016,19061.60672093143
250510,43878.016,7239.176934203139
250511,43878.016,17353.100755378593
250512,43878.016,16668.947537649798
250513,43878.016,18337.108641357652
250514,43878.016,21988.89427139927
250515,43878.016,49446.08820954969
250516,43878.016,33140.62717358407
250517,43878.016,46511.060585738625
250518,43878.016,12786.29429603506
250519,43878.016,68507.22412381055
250520,43878.016,40390.13435243994
250521,43878.016,72089.95957297672
250522,43878.016,36760.64555324528
250523,43878.016,21167.150949746538
250524,43878.016,50097.835352064474
250525,43878.016,10480.01414995917
250526,43878.016,59868.31566156687
250527,43878.016,39030.05582324685
250528,43878.016,44425.767252461046
250529,43878.016,22256.71531770832
250530,43878.016,44088.391393325444
250531,43878.016,104722.88054858353
250532,43878.016,9072.086081702111
250533,43878.016,59651.45760923902
250534,43878.016,44779.373971274435
250535,43878.016,26150.35171502184
250536,43878.016,28918.763806878855
250537,43878.016,22273.344561748236
250538,43878.016,60450.93152442463
250539,43878.016,23693.473619210177
250540,43878.016,16524.47048984806
250541,43878.016,79199.14769566742
250542,43878.016,6549.818624155026
250543,43878.016,8543.36539249915
250544,43878.016,34269.533952851394
250545,43878.016,37368.28269366051
250546,43878.016,54386.945384728526
250547,43878.016,17322.135841582956
250548,43878.016,49644.42058337792
250549,43878.016,30631.454049975975
250550,43878.016,55130.639800328914
250551,43878.016,39679.967173280624
250552,43878.016,30427.068065792693
250553,43878.016,34237.53112957135
250554,43878.016,17950.55116279996
250555,43878.016,45971.66594341514
250556,43878.016,77026.18957544261
250557,43878.016,33372.7027222726
250558,43878.016,56862.88418545507
250559,43878.016,21097.476751715247
250560,43878.016,49592.44438082265
250561,43878.016,58891.495068060285
250562,43878.016,47885.31915863372
250563,43878.016,16455.854362780876
250564,43878.016,30915.826388087353
250565,43878.016,17287.381580858797
250566,43878.016,16907.471693723932
250567,43878.016,34410.28876307338
250568,43878.016,41738.77679600381
250569,43878.016,28163.98474749145
250570,43878.016,37281.66800265192
250571,43878.016,12035.82756165846
250572,43878.016,17375.9170428663
250573,43878.016,37811.66746688668
250574,43878.016,63275.81449002932
250575,43878.016,38425.41216420462
250576,43878.016,27995.425387852993
250577,43878.016,30131.427259404754
250578,43878.016,23699.018551351895
250579,43878.016,32360.01579438512
250580,43878.016,43377.72601361893
250581,43878.016,65336.741689600196
250582,43878.016,11072.416278651739
250583,43878.016,66232.7400381513
250584,43878.016,13922.998682685235
250585,43878.016,30852.70182058642
250586,43878.016,19546.804898097587
250587,43878.016,15399.091758960027
250588,43878.016,28167.734582078676
250589,43878.016,58287.662104407136
250590,43878.016,72057.30654032197
250591,43878.016,61422.75228273844
250592,43878.016,19290.007330613375
250593,43878.016,10790.203704402747
250594,43878.016,56357.60359862747
250595,43878.016,40297.355527405016
250596,43878.016,57179.240888318556
250597,43878.016,82087.16663856828
250598,43878.016,66011.52208934273
250599,43878.016,25856.332716274697
250600,43878.016,37743.97282050481
250601,43878.016,28055.37504339813
250602,43878.016,57614.151721480426
250603,43878.016,21272.866816608846
250604,43878.016,69611.28895770527
250605,43878.016,56405.48307388827
250606,43878.016,19928.697233177078
250607,43878.016,50797.369946918254
250608,43878.016,43822.15580152818
250609,43878.016,47477.93152515945
250610,43878.016,38530.64397156976
250611,43878.016,33093.413616854894
250612,43878.016,50890.81878932097
250613,43878.016,13750.881007552292
250614,43878.016,24019.170360732798
250615,43878.016,24283.49204361648
250616,43878.016,51845.42604012259
250617,43878.016,19398.064609408117
250618,43878.016,33693.75182569485
250619,43878.016,22742.481628790192
250620,43878.016,9663.746949735974
250621,43878.016,15853.652654799851
250622,43878.016,27795.78468345312
250623,43878.016,35382.050381583525
250624,43878.016,59056.61185850841
250625,43878.016,66104.66323217374
250626,43878.016,6567.3399213293005
250627,43878.016,32235.12674835729
250628,43878.016,37406.61026126645
250629,43878.016,24327.203825762375
250630,43878.016,12851.265916819637
250631,43878.016,55308.823129066936
250632,43878.016,19349.676414506222
250633,43878.016,23080.26042872728
250634,43878.016,30997.007350475997
250635,43878.016,9535.572325685567
250636,43878.016,33989.36957015228
250637,43878.016,71227.17708046551
250638,43878.016,74705.45430039628
250639,43878.016,15141.18420528945
250640,43878.016,16572.42267370438
250641,43878.016,41981.075444757655
250642,43878.016,18741.18874050679
250643,43878.016,36624.1755373644
250644,43878.016,27724.619598439607
250645,43878.016,10425.562109882165
250646,43878.016,41425.70603436158
250647,43878.016,34504.97537986572
250648,43878.016,22479.319728447863
250649,43878.016,48420.81077810599
250650,43878.016,16017.662973403098
250651,43878.016,56285.69458913662
250652,43878.016,39227.92915859414
250653,43878.016,9880.250867278322
250654,43878.016,30428.85940010026
250655,43878.016,58342.63466106036
250656,43878.016,17925.291888070158
250657,43878.016,63794.11778192359
250658,43878.016,28812.9857436089
250659,43878.016,49073.89542445881
250660,43878.016,26538.719234296164
250661,43878.016,59893.20923981704
250662,43878.016,71479.91973100723
250663,43878.016,50324.19046741084
250664,43878.016,44401.8017030524
250665,43878.016,3896.9114744366966
250666,43878.016,15815.738601970595
250667,43878.016,37368.79893729685
250668,43878.016,21456.891163755077
250669,43878.016,14138.180019548212
250670,43878.016,14389.347944733645
250671,43878.016,39751.729588810354
250672,43878.016,27247.961112610403
250673,43878.016,13823.418599825625
250674,43878.016,53003.84565419714
250675,43878.016,61986.26716859311
250676,43878.016,33711.59467970157
250677,43878.016,32260.455503639398
250678,43878.016,54136.4430804935
250679,43878.016,31627.838487165176
250680,43878.016,14979.025572874732
250681,43878.016,51680.98254928528
250682,43878.016,13542.373902247593
250683,43878.016,32854.56073561908
250684,43878.016,25305.832808429892
250685,43878.016,39951.52626102882
250686,43878.016,16720.66469943115
250687,43878.016,10019.325681282078
250688,43878.016,41668.65894279434
250689,43878.016,47979.5100404087
250690,43878.016,8734.048019817681
250691,43878.016,10666.00925088467
250692,43878.016,49459.15887649384
250693,43878.016,11924.323857398344
250694,43878.016,56566.8485702425
250695,43878.016,28218.743971704156
250696,43878.016,11204.509246068685
250697,43878.016,40011.77831912551
250698,43878.016,16923.05099343767
250699,43878.016,29465.73999747008
250700,43878.016,33855.83437704446
250701,43878.016,81939.85636928039
250702,43878.016,35748.72445361741
250703,43878.016,103454.20647658431
250704,43878.016,25282.41266700283
250705,43878.016,16583.351496873536
250706,43878.016,55223.191245542315
250707,43878.016,15420.88634971192
250708,43878.016,20248.458833517696
250709,43878.016,21453.098974614855
250710,43878.016,7044.303003931265
250711,43878.016,12873.187346304334
250712,43878.016,16060.290056185397
250713,43878.016,13714.961683566065
250714,43878.016,11084.122000731966
250715,43878.016,41369.88162033319
250716,43878.016,33217.34219259307
250717,43878.016,20563.75105222672
250718,43878.016,18867.680419421133
250719,43878.016,20260.230098830027
250720,43878.016,18701.201603415167
250721,43878.016,22276.440432151347
250722,43878.016,76111.29339289418
250723,43878.016,21259.201289411587
250724,43878.016,115274.21091245048
250725,43878.016,92998.22595788284
250726,43878.016,18523.40651711385
250727,43878.016,49179.21578396148
250728,43878.016,36629.82637555843
250729,43878.016,32636.733844670398
250730,43878.016,48570.98886924107
250731,43878.016,19678.08993827957
250732,43878.016,7364.19505584751
250733,43878.016,16645.71147129275
250734,43878.016,19778.11274696846
250735,43878.016,39767.584702289365
250736,43878.016,30800.723237888782
250737,43878.016,24981.885169770183
250738,43878.016,53725.78264427823
250739,43878.016,26630.670974038152
250740,43878.016,27142.928444040263
250741,43878.016,50376.41682954653
250742,43878.016,13045.053785660459
250743,43878.016,47007.16285798458
250744,43878.016,33021.67913127621
250745,43878.016,25108.683182047676
250746,43878.016,33545.340634066626
250747,43878.016,30843.359880440086
250748,43878.016,60375.85818883093
250749,43878.016,35305.07540515801
250750,43878.016,54932.558180902735
250751,43878.016,31021.952561599275
250752,43878.016,41301.786908479626
250753,43878.016,22350.47308448265
250754,43878.016,15994.233539009612
250755,43878.016,29746.44324932894
250756,43878.016,27969.683841573868
250757,43878.016,13661.36728320798
250758,43878.016,18199.339516176697
250759,43878.016,50389.21066979708
250760,43878.016,18457.859298581032
250761,43878.016,62369.7394017485
250762,43878.016,11913.508432059303
250763,43878.016,25294.42554116587
250764,43878.016,25946.35468819336
250765,43878.016,50906.63361098367
250766,43878.016,9738.883901095354
250767,43878.016,40568.831762562644
250768,43878.016,42440.019199229755
250769,43878.016,57689.4896429556
250770,43878.016,22048.160891983895
250771,43878.016,71810.9319090112
250772,43878.016,27162.943848572133
250773,43878.016,7622.73801121584
250774,43878.016,56598.19682320193
250775,43878.016,26966.3410902402
250776,43878.016,77691.67704532991
250777,43878.016,65646.81024016788
250778,43878.016,38090.49602233527
250779,43878.016,6889.16943506389
250780,43878.016,11480.208675992037
250781,43878.016,51286.36824962388
250782,43878.016,67743.5264950701
250783,43878.016,29497.746287455127
250784,43878.016,13524.739046857629
250785,43878.016,40424.150081650674
250786,43878.016,60700.203404021675
250787,43878.016,43196.22138153043
250788,43878.016,14939.8317011044
250789,43878.016,20942.62446472398
250790,43878.016,30634.553339646838
250791,43878.016,12100.645292841238
250792,43878.016,58681.183264726154
250793,43878.016,27895.88322326399
250794,43878.016,19985.09979420455
250795,43878.016,50035.7996184381
250796,43878.016,10595.967668909949
250797,43878.016,31989.041953861975
250798,43878.016,11869.687611109368
250799,43878.016,34998.23720141037
250800,43878.016,68881.90547769348
250801,43878.016,55167.16913710059
250802,43878.016,8598.575254897674
250803,43878.016,23216.720734156614
250804,43878.016,34392.826137234224
250805,43878.016,11239.647286258041
250806,43878.016,13160.18096795414
250807,43878.016,27759.09128749892
250808,43878.016,6723.986300742445
250809,43878.016,45190.26562537999
250810,43878.016,12655.142892645139
250811,43878.016,59157.15178741145
250812,43878.016,6029.375713689633
250813,43878.016,74219.12631665425
250814,43878.016,53199.622646269505
250815,43878.016,18247.463427719205
250816,43878.016,63029.66845611888
250817,43878.016,41198.12321913812
250818,43878.016,48618.42022374945
250819,43878.016,45762.7230457612
250820,43878.016,45675.59254829938
250821,43878.016,17032.178440787884
250822,43878.016,38148.83490047743
250823,43878.016,13694.974812475582
250824,43878.016,13484.415887281437
250825,43878.016,50369.1973688664
250826,43878.016,50632.282425209356
250827,43878.016,22152.908572117434
250828,43878.016,46160.624748799644
250829,43878.016,25480.763199618432
250830,43878.016,30705.992959855437
250831,43878.016,28061.919004990425
250832,43878.016,30835.128574269864
250833,43878.016,70192.11459897878
250834,43878.016,41549.16352283201
250835,43878.016,32812.90253234914
250836,43878.016,34829.66527463098
250837,43878.016,14509.47357398739
250838,43878.016,35861.004542834424
250839,43878.016,25487.51920644499
250840,43878.016,29771.885677367765
250841,43878.016,49896.480056006425
250842,43878.016,88984.0011483855
250843,43878.016,44319.167467207735
250844,43878.016,14825.55463196557
250845,43878.016,14124.838209740672
250846,43878.016,27235.624436366343
250847,43878.016,81996.97838082846
250848,43878.016,48471.357980883666
250849,43878.016,43757.19397366202
250850,43878.016,8994.181185450943
250851,43878.016,54292.88697163543
250852,43878.016,17748.336733576067
250853,43878.016,29152.47731281092
250854,43878.016,23631.27037410327
250855,43878.016,7552.645347840599
250856,43878.016,22462.814173082883
250857,43878.016,11206.412748645611
250858,43878.016,10185.619058670149
250859,43878.016,21384.165823864645
250860,43878.016,9959.911071113424
250861,43878.016,7148.3545522389195
250862,43878.016,20980.15817839289
250863,43878.016,13831.007705098858
250864,43878.016,18089.107661679485
250865,43878.016,45428.943762708186
250866,43878.016,43996.50246390746
250867,43878.016,69968.60653750671
250868,43878.016,27393.300141351854
250869,43878.016,19707.03751065803
250870,43878.016,31020.810379553466
250871,43878.016,26957.124740175732
250872,43878.016,14606.295077588778
250873,43878.016,13618.095939114834
250874,43878.016,58222.91073094735
250875,43878.016,27993.39992000035
250876,43878.016,46402.14803547005
250877,43878.016,11204.847949920551
250878,43878.016,104665.2364888359
250879,43878.016,12006.783487744828
250880,43878.016,41052.62086414537
250881,43878.016,17865.51146420778
250882,43878.016,38272.637135714634
250883,43878.016,21940.197449039977
250884,43878.016,35033.15629942477
250885,43878.016,16604.34708715239
250886,43878.016,22870.570263964462
250887,43878.016,32121.074986025964
250888,43878.016,49813.91462635371
250889,43878.016,43351.441799928165
250890,43878.016,24211.422397015922
250891,43878.016,13435.495679836544
250892,43878.016,11293.414378778461
250893,43878.016,21941.491529555085
250894,43878.016,12795.221986111079
250895,43878.016,68198.4793214099
250896,43878.016,72881.43097828265
250897,43878.016,56326.50363402895
250898,43878.016,34883.34774793122
250899,43878.016,32873.24168156958
250900,43878.016,20593.54064024614
250901,43878.016,21885.64617538441
250902,43878.016,7532.10007944139
250903,43878.016,31966.734582452726
250904,43878.016,74222.87006303605
250905,43878.016,13952.457312511122
250906,43878.016,49972.74703310042
250907,43878.016,15937.054461227308
250908,43878.016,64071.37984631698
250909,43878.016,11543.415937398351
250910,43878.016,51185.94636154004
250911,43878.016,11607.397055906951
250912,43878.016,18024.244176202075
250913,43878.016,22093.035322382806
250914,43878.016,9465.772445490446
250915,43878.016,19985.119571753334
250916,43878.016,35011.64251857537
250917,43878.016,11895.693514151732
250918,43878.016,43286.52306936853
250919,43878.016,67640.80999823665
250920,43878.016,16763.221927562357
250921,43878.016,22811.53919932373
250922,43878.016,35136.64003483125
250923,43878.016,38885.57836616304
250924,43878.016,74451.822567686
250925,43878.016,15616.70250678915
250926,43878.016,39880.210639805635
250927,43878.016,10716.639144735003
250928,43878.016,4331.675193664634
250929,43878.016,8575.036116056817
250930,43878.016,21815.77523796661
250931,43878.016,60608.47889703325
250932,43878.016,45123.04928086579
250933,43878.016,35790.034467261714
250934,43878.016,19030.37055269593
250935,43878.016,18283.925084835802
250936,43878.016,104776.08337731002
250937,43878.016,65094.45010914221
250938,43878.016,54883.95445108561
250939,43878.016,13020.184155548584
250940,43878.016,29970.19817515943
250941,43878.016,19982.500811963528
250942,43878.016,35010.60522146974
250943,43878.016,29794.074359314192
250944,43878.016,24611.42205841581
250945,43878.016,15956.619086750488
250946,43878.016,23564.318639477042
250947,43878.016,22765.870904998552
250948,43878.016,18046.050820765526
250949,43878.016,49783.72430044491
250950,43878.016,32192.43857432941
250951,43878.016,40177.16399178824
250952,43878.016,32329.272697393953
250953,43878.016,24205.37781277796
250954,43878.016,31358.87221350247
250955,43878.016,33460.49031176257
250956,43878.016,47544.1337615065
250957,43878.016,24951.89868243281
250958,43878.016,38000.84949321214
250959,43878.016,58908.290018907275
250960,43878.016,49553.296422291714
250961,43878.016,54564.24071282764
250962,43878.016,13746.090618226863
250963,43878.016,48703.87176369875
250964,43878.016,64313.59305011929
250965,43878.016,17061.303074749372
250966,43878.016,14565.207196794692
250967,43878.016,13856.35137192401
250968,43878.016,74987.02722577883
250969,43878.016,65108.07339057628
250970,43878.016,14151.981676245878
250971,43878.016,23090.196023912133
250972,43878.016,70344.80389158001
250973,43878.016,47918.2962171284
250974,43878.016,22940.570779632275
250975,43878.016,43630.56033097462
250976,43878.016,45497.50032183285
250977,43878.016,36850.689713928616
250978,43878.016,33668.99628131106
250979,43878.016,37800.5329622899
250980,43878.016,66039.88696140636
250981,43878.016,21257.17524578
250982,43878.016,22187.90106216928
250983,43878.016,47594.52640408607
250984,43878.016,39075.65424953305
250985,43878.016,44165.18630398389
250986,43878.016,28305.953120394744
250987,43878.016,29402.766370272435
250988,43878.016,9615.703556259734
250989,43878.016,33925.21818344791
250990,43878.016,13477.883636022298
250991,43878.016,32777.97932627599
250992,43878.016,28612.98825891508
250993,43878.016,35510.94602300452
250994,43878.016,48665.47908504543
250995,43878.016,12548.775168411292
250996,43878.016,16303.493424207745
250997,43878.016,31115.717414157025
250998,43878.016,44782.122386894625
250999,43878.016,25555.217524868545
251000,43878.016,20408.123355394277
251001,43878.016,11435.80290753883
251002,43878.016,41036.22567235645
251003,43878.016,9536.931585131022
251004,43878.016,28099.39636048298
251005,43878.016,47066.14402337546
251006,43878.016,67303.17204714268
251007,43878.016,20436.819082202826
251008,43878.016,38913.098972883075
251009,43878.016,44596.04883897389
251010,43878.016,45895.25187012314
251011,43878.016,50138.74339838228
251012,43878.016,56034.603016862806
251013,43878.016,56002.8581415953
251014,43878.016,31235.492472768346
251015,43878.016,56011.9271792901
251016,43878.016,36771.57837164853
251017,43878.016,39136.47335704214
251018,43878.016,14025.864947559137
251019,43878.016,58748.97962025643
251020,43878.016,40603.07810237088
251021,43878.016,53618.12246143929
251022,43878.016,67698.66016190797
251023,43878.016,53871.98041955729
251024,43878.016,43061.82638158795
251025,43878.016,51245.5879364914
251026,43878.016,52318.51799710562
251027,43878.016,34229.60501987084
251028,43878.016,21539.27094815151
251029,43878.016,51823.12406803586
251030,43878.016,45821.69628535407
251031,43878.016,28156.963218754314
251032,43878.016,37989.344287604734
251033,43878.016,55192.63752147548
251034,43878.016,20895.667566550164
251035,43878.016,51833.58214519181
251036,43878.016,79010.08255791424
251037,43878.016,53858.88944526533
251038,43878.016,4284.947898609925
251039,43878.016,38377.72064768575
251040,43878.016,10029.496916589685
251041,43878.016,14086.759473704165
251042,43878.016,14652.685854001575
251043,43878.016,30113.16673415082
251044,43878.016,63390.51259003435
251045,43878.016,41738.835239563494
251046,43878.016,20088.760708970585
251047,43878.016,22066.073481832027
251048,43878.016,61848.72426596309
251049,43878.016,20436.25780452393
251050,43878.016,32325.19953417741
251051,43878.016,54117.88577061439
251052,43878.016,11341.75280790273
251053,43878.016,51327.81547268945
251054,43878.016,5967.7763213934995
251055,43878.016,11480.190884557067
251056,43878.016,18831.647831582515
251057,43878.016,17895.61364148415
251058,43878.016,58125.388092729
251059,43878.016,14023.90003140012
251060,43878.016,21904.893467998798
251061,43878.016,26982.315564437584
251062,43878.016,43123.0393154347
251063,43878.016,25876.916727008524
251064,43878.016,23639.803564309193
251065,43878.016,43032.02672067368
251066,43878.016,37386.270516419216
251067,43878.016,42519.33439092925
251068,43878.016,26098.04951291124
251069,43878.016,54794.00936629833
251070,43878.016,11080.42134330361
251071,43878.016,53072.53367293003
251072,43878.016,35523.37099057115
251073,43878.016,67356.04749144979
251074,43878.016,43935.78407261261
251075,43878.016,12606.832999119259
251076,43878.016,24639.686716267843
251077,43878.016,37100.36617839632
251078,43878.016,43097.68279402891
251079,43878.016,3998.083662430501
251080,43878.016,45706.14277967018
251081,43878.016,22211.323934841883
251082,43878.016,16193.62813539655
251083,43878.016,23068.021847976772
251084,43878.016,8941.125191132944
251085,43878.016,9800.746918871551
251086,43878.016,58806.7186516288
251087,43878.016,51786.618890591315
251088,43878.016,21409.386008416906
251089,43878.016,39931.43869329555
251090,43878.016,24212.82650391155
251091,43878.016,54864.13692565173
251092,43878.016,21726.764082278445
251093,43878.016,39819.32998128413
251094,43878.016,47477.998121223885
251095,43878.016,18337.361277506345
251096,43878.016,7886.353226797232
251097,43878.016,25771.192148591417
251098,43878.016,9977.194192542594
251099,43878.016,18554.623195635457
251100,43878.016,38144.22653285984
251101,43878.016,64534.5841006964
251102,43878.016,67613.30714284982
251103,43878.016,56589.14459012643
251104,43878.016,32989.51824357205
251105,43878.016,28289.950845097093
251106,43878.016,37089.06320413404
251107,43878.016,61779.80811966912
251108,43878.016,26169.457029554844
251109,43878.016,34670.32459622573
251110,43878.016,28361.433096841094
251111,43878.016,39169.8062377551
251112,43878.016,58012.51192100007
251113,43878.016,50702.713217699464
251114,43878.016,29432.97267927739
251115,43878.016,14138.014104745469
251116,43878.016,29358.18862635721
251117,43878.016,62200.48186665042
251118,43878.016,53267.24665156048
251119,43878.016,31185.76794486106
251120,43878.016,21935.426824101083
251121,43878.016,48555.457801088174
251122,43878.016,31767.174136120095
251123,43878.016,32420.59980628508
251124,43878.016,32014.507406749395
251125,43878.016,7475.793726438093
251126,43878.016,24590.298483483333
251127,43878.016,27846.19377363352
251128,43878.016,53508.35792431561
251129,43878.016,16175.02007424463
251130,43878.016,50792.93875088762
251131,43878.016,18772.301548823358
251132,43878.016,22641.033014102763
251133,43878.016,23078.570826189676
251134,43878.016,58018.91377803506
251135,43878.016,21545.86667174452
251136,43878.016,18825.77961052398
251137,43878.016,21010.199187550203
251138,43878.016,13036.059633929552
251139,43878.016,17238.44853237557
251140,43878.016,13045.113464570984
251141,43878.016,68511.10752048942
251142,43878.016,16328.592892896077
251143,43878.016,37216.610490605904
251144,43878.016,51835.530062520316
251145,43878.016,18522.11507372588
251146,43878.016,11092.103571934525
251147,43878.016,42277.744866092034
251148,43878.016,11932.98585967376
251149,43878.016,14870.659229860239
251150,43878.016,24032.82562602049
251151,43878.016,43866.68335871261
251152,43878.016,9815.311805222993
251153,43878.016,31751.353663370235
251154,43878.016,11724.424035796195
251155,43878.016,47813.13991920681
251156,43878.016,8352.338761927416
251157,43878.016,19457.92978330427
251158,43878.016,42303.28230883659
251159,43878.016,49311.24708784556
251160,43878.016,39663.5303293914
251161,43878.016,20746.72933124279
251162,43878.016,13918.47132472453
251163,43878.016,25407.513718175327
251164,43878.016,45750.576882565845
251165,43878.016,23080.164079509377
251166,43878.016,18616.20054330438
251167,43878.016,39084.104920890524
251168,43878.016,20251.254367117926
251169,43878.016,72150.19751287754
251170,43878.016,79149.18641691605
251171,43878.016,49296.08098796977
251172,43878.016,34315.04367735726
251173,43878.016,51504.29379542131
251174,43878.016,75151.05375070046
251175,43878.016,53037.019931199786
251176,43878.016,75594.23644453088
251177,43878.016,32788.827022917336
251178,43878.016,58162.404748038774
251179,43878.016,15256.732941305112
251180,43878.016,30790.165304393893
251181,43878.016,8246.253734924134
251182,43878.016,46222.945553573976
251183,43878.016,20203.534968469678
251184,43878.016,11855.719954716906
251185,43878.016,30280.647021337834
251186,43878.016,43937.50730684335
251187,43878.016,29737.791646088248
251188,43878.016,18628.775645410453
251189,43878.016,49325.747296295696
251190,43878.016,55968.32581867655
251191,43878.016,28093.61021649574
251192,43878.016,19422.28958634158
251193,43878.016,29685.81423677297
251194,43878.016,24909.034733352
251195,43878.016,20284.92692920055
251196,43878.016,40900.20246722223
251197,43878.016,48192.1232402665
251198,43878.016,10978.071848830708
251199,43878.016,63759.55543629854
251200,43878.016,60439.317731455376
251201,43878.016,7888.728973095184
251202,43878.016,27833.495936846095
251203,43878.016,33349.4855891146
251204,43878.016,37364.41195498504
251205,43878.016,53700.941493178376
251206,43878.016,29976.308208724586
251207,43878.016,20470.96582280434
251208,43878.016,75310.12828919129
251209,43878.016,13524.21714123291
251210,43878.016,26961.367339984085
251211,43878.016,7957.260431093643
251212,43878.016,16939.304590809697
251213,43878.016,19601.272904101206
251214,43878.016,9429.09643377859
251215,43878.016,17746.02916890823
251216,43878.016,67274.25181991408
251217,43878.016,59914.45658579695
251218,43878.016,28156.619818786505
251219,43878.016,31138.969306975647
251220,43878.016,71277.68725046146
251221,43878.016,60872.24571604439
251222,43878.016,30749.34015226468
251223,43878.016,47272.80273801606
251224,43878.016,29430.520109635985
251225,43878.016,21657.778509230928
251226,43878.016,23916.953309045846
251227,43878.016,27564.94053854287
251228,43878.016,21356.958982971406
251229,43878.016,27460.331493094025
251230,43878.016,66808.23259823253
251231,43878.016,6275.057157184225
251232,43878.016,57304.82343678726
251233,43878.016,41416.22777854731
251234,43878.016,49509.734918635295
251235,43878.016,65703.01914376643
251236,43878.016,24952.877077906924
251237,43878.016,24208.03777180366
251238,43878.016,37377.354835134356
251239,43878.016,13192.887366615938
251240,43878.016,63272.390316079945
251241,43878.016,30623.18821393244
251242,43878.016,24964.684679964605
251243,43878.016,61356.62493651168
251244,43878.016,15304.407050025324
251245,43878.016,49936.967452735465
251246,43878.016,19404.3551451395
251247,43878.016,65331.75248421211
251248,43878.016,51550.49926601527
251249,43878.016,53827.623920981925
251250,43878.016,17906.56539399775
251251,43878.016,52556.51471278453
251252,43878.016,64590.799845629605
251253,43878.016,6531.534872484473
251254,43878.016,25885.55334363251
251255,43878.016,40592.39826034246
251256,43878.016,41669.53599875578
251257,43878.016,15169.113783254275
251258,43878.016,27337.680405089654
251259,43878.016,44560.38789855498
251260,43878.016,7298.759841910386
251261,43878.016,50598.82397283188
251262,43878.016,49152.125417238
251263,43878.016,53698.63682749343
251264,43878.016,37439.04822844956
251265,43878.016,54395.803971651054
251266,43878.016,18090.271803865075
251267,43878.016,60446.21567356597
251268,43878.016,31520.44734320402
251269,43878.016,37808.29640239094
251270,43878.016,20522.665654934684
251271,43878.016,85397.37234958894
251272,43878.016,53707.76314288653
251273,43878.016,22693.70638947041
251274,43878.016,20770.787806252298
251275,43878.016,9033.388217674652
251276,43878.016,34368.8155248667
251277,43878.016,16047.3968472669
251278,43878.016,6494.571979670987
251279,43878.016,12322.32913683789
251280,43878.016,25028.32035602164
251281,43878.016,35323.59912838031
251282,43878.016,39907.96231766569
251283,43878.016,25804.609818185287
251284,43878.016,8335.51359190908
251285,43878.016,32773.52152537222
251286,43878.016,34021.395033963985
251287,43878.016,63174.51680402381
251288,43878.016,42685.91145701837
251289,43878.016,10992.243622540835
251290,43878.016,24579.269341278232
251291,43878.016,76339.00980875782
251292,43878.016,4679.225586388155
251293,43878.016,25508.174538971165
251294,43878.016,16535.955394719287
251295,43878.016,40151.4146882415
251296,43878.016,13534.21285912977
251297,43878.016,42799.02846178949
251298,43878.016,37954.866897395426
251299,43878.016,21379.442187716966
251300,43878.016,20491.43302603719
251301,43878.016,50397.85380710364
251302,43878.016,42865.02245997308
251303,43878.016,8973.78591774006
251304,43878.016,99021.82435507922
251305,43878.016,52245.812817763035
251306,43878.016,36443.011333981776
251307,43878.016,11113.305633539387
251308,43878.016,32819.43241518713
251309,43878.016,26013.71673856857
251310,43878.016,30230.55414161048
251311,43878.016,59225.85384172533
251312,43878.016,23200.586249784486
251313,43878.016,28939.71868495561
251314,43878.016,8285.254455754659
251315,43878.016,21037.555782966167
251316,43878.016,25011.265929860456
251317,43878.016,10167.480530846404
251318,43878.016,29691.84310246836
251319,43878.016,18987.476387009316
251320,43878.016,23172.63831570298
251321,43878.016,49035.97026633011
251322,43878.016,47164.9833053057
251323,43878.016,32663.357244368162
251324,43878.016,40076.07287066872
251325,43878.016,32582.366900549536
251326,43878.016,40819.842802245796
251327,43878.016,9555.485324503836
251328,43878.016,64628.107226042535
251329,43878.016,27561.502267353524
251330,43878.016,20297.01041264501
251331,43878.016,24529.061114747507
251332,43878.016,18240.443914934727
251333,43878.016,57184.30371333153
251334,43878.016,38817.18082584859
251335,43878.016,48145.85426740255
251336,43878.016,40187.541598895456
251337,43878.016,18726.778905647632
251338,43878.016,74087.96875898253
251339,43878.016,48561.1738335148
251340,43878.016,47139.750550071425
251341,43878.016,7567.742042914128
251342,43878.016,54578.777840358875
251343,43878.016,40039.45348418871
251344,43878.016,31014.799261055927
251345,43878.016,39028.10829331228
251346,43878.016,49815.97353421192
251347,43878.016,26649.819680573928
251348,43878.016,11607.05793859834
251349,43878.016,13676.872280922022
251350,43878.016,37799.65055167474
251351,43878.016,42759.943820362896
251352,43878.016,27932.3571653047
251353,43878.016,5528.10493673997
251354,43878.016,51838.35768222346
251355,43878.016,26947.792942036758
251356,43878.016,17491.031716899473
251357,43878.016,44060.06126426311
251358,43878.016,75372.49401145808
251359,43878.016,51338.16467839078
251360,43878.016,84562.26826743383
251361,43878.016,35396.009883651925
251362,43878.016,35917.6345441944
251363,43878.016,31198.915638998853
251364,43878.016,48009.64811459018
251365,43878.016,14761.28594679826
251366,43878.016,23829.573540940928
251367,43878.016,23068.154979968305
251368,43878.016,44966.352583333486
251369,43878.016,41602.23793872673
251370,43878.016,22486.371018362912
251371,43878.016,69565.90911270854
251372,43878.016,28447.533211533817
251373,43878.016,48171.7312114815
251374,43878.016,20007.672909771623
251375,43878.016,66518.15278755035
251376,43878.016,17454.45645552745
251377,43878.016,34183.68624151415
251378,43878.016,52322.786027662216
251379,43878.016,27885.363739319095
251380,43878.016,28634.320214371503
251381,43878.016,36335.90391794409
251382,43878.016,57964.30871940781
251383,43878.016,10362.082223059204
251384,43878.016,7646.364882655994
251385,43878.016,21813.15417238279
251386,43878.016,49336.4192351563
251387,43878.016,31437.30678647906
251388,43878.016,24788.486717065927
251389,43878.016,36164.97835041854
251390,43878.016,32442.450733682002
251391,43878.016,58550.34954619204
251392,43878.016,20152.359930117218
251393,43878.016,25744.568959656845
251394,43878.016,24843.7842236389
251395,43878.016,67153.46928285989
251396,43878.016,53826.82745850636
251397,43878.016,55997.682220848474
251398,43878.016,18265.099079178442
251399,43878.016,34683.08044190963
251400,43878.016,28726.68033246212
251401,43878.016,16158.848493645255
251402,43878.016,34012.979220658664
251403,43878.016,13057.976590374265
251404,43878.016,49572.36343652322
251405,43878.016,30790.897088511934
251406,43878.016,26670.90964714907
251407,43878.016,29250.40731717994
251408,43878.016,15575.945412506775
251409,43878.016,43290.477241220535
251410,43878.016,79289.60832027989
251411,43878.016,23147.26607699009
251412,43878.016,13557.857375848404
251413,43878.016,12540.031269284516
251414,43878.016,44583.71017031887
251415,43878.016,19324.06760409449
251416,43878.016,20016.662848535383
251417,43878.016,35893.64955501489
251418,43878.016,8924.794993875894
251419,43878.016,36832.15221103595
251420,43878.016,31366.68358623126
251421,43878.016,16596.300145352427
251422,43878.016,56443.151291807866
251423,43878.016,16948.798122241955
251424,43878.016,117703.62999862187
251425,43878.016,31074.026049217602
251426,43878.016,58006.000888864866
251427,43878.016,7799.828456759232
251428,43878.016,40590.64928818882
251429,43878.016,59464.66686709684
251430,43878.016,42550.74705133318
251431,43878.016,50684.33057446655
251432,43878.016,18753.742079847994
251433,43878.016,33285.70881742217
251434,43878.016,66721.89022704813
251435,43878.016,41225.41122204824
251436,43878.016,45396.237828231744
251437,43878.016,67375.30151108565
251438,43878.016,21024.286897435803
251439,43878.016,13258.080733254936
251440,43878.016,29808.782215171603
251441,43878.016,12538.515290733938
251442,43878.016,24841.10545437208
251443,43878.016,36034.216381799626
251444,43878.016,55160.97069230916
251445,43878.016,69997.7450322842
251446,43878.016,50158.21171781057
251447,43878.016,33534.94280494936
251448,43878.016,15471.394849158323
251449,43878.016,27549.885335617826
251450,43878.016,60197.349813934394
251451,43878.016,36468.45999247561
251452,43878.016,16861.306443091675
251453,43878.016,24562.354995397676
251454,43878.016,13790.01052597577
251455,43878.016,26911.02525926247
251456,43878.016,11085.069507631175
251457,43878.016,43893.573716973006
251458,43878.016,12718.074271244313
251459,43878.016,45589.6949041318
251460,43878.016,25414.844470700136
251461,43878.016,64421.87640245047
251462,43878.016,47701.10295739541
251463,43878.016,48788.084373463804
251464,43878.016,34949.08028242911
251465,43878.016,12636.95183409419
251466,43878.016,10388.260454930845
251467,43878.016,34662.32987515898
251468,43878.016,43844.32009449536
251469,43878.016,42207.57985472895
251470,43878.016,40964.34333825467
251471,43878.016,52556.10069036591
251472,43878.016,18172.587894941345
251473,43878.016,45246.20920655155
251474,43878.016,56420.02719449085
251475,43878.016,31720.70848733547
251476,43878.016,33504.506890332035
251477,43878.016,49488.383614550745
251478,43878.016,41552.81253130572
251479,43878.016,58240.108245699106
251480,43878.016,12489.303478782847
251481,43878.016,16827.074216068126
251482,43878.016,32002.5452678168
251483,43878.016,37747.73246201282
251484,43878.016,8810.219941028932
251485,43878.016,34031.86103915966
251486,43878.016,24033.671140562677
251487,43878.016,52767.91057466894
251488,43878.016,10818.356038798005
251489,43878.016,24898.06428262389
251490,43878.016,50870.35206642446
251491,43878.016,35325.08092304801
251492,43878.016,32803.49938446712
251493,43878.016,46137.09369873182
251494,43878.016,36111.295076770024
251495,43878.016,47737.828633053075
251496,43878.016,12052.285639659123
251497,43878.016,19313.59670531863
251498,43878.016,43085.70602446672
251499,43878.016,34862.68353353598
251500,43878.016,55439.01732019651
251501,43878.016,28235.018285930102
251502,43878.016,20176.668529757528
251503,43878.016,26380.838326206613
251504,43878.016,20217.66797752295
251505,43878.016,39593.79249357951
251506,43878.016,21456.22782626284
251507,43878.016,33847.725308758454
251508,43878.016,60722.652130205315
251509,43878.016,30898.25212152869
251510,43878.016,9015.298792047692
251511,43878.016,21967.839773062842
251512,43878.016,50777.82783103887
251513,43878.016,43139.37805854639
251514,43878.016,18997.400549677648
251515,43878.016,29196.44531942615
251516,43878.016,29118.811033949674
251517,43878.016,40205.76911714304
251518,43878.016,39336.31355502982
251519,43878.016,53787.29189856629
251520,43878.016,43684.07346751124
251521,43878.016,37263.21721479369
251522,43878.016,28751.037024216497
251523,43878.016,4320.1767438521265
251524,43878.016,32275.985646434747
251525,43878.016,26166.252716679133
251526,43878.016,30402.005279262365
251527,43878.016,10001.346494028985
251528,43878.016,19657.269133951613
251529,43878.016,18975.901991970917
251530,43878.016,50066.13103787168
251531,43878.016,50797.640157679845
251532,43878.016,6537.396381145138
251533,43878.016,31071.056504235337
251534,43878.016,16441.92399347787
251535,43878.016,33921.896147800595
251536,43878.016,10108.882787150029
251537,43878.016,50912.37789918572
251538,43878.016,18762.224346880656
251539,43878.016,53159.779833617846
251540,43878.016,66962.90187125407
251541,43878.016,26661.905432132073
251542,43878.016,36511.14429251477
251543,43878.016,39003.29833752483
251544,43878.016,36313.25704741172
251545,43878.016,32329.474174910687
251546,43878.016,38492.258224099816
251547,43878.016,69565.56085436253
251548,43878.016,32355.299023381594
251549,43878.016,63685.95674072366
251550,43878.016,13651.735296084587
251551,43878.016,35823.960915140764
251552,43878.016,27146.545577369387
251553,43878.016,28463.175044511616
251554,43878.016,36041.18579411953
251555,43878.016,35031.18867890125
251556,43878.016,23332.6956759002
251557,43878.016,52278.7060873167
251558,43878.016,35274.67561199705
251559,43878.016,32317.937267183002
251560,43878.016,43516.28559492872
251561,43878.016,36451.41355617855
251562,43878.016,38028.57645257874
251563,43878.016,47306.65338682493
251564,43878.016,7977.552698246991
251565,43878.016,23311.157302530086
251566,43878.016,48797.92141011827
251567,43878.016,20355.33140694211
251568,43878.016,29269.50997222376
251569,43878.016,71256.5527788882
251570,43878.016,16045.124051680956
251571,43878.016,41361.070292014
251572,43878.016,48477.88475429591
251573,43878.016,73231.22573696097
251574,43878.016,20521.253067508904
251575,43878.016,21051.733967156346
251576,43878.016,31506.451629029856
251577,43878.016,76463.82479870248
251578,43878.016,19608.216092653016
251579,43878.016,47420.146526376484
251580,43878.016,29426.218087814268
251581,43878.016,33330.10244879156
251582,43878.016,11145.984336573161
251583,43878.016,35205.17892664593
251584,43878.016,24004.48638941807
251585,43878.016,16366.572593748604
251586,43878.016,14887.556200079236
251587,43878.016,58492.74395353659
251588,43878.016,13460.017914381997
251589,43878.016,30276.011977263148
251590,43878.016,38434.717078581634
251591,43878.016,11877.732386712365
251592,43878.016,31799.293285395313
251593,43878.016,24433.365190242464
251594,43878.016,70989.34675862615
251595,43878.016,24983.545155966345
251596,43878.016,39965.79633319909
251597,43878.016,50648.80207664561
251598,43878.016,29129.296692331576
251599,43878.016,46282.713851806926
251600,43878.016,28316.615471056677
251601,43878.016,8070.0246615004
251602,43878.016,59191.47005363512
251603,43878.016,46330.2161751579
251604,43878.016,45036.17791398682
251605,43878.016,19818.111390645194
251606,43878.016,36100.742730969476
251607,43878.016,14334.234419849647
251608,43878.016,56069.79116571926
251609,43878.016,54016.06040020061
251610,43878.016,31659.411754328787
251611,43878.016,23113.926821650373
251612,43878.016,30686.403709568087
251613,43878.016,37244.59991853768
251614,43878.016,69354.9038728006
251615,43878.016,33931.97956039783
251616,43878.016,60013.33488743092
251617,43878.016,18092.731764053962
251618,43878.016,36647.748568890434
251619,43878.016,28772.761308474
251620,43878.016,27476.264118245515
251621,43878.016,32163.621909427497
251622,43878.016,34051.67338005144
251623,43878.016,15332.472510860585
251624,43878.016,23198.88069636379
251625,43878.016,60089.04731574661
251626,43878.016,7801.096274698713
251627,43878.016,51815.01193685731
251628,43878.016,36319.0281975118
251629,43878.016,51554.17439381867
251630,43878.016,13713.375636004053
251631,43878.016,79602.77377179069
251632,43878.016,41874.31727727192
251633,43878.016,35333.740733169565
251634,43878.016,23973.92072334558
251635,43878.016,64050.63554907456
251636,43878.016,73538.49650501812
251637,43878.016,60028.35859716851
251638,43878.016,19813.415127859906
251639,43878.016,41221.62182895499
251640,43878.016,11360.708908045111
251641,43878.016,30049.81829288875
251642,43878.016,33551.53223365882
251643,43878.016,48044.66291129131
251644,43878.016,30388.29347593183
251645,43878.016,52286.287459740066
251646,43878.016,82713.4437386485
251647,43878.016,18895.273543697007
251648,43878.016,32618.555042010845
251649,43878.016,46379.50657492049
251650,43878.016,17755.87583162637
251651,43878.016,16613.381282101218
251652,43878.016,51880.334721563246
251653,43878.016,21848.038790674655
251654,43878.016,16158.785435783779
251655,43878.016,69340.71297460872
251656,43878.016,46263.39103352412
251657,43878.016,52814.95933446382
251658,43878.016,20927.91390911496
251659,43878.016,15389.55467163485
251660,43878.016,29150.502423990405
251661,43878.016,40887.607100853165
251662,43878.016,39578.60584119339
251663,43878.016,28568.935139564655
251664,43878.016,43920.760536402806
251665,43878.016,63667.94893203636
251666,43878.016,35214.52751920434
251667,43878.016,13870.435405183103
251668,43878.016,53707.87845416261
251669,43878.016,27238.249457093396
251670,43878.016,43558.50545227689
251671,43878.016,73341.88479844206
251672,43878.016,15131.299113224473
251673,43878.016,24585.124260252924
251674,43878.016,7607.238174302748
251675,43878.016,40046.00909087645
251676,43878.016,17311.67795626448
251677,43878.016,89243.00059150292
251678,43878.016,70617.01207223693
251679,43878.016,9010.962953580125
251680,43878.016,28468.069952957492
251681,43878.016,21982.900281664504
251682,43878.016,66317.62477617984
251683,43878.016,66284.4474021309
251684,43878.016,44312.992878050565
251685,43878.016,62769.75955826723
251686,43878.016,46432.310888627355
251687,43878.016,14071.294828228569
251688,43878.016,47479.9747392882
251689,43878.016,18198.192485090894
251690,43878.016,33670.0195288004
251691,43878.016,18582.1855410616
251692,43878.016,21849.850252874978
251693,43878.016,15610.878924817538
251694,43878.016,53109.49856304004
251695,43878.016,10731.326462823772
251696,43878.016,4651.898898682012
251697,43878.016,51555.90780787695
251698,43878.016,14146.753836063941
251699,43878.016,28439.498739992614
251700,43878.016,13715.704921685983
251701,43878.016,39114.2418228576
251702,43878.016,80613.53281699617
251703,43878.016,41647.39348722555
251704,43878.016,41564.90759628552
251705,43878.016,48476.59980918943
251706,43878.016,10945.31815665697
251707,43878.016,58962.087897961654
251708,43878.016,9908.484872931891
251709,43878.016,47709.268027124206
251710,43878.016,12942.79291949443
251711,43878.016,44792.5409175273
251712,43878.016,46689.59939253907
251713,43878.016,34326.49186684081
251714,43878.016,20525.75394337564
251715,43878.016,53054.095223238815
251716,43878.016,37215.42157482857
251717,43878.016,44767.13016479409
251718,43878.016,65685.3867274329
251719,43878.016,46868.83228268506
251720,43878.016,47696.29827871022
251721,43878.016,8699.35686175782
251722,43878.016,53259.15321858824
251723,43878.016,31919.937563990265
251724,43878.016,92721.60432088356
251725,43878.016,36945.24499639024
251726,43878.016,47908.55726567242
251727,43878.016,37310.35050038271
251728,43878.016,9749.456834040051
251729,43878.016,18709.806952928448
251730,43878.016,37523.18326619445
251731,43878.016,21533.298147670055
251732,43878.016,49013.02311861673
251733,43878.016,53173.53677007313
251734,43878.016,55452.75585453201
251735,43878.016,24462.10180783075
251736,43878.016,49968.59368711752
251737,43878.016,26323.15890151272
251738,43878.016,56492.75457828753
251739,43878.016,10573.701995031437
251740,43878.016,49395.196920403876
251741,43878.016,24197.833825319452
251742,43878.016,56648.98555998239
251743,43878.016,29633.070207871246
251744,43878.016,71798.92357281185
251745,43878.016,53096.94173172826
251746,43878.016,39712.81961343021
251747,43878.016,44424.68932143486
251748,43878.016,26359.41126206825
251749,43878.016,60281.05006421602
251750,43878.016,45908.10936229352
251751,43878.016,44665.19076997961
251752,43878.016,17919.966321304077
251753,43878.016,30999.594282997503
251754,43878.016,6327.321231956742
251755,43878.016,55214.447711817076
251756,43878.016,17346.83748127256
251757,43878.016,36505.25767392796
251758,43878.016,17747.43401939001
251759,43878.016,16272.511114488625
251760,43878.016,7208.252935460587
251761,43878.016,8329.467148597421
251762,43878.016,58177.90222142183
251763,43878.016,16613.107943237563
251764,43878.016,32187.888912537044
251765,43878.016,15806.48827278079
251766,43878.016,39654.01186399501
251767,43878.016,19250.75588848536
251768,43878.016,11289.604783024117
251769,43878.016,90033.70141489983
251770,43878.016,33063.21171104923
251771,43878.016,27845.466458404655
251772,43878.016,47697.81665191699
251773,43878.016,23483.911818431796
251774,43878.016,13838.84282457746
251775,43878.016,36547.44047848764
251776,43878.016,12155.304724984808
251777,43878.016,51075.05373948778
251778,43878.016,13991.100826933576
251779,43878.016,30716.168738928696
251780,43878.016,33070.6308973791
251781,43878.016,48594.607594972236
251782,43878.016,15829.341019304688
251783,43878.016,53824.75738907231
251784,43878.016,64939.95620756464
251785,43878.016,17297.0207721122
251786,43878.016,72817.9752653251
251787,43878.016,34897.73000082245
251788,43878.016,13892.356482437137
251789,43878.016,54021.91858143582
251790,43878.016,35086.69871618792
251791,43878.016,11509.969545284393
251792,43878.016,11584.02911223105
251793,43878.016,26915.14882570228
251794,43878.016,76956.10620191354
251795,43878.016,51305.01236314848
251796,43878.016,43987.462962353704
251797,43878.016,7638.267206928884
251798,43878.016,20838.15195891537
251799,43878.016,66536.71419607713
251800,43878.016,44115.45838155151
251801,43878.016,14588.425066642694
251802,43878.016,39064.26053889662
251803,43878.016,41417.32557123161
251804,43878.016,40612.3264782159
251805,43878.016,74016.45256448508
251806,43878.016,15195.063187501144
251807,43878.016,17839.727321675797
251808,43878.016,34076.13925275327
251809,43878.016,24800.70358510516
251810,43878.016,54716.95804683961
251811,43878.016,31470.42285342708
251812,43878.016,42156.004125487096
251813,43878.016,75168.24229018601
251814,43878.016,51055.10822011109
251815,43878.016,64779.200992318896
251816,43878.016,30404.104125242517
251817,43878.016,36929.200838698176
251818,43878.016,8186.474448052654
251819,43878.016,66699.84003599673
251820,43878.016,13676.132700490349
251821,43878.016,55857.19389005737
251822,43878.016,24905.661666359105
251823,43878.016,64985.63744681366
251824,43878.016,26159.270033919853
251825,43878.016,22791.519334398472
251826,43878.016,30433.88749937572
251827,43878.016,51275.8335951331
251828,43878.016,14504.43461679081
251829,43878.016,44641.05170953656
251830,43878.016,14266.504048861645
251831,43878.016,42022.63191544235
251832,43878.016,87453.91960101221
251833,43878.016,33986.52059722445
251834,43878.016,53035.164114692314
251835,43878.016,59984.140724797275
251836,43878.016,19830.618391256587
251837,43878.016,35217.21766401416
251838,43878.016,27946.890887097732
251839,43878.016,16582.55789012376
251840,43878.016,30827.28967071413
251841,43878.016,11549.44721983488
251842,43878.016,25588.05652281012
251843,43878.016,46886.730802605205
251844,43878.016,16907.301495753873
251845,43878.016,66588.34666327204
251846,43878.016,61506.95440440787
251847,43878.016,36512.8251124293
251848,43878.016,63247.473803384215
251849,43878.016,27635.761034035248
251850,43878.016,31244.47709164276
251851,43878.016,25384.243185386687
251852,43878.016,64977.09367916952
251853,43878.016,40153.350852006995
251854,43878.016,74382.61990612475
251855,43878.016,23847.599944004312
251856,43878.016,39729.07637522823
251857,43878.016,17864.462969310385
251858,43878.016,67443.01497733174
251859,43878.016,55075.48264415994
251860,43878.016,31331.10462896137
251861,43878.016,10057.429991898884
251862,43878.016,25569.94701517362
251863,43878.016,49331.276968260536
251864,43878.016,39896.610115517644
251865,43878.016,42107.766859411415
251866,43878.016,38718.88924674784
251867,43878.016,53611.805815662905
251868,43878.016,10353.193457794057
251869,43878.016,56659.55279460848
251870,43878.016,27871.302513748415
251871,43878.016,16744.757011046557
251872,43878.016,9592.167076482972
251873,43878.016,39775.46384570423
251874,43878.016,12618.222307739888
251875,43878.016,27660.123243520837
251876,43878.016,47174.01743233341
251877,43878.016,25708.31997088334
251878,43878.016,14453.790788937624
251879,43878.016,47115.81712070376
251880,43878.016,24138.166789806997
251881,43878.016,9664.130554222751
251882,43878.016,31696.08052523978
251883,43878.016,61436.30232570129
251884,43878.016,11320.286856267074
251885,43878.016,23017.83265951817
251886,43878.016,8239.499846845942
251887,43878.016,64391.43139266911
251888,43878.016,6529.747835924538
251889,43878.016,78905.73354592721
251890,43878.016,19358.384084908965
251891,43878.016,66980.00711177135
251892,43878.016,28869.04704262704
251893,43878.016,35858.71344068556
251894,43878.016,35508.22954992602
251895,43878.016,37340.82126142511
251896,43878.016,12939.79466297993
251897,43878.016,59098.1639225158
251898,43878.016,14003.345452090429
251899,43878.016,18775.220388797592
251900,43878.016,37126.75440699313
251901,43878.016,13173.938402953745
251902,43878.016,18842.727519145774
251903,43878.016,33457.25725878618
251904,43878.016,29482.48479370219
251905,43878.016,10072.530156692612
251906,43878.016,49455.15262547614
251907,43878.016,70607.39872738422
251908,43878.016,20927.43448413082
251909,43878.016,51122.26317606091
251910,43878.016,28579.863534158252
251911,43878.016,40018.13444896305
251912,43878.016,7759.643618815338
251913,43878.016,14874.980945584646
251914,43878.016,27395.177675490166
251915,43878.016,39961.87986869673
251916,43878.016,52364.334157355006
251917,43878.016,59956.2589346895
251918,43878.016,27160.914003173326
251919,43878.016,31292.576197115515
251920,43878.016,37946.20553918743
251921,43878.016,79607.55171118176
251922,43878.016,50809.2577321252
251923,43878.016,12324.152884641664
251924,43878.016,15101.154339265293
251925,43878.016,31877.097143216775
251926,43878.016,58643.43435613349
251927,43878.016,48787.880118575966
251928,43878.016,49359.36531527793
251929,43878.016,18336.60851254098
251930,43878.016,44644.83794522178
251931,43878.016,19270.12168328155
251932,43878.016,61525.62992176151
251933,43878.016,32211.35198018935
251934,43878.016,15577.073194174736
251935,43878.016,14718.393985135684
251936,43878.016,47598.8076843803
251937,43878.016,32409.23112239534
251938,43878.016,18929.55055653456
251939,43878.016,15955.191243637562
251940,43878.016,16922.46519648997
251941,43878.016,41764.8810943485
251942,43878.016,1857.2955737242762
251943,43878.016,12593.638538603278
251944,43878.016,11944.005091543164
251945,43878.016,25308.48820405993
251946,43878.016,14578.470290303354
251947,43878.016,34928.42311133532
251948,43878.016,15372.081104222345
251949,43878.016,42659.3744824767
251950,43878.016,54431.676517615364
251951,43878.016,23372.44368462045
251952,43878.016,56681.813762411584
251953,43878.016,46607.01246734854
251954,43878.016,54731.69411569706
251955,43878.016,46559.884296748256
251956,43878.016,45708.89219566883
251957,43878.016,36129.41633861
251958,43878.016,35845.155004465
251959,43878.016,41528.78360983066
251960,43878.016,68332.94469024173
251961,43878.016,25484.183919944073
251962,43878.016,68098.36236100516
251963,43878.016,31487.316373498445
251964,43878.016,47172.11190002314
251965,43878.016,74308.04911501687
251966,43878.016,14442.713360686217
251967,43878.016,27383.554033630655
251968,43878.016,39617.422323344894
251969,43878.016,42292.431608542574
251970,43878.016,13155.794479117754
251971,43878.016,43686.40332303196
251972,43878.016,13055.797703288938
251973,43878.016,47370.3193256528
251974,43878.016,14276.82557959933
251975,43878.016,32592.56813267083
251976,43878.016,15205.342962217439
251977,43878.016,20953.92979621042
251978,43878.016,58711.771012537276
251979,43878.016,15626.556375131464
251980,43878.016,40993.68895709009
251981,43878.016,69678.03948561779
251982,43878.016,58727.80754159938
251983,43878.016,43170.56099643929
251984,43878.016,53996.653367276376
251985,43878.016,34974.397490424795
251986,43878.016,38683.12912062759
251987,43878.016,9128.905843554532
251988,43878.016,42106.25494629607
251989,43878.016,43372.65096687916
251990,43878.016,14608.858533276967
251991,43878.016,27876.664841412763
251992,43878.016,17526.245711827876
251993,43878.016,56475.85456222301
251994,43878.016,51124.05501698605
251995,43878.016,20185.432244172694
251996,43878.016,65279.50549853167
251997,43878.016,49166.24946020745
251998,43878.016,29978.89256958735
251999,43878.016,50233.58074416989
252000,43878.016,15534.772926988237
252001,43878.016,41250.379188641855
252002,43878.016,18637.98790891054
252003,43878.016,40306.8152626542
252004,43878.016,13572.94818319668
252005,43878.016,24893.41626053485
252006,43878.016,47091.463806421074
252007,43878.016,69908.75723093007
252008,43878.016,46697.28405768656
252009,43878.016,34910.5565691356
252010,43878.016,16690.09960848536
252011,43878.016,22959.07301141954
252012,43878.016,54951.31515859167
252013,43878.016,8339.140926363927
252014,43878.016,15696.1985935158
252015,43878.016,35819.33755833885
252016,43878.016,24998.520973082355
252017,43878.016,29731.196092030492
252018,43878.016,27098.79570926578
252019,43878.016,43577.64813873197
252020,43878.016,50054.88293112042
252021,43878.016,38199.3891053199
252022,43878.016,65856.93068736432
252023,43878.016,68461.20043136801
252024,43878.016,57108.559959990554
252025,43878.016,55646.89503169311
252026,43878.016,40799.64055221363
252027,43878.016,45199.36396340953
252028,43878.016,62920.942490515314
252029,43878.016,16013.125697012512
252030,43878.016,43127.62571878902
252031,43878.016,52478.87570292109
252032,43878.016,51481.975436579385
252033,43878.016,60161.516341818475
252034,43878.016,13050.14224951552
252035,43878.016,84389.42552020396
252036,43878.016,22580.70615073428
252037,43878.016,21181.291645375903
252038,43878.016,41141.40946847998
252039,43878.016,38810.5023231241
252040,43878.016,65900.58569402962
252041,43878.016,37391.219964127136
252042,43878.016,58674.72399251543
252043,43878.016,33722.63560822794
252044,43878.016,26566.31445589954
252045,43878.016,32591.988284802745
252046,43878.016,71104.98797931673
252047,43878.016,16743.15305551007
252048,43878.016,40478.4482163321
252049,43878.016,39412.42707144085
252050,43878.016,71662.01786329229
252051,43878.016,8871.408707111343
252052,43878.016,25679.55439034266
252053,43878.016,81610.73023331353
252054,43878.016,27549.818800716115
252055,43878.016,8860.664044704978
252056,43878.016,60235.84456766447
252057,43878.016,29912.61569915299
252058,43878.016,59352.08591531959
252059,43878.016,13268.578115283826
252060,43878.016,22990.26291705305
252061,43878.016,49966.234155100916
252062,43878.016,60556.79697838963
252063,43878.016,10501.158585058238
252064,43878.016,41586.92033937813
252065,43878.016,60867.24621316426
252066,43878.016,30953.368874272503
252067,43878.016,64711.52042006243
252068,43878.016,54033.17430533687
252069,43878.016,17321.705675869303
252070,43878.016,38748.30564748584
252071,43878.016,21948.959315549797
252072,43878.016,27867.591094422336
252073,43878.016,34127.64507977636
252074,43878.016,21328.869963106277
252075,43878.016,54384.55160716778
252076,43878.016,17232.92311713999
252077,43878.016,44191.17630930043
252078,43878.016,48426.861456178114
252079,43878.016,19493.22228590732
252080,43878.016,16587.35778196902
252081,43878.016,51754.82086304694
252082,43878.016,55415.14147169136
252083,43878.016,89698.8184349458
252084,43878.016,52150.638488608514
252085,43878.016,43725.73795505674
252086,43878.016,20301.910526826778
252087,43878.016,43102.318970650165
252088,43878.016,40560.943738015136
252089,43878.016,40696.319954493316
252090,43878.016,26185.079090986394
252091,43878.016,47946.28637021347
252092,43878.016,15914.361268686858
252093,43878.016,38101.468602490604
252094,43878.016,11176.196288598003
252095,43878.016,14364.373521128562
252096,43878.016,22460.375139320266
252097,43878.016,13599.500383487182
252098,43878.016,34732.68673705584
252099,43878.016,10518.550209085022
252100,43878.016,40811.70480631933
252101,43878.016,23442.17647190853
252102,43878.016,43596.56687175402
252103,43878.016,77493.47965278837
252104,43878.016,23088.421009930396
252105,43878.016,24944.490279143527
252106,43878.016,11916.006350661455
252107,43878.016,47823.09459212392
252108,43878.016,61965.44962690557
252109,43878.016,16583.525900015346
252110,43878.016,21226.264421144027
252111,43878.016,35750.498992469446
252112,43878.016,53761.98963162797
252113,43878.016,12179.310779121965
252114,43878.016,51531.14837928669
252115,43878.016,19811.512687216076
252116,43878.016,44264.95674804324
252117,43878.016,47943.139556049435
252118,43878.016,31798.487592450656
252119,43878.016,30071.759678295293
252120,43878.016,53007.09597083948
252121,43878.016,9927.683535475639
252122,43878.016,12016.609337425258
252123,43878.016,37054.00786753407
252124,43878.016,13288.930515800126
252125,43878.016,13238.880626431948
252126,43878.016,30793.090561422017
252127,43878.016,36695.464067628134
252128,43878.016,12130.455999422038
252129,43878.016,22979.352124623743
252130,43878.016,7960.02695291859
252131,43878.016,13147.115620654586
252132,43878.016,18063.81434768815
252133,43878.016,26080.08718373165
252134,43878.016,38119.27027114321
252135,43878.016,17371.091020289132
252136,43878.016,65592.28072272555
252137,43878.016,33943.02430989241
252138,43878.016,8679.278436196266
252139,43878.016,22552.283699221764
252140,43878.016,16312.22551201711
252141,43878.016,22776.84812041716
252142,43878.016,14177.957078523088
252143,43878.016,44670.45518250303
252144,43878.016,69179.65209959079
252145,43878.016,23063.27803116074
252146,43878.016,55636.3272818633
252147,43878.016,48824.5090000742
252148,43878.016,58204.04526432549
252149,43878.016,6956.372664511088
252150,43878.016,29499.68151230935
252151,43878.016,30401.100292875682
252152,43878.016,33560.533575264126
252153,43878.016,39326.70248241968
252154,43878.016,34623.30331372561
252155,43878.016,33611.17958354419
252156,43878.016,24065.069311466093
252157,43878.016,27709.520574759885
252158,43878.016,11278.008522981962
252159,43878.016,16267.543121310435
252160,43878.016,82932.76267526289
252161,43878.016,8919.938601506827
252162,43878.016,37281.959427882095
252163,43878.016,38092.728696189166
252164,43878.016,19389.395626347254
252165,43878.016,50142.31393442174
252166,43878.016,27497.11781918259
252167,43878.016,15825.064526387836
252168,43878.016,29142.392715899266
252169,43878.016,36045.86554033479
252170,43878.016,35357.88460885204
252171,43878.016,39091.93162705654
252172,43878.016,67381.24490249979
252173,43878.016,24660.086467546753
252174,43878.016,18067.77846926809
252175,43878.016,29140.436863533716
252176,43878.016,24837.162221364935
252177,43878.016,35950.696045695295
252178,43878.016,10991.780810517268
252179,43878.016,43102.58437138435
252180,43878.016,17182.464948627774
252181,43878.016,7884.50356780172
252182,43878.016,36832.219086494086
252183,43878.016,46201.376389662066
252184,43878.016,24968.17272935867
252185,43878.016,62713.48582439095
252186,43878.016,57679.33747950801
252187,43878.016,32300.88972861083
252188,43878.016,48140.502146142106
252189,43878.016,21742.485341143893
252190,43878.016,48376.51018713382
252191,43878.016,17252.159276999482
252192,43878.016,77721.87390661608
252193,43878.016,50942.11100290371
252194,43878.016,14935.250763915463
252195,43878.016,21105.852491287038
252196,43878.016,15225.68071547931
252197,43878.016,50313.21253250551
252198,43878.016,27588.08630750531
252199,43878.016,48103.04947407798
252200,43878.016,23536.22828015272
252201,43878.016,26541.111266672302
252202,43878.016,8225.872086811212
252203,43878.016,38608.61618731124
252204,43878.016,39504.13272112028
252205,43878.016,10030.359351247213
252206,43878.016,30210.260165484244
252207,43878.016,30660.165765266178
252208,43878.016,30584.992666311264
252209,43878.016,61797.223202930596
252210,43878.016,66156.82920964346
252211,43878.016,11859.978856277085
252212,43878.016,36348.557148235464
252213,43878.016,9580.1497164773
252214,43878.016,55613.86544042542
252215,43878.016,15912.24289114635
252216,43878.016,13354.042022338053
252217,43878.016,23299.39269179806
252218,43878.016,26754.251797601504
252219,43878.016,18020.93050092933
252220,43878.016,20337.084842031385
252221,43878.016,8719.97692410277
252222,43878.016,10919.817647308711
252223,43878.016,40337.171912007274
252224,43878.016,60028.67015680307
252225,43878.016,40042.38974279706
252226,43878.016,44902.950660513314
252227,43878.016,48880.45955952018
252228,43878.016,56164.92284028486
252229,43878.016,54571.02673423384
252230,43878.016,67137.55606776863
252231,43878.016,47453.590959984496
252232,43878.016,5214.4635177185855
252233,43878.016,42291.2671392155
252234,43878.016,36557.13151151446
252235,43878.016,79971.77357629474
252236,43878.016,75505.3666795105
252237,43878.016,41429.64214141483
252238,43878.016,77974.1952070641
252239,43878.016,47068.16648158733
252240,43878.016,34257.35362085032
252241,43878.016,48011.96456248382
252242,43878.016,30836.30336913486
252243,43878.016,28023.702357395807
252244,43878.016,28880.95415314315
252245,43878.016,48299.78472555507
252246,43878.016,31321.257004532614
252247,43878.016,51313.57696495345
252248,43878.016,36944.487868962744
252249,43878.016,43301.759181666595
252250,43878.016,13492.414627972814
252251,43878.016,36921.77500776668
252252,43878.016,59504.43201604585
252253,43878.016,35181.44161003307
252254,43878.016,67307.63648422767
252255,43878.016,36654.422803984664
252256,43878.016,50087.49176243322
252257,43878.016,14991.97677081647
252258,43878.016,25142.005910376447
252259,43878.016,5799.960134069028
252260,43878.016,49649.16887931524
252261,43878.016,40930.567688129166
252262,43878.016,62298.12293951089
252263,43878.016,50015.707765931606
252264,43878.016,56235.400189355445
252265,43878.016,35400.768274979375
252266,43878.016,59175.964055793534
252267,43878.016,89443.06850908833
252268,43878.016,46944.41563879774
252269,43878.016,10291.821742790396
252270,43878.016,16205.264722163027
252271,43878.016,28503.54885947897
252272,43878.016,46315.54146706031
252273,43878.016,53555.69076101913
252274,43878.016,9392.80903250926
252275,43878.016,14149.84031382798
252276,43878.016,63022.31024779524
252277,43878.016,14934.720870624058
252278,43878.016,15372.811251041101
252279,43878.016,19256.002478253515
252280,43878.016,46592.10434486298
252281,43878.016,16244.681280806302
252282,43878.016,46721.75751711273
252283,43878.016,50705.626193862634
252284,43878.016,20726.6404358006
252285,43878.016,65038.363051183085
252286,43878.016,13101.550036059867
252287,43878.016,56539.992713253625
252288,43878.016,27403.4840229427
252289,43878.016,44436.54315570544
252290,43878.016,9816.894598545365
252291,43878.016,39575.89200929246
252292,43878.016,17841.923236714585
252293,43878.016,12088.266051940907
252294,43878.016,20636.54176525674
252295,43878.016,11079.122182754047
252296,43878.016,12500.11084173817
252297,43878.016,10651.990593119639
252298,43878.016,60722.62742107533
252299,43878.016,19735.155629816454
252300,43878.016,11586.117001892713
252301,43878.016,18780.16602217081
252302,43878.016,12181.401232051488
252303,43878.016,40994.90338630626
252304,43878.016,29345.060379547496
252305,43878.016,40895.52831122402
252306,43878.016,26253.29645118826
252307,43878.016,12416.07852729428
252308,43878.016,42705.382623625264
252309,43878.016,75022.42032586565
252310,43878.016,51313.815919993176
252311,43878.016,62901.32132835806
252312,43878.016,9527.175338329207
252313,43878.016,54340.202452737634
252314,43878.016,45294.60064957603
252315,43878.016,40300.29032901043
252316,43878.016,15096.575353955337
252317,43878.016,17941.042250819355
252318,43878.016,27364.899811539068
252319,43878.016,25706.175351675305
252320,43878.016,48673.06967709946
252321,43878.016,49705.2784094349
252322,43878.016,18734.50005323342
252323,43878.016,16896.169593777842
252324,43878.016,37724.56288514683
252325,43878.016,25761.92522341813
252326,43878.016,39158.82717877443
252327,43878.016,18690.63408315858
252328,43878.016,27128.668812263426
252329,43878.016,50055.72526689555
252330,43878.016,48407.68237223568
252331,43878.016,60981.68663580418
252332,43878.016,24389.481527963282
252333,43878.016,41770.332023295225
252334,43878.016,66506.18735825495
252335,43878.016,16593.033992276993
252336,43878.016,22094.41604734508
252337,43878.016,30151.50315478645
252338,43878.016,12134.691364255188
252339,43878.016,42404.91672310535
252340,43878.016,25841.913317831153
252341,43878.016,27511.18992242045
252342,43878.016,58434.44008034319
252343,43878.016,64877.582780053366
252344,43878.016,10982.534738985547
252345,43878.016,64636.96871446107
252346,43878.016,12970.629277562322
252347,43878.016,24730.74726603034
252348,43878.016,17655.902965936246
252349,43878.016,86831.7408785867
252350,43878.016,22460.671917794672
252351,43878.016,64960.879530575534
252352,43878.016,56016.34640364769
252353,43878.016,14596.574663443334
252354,43878.016,10464.086716495944
252355,43878.016,31109.71417339879
252356,43878.016,38700.98797940114
252357,43878.016,26681.01876379106
252358,43878.016,35811.25755786344
252359,43878.016,7394.456169037896
252360,43878.016,31634.238239421215
252361,43878.016,62600.478291668165
252362,43878.016,70117.20164712881
252363,43878.016,36533.864258336
252364,43878.016,118663.65973576186
252365,43878.016,71126.26327475539
252366,43878.016,41759.13418317156
252367,43878.016,13799.561933754227
252368,43878.016,37661.25983267727
252369,43878.016,15936.205921810562
252370,43878.016,47289.675453493444
252371,43878.016,21556.320796172735
252372,43878.016,84007.08009326446
252373,43878.016,8644.165317581837
252374,43878.016,34410.10956428565
252375,43878.016,38759.034040354425
252376,43878.016,48437.43530837066
252377,43878.016,14846.379607201354
252378,43878.016,18546.876131527297
252379,43878.016,37033.22990506595
252380,43878.016,22832.09440034322
252381,43878.016,13738.875540459345
252382,43878.016,34821.051070982016
252383,43878.016,71397.79172417935
252384,43878.016,21805.275887719683
252385,43878.016,15581.993485340605
252386,43878.016,28124.70714809453
252387,43878.016,12221.410203051255
252388,43878.016,51995.40357276658
252389,43878.016,53737.312433500716
252390,43878.016,41010.19348417178
252391,43878.016,62650.21986402043
252392,43878.016,45592.029350466575
252393,43878.016,42055.626815430594
252394,43878.016,69087.1009920044
252395,43878.016,30343.587902314877
252396,43878.016,6778.942439179473
252397,43878.016,18602.168343277874
252398,43878.016,43769.6231070272
252399,43878.016,23348.457242451386
252400,43878.016,62492.840827077496
252401,43878.016,22394.02788689397
252402,43878.016,69146.97732850861
252403,43878.016,64654.25488986305
252404,43878.016,39575.83003533785
252405,43878.016,7329.213344650122
252406,43878.016,31236.685292110742
252407,43878.016,36090.10027997634
252408,43878.016,16335.099298683166
252409,43878.016,31550.67086869099
252410,43878.016,38748.1311928335
252411,43878.016,31550.678933128092
252412,43878.016,20742.01220979738
252413,43878.016,36044.37974608702
252414,43878.016,9306.22203255102
252415,43878.016,22947.64368654697
252416,43878.016,56083.27904268817
252417,43878.016,41792.31838891465
252418,43878.016,11166.221241620518
252419,43878.016,70789.08583529406
252420,43878.016,12279.508472650965
252421,43878.016,27673.575333647947
252422,43878.016,68866.3903117272
252423,43878.016,22525.223533017066
252424,43878.016,32468.67800539093
252425,43878.016,12897.133680996803
252426,43878.016,58781.50532249288
252427,43878.016,35852.77800304964
252428,43878.016,11063.368516267918
252429,43878.016,29234.369791808975
252430,43878.016,41191.9955414536
252431,43878.016,39218.990893158014
252432,43878.016,24179.846409524347
252433,43878.016,66648.03056612913
252434,43878.016,32228.349693762306
252435,43878.016,11458.960818400716
252436,43878.016,41432.317669616954
252437,43878.016,48736.714426403356
252438,43878.016,56352.36953967939
252439,43878.016,48252.936453346374
252440,43878.016,14778.38601185319
252441,43878.016,12007.707501254567
252442,43878.016,43474.46890000061
252443,43878.016,29681.417310179466
252444,43878.016,46676.899651842905
252445,43878.016,48885.639392399935
252446,43878.016,9261.250927230083
252447,43878.016,20682.804990183206
252448,43878.016,22640.939868931608
252449,43878.016,40692.16696534302
252450,43878.016,67489.28548503525
252451,43878.016,12726.510000968337
252452,43878.016,37635.46160188469
252453,43878.016,25290.44117413644
252454,43878.016,9658.1275857882
252455,43878.016,15606.723252608668
252456,43878.016,72493.44292809449
252457,43878.016,17344.97608634909
252458,43878.016,18383.989960388215
252459,43878.016,25172.13030683027
252460,43878.016,48750.995424948465
252461,43878.016,7544.112960571778
252462,43878.016,31374.425240443157
252463,43878.016,18589.99503566667
252464,43878.016,47776.00209560783
252465,43878.016,12878.611395601301
252466,43878.016,83526.20188971996
252467,43878.016,40155.05561268151
252468,43878.016,14361.57403156732
252469,43878.016,41533.91050184159
252470,43878.016,36587.009346012914
252471,43878.016,16840.53068802276
252472,43878.016,35979.91108026277
252473,43878.016,16542.66807424374
252474,43878.016,53017.75841546145
252475,43878.016,38003.52384508201
252476,43878.016,16872.432053922148
252477,43878.016,6349.144884311167
252478,43878.016,27901.568544544036
252479,43878.016,12915.293508369725
252480,43878.016,19075.787113449456
252481,43878.016,22871.52231163529
252482,43878.016,42693.227677153765
252483,43878.016,70696.0878470396
252484,43878.016,7959.715631268883
252485,43878.016,28906.978848116793
252486,43878.016,22475.54981686144
252487,43878.016,50833.59787463688
252488,43878.016,20258.37064872692
252489,43878.016,39864.097409241884
252490,43878.016,57434.13573827731
252491,43878.016,58502.325589926964
252492,43878.016,17180.071524968564
252493,43878.016,25005.82394316395
252494,43878.016,9861.170123418084
252495,43878.016,10390.082860817767
252496,43878.016,21673.376627906106
252497,43878.016,57109.821137866806
252498,43878.016,36460.6283399419
252499,43878.016,37815.75881536067
252500,43878.016,68962.72237474927
252501,43878.016,15678.431561563657
252502,43878.016,62362.46048299559
252503,43878.016,16346.21006903647
252504,43878.016,41710.90916152109
252505,43878.016,62624.025177833464
252506,43878.016,22796.306056020276
252507,43878.016,38895.65555968935
252508,43878.016,40832.38025996131
252509,43878.016,43241.027600041496
252510,43878.016,11321.083099611285
252511,43878.016,32556.55048990413
252512,43878.016,29985.752489810933
252513,43878.016,28133.139229131273
252514,43878.016,9143.409321397385
252515,43878.016,17134.127133750775
252516,43878.016,36958.10007455713
252517,43878.016,40383.87715742447
252518,43878.016,30266.8062692545
252519,43878.016,34622.4114492104
252520,43878.016,30705.610062840573
252521,43878.016,52712.46626012121
252522,43878.016,42736.323940494935
252523,43878.016,20306.971186813385
252524,43878.016,35553.923699702456
252525,43878.016,29153.796823095032
252526,43878.016,6224.2736241698685
252527,43878.016,44216.33252928711
252528,43878.016,44032.1075897533
252529,43878.016,12028.199635936337
252530,43878.016,43026.913056065976
252531,43878.016,22220.16480723277
252532,43878.016,10485.303863468924
252533,43878.016,16888.473133405216
252534,43878.016,14612.93043287621
252535,43878.016,42341.5755709454
252536,43878.016,9525.895378293142
252537,43878.016,18294.05363546706
252538,43878.016,40056.840558676755
252539,43878.016,51836.00713869645
252540,43878.016,53170.114375736644
252541,43878.016,45483.36062674699
252542,43878.016,48452.47544934722
252543,43878.016,12598.326054200303
252544,43878.016,20938.06123372005
252545,43878.016,32202.858191723502
252546,43878.016,19953.507387175025
252547,43878.016,22442.595763550962
252548,43878.016,9041.114292553837
252549,43878.016,35600.91212610272
252550,43878.016,17574.01018026498
252551,43878.016,7374.228458645804
252552,43878.016,8872.296431118704
252553,43878.016,27190.618477361193
252554,43878.016,23240.836962182562
252555,43878.016,41369.53021772727
252556,43878.016,39882.808376661895
252557,43878.016,36611.782471282604
252558,43878.016,37760.10466616898
252559,43878.016,42514.39266465129
252560,43878.016,47776.55326491138
252561,43878.016,4088.0460166392204
252562,43878.016,54647.194380762514
252563,43878.016,19656.717181068972
252564,43878.016,24166.38694679746
252565,43878.016,14347.227958297895
252566,43878.016,9402.90096096648
252567,43878.016,39167.058627091385
252568,43878.016,28730.264345919455
252569,43878.016,34081.48729543932
252570,43878.016,27426.733811972474
252571,43878.016,11286.52487452367
252572,43878.016,13565.756384271577
252573,43878.016,42602.4576790746
252574,43878.016,12139.945555541495
252575,43878.016,46679.41320404227
252576,43878.016,66432.43754660724
252577,43878.016,10419.466841168693
252578,43878.016,28774.202116208824
252579,43878.016,31470.133981772648
252580,43878.016,58754.07806471177
252581,43878.016,76557.95444138434
252582,43878.016,34698.371475186024
252583,43878.016,8594.316192798045
252584,43878.016,20099.00895639336
252585,43878.016,42160.87056429491
252586,43878.016,26977.592426403084
252587,43878.016,40191.590426666
252588,43878.016,7253.779071178386
252589,43878.016,15204.582393212297
252590,43878.016,26601.2804130134
252591,43878.016,20184.703627791543
252592,43878.016,60428.19771636159
252593,43878.016,31897.913640621664
252594,43878.016,30604.43218459247
252595,43878.016,14927.727248579109
252596,43878.016,32722.586011574243
252597,43878.016,20889.970631972275
252598,43878.016,23118.286097869164
252599,43878.016,34459.72629451616
252600,43878.016,57206.521104292384
252601,43878.016,8950.091399666191
252602,43878.016,23288.039264112947
252603,43878.016,44096.89427939317
252604,43878.016,32308.78234678547
252605,43878.016,31902.19058079082
252606,43878.016,81086.8480688639
252607,43878.016,15462.132635057127
252608,43878.016,21847.224261135285
252609,43878.016,49965.66334501991
252610,43878.016,18917.688478397642
252611,43878.016,17422.631239793096
252612,43878.016,18953.28340848714
252613,43878.016,85505.04972491239
252614,43878.016,12018.53187596905
252615,43878.016,22553.820362491497
252616,43878.016,11512.101074105425
252617,43878.016,19458.192486693326
252618,43878.016,41190.3331356926
252619,43878.016,92759.62671748191
252620,43878.016,8535.802508417892
252621,43878.016,75240.56918434626
252622,43878.016,20903.65572333917
252623,43878.016,18476.173946952797
252624,43878.016,26437.668089944513
252625,43878.016,28835.671438131903
252626,43878.016,33400.35523500244
252627,43878.016,51203.936466521845
252628,43878.016,24933.23313340675
252629,43878.016,28214.83590262425
252630,43878.016,52293.16458966521
252631,43878.016,9095.917798661645
252632,43878.016,35853.283971178804
252633,43878.016,15654.412147266275
252634,43878.016,42702.84002176857
252635,43878.016,42397.00278324444
252636,43878.016,31181.193340927362
252637,43878.016,24587.15458478668
252638,43878.016,62549.41958971741
252639,43878.016,11624.618680246213
252640,43878.016,10797.12257792865
252641,43878.016,13675.994944158949
252642,43878.016,21082.76109430027
252643,43878.016,11373.385779742459
252644,43878.016,17920.973787174116
252645,43878.016,48497.59201533429
252646,43878.016,56036.87914228082
252647,43878.016,55866.20821263524
252648,43878.016,13025.963816476755
252649,43878.016,39981.40035902121
252650,43878.016,20930.424229004297
252651,43878.016,38738.43388497027
252652,43878.016,15739.431268307226
252653,43878.016,17337.014042227634
252654,43878.016,29219.342742020097
252655,43878.016,53317.856281757035
252656,43878.016,8905.96604719746
252657,43878.016,37738.59377593946
252658,43878.016,26374.495711046984
252659,43878.016,9641.522793981267
252660,43878.016,48638.98232090618
252661,43878.016,37273.76693358344
252662,43878.016,35052.99077882381
252663,43878.016,21824.863698574027
252664,43878.016,28693.623850753407
252665,43878.016,33040.07810500574
252666,43878.016,53503.97993943378
252667,43878.016,59661.905823035726
252668,43878.016,59161.033527994965
252669,43878.016,40156.51155542275
252670,43878.016,47588.39167275667
252671,43878.016,33052.4005650372
252672,43878.016,21582.253153250425
252673,43878.016,37501.03180221037
252674,43878.016,14290.531774485615
252675,43878.016,27958.943027169065
252676,43878.016,9593.701149899629
252677,43878.016,58753.55239001898
252678,43878.016,6387.485628809669
252679,43878.016,20543.87896430696
252680,43878.016,9699.978991049677
252681,43878.016,4378.575640664235
252682,43878.016,45690.67955250485
252683,43878.016,44902.69571738804
252684,43878.016,21684.66570028384
252685,43878.016,23395.50360431796
252686,43878.016,62656.79473048004
252687,43878.016,44596.81571847349
252688,43878.016,34732.3390377363
252689,43878.016,77524.28301201522
252690,43878.016,14441.830830608731
252691,43878.016,75273.28054510805
252692,43878.016,39121.25155257931
252693,43878.016,18806.936459614808
252694,43878.016,16459.077441911813
252695,43878.016,23280.443156875972
252696,43878.016,19712.02775551587
252697,43878.016,31531.67220200619
252698,43878.016,53102.55540204207
252699,43878.016,63482.03684038193
252700,43878.016,46775.166969658334
252701,43878.016,54065.742115192996
252702,43878.016,71276.56652353362
252703,43878.016,22090.666703443043
252704,43878.016,32621.081186284733
252705,43878.016,65045.48270042647
252706,43878.016,43324.54160410556
252707,43878.016,35563.41988497133
252708,43878.016,15711.861469951664
252709,43878.016,14341.6143043311
252710,43878.016,58395.46171182915
252711,43878.016,7017.736241528915
252712,43878.016,54309.02226578584
252713,43878.016,53775.693393528796
252714,43878.016,9337.364055066553
252715,43878.016,18759.065626381613
252716,43878.016,14688.521300605027
252717,43878.016,8987.038286373609
252718,43878.016,36340.52371569469
252719,43878.016,13853.800296976757
252720,43878.016,49748.300088190495
252721,43878.016,9164.746839692136
252722,43878.016,23148.205421827533
252723,43878.016,35185.90926564751
252724,43878.016,43530.695612189884
252725,43878.016,28424.498528538825
252726,43878.016,52358.24888534335
252727,43878.016,11658.817338920764
252728,43878.016,18486.813680259016
252729,43878.016,39240.68503046551
252730,43878.016,22201.412332679065
252731,43878.016,8710.369010624165
252732,43878.016,18163.4757395629
252733,43878.016,33460.12612337576
252734,43878.016,59400.222948896175
252735,43878.016,32618.89583633403
252736,43878.016,10976.81449751177
252737,43878.016,33901.132462504356
252738,43878.016,5637.3381583779155
252739,43878.016,54977.687734140076
252740,43878.016,21273.848481625835
252741,43878.016,52653.47836847245
252742,43878.016,20289.48685055843
252743,43878.016,35752.0820966243
252744,43878.016,61652.93046883862
252745,43878.016,32778.93703414196
252746,43878.016,18184.423993185977
252747,43878.016,9035.952126999915
252748,43878.016,60203.7411425216
252749,43878.016,67507.98477797206
252750,43878.016,56932.223190624136
252751,43878.016,14370.715310474125
252752,43878.016,58098.279792662775
252753,43878.016,45334.4806290518
252754,43878.016,38039.0121510858
252755,43878.016,39587.551869293406
252756,43878.016,41158.42750731916
252757,43878.016,34174.06220721536
252758,43878.016,66910.46077614478
252759,43878.016,44552.25100518706
252760,43878.016,63629.97094918374
252761,43878.016,15003.263963379202
252762,43878.016,32974.38164086503
252763,43878.016,34691.442324073796
252764,43878.016,40367.36005187408
252765,43878.016,6307.81926696455
252766,43878.016,56827.30090756399
252767,43878.016,13643.277618831184
252768,43878.016,41291.72679940223
252769,43878.016,45244.83910001818
252770,43878.016,13338.310947837013
252771,43878.016,59357.66549163837
252772,43878.016,11317.780870879633
252773,43878.016,36712.738548258894
252774,43878.016,18845.12321795161
252775,43878.016,47184.12943543105
252776,43878.016,34973.383815404995
252777,43878.016,30716.547170655896
252778,43878.016,43757.87284632195
252779,43878.016,67916.22756225511
252780,43878.016,10985.178811573027
252781,43878.016,48548.25340012854
252782,43878.016,54535.5277909085
252783,43878.016,56989.69750235539
252784,43878.016,42971.34442147694
252785,43878.016,16011.249493613162
252786,43878.016,6551.02243801159
252787,43878.016,13117.584473979856
252788,43878.016,49610.25837869075
252789,43878.016,49939.817708498966
252790,43878.016,61844.069301363255
252791,43878.016,67925.40101087152
252792,43878.016,31518.28027929532
252793,43878.016,12932.402157581711
252794,43878.016,8566.661042739595
252795,43878.016,31677.523361037634
252796,43878.016,23268.363544251068
252797,43878.016,44458.84677148803
252798,43878.016,26728.48234252611
252799,43878.016,27872.1656168987
252800,43878.016,59778.29077951885
252801,43878.016,13379.125620842862
252802,43878.016,43368.470779654985
252803,43878.016,30259.778346741186
252804,43878.016,29555.88362705598
252805,43878.016,80902.24244876535
252806,43878.016,54138.3631565247
252807,43878.016,7554.918115846677
252808,43878.016,13459.886836233458
252809,43878.016,29482.65689631119
252810,43878.016,38179.175300643175
252811,43878.016,58223.60408492616
252812,43878.016,40142.2677086792
252813,43878.016,21606.029459047644
252814,43878.016,33883.58926606141
252815,43878.016,18562.822220929524
252816,43878.016,41934.68942787459
252817,43878.016,10491.823456570539
252818,43878.016,20037.97290939771
252819,43878.016,26711.396099141966
252820,43878.016,39643.11141257622
252821,43878.016,37941.05643168212
252822,43878.016,13262.28700044387
252823,43878.016,64193.88769526615
252824,43878.016,17797.963390165918
252825,43878.016,54858.67663598145
252826,43878.016,26826.514349928944
252827,43878.016,11022.353735120616
252828,43878.016,7529.530218271203
252829,43878.016,54358.030965353355
252830,43878.016,43645.291346495556
252831,43878.016,35033.22739101388
252832,43878.016,29654.814171178437
252833,43878.016,53455.92853957892
252834,43878.016,10287.605323939719
252835,43878.016,15899.491752309375
252836,43878.016,44842.2521309934
252837,43878.016,18777.53384992571
252838,43878.016,8882.07822434707
252839,43878.016,53886.895664852724
252840,43878.016,8390.827666130057
252841,43878.016,53364.95025608302
252842,43878.016,13740.875503005787
252843,43878.016,35203.298259303774
252844,43878.016,39840.48341956314
252845,43878.016,62887.50379262068
252846,43878.016,7571.935339528827
252847,43878.016,11244.508346704533
252848,43878.016,9566.5542784989
252849,43878.016,50210.01832827913
252850,43878.016,49427.59631565891
252851,43878.016,47350.83951949557
252852,43878.016,34855.04098213341
252853,43878.016,24346.49122081627
252854,43878.016,78160.23956772496
252855,43878.016,37524.593309900054
252856,43878.016,16567.29401126893
252857,43878.016,16103.155205600215
252858,43878.016,52854.03126193562
252859,43878.016,19567.354794269362
252860,43878.016,55341.81260999482
252861,43878.016,20334.721903981743
252862,43878.016,45905.64909869189
252863,43878.016,37814.75627008069
252864,43878.016,26204.862276474752
252865,43878.016,26981.712145954087
252866,43878.016,70422.38294259043
252867,43878.016,3965.979917001322
252868,43878.016,43294.39669221425
252869,43878.016,56054.90637549539
252870,43878.016,78761.27222939477
252871,43878.016,26672.678508803318
252872,43878.016,54496.99648907002
252873,43878.016,35568.338034443965
252874,43878.016,12685.155440305081
252875,43878.016,40584.55488651576
252876,43878.016,23668.860620351905
252877,43878.016,19029.122835856622
252878,43878.016,49161.965321788804
252879,43878.016,76970.83829730346
252880,43878.016,20577.18933559922
252881,43878.016,48243.93598948746
252882,43878.016,62729.949716271854
252883,43878.016,23489.09333340891
252884,43878.016,37454.66051151911
252885,43878.016,24087.821840992903
252886,43878.016,43665.66741951187
252887,43878.016,21939.112361411073
252888,43878.016,48289.54842163603
252889,43878.016,86114.16584832508
252890,43878.016,6200.256503543479
252891,43878.016,25846.90015410454
252892,43878.016,52831.60692045025
252893,43878.016,8153.384146790871
252894,43878.016,48403.70038515179
252895,43878.016,59820.180695411436
252896,43878.016,38102.92115335949
252897,43878.016,24654.06808579226
252898,43878.016,23102.76338203513
252899,43878.016,40998.226271481806
252900,43878.016,39011.06110236074
252901,43878.016,41313.65056344413
252902,43878.016,45156.05493365803
252903,43878.016,59142.3078014504
252904,43878.016,16052.387152079571
252905,43878.016,20772.99638167111
252906,43878.016,49673.07881509452
252907,43878.016,78106.03948344507
252908,43878.016,38524.48084866666
252909,43878.016,9776.413468776778
252910,43878.016,20693.012506272575
252911,43878.016,44115.7924662172
252912,43878.016,41406.32345659362
252913,43878.016,20820.216744688027
252914,43878.016,9916.080018117054
252915,43878.016,32989.507116025095
252916,43878.016,44831.98226814642
252917,43878.016,27096.10208599549
252918,43878.016,45341.29571990766
252919,43878.016,98057.62388771241
252920,43878.016,61164.709923191884
252921,43878.016,59572.24599157278
252922,43878.016,30335.65607808849
252923,43878.016,38078.354894602446
252924,43878.016,36732.66712230009
252925,43878.016,53585.46368311887
252926,43878.016,25317.952089696504
252927,43878.016,15958.367209779228
252928,43878.016,61757.918869159155
252929,43878.016,51280.94946911789
252930,43878.016,53348.91653752766
252931,43878.016,51027.10195957661
252932,43878.016,20134.52752146631
252933,43878.016,44579.449280034394
252934,43878.016,14056.79194523661
252935,43878.016,18882.323650918363
252936,43878.016,67947.30879483477
252937,43878.016,25682.178918750997
252938,43878.016,49340.59347892252
252939,43878.016,13392.393192632717
252940,43878.016,21841.46227905028
252941,43878.016,43699.76302295017
252942,43878.016,20835.544978851278
252943,43878.016,19647.320782334344
252944,43878.016,22409.47343969678
252945,43878.016,28772.38275876444
252946,43878.016,50027.02223824205
252947,43878.016,40632.249145309994
252948,43878.016,8714.910038018981
252949,43878.016,40557.505433428436
252950,43878.016,50221.10532418158
252951,43878.016,73133.57625215671
252952,43878.016,55439.58402361822
252953,43878.016,63343.43946688996
252954,43878.016,17953.04918826121
252955,43878.016,65990.0592786593
252956,43878.016,14228.861901194276
252957,43878.016,42337.27844054632
252958,43878.016,25160.65932179612
252959,43878.016,16765.94072096302
252960,43878.016,65745.91877510856
252961,43878.016,34103.143739733874
252962,43878.016,74478.83214888003
252963,43878.016,15281.43756386846
252964,43878.016,16446.49878081831
252965,43878.016,13843.333969153507
252966,43878.016,14110.92327487089
252967,43878.016,10365.789858438877
252968,43878.016,32021.489610665107
252969,43878.016,68067.46343890548
252970,43878.016,47322.97233909626
252971,43878.016,77910.82955955608
252972,43878.016,63389.25173680042
252973,43878.016,54246.83744663801
252974,43878.016,18629.480029853104
252975,43878.016,7262.835733024718
252976,43878.016,17568.260207902422
252977,43878.016,7574.684972125118
252978,43878.016,41199.703747094274
252979,43878.016,46956.452886776424
252980,43878.016,40720.928929019
252981,43878.016,37490.983679173034
252982,43878.016,7085.690672260996
252983,43878.016,58697.12537835754
252984,43878.016,22844.99940454629
252985,43878.016,99751.25806806699
252986,43878.016,6648.658586989294
252987,43878.016,74644.09930401076
252988,43878.016,54483.872392766185
252989,43878.016,59743.299699275725
252990,43878.016,24238.418404091397
252991,43878.016,11867.086423532453
252992,43878.016,8424.140645753194
252993,43878.016,58217.97812508825
252994,43878.016,5763.085207934877
252995,43878.016,50507.40317884838
252996,43878.016,31590.62022573021
252997,43878.016,44524.44083884723
252998,43878.016,49173.94568697333
252999,43878.016,11901.152127318464
253000,43878.016,35392.02360136184
253001,43878.016,27343.429077596866
253002,43878.016,67819.44585395964
253003,43878.016,57192.17366714045
253004,43878.016,9416.339694555312
253005,43878.016,53990.46048785915
253006,43878.016,107082.0088244884
253007,43878.016,15180.81391118596
253008,43878.016,42178.454234144316
253009,43878.016,28464.299929182536
253010,43878.016,36747.829086755344
253011,43878.016,19865.470138912147
253012,43878.016,36896.89153685324
253013,43878.016,17742.20318836576
253014,43878.016,25399.956644106147
253015,43878.016,33230.163199828916
253016,43878.016,34913.0300008934
253017,43878.016,18393.331988344726
253018,43878.016,11623.250840132107
253019,43878.016,11481.53207723443
253020,43878.016,76271.67127626779
253021,43878.016,9015.47995043361
253022,43878.016,27774.809732201393
253023,43878.016,52094.86433882301
253024,43878.016,37199.244699249124
253025,43878.016,9774.846925936828
253026,43878.016,32053.585453512627
253027,43878.016,53939.860820608614
253028,43878.016,7096.377705514403
253029,43878.016,27580.713224734816
253030,43878.016,42187.68684950476
253031,43878.016,69512.21014853462
253032,43878.016,25683.831571343282
253033,43878.016,51880.10855387618
253034,43878.016,42452.08640837788
253035,43878.016,27153.978819914842
253036,43878.016,24670.598688934657
253037,43878.016,28807.746633084687
253038,43878.016,21996.101839728926
253039,43878.016,56639.96252550254
253040,43878.016,24227.689450267226
253041,43878.016,13549.064860413931
253042,43878.016,34078.34820555878
253043,43878.016,60206.39952762484
253044,43878.016,13767.489885011848
253045,43878.016,10020.978663824071
253046,43878.016,26295.038534121377
253047,43878.016,5343.257801232919
253048,43878.016,49968.311044967624
253049,43878.016,51076.53346170349
253050,43878.016,37720.4745311829
253051,43878.016,71882.19684110249
253052,43878.016,17107.546053582846
253053,43878.016,25507.788764427685
253054,43878.016,9784.465128736145
253055,43878.016,15248.001618922824
253056,43878.016,34775.06768685296
253057,43878.016,20832.33435574895
253058,43878.016,29788.945182676096
253059,43878.016,53915.29994969727
253060,43878.016,25277.402606622873
253061,43878.016,38570.45902252817
253062,43878.016,22986.539259805337
253063,43878.016,17166.60240853932
253064,43878.016,67372.02550547263
253065,43878.016,60007.22323366279
253066,43878.016,28291.357176648016
253067,43878.016,18016.45418349458
253068,43878.016,28844.92283942969
253069,43878.016,53332.25456962957
253070,43878.016,28009.29335692412
253071,43878.016,24696.580848151647
253072,43878.016,8779.580024240468
253073,43878.016,25546.959328624678
253074,43878.016,31054.03539073488
253075,43878.016,34875.486312885616
253076,43878.016,13667.55488124212
253077,43878.016,17648.375917016972
253078,43878.016,44259.271253300554
253079,43878.016,12639.442689881385
253080,43878.016,32475.132816675163
253081,43878.016,99290.63354480869
253082,43878.016,19561.3226917941
253083,43878.016,32232.759480098965
253084,43878.016,32992.314999152026
253085,43878.016,43811.14907260387
253086,43878.016,22246.355925221713
253087,43878.016,35572.42610541191
253088,43878.016,26248.19167032938
253089,43878.016,30561.761258038216
253090,43878.016,42194.17559390524
253091,43878.016,30009.49275740486
253092,43878.016,50403.32428777304
253093,43878.016,42936.74410763618
253094,43878.016,9764.579813785373
253095,43878.016,23515.8177492927
253096,43878.016,46863.17011318325
253097,43878.016,36290.86496448413
253098,43878.016,69436.01670474563
253099,43878.016,37822.135120936364
253100,43878.016,14679.26307948449
253101,43878.016,57137.53733777815
253102,43878.016,15575.207501925297
253103,43878.016,11248.330995046814
253104,43878.016,32605.87322118424
253105,43878.016,33165.89623152709
253106,43878.016,45180.92490666043
253107,43878.016,43899.040941508196
253108,43878.016,55263.462609430106
253109,43878.016,16664.127278932127
253110,43878.016,74384.66860056398
253111,43878.016,71327.24364325497
253112,43878.016,42048.412909796934
253113,43878.016,30207.758182426118
253114,43878.016,42689.01271562547
253115,43878.016,50659.91563490345
253116,43878.016,55883.48980263365
253117,43878.016,31896.527378073224
253118,43878.016,37414.3848534124
253119,43878.016,44601.55323959218
253120,43878.016,30766.96538661094
253121,43878.016,59579.545073516725
253122,43878.016,39095.68333183487
253123,43878.016,14758.937090930782
253124,43878.016,66289.74870545417
253125,43878.016,62550.68351484225
253126,43878.016,44503.89718824903
253127,43878.016,8340.046693976317
253128,43878.016,29601.53201781652
253129,43878.016,25328.502566866915
253130,43878.016,21947.45337887654
253131,43878.016,48025.63958449334
253132,43878.016,32946.15776422201
253133,43878.016,49996.27844887726
253134,43878.016,7731.06199292724
253135,43878.016,36429.10282677309
253136,43878.016,66671.23841334414
253137,43878.016,58793.85668488609
253138,43878.016,45799.69320815359
253139,43878.016,37857.10579430651
253140,43878.016,64243.9755124243
253141,43878.016,5412.445313945696
253142,43878.016,50301.94147947412
253143,43878.016,43325.24436202576
253144,43878.016,46453.25225369151
253145,43878.016,8465.390662579664
253146,43878.016,41007.622652150756
253147,43878.016,16011.352494501829
253148,43878.016,42298.318865797744
253149,43878.016,7134.007210292534
253150,43878.016,29965.507128872978
253151,43878.016,25820.702390678416
253152,43878.016,48054.73102406633
253153,43878.016,43424.754092936404
253154,43878.016,26802.122480973932
253155,43878.016,20899.747640123234
253156,43878.016,32275.175509374814
253157,43878.016,53821.84338737082
253158,43878.016,16739.133322252022
253159,43878.016,23269.20009942469
253160,43878.016,38081.44447278441
253161,43878.016,62421.477969842075
253162,43878.016,27273.672747775996
253163,43878.016,52962.412307927414
253164,43878.016,16506.28544640189
253165,43878.016,46225.69724178433
253166,43878.016,51028.61194537909
253167,43878.016,26434.4010084235
253168,43878.016,45004.499834065384
253169,43878.016,16183.187023782722
253170,43878.016,43493.01458579152
253171,43878.016,26713.11681874107
253172,43878.016,25606.277684701803
253173,43878.016,63851.17223982852
253174,43878.016,10233.725235788106
253175,43878.016,32049.02153413334
253176,43878.016,38891.572832182566
253177,43878.016,21727.75831866737
253178,43878.016,53855.38610126171
253179,43878.016,22776.20874702529
253180,43878.016,8881.897702809489
253181,43878.016,49988.13468321749
253182,43878.016,16270.666833316758
253183,43878.016,17884.411791984785
253184,43878.016,56176.489978775084
253185,43878.016,19679.725624656683
253186,43878.016,50196.449096608216
253187,43878.016,48837.74131667413
253188,43878.016,47682.935313504335
253189,43878.016,15113.349092892306
253190,43878.016,30117.32462794987
253191,43878.016,13821.361212247679
253192,43878.016,61487.4714206036
253193,43878.016,50844.72427846566
253194,43878.016,54044.439833898075
253195,43878.016,20086.651706199667
253196,43878.016,13021.619587661482
253197,43878.016,34762.68279412397
253198,43878.016,78601.45944714997
253199,43878.016,55145.617154182044
253200,43878.016,39929.21412321508
253201,43878.016,20781.76789361197
253202,43878.016,31772.366362844372
253203,43878.016,38629.86497605397
253204,43878.016,29621.728913710424
253205,43878.016,8004.9419450747255
253206,43878.016,35989.21282561113
253207,43878.016,18389.505503975746
253208,43878.016,7970.517483806073
253209,43878.016,38648.841400798534
253210,43878.016,14321.36050880707
253211,43878.016,38157.396717292955
253212,43878.016,11768.614209602629
253213,43878.016,77908.37425902754
253214,43878.016,14256.489198730025
253215,43878.016,10360.327077216285
253216,43878.016,18450.23008534799
253217,43878.016,72877.71066721057
253218,43878.016,16162.214892168346
253219,43878.016,32410.390388648306
253220,43878.016,38934.703771985296
253221,43878.016,68048.18383776395
253222,43878.016,12382.966942501685
253223,43878.016,16454.820694562583
253224,43878.016,12051.396396059548
253225,43878.016,51170.95300326236
253226,43878.016,9861.034102426116
253227,43878.016,26671.035218695233
253228,43878.016,22489.811606571744
253229,43878.016,43112.45348853148
253230,43878.016,14912.560143903585
253231,43878.016,46029.20581670531
253232,43878.016,19009.885041001773
253233,43878.016,27398.010755833533
253234,43878.016,58292.38167889241
253235,43878.016,22284.417594413364
253236,43878.016,26589.64441583975
253237,43878.016,63135.28091845601
253238,43878.016,29689.7691472787
253239,43878.016,51654.126632654734
253240,43878.016,32201.47377955165
253241,43878.016,28413.101799816446
253242,43878.016,46074.65963236559
253243,43878.016,57783.01425970668
253244,43878.016,9277.22704319973
253245,43878.016,37658.3354362188
253246,43878.016,20865.257586722088
253247,43878.016,56044.10375025183
253248,43878.016,33929.88074768102
253249,43878.016,30831.597839442802
253250,43878.016,18270.750783996806
253251,43878.016,13984.43856400763
253252,43878.016,70419.7510932948
253253,43878.016,45073.74338594556
253254,43878.016,29778.996084010705
253255,43878.016,14493.309184044518
253256,43878.016,29042.971421649778
253257,43878.016,12038.969896173865
253258,43878.016,59821.76435583038
253259,43878.016,26262.335214672472
253260,43878.016,78478.35864455956
253261,43878.016,53968.60526965005
253262,43878.016,61001.01720845173
253263,43878.016,41410.27516218155
253264,43878.016,48375.933222567604
253265,43878.016,70044.37621380389
253266,43878.016,26334.129618644813
253267,43878.016,21016.24668207408
253268,43878.016,20929.960888327772
253269,43878.016,17876.787792691495
253270,43878.016,14460.353314174099
253271,43878.016,54291.48414096199
253272,43878.016,50614.02479103408
253273,43878.016,49991.252871069184
253274,43878.016,18002.220378049726
253275,43878.016,37266.50892337585
253276,43878.016,12767.222910888297
253277,43878.016,38105.36150154627
253278,43878.016,32569.677031898165
253279,43878.016,29689.13145476117
253280,43878.016,55869.136332538765
253281,43878.016,51626.60745247909
253282,43878.016,29848.094988641187
253283,43878.016,73063.24908038834
253284,43878.016,41629.09830724133
253285,43878.016,16264.567494028366
253286,43878.016,29099.995415861464
253287,43878.016,56127.86716091723
253288,43878.016,43987.67738540549
253289,43878.016,8244.525391658406
253290,43878.016,34696.83160884101
253291,43878.016,31042.97732906314
253292,43878.016,31431.211479884223
253293,43878.016,15809.391702688572
253294,43878.016,19371.13964245845
253295,43878.016,11465.420367848821
253296,43878.016,47206.86148700412
253297,43878.016,19712.237075318186
253298,43878.016,34392.02307232714
253299,43878.016,22286.35485465751
253300,43878.016,37327.596546264314
253301,43878.016,40852.22181565201
253302,43878.016,13530.56393820608
253303,43878.016,56335.57995689147
253304,43878.016,13476.523719691379
253305,43878.016,51749.3416581688
253306,43878.016,24387.005737018597
253307,43878.016,18913.982478767386
253308,43878.016,9877.171312817547
253309,43878.016,49954.36581910491
253310,43878.016,29920.058850288246
253311,43878.016,12762.953250589759
253312,43878.016,51577.002887680785
253313,43878.016,76184.78002454266
253314,43878.016,25029.76621685435
253315,43878.016,35981.89179952349
253316,43878.016,42266.39391231728
253317,43878.016,21405.230882835993
253318,43878.016,23286.916704920684
253319,43878.016,17560.36347351399
253320,43878.016,38199.89185850876
253321,43878.016,17893.409490790124
253322,43878.016,51747.00777803143
253323,43878.016,38340.90727118957
253324,43878.016,59607.28364208195
253325,43878.016,28194.148289395187
253326,43878.016,57406.87937696767
253327,43878.016,55382.51786763039
253328,43878.016,30737.163215524295
253329,43878.016,23144.36234743007
253330,43878.016,35445.53514700196
253331,43878.016,40831.99979378503
253332,43878.016,52485.774196310995
253333,43878.016,22851.947329274146
253334,43878.016,12294.052973781809
253335,43878.016,27135.694749744103
253336,43878.016,25270.106163663917
253337,43878.016,52023.00080044058
253338,43878.016,17607.32199495064
253339,43878.016,44935.85945314206
253340,43878.016,33961.317062510534
253341,43878.016,33477.550828786254
253342,43878.016,18410.664445078855
253343,43878.016,13731.635648702217
253344,43878.016,32391.73558052865
253345,43878.016,63432.15814147459
253346,43878.016,35904.93568936203
253347,43878.016,52430.11481942294
253348,43878.016,39871.680108109555
253349,43878.016,45245.52959586529
253350,43878.016,45179.11080377143
253351,43878.016,19693.746391653785
253352,43878.016,57642.6743740733
253353,43878.016,16231.723360508853
253354,43878.016,17115.64161729202
253355,43878.016,13717.321056587143
253356,43878.016,40519.34753924854
253357,43878.016,24136.78532988677
253358,43878.016,58971.35445462031
253359,43878.016,13634.667797080045
253360,43878.016,5474.646242445428
253361,43878.016,50586.89681882947
253362,43878.016,14665.504975146576
253363,43878.016,26223.852577393303
253364,43878.016,38570.62878005487
253365,43878.016,28461.01941479142
253366,43878.016,55759.704384669305
253367,43878.016,72003.38287560333
253368,43878.016,48215.56017398214
253369,43878.016,44598.62860559479
253370,43878.016,27141.390829606742
253371,43878.016,59592.56644099123
253372,43878.016,39999.182448222615
253373,43878.016,31956.890702354674
253374,43878.016,22256.748535142287
253375,43878.016,72910.01903113653
253376,43878.016,45596.3380179839
253377,43878.016,51725.17220598368
253378,43878.016,10343.071075166023
253379,43878.016,41240.09764605247
253380,43878.016,24452.75438047129
253381,43878.016,81868.22760821696
253382,43878.016,75309.52703767158
253383,43878.016,69869.51393740276
253384,43878.016,71366.55263449684
253385,43878.016,9098.888010746765
253386,43878.016,22583.7231936171
253387,43878.016,50295.25507299565
253388,43878.016,38689.23578195559
253389,43878.016,8208.145843309767
253390,43878.016,29397.679267787167
253391,43878.016,46059.819113626385
253392,43878.016,27668.103058414126
253393,43878.016,27667.401622272064
253394,43878.016,40827.84457696601
253395,43878.016,74942.2853609134
253396,43878.016,75272.16847958819
253397,43878.016,33933.698796975485
253398,43878.016,54454.66104536763
253399,43878.016,29255.080876992128
253400,43878.016,55913.408002756565
253401,43878.016,48313.50189638239
253402,43878.016,16540.516612138672
253403,43878.016,34250.60510425866
253404,43878.016,26856.42359682723
253405,43878.016,22454.75029740365
253406,43878.016,26945.688832024785
253407,43878.016,28258.84403033729
253408,43878.016,27972.44269758709
253409,43878.016,32366.454134157146
253410,43878.016,24514.346815197805
253411,43878.016,32012.841751915104
253412,43878.016,25253.685330139222
253413,43878.016,40210.97069953353
253414,43878.016,42291.920840187006
253415,43878.016,9022.04265528949
253416,43878.016,49559.81253818246
253417,43878.016,8386.56784044064
253418,43878.016,30287.234389839126
253419,43878.016,25431.7124232923
253420,43878.016,63180.95484453287
253421,43878.016,18183.783092742764
253422,43878.016,45058.129932964526
253423,43878.016,42299.53228316755
253424,43878.016,19075.35181055128
253425,43878.016,18401.278281112354
253426,43878.016,14504.562869531
253427,43878.016,21331.236500755225
253428,43878.016,10432.917801196178
253429,43878.016,47427.473634254675
253430,43878.016,5391.935435809121
253431,43878.016,33303.449071144976
253432,43878.016,43178.37353295648
253433,43878.016,18535.345926830094
253434,43878.016,49350.90242196015
253435,43878.016,45294.06941206596
253436,43878.016,18086.151296755565
253437,43878.016,38528.21702855481
253438,43878.016,46788.89119581001
253439,43878.016,31103.03020351179
253440,43878.016,48242.21694829392
253441,43878.016,74603.27175222542
253442,43878.016,46540.66590487226
253443,43878.016,42187.3751371952
253444,43878.016,16027.962657651158
253445,43878.016,28084.03886386172
253446,43878.016,39268.99032970907
253447,43878.016,11419.838178869562
253448,43878.016,31897.861131053996
253449,43878.016,39855.046706805115
253450,43878.016,44047.88897961641
253451,43878.016,20316.57929662533
253452,43878.016,27643.398413110725
253453,43878.016,47428.43495490959
253454,43878.016,55072.87168220106
253455,43878.016,46331.65013100072
253456,43878.016,9069.57248099858
253457,43878.016,59795.280014886346
253458,43878.016,54621.955578143024
253459,43878.016,46211.63062636607
253460,43878.016,21940.20256833932
253461,43878.016,24788.644215173368
253462,43878.016,41509.4792941352
253463,43878.016,27669.709688826017
253464,43878.016,39064.51525162624
253465,43878.016,42281.2271829556
253466,43878.016,23253.728178780682
253467,43878.016,23655.67253423055
253468,43878.016,60872.3405940465
253469,43878.016,11639.483966041122
253470,43878.016,35904.31259560175
253471,43878.016,39067.33904041643
253472,43878.016,42091.11867473937
253473,43878.016,32512.898652342792
253474,43878.016,36936.958747274555
253475,43878.016,15767.93662157974
253476,43878.016,46436.50297086237
253477,43878.016,28399.524391024603
253478,43878.016,17529.357362572086
253479,43878.016,16476.096782990742
253480,43878.016,53005.78013249961
253481,43878.016,11797.564287736765
253482,43878.016,59435.70199397543
253483,43878.016,40102.64396376081
253484,43878.016,41573.30406173972
253485,43878.016,13112.08506236207
253486,43878.016,42261.57364528094
253487,43878.016,40098.36304250303
253488,43878.016,4742.835514716118
253489,43878.016,15660.378591737695
253490,43878.016,28595.865025634797
253491,43878.016,29999.704262798394
253492,43878.016,14311.83275171036
253493,43878.016,25536.701465340604
253494,43878.016,16291.057980516682
253495,43878.016,24510.72585678921
253496,43878.016,51643.31019329699
253497,43878.016,40980.58522063197
253498,43878.016,21627.009100194904
253499,43878.016,52090.04932736565
253500,43878.016,25988.143848183037
253501,43878.016,37462.98496890173
253502,43878.016,25318.210132468666
253503,43878.016,19816.968871506702
253504,43878.016,57303.0311952193
253505,43878.016,52870.954535984936
253506,43878.016,12315.570392705578
253507,43878.016,20255.620185186093
253508,43878.016,50386.33049370073
253509,43878.016,45401.212025465065
253510,43878.016,33605.083656538955
253511,43878.016,48018.82972458466
253512,43878.016,15863.487297559295
253513,43878.016,62494.675631928614
253514,43878.016,15661.518293870573
253515,43878.016,26140.741251509695
253516,43878.016,19808.87175417711
253517,43878.016,29378.744855067587
253518,43878.016,49870.419270690414
253519,43878.016,31626.951512096024
253520,43878.016,36254.91538783295
253521,43878.016,11924.437464271792
253522,43878.016,47543.962215226675
253523,43878.016,23284.182832336788
253524,43878.016,14453.350845942727
253525,43878.016,13266.018824871458
253526,43878.016,18629.121086836116
253527,43878.016,36883.29988931955
253528,43878.016,56298.24866173397
253529,43878.016,65889.05397618432
253530,43878.016,38770.539283938946
253531,43878.016,72077.46892177741
253532,43878.016,40252.52646679289
253533,43878.016,33931.86822784789
253534,43878.016,36808.33487877014
253535,43878.016,20626.059343226716
253536,43878.016,22100.91819976337
253537,43878.016,56473.39036645307
253538,43878.016,23457.378257976783
253539,43878.016,67233.78464413408
253540,43878.016,34681.97361478825
253541,43878.016,63132.4897099752
253542,43878.016,68648.8771391854
253543,43878.016,30034.660905828645
253544,43878.016,51487.343365025314
253545,43878.016,40077.009535860634
253546,43878.016,56444.90250132249
253547,43878.016,23797.58766826952
253548,43878.016,22289.62229339776
253549,43878.016,57166.90370751901
253550,43878.016,32067.740382205753
253551,43878.016,36526.05638886695
253552,43878.016,27322.109797055193
253553,43878.016,30729.615035989802
253554,43878.016,18854.24050543376
253555,43878.016,51531.24453382335
253556,43878.016,16871.583788003045
253557,43878.016,22122.02361207507
253558,43878.016,8966.21806097078
253559,43878.016,25375.11741637618
253560,43878.016,12011.857256870875
253561,43878.016,48674.16200712681
253562,43878.016,55961.12118294795
253563,43878.016,36741.89604153914
253564,43878.016,9983.341304188412
253565,43878.016,38616.49778925411
253566,43878.016,14007.880741210816
253567,43878.016,38527.753859661105
253568,43878.016,13391.534746259684
253569,43878.016,18660.850515298367
253570,43878.016,10279.521818189121
253571,43878.016,66100.35854450286
253572,43878.016,44304.065818004725
253573,43878.016,59974.14109303152
253574,43878.016,14216.538181071352
253575,43878.016,48640.415336728984
253576,43878.016,58358.02737115905
253577,43878.016,35960.9284544977
253578,43878.016,9640.05922955693
253579,43878.016,44203.71267128693
253580,43878.016,19566.1264503205
253581,43878.016,46260.57319719041
253582,43878.016,38209.13943436983
253583,43878.016,10724.328713988532
253584,43878.016,10678.248547345132
253585,43878.016,11088.829314956742
253586,43878.016,39839.47641326769
253587,43878.016,30110.09007418664
253588,43878.016,43085.32196564137
253589,43878.016,50178.63432519119
253590,43878.016,58750.56148307155
253591,43878.016,12035.804389251183
253592,43878.016,67473.68364184767
253593,43878.016,38488.0522631344
253594,43878.016,72134.48436274643
253595,43878.016,15476.887603042636
253596,43878.016,33373.536381485676
253597,43878.016,39279.133107622816
253598,43878.016,10112.434433288654
253599,43878.016,21804.28847266035
253600,43878.016,10337.042269029664
253601,43878.016,20017.188652623583
253602,43878.016,9696.363402407851
253603,43878.016,41713.731988764855
253604,43878.016,43527.49601577816
253605,43878.016,23265.79130590369
253606,43878.016,52124.48207345086
253607,43878.016,55726.64063955577
253608,43878.016,6751.370735381616
253609,43878.016,29445.889036584424
253610,43878.016,28877.02782120749
253611,43878.016,40880.85293315587
253612,43878.016,13262.510596190266
253613,43878.016,9444.559989204208
253614,43878.016,45302.52732333418
253615,43878.016,51273.474714704294
253616,43878.016,42367.180649870315
253617,43878.016,8442.214151476082
253618,43878.016,72392.38749568518
253619,43878.016,42612.74657108478
253620,43878.016,11864.910355249998
253621,43878.016,23325.48020816777
253622,43878.016,12960.63001506502
253623,43878.016,25634.138547276016
253624,43878.016,55111.04480288599
253625,43878.016,16097.043663108505
253626,43878.016,29137.47942592517
253627,43878.016,57421.08132963095
253628,43878.016,47845.66674797685
253629,43878.016,18151.603452647018
253630,43878.016,58080.772291159425
253631,43878.016,8342.335153117843
253632,43878.016,36337.57412822672
253633,43878.016,16285.019848631173
253634,43878.016,28910.77551017487
253635,43878.016,37294.90339186322
253636,43878.016,21546.6881800333
253637,43878.016,37197.4431709801
253638,43878.016,34956.51986051092
253639,43878.016,31335.689869478912
253640,43878.016,53079.085990388274
253641,43878.016,24427.705579935515
253642,43878.016,29254.541755596932
253643,43878.016,45348.092892338966
253644,43878.016,39770.700110935366
253645,43878.016,47684.05014048303
253646,43878.016,10652.229715923004
253647,43878.016,10849.744251348759
253648,43878.016,9360.40076974645
253649,43878.016,47438.85287183392
253650,43878.016,24427.269681276164
253651,43878.016,57480.33644535668
253652,43878.016,17329.75474729417
253653,43878.016,16435.97671778723
253654,43878.016,19753.41358411208
253655,43878.016,45905.468519948234
253656,43878.016,18088.61917841623
253657,43878.016,63475.73370515885
253658,43878.016,42716.52688713408
253659,43878.016,31784.78799737411
253660,43878.016,57106.40363829155
253661,43878.016,6110.137722081574
253662,43878.016,37151.872679989785
253663,43878.016,48314.981917283294
253664,43878.016,47838.05634538
253665,43878.016,20717.918665433794
253666,43878.016,32516.78448262923
253667,43878.016,53366.69571306006
253668,43878.016,33170.0624762263
253669,43878.016,16023.986815031622
253670,43878.016,18150.233560459146
253671,43878.016,22386.31296503914
253672,43878.016,11617.756062955308
253673,43878.016,19464.098206677634
253674,43878.016,50496.148006774405
253675,43878.016,30503.49365340229
253676,43878.016,24491.017859075644
253677,43878.016,45936.209359011584
253678,43878.016,25546.220180375072
253679,43878.016,27505.25863801286
253680,43878.016,57613.5621334182
253681,43878.016,53294.65164888981
253682,43878.016,52051.14035363552
253683,43878.016,29169.714044464785
253684,43878.016,34529.93801104493
253685,43878.016,31091.490858177178
253686,43878.016,7946.885405171084
253687,43878.016,12988.616517982633
253688,43878.016,45703.91885646903
253689,43878.016,23648.084293925887
253690,43878.016,55921.27144799786
253691,43878.016,44740.42772704446
253692,43878.016,69521.97133677767
253693,43878.016,25096.005208975017
253694,43878.016,91321.9640747628
253695,43878.016,15944.15167058694
253696,43878.016,29897.31736208493
253697,43878.016,19129.836927988166
253698,43878.016,67108.4449723805
253699,43878.016,34903.29243236947
253700,43878.016,37426.82233535811
253701,43878.016,8167.689376339689
253702,43878.016,18222.113053874957
253703,43878.016,23273.83235207207
253704,43878.016,54829.14486510502
253705,43878.016,41156.29244690634
253706,43878.016,65578.982410165
253707,43878.016,59733.31615297521
253708,43878.016,14422.470008172404
253709,43878.016,32787.40807312395
253710,43878.016,19197.56691268924
253711,43878.016,33632.91165144494
253712,43878.016,63313.418039470074
253713,43878.016,14087.499629827687
253714,43878.016,64869.48980757928
253715,43878.016,46971.207837284375
253716,43878.016,48987.88380414253
253717,43878.016,50278.066975600916
253718,43878.016,43646.684824553
253719,43878.016,46471.354983231984
253720,43878.016,47367.11378500193
253721,43878.016,11732.242689345892
253722,43878.016,57465.690309959726
253723,43878.016,18430.279929670538
253724,43878.016,27498.26380288967
253725,43878.016,17905.45031951758
253726,43878.016,22328.93485435697
253727,43878.016,23027.473097482576
253728,43878.016,30338.733997919786
253729,43878.016,67691.0556542718
253730,43878.016,8418.377559384277
253731,43878.016,37251.68952324984
253732,43878.016,5544.0913177247185
253733,43878.016,44377.65408241853
253734,43878.016,61043.11152600771
253735,43878.016,37005.04138732787
253736,43878.016,14714.784390111898
253737,43878.016,57121.349920462104
253738,43878.016,51826.41643451825
253739,43878.016,60053.66317439069
253740,43878.016,24896.79657969593
253741,43878.016,45991.35933475093
253742,43878.016,33282.764587306134
253743,43878.016,33284.974325894815
253744,43878.016,42122.22898508157
253745,43878.016,58176.54954656553
253746,43878.016,56450.37439200775
253747,43878.016,29121.194125649283
253748,43878.016,28308.332384810736
253749,43878.016,84199.4163932262
253750,43878.016,46003.76912574188
253751,43878.016,4067.4658340755927
253752,43878.016,60467.37918985881
253753,43878.016,15023.987332426503
253754,43878.016,56837.21300240787
253755,43878.016,46397.757787790855
253756,43878.016,44702.950042275676
253757,43878.016,12470.996693382498
253758,43878.016,41619.999155670535
253759,43878.016,25634.688694876495
253760,43878.016,40568.52694811756
253761,43878.016,23214.03122030908
253762,43878.016,40825.66811970929
253763,43878.016,60216.73523463485
253764,43878.016,46075.695319372935
253765,43878.016,15844.64013150471
253766,43878.016,15514.454575226984
253767,43878.016,16268.56409957597
253768,43878.016,22641.430138242154
253769,43878.016,10026.173418476947
253770,43878.016,43558.79068796754
253771,43878.016,29330.531705329475
253772,43878.016,30666.49323014183
253773,43878.016,41336.92875751357
253774,43878.016,8777.948343941873
253775,43878.016,18581.155828582065
253776,43878.016,43314.264300356204
253777,43878.016,52173.39394639037
253778,43878.016,33241.83341687073
253779,43878.016,69470.09389353392
253780,43878.016,21902.716471674612
253781,43878.016,53894.54345472747
253782,43878.016,29060.462270964425
253783,43878.016,12485.188494523425
253784,43878.016,44428.37808888398
253785,43878.016,28692.47888569416
253786,43878.016,17649.93959888386
253787,43878.016,34220.66626979696
253788,43878.016,38300.46129893965
253789,43878.016,20472.80939653083
253790,43878.016,43408.09000398152
253791,43878.016,15438.288168064437
253792,43878.016,43205.74637639378
253793,43878.016,13566.225528677747
253794,43878.016,23285.0710619406
253795,43878.016,34385.524813693584
253796,43878.016,81502.03015484041
253797,43878.016,63855.2706945865
253798,43878.016,10007.268571611878
253799,43878.016,16423.77861947939
253800,43878.016,41529.80720554032
253801,43878.016,84915.37504107351
253802,43878.016,22400.83804106131
253803,43878.016,33339.280910863476
253804,43878.016,64398.605741888176
253805,43878.016,29174.764015611097
253806,43878.016,25362.383178533037
253807,43878.016,24412.86105273069
253808,43878.016,28645.031470064972
253809,43878.016,47641.19900979637
253810,43878.016,42610.787055941946
253811,43878.016,40286.15449946378
253812,43878.016,49750.49351667054
253813,43878.016,15757.601065575645
253814,43878.016,7630.908266013265
253815,43878.016,54271.33397603704
253816,43878.016,65603.87547264631
253817,43878.016,27274.79970652274
253818,43878.016,49608.994066574895
253819,43878.016,12286.711602366007
253820,43878.016,25120.314475738032
253821,43878.016,23470.752680420024
253822,43878.016,45150.78204198384
253823,43878.016,12762.538323067372
253824,43878.016,52365.78441530626
253825,43878.016,19680.584660615685
253826,43878.016,48850.58072867937
253827,43878.016,6883.850037758746
253828,43878.016,27162.444436984213
253829,43878.016,16766.43725831947
253830,43878.016,6200.894228150847
253831,43878.016,21100.294947815582
253832,43878.016,24765.79445877192
253833,43878.016,30582.23634510681
253834,43878.016,44610.48113426096
253835,43878.016,36626.229626480716
253836,43878.016,22641.034125436163
253837,43878.016,22596.437302352562
253838,43878.016,37773.19555891944
253839,43878.016,47994.09142431591
253840,43878.016,28971.789929358696
253841,43878.016,12833.517194331876
253842,43878.016,53775.11527441273
253843,43878.016,11857.347397368781
253844,43878.016,46998.356655050935
253845,43878.016,40071.99844796211
253846,43878.016,38111.55366171145
253847,43878.016,41971.39107132325
253848,43878.016,13868.705320261173
253849,43878.016,38224.31854981563
253850,43878.016,56166.978091624966
253851,43878.016,61183.33509957635
253852,43878.016,30784.327771333752
253853,43878.016,58705.12978404237
253854,43878.016,59503.250263808564
253855,43878.016,26159.90043276308
253856,43878.016,33469.658695567116
253857,43878.016,12757.091417180634
253858,43878.016,39748.506300770074
253859,43878.016,20364.580138436115
253860,43878.016,18328.370628537697
253861,43878.016,21436.954411484956
253862,43878.016,34483.70246628458
253863,43878.016,13159.250548376323
253864,43878.016,67346.89306811872
253865,43878.016,20423.166769253778
253866,43878.016,36128.28473869969
253867,43878.016,50451.137853790766
253868,43878.016,19397.969347008282
253869,43878.016,19810.55922818725
253870,43878.016,21810.044656964667
253871,43878.016,42714.26114337584
253872,43878.016,32465.691502970785
253873,43878.016,36418.9196132881
253874,43878.016,23468.038711815
253875,43878.016,37795.82925698962
253876,43878.016,17799.381836189496
253877,43878.016,37625.81443285957
253878,43878.016,78254.91428953182
253879,43878.016,26863.514672570258
253880,43878.016,48581.024950629704
253881,43878.016,9651.78750349255
253882,43878.016,42198.47834857458
253883,43878.016,19222.079132601182
253884,43878.016,65193.67040127582
253885,43878.016,78312.26926930151
253886,43878.016,16125.56752699203
253887,43878.016,15360.24094036718
253888,43878.016,39915.61007153012
253889,43878.016,17212.237402369814
253890,43878.016,41196.24207859257
253891,43878.016,77848.12263404287
253892,43878.016,78393.55442331466
253893,43878.016,23810.88510763125
253894,43878.016,60595.27288763062
253895,43878.016,54929.93866364703
253896,43878.016,25679.67876438773
253897,43878.016,22108.270852197384
253898,43878.016,94675.23957827657
253899,43878.016,26369.87787989172
253900,43878.016,55563.532124824815
253901,43878.016,54507.390352448536
253902,43878.016,39818.891929079815
253903,43878.016,22373.407194686657
253904,43878.016,14301.252290579168
253905,43878.016,52534.296479786695
253906,43878.016,12202.426586537124
253907,43878.016,42129.51940710505
253908,43878.016,26385.851891147326
253909,43878.016,10535.645090581922
253910,43878.016,44449.928086212385
253911,43878.016,10820.272003910393
253912,43878.016,55289.222532080974
253913,43878.016,29822.603434918397
253914,43878.016,54566.39803807947
253915,43878.016,47103.312842440864
253916,43878.016,41270.038657094934
253917,43878.016,15629.990921609173
253918,43878.016,14568.509170751508
253919,43878.016,40407.76160379984
253920,43878.016,60696.2145145315
253921,43878.016,19935.086822790585
253922,43878.016,37894.469510511066
253923,43878.016,47894.632578075274
253924,43878.016,31556.872251983354
253925,43878.016,23065.595317025934
253926,43878.016,32853.12759438174
253927,43878.016,45243.26172437384
253928,43878.016,52217.94394163874
253929,43878.016,37284.717439185966
253930,43878.016,25650.10398165563
253931,43878.016,59134.92615902741
253932,43878.016,25024.508050545526
253933,43878.016,55259.515964774415
253934,43878.016,69852.94398452473
253935,43878.016,39947.62070208263
253936,43878.016,42861.575948652564
253937,43878.016,22867.499230218877
253938,43878.016,59911.85444086855
253939,43878.016,9415.374623687747
253940,43878.016,15651.629892195839
253941,43878.016,85763.43240764936
253942,43878.016,18595.17276878552
253943,43878.016,56842.313248985236
253944,43878.016,28983.384666746748
253945,43878.016,43318.896160584394
253946,43878.016,63867.72062839567
253947,43878.016,23987.365429275273
253948,43878.016,21274.681757023365
253949,43878.016,17435.42120304531
253950,43878.016,22125.688753674563
253951,43878.016,45649.58359174619
253952,43878.016,63342.07427325524
253953,43878.016,15567.44352686789
253954,43878.016,32617.363621294688
253955,43878.016,19844.213414222053
253956,43878.016,59245.29778817914
253957,43878.016,53014.25455159539
253958,43878.016,28486.98060656788
253959,43878.016,42322.86369182689
253960,43878.016,33089.07590188625
253961,43878.016,27760.35838778607
253962,43878.016,14949.940350223465
253963,43878.016,16605.550422344946
253964,43878.016,52493.1611994734
253965,43878.016,28240.884481918798
253966,43878.016,23700.69076659996
253967,43878.016,70111.48249849907
253968,43878.016,11100.551667086114
253969,43878.016,40140.89321256818
253970,43878.016,33799.56946696821
253971,43878.016,29418.21982779267
253972,43878.016,41810.77905574241
253973,43878.016,21910.183932098975
253974,43878.016,22707.49421708065
253975,43878.016,19667.979215543855
253976,43878.016,47736.43168710757
253977,43878.016,40438.5615764498
253978,43878.016,32820.38177611292
253979,43878.016,13543.337135401005
253980,43878.016,25495.0237783548
253981,43878.016,41971.079817725054
253982,43878.016,46144.54322494542
253983,43878.016,15942.014928839339
253984,43878.016,27067.48698958858
253985,43878.016,29233.193753766653
253986,43878.016,48859.27091469942
253987,43878.016,59719.490566990426
253988,43878.016,61557.347900799505
253989,43878.016,8692.093547970386
253990,43878.016,55924.80249249644
253991,43878.016,45786.535063953466
253992,43878.016,36200.935753967344
253993,43878.016,27778.53623227374
253994,43878.016,12027.447941434295
253995,43878.016,34971.41645441237
253996,43878.016,44695.55088873842
253997,43878.016,45667.969542407394
253998,43878.016,28209.916266375763
253999,43878.016,35621.38656290467
254000,43878.016,10639.411744278405
254001,43878.016,37808.45242911829
254002,43878.016,59489.99219847113
254003,43878.016,17679.750796761004
254004,43878.016,71570.69296886084
254005,43878.016,37393.515939308636
254006,43878.016,22923.803791884307
254007,43878.016,44425.785108855314
254008,43878.016,61177.58448957001
254009,43878.016,15765.187878375504
254010,43878.016,84113.11979992231
254011,43878.016,18662.402583873747
254012,43878.016,18855.59057645885
254013,43878.016,38168.67911050062
254014,43878.016,16745.198964717038
254015,43878.016,116608.23734445802
254016,43878.016,43737.44338555079
254017,43878.016,35111.04124935743
254018,43878.016,24727.180293229052
254019,43878.016,66200.41757876595
254020,43878.016,18603.556684748415
254021,43878.016,54743.74284968503
254022,43878.016,6461.464439912666
254023,43878.016,63889.91861327775
254024,43878.016,39544.57631266765
254025,43878.016,19691.06456054644
254026,43878.016,32970.900632147124
254027,43878.016,38917.03441972734
254028,43878.016,22459.95629872369
254029,43878.016,46057.16105870731
254030,43878.016,9754.204815055145
254031,43878.016,29068.32668321002
254032,43878.016,62592.23874614763
254033,43878.016,49975.74672137985
254034,43878.016,33129.25248120484
254035,43878.016,28697.282883953023
254036,43878.016,62958.486707028496
254037,43878.016,39953.25907973754
254038,43878.016,36592.584286864374
254039,43878.016,31289.879182643323
254040,43878.016,13692.164904055404
254041,43878.016,31801.114055942664
254042,43878.016,19097.324894116235
254043,43878.016,31551.45542340877
254044,43878.016,16846.611915709378
254045,43878.016,26132.78241162761
254046,43878.016,13112.269912275846
254047,43878.016,29395.490777342216
254048,43878.016,16739.652951483313
254049,43878.016,69982.82264326583
254050,43878.016,33938.87486209892
254051,43878.016,16907.345046816794
254052,43878.016,7645.732160997922
254053,43878.016,14431.791762982752
254054,43878.016,17041.896477181668
254055,43878.016,25516.4133547175
254056,43878.016,41947.14465789689
254057,43878.016,8671.813698918731
254058,43878.016,23725.968292176833
254059,43878.016,11392.859878898644
254060,43878.016,9946.897051773314
254061,43878.016,39617.22066190483
254062,43878.016,57844.51615987212
254063,43878.016,11990.598192458967
254064,43878.016,15538.38513908006
254065,43878.016,29557.21123038472
254066,43878.016,8814.583429767907
254067,43878.016,22110.839567224484
254068,43878.016,26511.684669856626
254069,43878.016,34163.47717165036
254070,43878.016,40606.56173666914
254071,43878.016,15188.014584865077
254072,43878.016,41999.83471377348
254073,43878.016,26291.927736152582
254074,43878.016,12357.94325972484
254075,43878.016,28434.304086547545
254076,43878.016,13377.662134470977
254077,43878.016,28426.606808697554
254078,43878.016,43795.531251434084
254079,43878.016,9874.141387775704
254080,43878.016,12469.799970863267
254081,43878.016,22476.264782415707
254082,43878.016,49633.39388271301
254083,43878.016,54413.018412882935
254084,43878.016,27665.556399241865
254085,43878.016,30265.422716584057
254086,43878.016,37636.465775988756
254087,43878.016,29317.03080016067
254088,43878.016,74940.51915860221
254089,43878.016,14360.851488522905
254090,43878.016,23150.57271000137
254091,43878.016,14501.894634443232
254092,43878.016,27769.15347337488
254093,43878.016,12377.334149903654
254094,43878.016,14193.153966898872
254095,43878.016,35215.669632394995
254096,43878.016,27089.292833598935
254097,43878.016,23405.395944547396
254098,43878.016,20726.804144157963
254099,43878.016,61287.592062078824
254100,43878.016,74143.88009740859
254101,43878.016,18006.51988635349
254102,43878.016,31772.99120206987
254103,43878.016,27843.392450626525
254104,43878.016,43886.05769364755
254105,43878.016,58428.71305262572
254106,43878.016,11194.970526771458
254107,43878.016,29415.42089599006
254108,43878.016,12376.111968852543
254109,43878.016,40887.20306736798
254110,43878.016,21229.82656418383
254111,43878.016,49732.02200299382
254112,43878.016,43049.28858036843
254113,43878.016,18488.809570144047
254114,43878.016,38730.00475366596
254115,43878.016,46412.56190414057
254116,43878.016,66935.79402995828
254117,43878.016,28170.517819694724
254118,43878.016,27426.677646246753
254119,43878.016,37506.47410193316
254120,43878.016,18084.759097941544
254121,43878.016,11957.537247517637
254122,43878.016,52477.98758490047
254123,43878.016,5745.352239715001
254124,43878.016,45597.34319558238
254125,43878.016,16451.115493730722
254126,43878.016,51421.508892849684
254127,43878.016,21861.01470779245
254128,43878.016,37588.33841831467
254129,43878.016,36844.754231137886
254130,43878.016,21731.711245495382
254131,43878.016,54745.76461120107
254132,43878.016,25548.033133648616
254133,43878.016,17299.583259875784
254134,43878.016,40287.00106475099
254135,43878.016,34082.74964960117
254136,43878.016,59968.13156118451
254137,43878.016,42776.59964196362
254138,43878.016,13573.92044817362
254139,43878.016,17581.19208114961
254140,43878.016,39600.22684674784
254141,43878.016,46847.336071890466
254142,43878.016,22332.483959994075
254143,43878.016,41935.67249942017
254144,43878.016,61232.220719460216
254145,43878.016,36874.54524151877
254146,43878.016,23800.228299867416
254147,43878.016,33920.628514097756
254148,43878.016,23226.725170825368
254149,43878.016,23732.23095554121
254150,43878.016,38799.39282167039
254151,43878.016,24718.31373900811
254152,43878.016,35230.396388067464
254153,43878.016,39662.370963217
254154,43878.016,26791.7683110287
254155,43878.016,46400.862677499776
254156,43878.016,50126.73817019426
254157,43878.016,11289.973468756556
254158,43878.016,10516.819406944516
254159,43878.016,12437.322193329597
254160,43878.016,43656.67115125912
254161,43878.016,50001.14679461663
254162,43878.016,33249.71040797451
254163,43878.016,52735.76837266399
254164,43878.016,33922.203680716644
254165,43878.016,28297.375386808548
254166,43878.016,69247.7098903064
254167,43878.016,34253.96180928976
254168,43878.016,38169.00773380011
254169,43878.016,43716.70900386998
254170,43878.016,77133.4916088476
254171,43878.016,56102.7174356792
254172,43878.016,43625.86581344766
254173,43878.016,46249.75086054303
254174,43878.016,51007.33400301646
254175,43878.016,18715.688688534163
254176,43878.016,32039.02619128847
254177,43878.016,31344.751988596203
254178,43878.016,20082.85730891836
254179,43878.016,16149.142033145788
254180,43878.016,6518.699947161231
254181,43878.016,43050.88744627122
254182,43878.016,35240.70739790879
254183,43878.016,14888.427016698843
254184,43878.016,62075.40065337332
254185,43878.016,18776.4983227111
254186,43878.016,48911.416545247186
254187,43878.016,22854.049563892288
254188,43878.016,17566.30981727343
254189,43878.016,21084.014436815043
254190,43878.016,53029.54890278699
254191,43878.016,24109.16086325282
254192,43878.016,59996.26806336432
254193,43878.016,29006.677715972553
254194,43878.016,32131.601214429797
254195,43878.016,21065.02393425862
254196,43878.016,22585.657344775558
254197,43878.016,19652.105732271953
254198,43878.016,58851.392796326254
254199,43878.016,31159.192581306877
254200,43878.016,43830.82129154989
254201,43878.016,41870.22310915812
254202,43878.016,17281.586510125693
254203,43878.016,51829.51477194125
254204,43878.016,53780.97224750875
254205,43878.016,34056.2876226345
254206,43878.016,33695.22701369236
254207,43878.016,10789.139061650943
254208,43878.016,24417.33910271641
254209,43878.016,26637.490803173383
254210,43878.016,11756.6966219133
254211,43878.016,10933.15892355183
254212,43878.016,52370.61705987039
254213,43878.016,45774.446452172466
254214,43878.016,14926.917587270978
254215,43878.016,46192.32327489351
254216,43878.016,38618.7538656144
254217,43878.016,38575.20585633995
254218,43878.016,19655.168940121832
254219,43878.016,46435.596900829565
254220,43878.016,19642.938317356995
254221,43878.016,30479.4958303595
254222,43878.016,20998.042928555
254223,43878.016,56059.50714320863
254224,43878.016,54393.15908208526
254225,43878.016,69133.8769088176
254226,43878.016,59749.91450502466
254227,43878.016,29101.05890705931
254228,43878.016,58369.003231887895
254229,43878.016,17675.532123160607
254230,43878.016,21942.67948476962
254231,43878.016,32130.24386884682
254232,43878.016,73441.01292388036
254233,43878.016,32092.113719824487
254234,43878.016,13450.086636992233
254235,43878.016,41383.33778301905
254236,43878.016,20681.34897500501
254237,43878.016,25643.70790666192
254238,43878.016,57211.23962103164
254239,43878.016,65620.52428037226
254240,43878.016,41021.447965324085
254241,43878.016,75647.18789757855
254242,43878.016,63257.909972506124
254243,43878.016,43855.62409581683
254244,43878.016,11712.746992379374
254245,43878.016,50156.258150252535
254246,43878.016,37889.44754566502
254247,43878.016,21297.51068742176
254248,43878.016,21707.890094057053
254249,43878.016,42200.667633323166
254250,43878.016,59057.491937815226
254251,43878.016,40951.390052988674
254252,43878.016,21434.612844505828
254253,43878.016,57422.48306103849
254254,43878.016,43717.62295431567
254255,43878.016,33377.98738968201
254256,43878.016,10871.160112453761
254257,43878.016,17572.194012940265
254258,43878.016,66436.30655846771
254259,43878.016,64504.937162969094
254260,43878.016,39860.02872993233
254261,43878.016,38674.07813087153
254262,43878.016,35554.13838236736
254263,43878.016,57973.72620721838
254264,43878.016,41053.84216620257
254265,43878.016,19740.75595964399
254266,43878.016,13442.189318233246
254267,43878.016,48163.38475979803
254268,43878.016,60223.95008694783
254269,43878.016,34838.17553378601
254270,43878.016,5258.107115833176
254271,43878.016,8672.782871875055
254272,43878.016,47217.534118440715
254273,43878.016,8232.12764278945
254274,43878.016,39418.39702811946
254275,43878.016,24087.896313392586
254276,43878.016,29770.2006702888
254277,43878.016,11135.41441634695
254278,43878.016,37183.48704232608
254279,43878.016,41878.35727070759
254280,43878.016,39352.99268182627
254281,43878.016,28881.64458081353
254282,43878.016,75510.85074625278
254283,43878.016,29993.635616018015
254284,43878.016,29025.087374404317
254285,43878.016,47974.09612316976
254286,43878.016,27050.873982456866
254287,43878.016,35131.05943453192
254288,43878.016,53398.42890196957
254289,43878.016,49312.233129440974
254290,43878.016,9425.860388471838
254291,43878.016,13735.300261358321
254292,43878.016,29431.378779737348
254293,43878.016,41713.44887362443
254294,43878.016,4930.857740197741
254295,43878.016,52656.45682675242
254296,43878.016,12279.254497417876
254297,43878.016,17484.092603768386
254298,43878.016,8864.954059514235
254299,43878.016,28476.54424460532
254300,43878.016,47060.582897233966
254301,43878.016,15589.459300851668
254302,43878.016,8007.663094830666
254303,43878.016,73388.00651857538
254304,43878.016,46796.69212291412
254305,43878.016,30437.711304426113
254306,43878.016,59017.4640105821
254307,43878.016,21408.590808019373
254308,43878.016,67351.15755409418
254309,43878.016,4660.230877556798
254310,43878.016,48498.350023674255
254311,43878.016,32374.148449665707
254312,43878.016,37019.7004218067
254313,43878.016,39683.3470583836
254314,43878.016,61468.02806746653
254315,43878.016,45398.47434038591
254316,43878.016,9759.929609769953
254317,43878.016,72428.36997330378
254318,43878.016,18142.442540668453
254319,43878.016,64650.97452649289
254320,43878.016,50608.84080123937
254321,43878.016,16011.908746401677
254322,43878.016,39279.32493141882
254323,43878.016,67542.93391428293
254324,43878.016,21975.69497935888
254325,43878.016,25404.619222800415
254326,43878.016,43762.08425588273
254327,43878.016,28959.238062955355
254328,43878.016,18526.091634599037
254329,43878.016,42210.929272380374
254330,43878.016,21560.186239365546
254331,43878.016,18635.2469257618
254332,43878.016,40539.62150150678
254333,43878.016,38745.21663559697
254334,43878.016,16150.102261109703
254335,43878.016,21680.243084082893
254336,43878.016,13336.873068150851
254337,43878.016,12563.907902261262
254338,43878.016,11746.192221358257
254339,43878.016,48232.242011978975
254340,43878.016,36823.367777963154
254341,43878.016,25635.22662382054
254342,43878.016,13432.692499042789
254343,43878.016,8790.549240604669
254344,43878.016,8753.887190492907
254345,43878.016,8293.687040366407
254346,43878.016,6369.584736216752
254347,43878.016,50544.77378394621
254348,43878.016,39629.1151271686
254349,43878.016,43079.407332276896
254350,43878.016,9410.35985034466
254351,43878.016,51828.12904598368
254352,43878.016,22546.647238381123
254353,43878.016,57278.42954393929
254354,43878.016,12314.153194758432
254355,43878.016,27921.28944855001
254356,43878.016,61602.942785172665
254357,43878.016,62057.174532748104
254358,43878.016,52920.35063635881
254359,43878.016,48704.440170335474
254360,43878.016,23619.509965515514
254361,43878.016,11383.25429521012
254362,43878.016,12319.214484836257
254363,43878.016,59118.66594750987
254364,43878.016,39409.447240730624
254365,43878.016,51465.05333234883
254366,43878.016,28241.265671583744
254367,43878.016,19968.971382103668
254368,43878.016,44781.867951742795
254369,43878.016,23727.59422642737
254370,43878.016,59897.737102351864
254371,43878.016,20788.92944392118
254372,43878.016,37796.89346665284
254373,43878.016,52766.32420189536
254374,43878.016,19456.990922025114
254375,43878.016,30380.304463804154
254376,43878.016,33742.30156877146
254377,43878.016,8712.9080098292
254378,43878.016,13874.232453840603
254379,43878.016,31616.947810741916
254380,43878.016,47019.951985751446
254381,43878.016,77798.36761479035
254382,43878.016,46517.60269461971
254383,43878.016,28337.63752211187
254384,43878.016,44641.3280383236
254385,43878.016,56533.110007309115
254386,43878.016,15105.384915018603
254387,43878.016,47013.165006147356
254388,43878.016,11150.30503868481
254389,43878.016,34956.389632346676
254390,43878.016,43646.08256314458
254391,43878.016,13000.19861716941
254392,43878.016,46789.77576986089
254393,43878.016,13315.523119917363
254394,43878.016,7808.902913017014
254395,43878.016,17187.11773630951
254396,43878.016,51888.521455470225
254397,43878.016,33314.65440243679
254398,43878.016,12653.787634574022
254399,43878.016,58187.992363772064
254400,43878.016,20431.816103402853
254401,43878.016,23070.61417712712
254402,43878.016,65427.71882060678
254403,43878.016,44007.34149602168
254404,43878.016,24709.63242281335
254405,43878.016,15069.698821907523
254406,43878.016,31705.168302956496
254407,43878.016,66872.6405415599
254408,43878.016,10704.899325163384
254409,43878.016,56946.853503977494
254410,43878.016,66882.11666426275
254411,43878.016,33661.76882878765
254412,43878.016,66931.82077869782
254413,43878.016,54941.559444017505
254414,43878.016,64634.634725316195
254415,43878.016,23557.78556897049
254416,43878.016,31109.10786077742
254417,43878.016,11579.196521754688
254418,43878.016,28755.83329541817
254419,43878.016,72898.38598515154
254420,43878.016,48486.89169786966
254421,43878.016,4731.852038060229
254422,43878.016,30742.10665277769
254423,43878.016,5857.7519195303
254424,43878.016,43949.49412196302
254425,43878.016,48430.84498572677
254426,43878.016,77366.20367534802
254427,43878.016,70306.33351414035
254428,43878.016,8437.009039720424
254429,43878.016,20136.03702179197
254430,43878.016,27692.66001614102
254431,43878.016,31810.226519561194
254432,43878.016,28955.72236144803
254433,43878.016,37846.37534991318
254434,43878.016,28521.208995012905
254435,43878.016,9174.146141892268
254436,43878.016,64026.20559619639
254437,43878.016,58281.92225286702
254438,43878.016,61190.30587617615
254439,43878.016,58346.52356481758
254440,43878.016,70603.01424639876
254441,43878.016,27145.552129520067
254442,43878.016,6954.170390855583
254443,43878.016,44327.20703681864
254444,43878.016,79260.60991090236
254445,43878.016,50709.02192424992
254446,43878.016,25039.43328534011
254447,43878.016,49280.08853538659
254448,43878.016,14091.342863758731
254449,43878.016,49351.18501683399
254450,43878.016,50302.86750933156
254451,43878.016,8599.33297377511
254452,43878.016,9738.237506075446
254453,43878.016,31327.02488702257
254454,43878.016,62055.31090667992
254455,43878.016,21901.093197755086
254456,43878.016,24038.271408509874
254457,43878.016,24575.118377322022
254458,43878.016,19035.85457546242
254459,43878.016,63716.95090763377
254460,43878.016,42078.48886481429
254461,43878.016,11285.513704596564
254462,43878.016,25571.918293465762
254463,43878.016,39273.850188004486
254464,43878.016,31767.114222450935
254465,43878.016,49870.43260398649
254466,43878.016,6840.887511203937
254467,43878.016,11272.396379995711
254468,43878.016,18913.889856920698
254469,43878.016,63107.30048953196
254470,43878.016,21453.727285219662
254471,43878.016,59047.11768632181
254472,43878.016,46104.3051253173
254473,43878.016,5054.599580886069
254474,43878.016,43346.3946956179
254475,43878.016,49977.11396238912
254476,43878.016,21413.064708543963
254477,43878.016,64816.294940779626
254478,43878.016,6784.8343610281345
254479,43878.016,52615.21748754403
254480,43878.016,12257.107808596658
254481,43878.016,49285.00856282401
254482,43878.016,31765.345458463737
254483,43878.016,7912.315250655456
254484,43878.016,53667.98614508543
254485,43878.016,36163.59410623908
254486,43878.016,9888.858566276576
254487,43878.016,48062.541618421106
254488,43878.016,13279.125173395745
254489,43878.016,17202.867409376995
254490,43878.016,58697.68167478125
254491,43878.016,40449.42048694291
254492,43878.016,43420.64873704422
254493,43878.016,30731.192070270492
254494,43878.016,50543.29998825715
254495,43878.016,27935.481992364344
254496,43878.016,44181.920706829784
254497,43878.016,17624.630888856645
254498,43878.016,10004.876544054161
254499,43878.016,15742.83340666903
254500,43878.016,56772.95661840063
254501,43878.016,19976.91712930782
254502,43878.016,50905.49003000684
254503,43878.016,119134.75082562566
254504,43878.016,24790.415345766964
254505,43878.016,14257.968754535652
254506,43878.016,71107.05047595246
254507,43878.016,24021.715836722993
254508,43878.016,6681.714497887709
254509,43878.016,39795.99397522691
254510,43878.016,39377.49148747926
254511,43878.016,27147.51972023188
254512,43878.016,55728.0616505083
254513,43878.016,58320.432479441115
254514,43878.016,36248.93981038263
254515,43878.016,10240.864846911509
254516,43878.016,48088.51666876453
254517,43878.016,51239.64782136391
254518,43878.016,45658.03786765668
254519,43878.016,33227.87020061494
254520,43878.016,21758.154169987985
254521,43878.016,24190.933761892575
254522,43878.016,71466.67615685886
254523,43878.016,14054.916496748783
254524,43878.016,12768.198480306377
254525,43878.016,57263.83091762651
254526,43878.016,26878.78475590483
254527,43878.016,64033.05478890865
254528,43878.016,63488.22088466634
254529,43878.016,39000.45902963202
254530,43878.016,14928.930741687545
254531,43878.016,16404.819325656725
254532,43878.016,65398.93638530915
254533,43878.016,13514.907557612087
254534,43878.016,28264.469547313256
254535,43878.016,33851.18951501372
254536,43878.016,27018.638783013554
254537,43878.016,94814.99094310196
254538,43878.016,35634.3319775983
254539,43878.016,20410.26706468606
254540,43878.016,32448.441366954932
254541,43878.016,54094.738059994794
254542,43878.016,15243.265183534502
254543,43878.016,15427.862827237115
254544,43878.016,21403.772339272367
254545,43878.016,79566.91727854365
254546,43878.016,28354.224370836528
254547,43878.016,42204.98505157233
254548,43878.016,21060.07814511441
254549,43878.016,30437.50012249464
254550,43878.016,59425.85536804549
254551,43878.016,52030.64480757037
254552,43878.016,16411.009959484807
254553,43878.016,34554.56237252087
254554,43878.016,37563.38338580862
254555,43878.016,15298.775305331274
254556,43878.016,17965.793693607062
254557,43878.016,32362.16260308195
254558,43878.016,6534.1573648763415
254559,43878.016,45235.1296157861
254560,43878.016,26005.018228027813
254561,43878.016,50685.96321253432
254562,43878.016,20542.851752225823
254563,43878.016,32873.85403567422
254564,43878.016,63984.841478952585
254565,43878.016,52890.02560672347
254566,43878.016,19658.66681759086
254567,43878.016,56295.999017802016
254568,43878.016,38352.68212808603
254569,43878.016,63370.68377955538
254570,43878.016,10753.312659846253
254571,43878.016,48046.33835389639
254572,43878.016,10629.956003910644
254573,43878.016,7958.649256967582
254574,43878.016,77210.28187581757
254575,43878.016,29651.76637313605
254576,43878.016,29589.07005488811
254577,43878.016,11968.985357719288
254578,43878.016,22799.579874479048
254579,43878.016,30857.855802842445
254580,43878.016,9322.110341573127
254581,43878.016,11281.577338576986
254582,43878.016,67505.5697026338
254583,43878.016,26688.102828546682
254584,43878.016,46680.88864497915
254585,43878.016,24943.61597382389
254586,43878.016,28883.469382361385
254587,43878.016,26111.760945887396
254588,43878.016,26631.26594110397
254589,43878.016,27611.361375296572
254590,43878.016,14345.720987987002
254591,43878.016,28017.517797634126
254592,43878.016,76447.40275052734
254593,43878.016,51070.340931300285
254594,43878.016,37625.63242705458
254595,43878.016,19972.704530123563
254596,43878.016,57356.038446388695
254597,43878.016,8591.804735606282
254598,43878.016,31737.387555783193
254599,43878.016,62519.64687327176
254600,43878.016,54263.224303543815
254601,43878.016,19403.434663196473
254602,43878.016,25909.842437551186
254603,43878.016,62051.126534548916
254604,43878.016,24313.458754310457
254605,43878.016,52856.50586914615
254606,43878.016,65518.901267842855
254607,43878.016,6625.420798128966
254608,43878.016,13164.466574537775
254609,43878.016,53258.85514003587
254610,43878.016,57523.85079049971
254611,43878.016,47195.81320949795
254612,43878.016,21932.33120755861
254613,43878.016,41167.93673051788
254614,43878.016,34461.08383134736
254615,43878.016,30915.30894438519
254616,43878.016,19436.706603565835
254617,43878.016,31660.69435768727
254618,43878.016,35796.366531046784
254619,43878.016,7962.324182817656
254620,43878.016,62374.57474382158
254621,43878.016,22943.39013035218
254622,43878.016,47291.69122651776
254623,43878.016,29093.32748250254
254624,43878.016,52748.30629065301
254625,43878.016,12372.57970914698
254626,43878.016,60344.25467039433
254627,43878.016,45276.27942576801
254628,43878.016,15915.669136507562
254629,43878.016,31749.56835973171
254630,43878.016,59574.52633430018
254631,43878.016,48119.826799966584
254632,43878.016,74147.9137650675
254633,43878.016,51617.02412474678
254634,43878.016,14280.507349472116
254635,43878.016,17647.47445013451
254636,43878.016,22333.065084782003
254637,43878.016,29602.461711208554
254638,43878.016,51197.69470297326
254639,43878.016,39648.44054905883
254640,43878.016,21483.502922466316
254641,43878.016,11152.39056734306
254642,43878.016,11336.914461409902
254643,43878.016,20374.75418798664
254644,43878.016,15409.948412860007
254645,43878.016,44954.67688121455
254646,43878.016,55604.57576015887
254647,43878.016,68857.75706199916
254648,43878.016,17448.822203866497
254649,43878.016,48512.545994439344
254650,43878.016,54957.82527382283
254651,43878.016,9514.151883065251
254652,43878.016,64111.93978730118
254653,43878.016,9886.409712062276
254654,43878.016,68443.82709513007
254655,43878.016,42570.184396554214
254656,43878.016,33846.98839068165
254657,43878.016,64243.89618486611
254658,43878.016,29734.244772079794
254659,43878.016,38729.83621606577
254660,43878.016,16483.69639390544
254661,43878.016,14074.18828680097
254662,43878.016,41127.548734592965
254663,43878.016,36683.72889363491
254664,43878.016,42467.13780708453
254665,43878.016,20297.93026089857
254666,43878.016,38555.745157670106
254667,43878.016,50068.733823927156
254668,43878.016,39603.120677741914
254669,43878.016,54920.09131714939
254670,43878.016,40392.389784511994
254671,43878.016,31970.6977717316
254672,43878.016,45706.19138558057
254673,43878.016,33557.966905118126
254674,43878.016,42561.30840698866
254675,43878.016,37142.059904039306
254676,43878.016,54468.25161182792
254677,43878.016,10373.080189629387
254678,43878.016,33483.806199454666
254679,43878.016,31489.21803301827
254680,43878.016,33802.018018573355
254681,43878.016,21955.406407150742
254682,43878.016,37336.667465314116
254683,43878.016,24747.705625226256
254684,43878.016,17768.01021020822
254685,43878.016,27659.332269225783
254686,43878.016,100526.51868211011
254687,43878.016,39110.8125093087
254688,43878.016,43014.49600926467
254689,43878.016,34529.550756206874
254690,43878.016,14255.208912929507
254691,43878.016,7812.186167248501
254692,43878.016,7065.8108041116475
254693,43878.016,14463.232121488067
254694,43878.016,23136.640485229498
254695,43878.016,41189.86643552414
254696,43878.016,58171.00324673475
254697,43878.016,35863.10389567263
254698,43878.016,37277.422625558866
254699,43878.016,7116.047525808206
254700,43878.016,62225.65184708319
254701,43878.016,17270.89598338211
254702,43878.016,37260.710587998954
254703,43878.016,7776.725713125987
254704,43878.016,84023.79677010568
254705,43878.016,34560.92545681126
254706,43878.016,9521.121497025908
254707,43878.016,51754.83206602856
254708,43878.016,38168.375390182206
254709,43878.016,77907.11589361072
254710,43878.016,45429.06514220587
254711,43878.016,40773.142452024236
254712,43878.016,34772.53455580439
254713,43878.016,13470.62500625558
254714,43878.016,43728.516477447236
254715,43878.016,63759.474172464856
254716,43878.016,8061.7110964912945
254717,43878.016,37359.92565697273
254718,43878.016,14481.915669519687
254719,43878.016,36013.554761647516
254720,43878.016,64298.92744023787
254721,43878.016,31786.110139160308
254722,43878.016,48674.46572979562
254723,43878.016,28448.23495862133
254724,43878.016,10720.147630958549
254725,43878.016,30659.199331480584
254726,43878.016,37978.571073158215
254727,43878.016,6754.00922546853
254728,43878.016,76968.83962103617
254729,43878.016,26726.036780868028
254730,43878.016,66643.86695261466
254731,43878.016,28892.492999309154
254732,43878.016,38889.34353653796
254733,43878.016,71380.20430134087
254734,43878.016,48000.697628205766
254735,43878.016,15206.090923963593
254736,43878.016,5786.696188568722
254737,43878.016,77766.37527403784
254738,43878.016,55350.01410474747
254739,43878.016,36918.90180524487
254740,43878.016,48611.25960274691
254741,43878.016,28868.18897257159
254742,43878.016,37163.52061031706
254743,43878.016,20778.987765186714
254744,43878.016,53842.38773251826
254745,43878.016,50563.50383408274
254746,43878.016,34470.74879543441
254747,43878.016,46635.38312745273
254748,43878.016,13029.568815519571
254749,43878.016,28493.53254467317
254750,43878.016,12359.601983360113
254751,43878.016,43972.513583385575
254752,43878.016,47810.25291364373
254753,43878.016,43926.016711884986
254754,43878.016,42756.4332182788
254755,43878.016,19817.321772989453
254756,43878.016,51864.69923144693
254757,43878.016,56219.74088412365
254758,43878.016,25477.611084968496
254759,43878.016,19563.20910975276
254760,43878.016,79217.8574531732
254761,43878.016,69361.7248024643
254762,43878.016,18296.473224765756
254763,43878.016,44524.07390907609
254764,43878.016,80134.1658788725
254765,43878.016,46279.47167855018
254766,43878.016,34610.11278641403
254767,43878.016,59090.75583070581
254768,43878.016,55627.8978479901
254769,43878.016,73477.98517817586
254770,43878.016,14819.433933952323
254771,43878.016,20104.080380904532
254772,43878.016,55021.25423812997
254773,43878.016,48184.4982766133
254774,43878.016,49912.22724957357
254775,43878.016,20151.56779435488
254776,43878.016,17291.980422569944
254777,43878.016,49068.27024396811
254778,43878.016,54834.05875031588
254779,43878.016,7583.847342534363
254780,43878.016,50690.013754650376
254781,43878.016,21728.085967265462
254782,43878.016,45010.45978459894
254783,43878.016,39138.35893671278
254784,43878.016,21120.855055285447
254785,43878.016,6749.307915936158
254786,43878.016,17154.090512197097
254787,43878.016,61712.19609066584
254788,43878.016,41253.726004953685
254789,43878.016,3325.887593562261
254790,43878.016,75905.13210810609
254791,43878.016,27343.19849893175
254792,43878.016,29079.80103292303
254793,43878.016,6937.653853050009
254794,43878.016,12360.39307371638
254795,43878.016,33400.70960932501
254796,43878.016,52321.01942124578
254797,43878.016,16120.30708379472
254798,43878.016,18594.404810194213
254799,43878.016,6554.971494623455
254800,43878.016,22680.397440646968
254801,43878.016,17737.13730433645
254802,43878.016,60637.21314424917
254803,43878.016,54063.760010465354
254804,43878.016,20599.297593579806
254805,43878.016,30944.11244265475
254806,43878.016,24869.34680373651
254807,43878.016,56566.64255751174
254808,43878.016,40072.923901238995
254809,43878.016,81088.32636348439
254810,43878.016,46586.966575393686
254811,43878.016,14585.938228405998
254812,43878.016,25631.55916600996
254813,43878.016,15089.89779931067
254814,43878.016,18211.77926085198
254815,43878.016,17280.622290831576
254816,43878.016,49449.68548557966
254817,43878.016,37238.750890653646
254818,43878.016,118232.98961721601
254819,43878.016,28572.31658070263
254820,43878.016,45664.596089769155
254821,43878.016,22235.616630454777
254822,43878.016,22640.118398661976
254823,43878.016,60830.35209592359
254824,43878.016,56918.234179105144
254825,43878.016,29571.512986835594
254826,43878.016,36710.92566021077
254827,43878.016,45997.93959553292
254828,43878.016,53853.4587967878
254829,43878.016,13228.379938055477
254830,43878.016,54322.292287283446
254831,43878.016,15853.247292265294
254832,43878.016,7204.925951919192
254833,43878.016,21305.26826021667
254834,43878.016,19042.751477609483
254835,43878.016,51203.11356346225
254836,43878.016,37342.8236779118
254837,43878.016,53955.95181771468
254838,43878.016,67413.89659159958
254839,43878.016,50390.72827162126
254840,43878.016,42819.546400319676
254841,43878.016,59606.16832677531
254842,43878.016,48596.44712101537
254843,43878.016,62975.4677170648
254844,43878.016,55699.161889817595
254845,43878.016,32875.24748479123
254846,43878.016,47965.97846628637
254847,43878.016,48366.02819788766
254848,43878.016,20306.524566124797
254849,43878.016,33627.78892347746
254850,43878.016,34858.000640417195
254851,43878.016,45959.53133559881
254852,43878.016,65153.44674932224
254853,43878.016,29171.60734529326
254854,43878.016,52327.09134307863
254855,43878.016,18151.50890205668
254856,43878.016,7521.631913856069
254857,43878.016,6655.54965178733
254858,43878.016,36093.740990121936
254859,43878.016,56949.75301250193
254860,43878.016,26944.67816585731
254861,43878.016,21327.700972043018
254862,43878.016,12278.404493127025
254863,43878.016,14558.691029664727
254864,43878.016,19953.846452249076
254865,43878.016,44867.99576496368
254866,43878.016,72942.65815382297
254867,43878.016,58268.45233875106
254868,43878.016,20049.76216517214
254869,43878.016,13436.339286042954
254870,43878.016,47234.64245059739
254871,43878.016,7149.257142833601
254872,43878.016,13827.678610083856
254873,43878.016,30125.807839446694
254874,43878.016,64384.06360598237
254875,43878.016,31750.811450720867
254876,43878.016,10446.602262558377
254877,43878.016,56025.329855952245
254878,43878.016,43720.67826828406
254879,43878.016,19923.175262746783
254880,43878.016,7884.258368500188
254881,43878.016,33768.83651163444
254882,43878.016,59683.585773567305
254883,43878.016,31708.24571278228
254884,43878.016,61114.647745683564
254885,43878.016,34823.59244129019
254886,43878.016,11964.467724942366
254887,43878.016,33287.83952458104
254888,43878.016,58049.60707988925
254889,43878.016,28940.035901562056
254890,43878.016,31687.519454041496
254891,43878.016,50755.35524167347
254892,43878.016,40915.20816874576
254893,43878.016,43643.76746605684
254894,43878.016,45414.75194493119
254895,43878.016,59171.38723903356
254896,43878.016,58824.72693782787
254897,43878.016,65950.55544587402
254898,43878.016,33980.41335980529
254899,43878.016,63283.822679479395
254900,43878.016,39475.63717859348
254901,43878.016,28549.980414522615
254902,43878.016,46268.848470986886
254903,43878.016,38029.06067672374
254904,43878.016,21319.395576832623
254905,43878.016,60500.972822492186
254906,43878.016,89324.58795737277
254907,43878.016,31109.128510182603
254908,43878.016,12140.390709150486
254909,43878.016,62480.90200830203
254910,43878.016,41142.52461493615
254911,43878.016,63053.80852643728
254912,43878.016,21568.586221768364
254913,43878.016,42714.97258150199
254914,43878.016,44948.89504558289
254915,43878.016,25345.538082163363
254916,43878.016,53660.51766145338
254917,43878.016,59714.6771515583
254918,43878.016,32996.35330948555
254919,43878.016,35259.722209385116
254920,43878.016,18611.81998646228
254921,43878.016,49301.131014556595
254922,43878.016,7237.859037445196
254923,43878.016,28499.667149198085
254924,43878.016,32370.557940887422
254925,43878.016,67489.28087245674
254926,43878.016,15679.091605752243
254927,43878.016,26667.65114325397
254928,43878.016,33391.10332262017
254929,43878.016,36207.12268134888
254930,43878.016,10964.569193727042
254931,43878.016,63611.46454246602
254932,43878.016,11529.395036708249
254933,43878.016,22953.54589282049
254934,43878.016,22153.515287535534
254935,43878.016,45467.81488317792
254936,43878.016,41557.549666278064
254937,43878.016,55487.81036804117
254938,43878.016,21181.005599957847
254939,43878.016,74047.55328497376
254940,43878.016,7254.805154748248
254941,43878.016,68861.0885247491
254942,43878.016,22793.46241377965
254943,43878.016,62978.09630024117
254944,43878.016,26518.58751220239
254945,43878.016,22257.50532722011
254946,43878.016,9622.541145335206
254947,43878.016,35736.40185359082
254948,43878.016,49696.01180452839
254949,43878.016,25550.698173632958
254950,43878.016,41942.770747074595
254951,43878.016,21704.639267131617
254952,43878.016,9438.895273752498
254953,43878.016,14052.865114125301
254954,43878.016,22878.621646343337
254955,43878.016,6450.386431841082
254956,43878.016,14612.325858111546
254957,43878.016,27127.46285285989
254958,43878.016,17925.36788351456
254959,43878.016,19079.557335510337
254960,43878.016,12736.125108685843
254961,43878.016,55480.707826424376
254962,43878.016,47574.08984828872
254963,43878.016,42210.2841491869
254964,43878.016,52702.68594273236
254965,43878.016,14580.435331493445
254966,43878.016,59238.951965172935
254967,43878.016,35872.59058336084
254968,43878.016,11001.59729554887
254969,43878.016,7932.769120469501
254970,43878.016,50737.8337197319
254971,43878.016,27421.52113166574
254972,43878.016,34466.74313608917
254973,43878.016,58821.140421472875
254974,43878.016,28071.786553919464
254975,43878.016,16901.327158734963
254976,43878.016,23738.090717861753
254977,43878.016,27092.785388330318
254978,43878.016,28937.716472241817
254979,43878.016,6595.569485544067
254980,43878.016,38388.342668673955
254981,43878.016,59664.50883063918
254982,43878.016,50946.26733690882
254983,43878.016,59129.542807198435
254984,43878.016,39864.37407959911
254985,43878.016,32627.648938804974
254986,43878.016,60456.05384845192
254987,43878.016,14479.726717321197
254988,43878.016,56792.264052091086
254989,43878.016,65057.49073256531
254990,43878.016,46006.627418396034
254991,43878.016,18554.792385651017
254992,43878.016,5701.115769233329
254993,43878.016,54533.338303926794
254994,43878.016,20948.46618196236
254995,43878.016,50592.74742255766
254996,43878.016,49545.795600479934
254997,43878.016,39411.5999811834
254998,43878.016,18208.821866536488
254999,43878.016,43714.516433803976
255000,43878.016,44517.86230620199
255001,43878.016,34981.965171138814
255002,43878.016,15435.657058172412
255003,43878.016,22690.60328246349
255004,43878.016,14558.637956963903
255005,43878.016,27623.919118700665
255006,43878.016,38282.728144544286
255007,43878.016,35265.82923709463
255008,43878.016,51152.261555423436
255009,43878.016,58261.818662049336
255010,43878.016,11227.541265968153
255011,43878.016,89979.02898062744
255012,43878.016,55548.162566784995
255013,43878.016,46687.29884157056
255014,43878.016,62051.143650881866
255015,43878.016,33292.44453000815
255016,43878.016,45632.13049817673
255017,43878.016,53605.462404040794
255018,43878.016,33489.074640156105
255019,43878.016,17863.876184532997
255020,43878.016,20094.555660332768
255021,43878.016,20105.33031650088
255022,43878.016,34139.85636945538
255023,43878.016,31914.550032855233
255024,43878.016,14427.40234501861
255025,43878.016,59266.001409090524
255026,43878.016,18480.377500191957
255027,43878.016,15521.646339129242
255028,43878.016,30035.622533339218
255029,43878.016,5757.0546602455925
255030,43878.016,43569.503611821536
255031,43878.016,34791.87445229898
255032,43878.016,10454.477110893326
255033,43878.016,49752.83567691051
255034,43878.016,39716.22195760353
255035,43878.016,18530.479718711835
255036,43878.016,57906.60670144024
255037,43878.016,20594.614261964114
255038,43878.016,50696.6163823461
255039,43878.016,36015.31574261117
255040,43878.016,24987.844961108225
255041,43878.016,24280.114881819
255042,43878.016,7168.907047778848
255043,43878.016,33865.70298550435
255044,43878.016,16405.659111659268
255045,43878.016,34505.36311169768
255046,43878.016,24448.284571374545
255047,43878.016,67215.12316756412
255048,43878.016,25331.13578083126
255049,43878.016,24111.79752934863
255050,43878.016,22150.903018259076
255051,43878.016,56952.30416928224
255052,43878.016,59516.96845472281
255053,43878.016,72062.954373212
255054,43878.016,51974.80499924453
255055,43878.016,28504.94137968985
255056,43878.016,49697.67207134799
255057,43878.016,41867.92853839412
255058,43878.016,43453.13790802809
255059,43878.016,55925.1990316482
255060,43878.016,31541.937289854115
255061,43878.016,70903.61213907297
255062,43878.016,54153.40971627439
255063,43878.016,30043.24727515516
255064,43878.016,15253.788808978601
255065,43878.016,54835.32366006084
255066,43878.016,18460.608686412183
255067,43878.016,46430.48944062212
255068,43878.016,12141.43903102169
255069,43878.016,17042.985645642737
255070,43878.016,27633.285669970304
255071,43878.016,66170.83537304247
255072,43878.016,8345.975340257495
255073,43878.016,12632.451347733038
255074,43878.016,80085.97057744845
255075,43878.016,44202.15538777014
255076,43878.016,42269.918187633324
255077,43878.016,17716.256922639448
255078,43878.016,8806.227968290825
255079,43878.016,40405.22465335677
255080,43878.016,34382.98197026046
255081,43878.016,28990.380439612272
255082,43878.016,13965.240245892974
255083,43878.016,40310.492367040286
255084,43878.016,16559.736877815645
255085,43878.016,9335.290441110472
255086,43878.016,26407.61675806266
255087,43878.016,40430.245896734836
255088,43878.016,14258.276155183596
255089,43878.016,74084.59181818359
255090,43878.016,22455.792255779572
255091,43878.016,19930.179313223205
255092,43878.016,69291.07845199865
255093,43878.016,57944.161156976785
255094,43878.016,43952.655590241244
255095,43878.016,41057.708405101424
255096,43878.016,12719.433145623036
255097,43878.016,24484.76787589443
255098,43878.016,20736.02616039713
255099,43878.016,31249.69614796223
255100,43878.016,53511.37736409713
255101,43878.016,19819.596061580665
255102,43878.016,47118.75834844552
255103,43878.016,18961.537186602007
255104,43878.016,38102.4625174861
255105,43878.016,34778.363888356806
255106,43878.016,27402.149202330602
255107,43878.016,27509.48970245058
255108,43878.016,45214.98015045119
255109,43878.016,53318.22740111365
255110,43878.016,47804.95669955485
255111,43878.016,15697.14599134261
255112,43878.016,61691.74675575216
255113,43878.016,42811.88496750267
255114,43878.016,4724.457036724268
255115,43878.016,39572.97445715846
255116,43878.016,38691.95583929659
255117,43878.016,21127.450713974085
255118,43878.016,25476.1227555734
255119,43878.016,58522.903931879686
255120,43878.016,19760.762584571272
255121,43878.016,64719.91609052541
255122,43878.016,50110.794385547364
255123,43878.016,60691.11612846618
255124,43878.016,33906.97352626863
255125,43878.016,8130.525122076828
255126,43878.016,19002.12383972567
255127,43878.016,16733.11028758387
255128,43878.016,29557.839855919145
255129,43878.016,23559.26152036617
255130,43878.016,52011.108820772686
255131,43878.016,14419.748731655569
255132,43878.016,34157.90742825614
255133,43878.016,10562.402447222219
255134,43878.016,59161.82000934698
255135,43878.016,15033.043766073042
255136,43878.016,42925.12757179305
255137,43878.016,54931.91604672225
255138,43878.016,27192.720806901158
255139,43878.016,58988.58120955309
255140,43878.016,34570.75230639864
255141,43878.016,20777.257263634663
255142,43878.016,11062.614125778302
255143,43878.016,26370.499935446962
255144,43878.016,54129.581470194054
255145,43878.016,15213.370819638287
255146,43878.016,69985.0209431265
255147,43878.016,71306.7929434892
255148,43878.016,13008.168860473288
255149,43878.016,25068.4425722064
255150,43878.016,10608.14619994723
255151,43878.016,54809.67061975461
255152,43878.016,23185.99780928195
255153,43878.016,28648.73275084702
255154,43878.016,24590.255610475746
255155,43878.016,31186.09348654624
255156,43878.016,50504.496999197094
255157,43878.016,14932.732462654056
255158,43878.016,37417.16487038097
255159,43878.016,48833.99165521533
255160,43878.016,99232.52751030031
255161,43878.016,33459.78619024085
255162,43878.016,56056.498092565496
255163,43878.016,16759.09816752718
255164,43878.016,32456.83077046909
255165,43878.016,9261.380845664871
255166,43878.016,26479.358730726424
255167,43878.016,34097.94668891533
255168,43878.016,47610.99144353574
255169,43878.016,64697.49915312366
255170,43878.016,18835.06853953793
255171,43878.016,35963.2132214581
255172,43878.016,25180.24345133978
255173,43878.016,46407.528702179225
255174,43878.016,8120.7451892299105
255175,43878.016,22247.77889107709
255176,43878.016,22041.728569556566
255177,43878.016,35187.98025178536
255178,43878.016,37964.468631666066
255179,43878.016,26341.36547593746
255180,43878.016,10241.504697747552
255181,43878.016,32718.319486871704
255182,43878.016,9353.421805464583
255183,43878.016,73691.98320901589
255184,43878.016,36250.30246958862
255185,43878.016,26577.84090161996
255186,43878.016,18315.568700418877
255187,43878.016,54060.80125643691
255188,43878.016,76468.83572106002
255189,43878.016,36547.442098951906
255190,43878.016,26009.243288708432
255191,43878.016,53494.25518052427
255192,43878.016,7385.2714313348015
255193,43878.016,14217.699445446859
255194,43878.016,6637.026043346847
255195,43878.016,34867.023784116325
255196,43878.016,16118.388444937022
255197,43878.016,30038.338951357564
255198,43878.016,8965.990384617504
255199,43878.016,54213.20729425963
255200,43878.016,16729.911547435007
255201,43878.016,26428.384485244776
255202,43878.016,16501.257546554247
255203,43878.016,34187.561632205136
255204,43878.016,19234.862980589187
255205,43878.016,38424.89692886362
255206,43878.016,17498.114053465903
255207,43878.016,79082.53219839022
255208,43878.016,21192.48869853438
255209,43878.016,36758.59816802978
255210,43878.016,61579.539348440565
255211,43878.016,34182.210316499666
255212,43878.016,34241.08139986111
255213,43878.016,24160.206621941583
255214,43878.016,35449.17626157143
255215,43878.016,12764.872924783802
255216,43878.016,36473.38644931686
255217,43878.016,22578.942894104188
255218,43878.016,28298.004986030282
255219,43878.016,49268.8949514681
255220,43878.016,49896.02129266239
255221,43878.016,5725.473201723005
255222,43878.016,36111.68779118568
255223,43878.016,4766.27009414381
255224,43878.016,23592.891560486678
255225,43878.016,54020.589114920105
255226,43878.016,31388.343395797194
255227,43878.016,49720.53314733987
255228,43878.016,37268.38119093781
255229,43878.016,50422.23871891757
255230,43878.016,52813.01231098316
255231,43878.016,39155.02281408415
255232,43878.016,26585.700164122205
255233,43878.016,33047.23870639071
255234,43878.016,14534.979575536476
255235,43878.016,34205.06562105258
255236,43878.016,59321.48944027781
255237,43878.016,54971.33332447591
255238,43878.016,32265.662804806885
255239,43878.016,67414.53946219457
255240,43878.016,43159.01152894767
255241,43878.016,28477.833745537606
255242,43878.016,39111.79878328019
255243,43878.016,84667.0143963593
255244,43878.016,10656.2374914622
255245,43878.016,31665.107636374792
255246,43878.016,9665.339047204365
255247,43878.016,26632.791229256454
255248,43878.016,34615.074516343295
255249,43878.016,39989.68127100672
255250,43878.016,11891.400149025105
255251,43878.016,67009.00820653413
255252,43878.016,51383.26061162788
255253,43878.016,51805.26505286635
255254,43878.016,24324.18703243303
255255,43878.016,16598.95308223998
255256,43878.016,13241.318989396115
255257,43878.016,57547.49597964113
255258,43878.016,41133.77881950221
255259,43878.016,12583.23473197524
255260,43878.016,28974.578287537206
255261,43878.016,23051.878963986543
255262,43878.016,40047.9120237507
255263,43878.016,57181.15990782038
255264,43878.016,16517.238577823624
255265,43878.016,46429.41696330386
255266,43878.016,20138.924396794104
255267,43878.016,20380.063101973243
255268,43878.016,16387.908835443086
255269,43878.016,12055.809062114291
255270,43878.016,64468.01176287561
255271,43878.016,60736.44882846091
255272,43878.016,44272.60885699162
255273,43878.016,46554.74374006505
255274,43878.016,49245.28075597571
255275,43878.016,62604.059536443456
255276,43878.016,32673.959108782274
255277,43878.016,23183.753499587212
255278,43878.016,56723.98667854008
255279,43878.016,26716.680614922177
255280,43878.016,38152.80562961895
255281,43878.016,58538.61229401248
255282,43878.016,42406.415470324886
255283,43878.016,35517.53081328796
255284,43878.016,26488.935635053534
255285,43878.016,48682.48125167155
255286,43878.016,45239.86248580702
255287,43878.016,14546.935306971909
255288,43878.016,59754.01970617434
255289,43878.016,59141.54621697612
255290,43878.016,42384.74059881736
255291,43878.016,21176.7906858439
255292,43878.016,20499.620467814224
255293,43878.016,3643.816020265337
255294,43878.016,31743.17695633769
255295,43878.016,30200.511504503374
255296,43878.016,50312.83647666024
255297,43878.016,18555.848069617845
255298,43878.016,15610.104206577607
255299,43878.016,61081.5690405302
255300,43878.016,42600.09246930973
255301,43878.016,20047.87604249292
255302,43878.016,33059.01507994773
255303,43878.016,43333.874589577164
255304,43878.016,34064.3139611373
255305,43878.016,35133.78897629959
255306,43878.016,26147.774797772083
255307,43878.016,35454.61455987079
255308,43878.016,7646.444506851877
255309,43878.016,52140.23315663924
255310,43878.016,43594.35550722218
255311,43878.016,31145.612789010618
255312,43878.016,19646.415082820786
255313,43878.016,13032.153700660836
255314,43878.016,14256.23994437743
255315,43878.016,48739.24669203959
255316,43878.016,34897.81024137569
255317,43878.016,47817.351326035954
255318,43878.016,48912.84318181625
255319,43878.016,46633.41575887223
255320,43878.016,17125.209751289192
255321,43878.016,49096.217713144826
255322,43878.016,82753.6626885906
255323,43878.016,55290.50211431206
255324,43878.016,40472.8288499923
255325,43878.016,66211.53662317483
255326,43878.016,30321.647167846517
255327,43878.016,16752.635231330343
255328,43878.016,36474.032440444855
255329,43878.016,46397.15743655673
255330,43878.016,32052.916545690507
255331,43878.016,17900.02040056042
255332,43878.016,31690.25969283972
255333,43878.016,15316.707935184806
255334,43878.016,29794.75867653284
255335,43878.016,50364.973293936186
255336,43878.016,24537.150767363662
255337,43878.016,16161.377578036016
255338,43878.016,51307.80816513195
255339,43878.016,29824.891690795695
255340,43878.016,10099.03503529531
255341,43878.016,20189.983677688848
255342,43878.016,41216.01226751382
255343,43878.016,42966.976971561584
255344,43878.016,45287.29525791987
255345,43878.016,8676.40754104224
255346,43878.016,16566.82724637016
255347,43878.016,64471.404663024485
255348,43878.016,30062.952821885625
255349,43878.016,43299.510792753026
255350,43878.016,52009.800126694674
255351,43878.016,7148.263801029692
255352,43878.016,63531.48865710721
255353,43878.016,20337.0631373914
255354,43878.016,29634.973474768318
255355,43878.016,25440.14433111872
255356,43878.016,9598.642418435868
255357,43878.016,24710.542068579565
255358,43878.016,15037.136639902357
255359,43878.016,21015.704239776926
255360,43878.016,23339.974432243795
255361,43878.016,14105.001529836065
255362,43878.016,42930.14128814871
255363,43878.016,54392.47100300972
255364,43878.016,14820.157414837828
255365,43878.016,16602.653682121796
255366,43878.016,13307.55148121694
255367,43878.016,60097.05596541629
255368,43878.016,23051.51111326153
255369,43878.016,83502.59980952574
255370,43878.016,59648.362754005095
255371,43878.016,36001.5832963831
255372,43878.016,49390.30866372124
255373,43878.016,9107.55357035239
255374,43878.016,52469.29002962888
255375,43878.016,53481.4347581674
255376,43878.016,57442.07784774522
255377,43878.016,56648.805294669735
255378,43878.016,10475.23896669953
255379,43878.016,43889.54499120887
255380,43878.016,47742.549500308916
255381,43878.016,13976.074495061479
255382,43878.016,35705.49600787845
255383,43878.016,16566.948113889586
255384,43878.016,21519.965359359394
255385,43878.016,44862.66127983263
255386,43878.016,31310.942941297093
255387,43878.016,35006.16686923459
255388,43878.016,26515.20768804639
255389,43878.016,54463.900899006905
255390,43878.016,38106.29194692052
255391,43878.016,50421.59040496754
255392,43878.016,16348.94737687401
255393,43878.016,69374.87245685476
255394,43878.016,33714.998113342524
255395,43878.016,50045.70377896199
255396,43878.016,39731.803369981404
255397,43878.016,34572.14888378386
255398,43878.016,27374.97313325028
255399,43878.016,36057.76193370422
255400,43878.016,32365.408380083765
255401,43878.016,49453.38406625439
255402,43878.016,41777.35651103952
255403,43878.016,23085.214812235983
255404,43878.016,51502.96313117717
255405,43878.016,74069.76109297255
255406,43878.016,22994.156428556962
255407,43878.016,12069.503490525103
255408,43878.016,85539.22689066025
255409,43878.016,43008.124214721
255410,43878.016,47922.86361984418
255411,43878.016,41687.95881618307
255412,43878.016,43741.690524392405
255413,43878.016,28584.689705812656
255414,43878.016,43636.0377128752
255415,43878.016,39801.25085262891
255416,43878.016,21189.066649683085
255417,43878.016,52335.86967915581
255418,43878.016,12040.511933908563
255419,43878.016,10474.006521407577
255420,43878.016,27071.549042356302
255421,43878.016,60450.839742757664
255422,43878.016,35561.02749276007
255423,43878.016,52322.32850072742
255424,43878.016,58664.89011237131
255425,43878.016,11440.328797460856
255426,43878.016,18775.645158684976
255427,43878.016,60834.801330180264
255428,43878.016,10356.413919234365
255429,43878.016,60579.77860213534
255430,43878.016,8283.382448724338
255431,43878.016,44415.265605157445
255432,43878.016,31098.47848196494
255433,43878.016,13379.528233068295
255434,43878.016,30679.650565264274
255435,43878.016,38274.943192398845
255436,43878.016,30001.823839707617
255437,43878.016,27538.540990838006
255438,43878.016,57047.24632103182
255439,43878.016,33623.97865053081
255440,43878.016,24211.36826618688
255441,43878.016,38761.32554663096
255442,43878.016,13402.307468324741
255443,43878.016,49105.28117268132
255444,43878.016,64282.70522474883
255445,43878.016,63931.55598857334
255446,43878.016,51037.387092221754
255447,43878.016,58052.12610964434
255448,43878.016,32982.78898692949
255449,43878.016,28412.28542014444
255450,43878.016,22518.11286989368
255451,43878.016,40126.9554299551
255452,43878.016,64778.47011781604
255453,43878.016,31508.303669652465
255454,43878.016,21796.693146536538
255455,43878.016,17938.65192152025
255456,43878.016,37759.057906913695
255457,43878.016,70824.7349478413
255458,43878.016,56706.26546803952
255459,43878.016,22789.924104697344
255460,43878.016,33681.20648457589
255461,43878.016,52558.42086356177
255462,43878.016,56920.63383845331
255463,43878.016,54259.206763687536
255464,43878.016,38091.24732741925
255465,43878.016,62978.6262340649
255466,43878.016,17385.92888790143
255467,43878.016,36642.1193226008
255468,43878.016,56813.97502765208
255469,43878.016,36041.97452452741
255470,43878.016,26824.095605853254
255471,43878.016,63816.329539787526
255472,43878.016,27648.93540022333
255473,43878.016,41766.727797217034
255474,43878.016,27344.9164094859
255475,43878.016,13769.14551654481
255476,43878.016,9944.325397234585
255477,43878.016,56263.81936364006
255478,43878.016,25011.339151826192
255479,43878.016,54895.47494370314
255480,43878.016,19319.892165808862
255481,43878.016,29725.42611835112
255482,43878.016,46821.937965924706
255483,43878.016,45540.176067310545
255484,43878.016,60545.201364184846
255485,43878.016,51934.710003379114
255486,43878.016,7091.640836796806
255487,43878.016,50247.73817541449
255488,43878.016,21606.123078513556
255489,43878.016,69203.8138533068
255490,43878.016,35453.75655065014
255491,43878.016,35558.93060917265
255492,43878.016,14712.873933786937
255493,43878.016,31764.357872244946
255494,43878.016,24582.702369008824
255495,43878.016,51097.23818267847
255496,43878.016,12499.30588911252
255497,43878.016,51884.76596731063
255498,43878.016,41225.540820330636
255499,43878.016,18522.244777489035
255500,43878.016,33695.926128022475
255501,43878.016,16286.939557646348
255502,43878.016,42331.47469831515
255503,43878.016,17739.01999331764
255504,43878.016,20195.147676199107
255505,43878.016,28359.462734695702
255506,43878.016,41448.731513231316
255507,43878.016,68179.36615921475
255508,43878.016,17620.087246546726
255509,43878.016,16338.753366130746
255510,43878.016,11417.011040375204
255511,43878.016,42982.92359530272
255512,43878.016,52307.996601077604
255513,43878.016,32169.517032531206
255514,43878.016,36322.16920783668
255515,43878.016,12110.592252875054
255516,43878.016,31421.894236612545
255517,43878.016,11605.159778029161
255518,43878.016,18212.73616353823
255519,43878.016,75139.16193465157
255520,43878.016,23175.94491838938
255521,43878.016,35867.39433159707
255522,43878.016,35802.967347115075
255523,43878.016,54712.49849417711
255524,43878.016,11052.734651713641
255525,43878.016,45212.31872132217
255526,43878.016,102733.16946666864
255527,43878.016,35470.49836730218
255528,43878.016,54359.23568082505
255529,43878.016,9354.496463069045
255530,43878.016,25857.645922471995
255531,43878.016,49233.964372316164
255532,43878.016,53038.67361227642
255533,43878.016,59349.60032923879
255534,43878.016,16111.423674912305
255535,43878.016,13907.304619831213
255536,43878.016,16368.263573103934
255537,43878.016,44218.86050465745
255538,43878.016,32028.988437831682
255539,43878.016,11987.945272045687
255540,43878.016,18868.173787920514
255541,43878.016,16863.304498312948
255542,43878.016,49361.57065867431
255543,43878.016,31774.20316722768
255544,43878.016,41414.00548477205
255545,43878.016,61006.83865125793
255546,43878.016,35045.20834131246
255547,43878.016,72726.5153270752
255548,43878.016,22014.926900813585
255549,43878.016,46493.49214333472
255550,43878.016,53573.445843115485
255551,43878.016,47440.17503615362
255552,43878.016,26225.973481404642
255553,43878.016,53235.75995960385
255554,43878.016,49621.23042547851
255555,43878.016,40121.826285140516
255556,43878.016,40499.72489605943
255557,43878.016,27094.84456982402
255558,43878.016,10343.99540351679
255559,43878.016,22238.75602881882
255560,43878.016,53008.369524794536
255561,43878.016,5704.4766847663195
255562,43878.016,37242.99658931362
255563,43878.016,39528.21601110605
255564,43878.016,33999.768564752725
255565,43878.016,65508.99675549224
255566,43878.016,28593.62169458415
255567,43878.016,6598.150023759136
255568,43878.016,17818.759155189437
255569,43878.016,36786.28896291784
255570,43878.016,34795.555042302374
255571,43878.016,40719.34799127924
255572,43878.016,39854.910665318
255573,43878.016,56319.24835137708
255574,43878.016,28022.16966185134
255575,43878.016,30435.32337322382
255576,43878.016,65967.05475086998
255577,43878.016,24691.87277103281
255578,43878.016,34038.67809242766
255579,43878.016,57091.38642582347
255580,43878.016,26116.448292197154
255581,43878.016,52161.044091926204
255582,43878.016,49564.23523950206
255583,43878.016,74578.37344947475
255584,43878.016,19254.212505284555
255585,43878.016,30397.944517048454
255586,43878.016,16646.13312070434
255587,43878.016,8187.97302666193
255588,43878.016,11884.570323815635
255589,43878.016,47344.15934586605
255590,43878.016,8094.030540009243
255591,43878.016,13296.658643075323
255592,43878.016,21714.14332424193
255593,43878.016,55901.561865236006
255594,43878.016,8424.691242176546
255595,43878.016,7878.312238968069
255596,43878.016,56694.111994500214
255597,43878.016,40938.65465039124
255598,43878.016,28563.439942522677
255599,43878.016,30891.175237068906
255600,43878.016,53540.38493414986
255601,43878.016,46989.5821106225
255602,43878.016,60552.97048149095
255603,43878.016,9932.427167171501
255604,43878.016,10888.186204671852
255605,43878.016,22650.39874646167
255606,43878.016,36741.41333651087
255607,43878.016,14075.286236959819
255608,43878.016,38936.54712997403
255609,43878.016,60100.6195128556
255610,43878.016,48755.14745600552
255611,43878.016,45507.347531205625
255612,43878.016,18069.951400675753
255613,43878.016,6775.788910109899
255614,43878.016,42143.2538719905
255615,43878.016,51923.215525783184
255616,43878.016,32384.24601073306
255617,43878.016,32309.135306369353
255618,43878.016,31992.974125003126
255619,43878.016,47092.690582273186
255620,43878.016,45318.909586010726
255621,43878.016,25469.674990698295
255622,43878.016,12650.147181240642
255623,43878.016,76780.21226460973
255624,43878.016,48582.623961562844
255625,43878.016,45964.794477218325
255626,43878.016,31108.554537832213
255627,43878.016,9671.392785688518
255628,43878.016,28632.669786812665
255629,43878.016,20966.28681224479
255630,43878.016,26563.898859432302
255631,43878.016,48501.75352278723
255632,43878.016,47372.098759494445
255633,43878.016,58773.8970003314
255634,43878.016,40473.48338618197
255635,43878.016,59215.15966642757
255636,43878.016,11676.760279924536
255637,43878.016,39915.007081937554
255638,43878.016,23823.01835923672
255639,43878.016,55998.44357666241
255640,43878.016,62011.910189435075
255641,43878.016,61737.83213485481
255642,43878.016,79605.4003190934
255643,43878.016,44031.565805643986
255644,43878.016,27344.74337349918
255645,43878.016,4718.2047556168445
255646,43878.016,52490.181184180765
255647,43878.016,55511.133041137706
255648,43878.016,87388.64414793407
255649,43878.016,23391.641868539024
255650,43878.016,20356.945218246048
255651,43878.016,72429.43194352562
255652,43878.016,9164.122059338393
255653,43878.016,18327.637917314438
255654,43878.016,40996.34328488602
255655,43878.016,7228.83877657152
255656,43878.016,52934.02748635822
255657,43878.016,22030.275480717257
255658,43878.016,45045.45855261065
255659,43878.016,23961.847981377006
255660,43878.016,74022.84656387092
255661,43878.016,9795.931727335761
255662,43878.016,40766.21159462362
255663,43878.016,46801.12180183567
255664,43878.016,40339.326774067675
255665,43878.016,25258.06993123516
255666,43878.016,43135.747925365016
255667,43878.016,19041.675754830412
255668,43878.016,31112.16335514668
255669,43878.016,11874.259879734502
255670,43878.016,33440.37323402698
255671,43878.016,22865.122932373546
255672,43878.016,17627.70686300884
255673,43878.016,31127.971535159464
255674,43878.016,35913.95165337744
255675,43878.016,61908.804560472054
255676,43878.016,44049.23601315726
255677,43878.016,35365.31572181617
255678,43878.016,16877.841861389228
255679,43878.016,50711.17473520834
255680,43878.016,46541.09082313444
255681,43878.016,26103.964828777895
255682,43878.016,33924.799279307386
255683,43878.016,55364.7854162621
255684,43878.016,9962.827932629027
255685,43878.016,12906.806186294558
255686,43878.016,11275.337066513848
255687,43878.016,42539.85774326859
255688,43878.016,41623.15420956639
255689,43878.016,21710.255758235766
255690,43878.016,12790.564281385801
255691,43878.016,70297.32617698186
255692,43878.016,48403.974920790846
255693,43878.016,4137.370737334665
255694,43878.016,8604.183268763381
255695,43878.016,48266.2911076882
255696,43878.016,18630.568662019494
255697,43878.016,7209.941659181305
255698,43878.016,61441.518600629264
255699,43878.016,57180.13878197624
255700,43878.016,49366.56603796448
255701,43878.016,60292.333303642234
255702,43878.016,33596.978456367906
255703,43878.016,67354.29371128113
255704,43878.016,24989.469155624985
255705,43878.016,39910.98690247783
255706,43878.016,31130.511966557337
255707,43878.016,50051.56446885961
255708,43878.016,14855.595932909915
255709,43878.016,54534.82811061188
255710,43878.016,8334.570964920575
255711,43878.016,18851.415448921292
255712,43878.016,45204.33288349441
255713,43878.016,11372.117657212679
255714,43878.016,10017.739531137924
255715,43878.016,44951.05748340292
255716,43878.016,33921.712986230916
255717,43878.016,9682.386018446385
255718,43878.016,63879.29558325573
255719,43878.016,34983.02612435693
255720,43878.016,29479.5833363453
255721,43878.016,14365.309515701101
255722,43878.016,50133.374697575135
255723,43878.016,12393.634561538256
255724,43878.016,51490.24144486567
255725,43878.016,21614.61090803815
255726,43878.016,10994.807459009096
255727,43878.016,31084.153572836673
255728,43878.016,68414.7501632192
255729,43878.016,13101.400739269719
255730,43878.016,40152.491454412426
255731,43878.016,75203.69877304886
255732,43878.016,42103.13633045503
255733,43878.016,37744.617182936745
255734,43878.016,40689.41405782174
255735,43878.016,13542.597149618863
255736,43878.016,57747.195268504445
255737,43878.016,27692.86908100715
255738,43878.016,27348.747455938654
255739,43878.016,49265.401480789544
255740,43878.016,27271.402545519937
255741,43878.016,24282.002178112343
255742,43878.016,25009.744119929488
255743,43878.016,40678.46205280761
255744,43878.016,22368.422525007907
255745,43878.016,61174.84237816251
255746,43878.016,73190.4455225037
255747,43878.016,8794.686830837583
255748,43878.016,20509.382365896465
255749,43878.016,23645.815152058643
255750,43878.016,77704.26648214037
255751,43878.016,29220.764092959736
255752,43878.016,59717.93508437074
255753,43878.016,48508.19277570347
255754,43878.016,66491.80534633715
255755,43878.016,31730.371021205785
255756,43878.016,66309.18620073423
255757,43878.016,18352.166531814193
255758,43878.016,10168.68392355257
255759,43878.016,11619.534734973826
255760,43878.016,49208.615490825454
255761,43878.016,48361.81284516124
255762,43878.016,14253.856884460656
255763,43878.016,77878.88060923718
255764,43878.016,61799.58721776962
255765,43878.016,61759.115559713005
255766,43878.016,36974.2839202865
255767,43878.016,47031.903752799604
255768,43878.016,59509.29555811412
255769,43878.016,69622.52420006148
255770,43878.016,18189.741528376228
255771,43878.016,58721.5195978799
255772,43878.016,54930.80481509534
255773,43878.016,25974.283557342787
255774,43878.016,38461.983457418406
255775,43878.016,32395.21715757483
255776,43878.016,52257.79719539711
255777,43878.016,39827.83963616453
255778,43878.016,30500.25689636053
255779,43878.016,33089.41673601951
255780,43878.016,28045.989508055663
255781,43878.016,24039.691771380887
255782,43878.016,43394.476882729134
255783,43878.016,14956.908853470633
255784,43878.016,62891.29736466075
255785,43878.016,27423.668337131152
255786,43878.016,65448.97146649044
255787,43878.016,26615.124857130795
255788,43878.016,31442.191246197825
255789,43878.016,33628.41561820911
255790,43878.016,51461.58535956342
255791,43878.016,13101.95625742002
255792,43878.016,50365.41494389836
255793,43878.016,43047.49225953949
255794,43878.016,12065.752527516728
255795,43878.016,61547.78207493673
255796,43878.016,52747.26223577024
255797,43878.016,38150.443468732265
255798,43878.016,54347.91689548149
255799,43878.016,55074.1378530661
255800,43878.016,51551.76167545785
255801,43878.016,39788.616321468595
255802,43878.016,40886.031487411485
255803,43878.016,13595.980283248002
255804,43878.016,92990.89712072311
255805,43878.016,25209.93254989509
255806,43878.016,11531.769825327447
255807,43878.016,16079.336599481054
255808,43878.016,16860.028877870423
255809,43878.016,18972.57181377486
255810,43878.016,20806.916000393623
255811,43878.016,20422.454694969765
255812,43878.016,39853.12182342985
255813,43878.016,26654.16572428638
255814,43878.016,19639.59208036844
255815,43878.016,47025.150226823294
255816,43878.016,15973.287195412555
255817,43878.016,51458.17879434238
255818,43878.016,78626.3380090975
255819,43878.016,15637.171505256789
255820,43878.016,19423.958977341186
255821,43878.016,10728.233420935818
255822,43878.016,35546.19870825348
255823,43878.016,38097.484725168426
255824,43878.016,53530.67430485785
255825,43878.016,20516.6264199232
255826,43878.016,17295.771731921144
255827,43878.016,34856.93462764748
255828,43878.016,14829.874558825877
255829,43878.016,74171.63959624844
255830,43878.016,51677.237029964
255831,43878.016,21887.557044634937
255832,43878.016,38570.91643516222
255833,43878.016,36445.93162574273
255834,43878.016,51632.776906009945
255835,43878.016,32851.240336961906
255836,43878.016,46458.31487853295
255837,43878.016,38131.74350894806
255838,43878.016,11238.080251038475
255839,43878.016,19559.26606556107
255840,43878.016,33391.68246187735
255841,43878.016,35787.78644483567
255842,43878.016,79599.68281833755
255843,43878.016,73969.20729196686
255844,43878.016,9670.986003851125
255845,43878.016,83566.24259739411
255846,43878.016,34350.31555857082
255847,43878.016,16412.89839781322
255848,43878.016,18337.724417045007
255849,43878.016,38689.39499371588
255850,43878.016,5681.892803222516
255851,43878.016,50234.90506663161
255852,43878.016,14884.01706312289
255853,43878.016,63866.4768001238
255854,43878.016,37171.91123774593
255855,43878.016,50065.81158410283
255856,43878.016,58891.13992944745
255857,43878.016,33981.48516334511
255858,43878.016,33223.02070628308
255859,43878.016,67761.95649392162
255860,43878.016,16311.80662319665
255861,43878.016,15380.395666371043
255862,43878.016,14691.731147596101
255863,43878.016,44193.77264589844
255864,43878.016,13966.253524826518
255865,43878.016,60572.713956020365
255866,43878.016,5079.097818732493
255867,43878.016,25518.003081198996
255868,43878.016,17267.022033627363
255869,43878.016,12361.02881440136
255870,43878.016,17424.196048759954
255871,43878.016,63027.939366111365
255872,43878.016,81809.99474369465
255873,43878.016,43400.49199897383
255874,43878.016,30649.772997402248
255875,43878.016,67077.11637443281
255876,43878.016,36228.80934487243
255877,43878.016,27044.471269126323
255878,43878.016,31197.739396206674
255879,43878.016,59856.81983716073
255880,43878.016,16892.43984211579
255881,43878.016,10190.533610338722
255882,43878.016,17659.929593215107
255883,43878.016,9464.840754198298
255884,43878.016,4606.551811864038
255885,43878.016,54474.89992928039
255886,43878.016,47998.45899853356
255887,43878.016,59299.75516920168
255888,43878.016,32117.443910544283
255889,43878.016,33227.6403293807
255890,43878.016,45930.88858100649
255891,43878.016,29665.079336384184
255892,43878.016,67683.05206328917
255893,43878.016,16161.614523406377
255894,43878.016,13765.518291454364
255895,43878.016,29974.47522569306
255896,43878.016,53574.10186012934
255897,43878.016,19540.470707744713
255898,43878.016,68407.18919185834
255899,43878.016,35003.733410230496
255900,43878.016,53370.804673377825
255901,43878.016,34513.11131780523
255902,43878.016,79079.03062266325
255903,43878.016,19718.187524431287
255904,43878.016,53925.632152788196
255905,43878.016,72032.53601378594
255906,43878.016,5621.192383447806
255907,43878.016,29456.104993608482
255908,43878.016,75973.58366318753
255909,43878.016,16656.396683671166
255910,43878.016,52568.6087117654
255911,43878.016,44683.895694374834
255912,43878.016,34040.37643569332
255913,43878.016,59153.259778751955
255914,43878.016,49848.541225492954
255915,43878.016,28557.65099695684
255916,43878.016,21452.864869919416
255917,43878.016,14892.971732343065
255918,43878.016,23113.22442028854
255919,43878.016,91949.18998413319
255920,43878.016,8887.205893504412
255921,43878.016,31635.476496220468
255922,43878.016,11398.455475957175
255923,43878.016,25624.761303180272
255924,43878.016,50834.761213806436
255925,43878.016,23277.77721255863
255926,43878.016,52721.885937285435
255927,43878.016,17287.829578527766
255928,43878.016,17742.543000062284
255929,43878.016,8532.649065244439
255930,43878.016,62391.21945624694
255931,43878.016,13039.844230254706
255932,43878.016,57476.78049020599
255933,43878.016,21995.864463979433
255934,43878.016,57667.33650674054
255935,43878.016,57348.30132304081
255936,43878.016,23229.00760898717
255937,43878.016,23680.519327631042
255938,43878.016,31610.265465644265
255939,43878.016,27538.808383405405
255940,43878.016,35904.62140462483
255941,43878.016,50878.57774045591
255942,43878.016,44796.69952488599
255943,43878.016,29202.484009034208
255944,43878.016,40292.60444177516
255945,43878.016,34971.84659033798
255946,43878.016,21282.394379279944
255947,43878.016,46768.2710247478
255948,43878.016,16522.089288980646
255949,43878.016,18000.86508919407
255950,43878.016,27797.81441007533
255951,43878.016,17572.461352449347
255952,43878.016,15294.411881538475
255953,43878.016,17485.63669059691
255954,43878.016,17324.790067079946
255955,43878.016,50666.129559933186
255956,43878.016,35288.70332262643
255957,43878.016,53492.98009072399
255958,43878.016,29641.039030489323
255959,43878.016,22724.030039702193
255960,43878.016,13652.228525989078
255961,43878.016,11941.49342383569
255962,43878.016,15655.92393160814
255963,43878.016,54287.95016954905
255964,43878.016,44057.55156594281
255965,43878.016,7446.405264704752
255966,43878.016,63494.13008156906
255967,43878.016,65463.86029791334
255968,43878.016,41090.15514653108
255969,43878.016,53115.29937647597
255970,43878.016,12686.668037090676
255971,43878.016,24135.72886332751
255972,43878.016,4980.009111623651
255973,43878.016,13881.430658202884
255974,43878.016,23456.74367288739
255975,43878.016,22654.47397158767
255976,43878.016,54445.105801105405
255977,43878.016,14902.48632786875
255978,43878.016,53663.148130594025
255979,43878.016,47649.22561055348
255980,43878.016,34041.79385821109
255981,43878.016,18358.59208391886
255982,43878.016,62046.898437721
255983,43878.016,39201.78175923289
255984,43878.016,43178.51697151492
255985,43878.016,9364.190496886875
255986,43878.016,40757.2970145444
255987,43878.016,17787.86327200723
255988,43878.016,60301.61964382291
255989,43878.016,16322.703195676353
255990,43878.016,16645.442655681
255991,43878.016,44751.78204618657
255992,43878.016,44230.6842640134
255993,43878.016,28654.965269600507
255994,43878.016,51410.756569998666
255995,43878.016,45838.048957834086
255996,43878.016,12846.897709410974
255997,43878.016,27825.24829812951
255998,43878.016,49601.46998633345
255999,43878.016,34301.58151704245
256000,43878.016,13895.776769771517
256001,43878.016,41029.14049860105
256002,43878.016,32302.76501230082
256003,43878.016,93895.36376600715
256004,43878.016,56031.66171042101
256005,43878.016,8598.93476818299
256006,43878.016,20976.521165949853
256007,43878.016,43234.58392108859
256008,43878.016,25865.045821948384
256009,43878.016,15694.486684268424
256010,43878.016,28440.505650685445
256011,43878.016,34239.3951907609
256012,43878.016,28447.66749000603
256013,43878.016,21441.603673834357
256014,43878.016,14036.388518789241
256015,43878.016,26897.290269080513
256016,43878.016,54429.95049216063
256017,43878.016,31505.241653271823
256018,43878.016,18258.00224769892
256019,43878.016,9592.7441261776
256020,43878.016,20745.907317968282
256021,43878.016,35865.40891917984
256022,43878.016,20287.253771048803
256023,43878.016,10058.051436287325
256024,43878.016,19724.82984287
256025,43878.016,42666.36692396562
256026,43878.016,25476.429938800233
256027,43878.016,20661.882234300665
256028,43878.016,10237.084661899788
256029,43878.016,48723.16920399207
256030,43878.016,34934.57653882902
256031,43878.016,15988.94249441483
256032,43878.016,24968.05767090404
256033,43878.016,12069.379680697935
256034,43878.016,17385.861587245974
256035,43878.016,8407.925923932302
256036,43878.016,34537.84868466539
256037,43878.016,11109.16909524026
256038,43878.016,11115.290967792398
256039,43878.016,48177.854147343794
256040,43878.016,62766.573966032534
256041,43878.016,24711.718243571388
256042,43878.016,22951.72495635574
256043,43878.016,47241.62854027393
256044,43878.016,27375.895586236984
256045,43878.016,40381.460015637575
256046,43878.016,57433.04489910577
256047,43878.016,9322.174301929077
256048,43878.016,30616.99617029781
256049,43878.016,48385.450283983075
256050,43878.016,73949.02982680533
256051,43878.016,50409.563751871974
256052,43878.016,7342.85967570271
256053,43878.016,26599.16682535012
256054,43878.016,58019.21781258528
256055,43878.016,19534.738105821856
256056,43878.016,55274.119347599735
256057,43878.016,60790.02361875971
256058,43878.016,10254.313204550648
256059,43878.016,42687.55929746942
256060,43878.016,35905.506464024125
256061,43878.016,47372.867702105614
256062,43878.016,17580.905037001172
256063,43878.016,63588.922192748534
256064,43878.016,31415.306943869175
256065,43878.016,53115.91659309356
256066,43878.016,8074.58274434507
256067,43878.016,81375.46475588047
256068,43878.016,83298.65727521965
256069,43878.016,38172.72668843796
256070,43878.016,6111.305650685933
256071,43878.016,10203.875708237056
256072,43878.016,17766.63403761929
256073,43878.016,15496.672219191696
256074,43878.016,46955.090321145464
256075,43878.016,10857.301677101292
256076,43878.016,24775.284682802638
256077,43878.016,42445.87218503105
256078,43878.016,49089.68204014522
256079,43878.016,69554.77648189856
256080,43878.016,91316.55479782617
256081,43878.016,22721.03719260943
256082,43878.016,54845.697766597536
256083,43878.016,41783.92015282183
256084,43878.016,38234.02478651643
256085,43878.016,12392.18869289574
256086,43878.016,23235.868349402153
256087,43878.016,52926.926662521786
256088,43878.016,20082.87754044268
256089,43878.016,29717.746229780325
256090,43878.016,44254.81433560903
256091,43878.016,20797.339080435464
256092,43878.016,58832.58648303888
256093,43878.016,24921.948407899323
256094,43878.016,14264.224744883595
256095,43878.016,21582.58791622316
256096,43878.016,5848.240836080687
256097,43878.016,39795.73713965771
256098,43878.016,36373.527297934226
256099,43878.016,39488.922719506554
256100,43878.016,13457.061449708146
256101,43878.016,30853.457722262578
256102,43878.016,24221.1832871403
256103,43878.016,7950.704512612545
256104,43878.016,58851.056733769154
256105,43878.016,9081.322832385296
256106,43878.016,28011.649906131326
256107,43878.016,15020.280180715203
256108,43878.016,43438.60240286734
256109,43878.016,28648.45501692468
256110,43878.016,8644.882891187766
256111,43878.016,29955.11358578594
256112,43878.016,41394.69609465467
256113,43878.016,17254.086591467636
256114,43878.016,13532.234792888106
256115,43878.016,30712.766830683988
256116,43878.016,43875.61479461039
256117,43878.016,44682.80642589891
256118,43878.016,57154.72735622825
256119,43878.016,64533.95426579124
256120,43878.016,34158.4883960457
256121,43878.016,46036.506395360324
256122,43878.016,55991.448572550966
256123,43878.016,32396.007854463245
256124,43878.016,49772.15333556906
256125,43878.016,29650.82662866498
256126,43878.016,60198.96623716696
256127,43878.016,9680.033122054458
256128,43878.016,10161.397024322438
256129,43878.016,108721.9213286567
256130,43878.016,58711.200388331155
256131,43878.016,13105.586999873598
256132,43878.016,13685.299038985473
256133,43878.016,14590.014771707201
256134,43878.016,22534.493801047814
256135,43878.016,65880.21861499263
256136,43878.016,20948.206559660135
256137,43878.016,39056.68785007959
256138,43878.016,25616.46594622604
256139,43878.016,56355.546412499476
256140,43878.016,17231.726468120192
256141,43878.016,19170.85842679799
256142,43878.016,19689.660258395725
256143,43878.016,26083.949054634988
256144,43878.016,36445.173676704406
256145,43878.016,23761.948422546677
256146,43878.016,11556.851613132703
256147,43878.016,42990.42193230166
256148,43878.016,23553.45364883552
256149,43878.016,15453.09558400942
256150,43878.016,12185.354521570674
256151,43878.016,13359.912176701748
256152,43878.016,39869.05920463753
256153,43878.016,23508.544221078515
256154,43878.016,25640.385796226958
256155,43878.016,59890.097464040475
256156,43878.016,55001.48084632962
256157,43878.016,9702.62882066759
256158,43878.016,15036.349248977516
256159,43878.016,30584.31442787981
256160,43878.016,34506.954094588575
256161,43878.016,35854.8392406795
256162,43878.016,20742.931598797633
256163,43878.016,6706.498074212138
256164,43878.016,22091.57398815714
256165,43878.016,28174.172042397742
256166,43878.016,33004.11860124033
256167,43878.016,48023.61751795868
256168,43878.016,53151.044342135036
256169,43878.016,11033.241511791162
256170,43878.016,38085.49335535459
256171,43878.016,27959.5599150756
256172,43878.016,10712.222956412663
256173,43878.016,35956.79423173278
256174,43878.016,5526.25283931404
256175,43878.016,15930.080717248535
256176,43878.016,49127.54467888077
256177,43878.016,11173.790691500453
256178,43878.016,39000.02086172929
256179,43878.016,18302.293000826416
256180,43878.016,14048.211377991089
256181,43878.016,77494.57289481872
256182,43878.016,46021.83718973621
256183,43878.016,17782.397474883084
256184,43878.016,53710.9318072009
256185,43878.016,23711.67198934258
256186,43878.016,47719.39407371363
256187,43878.016,45286.07502288968
256188,43878.016,14470.968489049972
256189,43878.016,57975.41941449754
256190,43878.016,24180.40111943468
256191,43878.016,41185.450800877086
256192,43878.016,28811.851143162203
256193,43878.016,31513.34475762289
256194,43878.016,5222.971258860491
256195,43878.016,12845.31174803073
256196,43878.016,18362.356058470814
256197,43878.016,31169.25875359582
256198,43878.016,7704.4279822314975
256199,43878.016,38638.55299607702
256200,43878.016,9149.99020351273
256201,43878.016,56142.233057121695
256202,43878.016,18911.728687977986
256203,43878.016,70299.73649075127
256204,43878.016,23758.325118568602
256205,43878.016,16150.690215670409
256206,43878.016,47716.72575389751
256207,43878.016,11065.365693181653
256208,43878.016,57855.50133110165
256209,43878.016,7960.702560734888
256210,43878.016,14832.66430721468
256211,43878.016,34826.55582420854
256212,43878.016,8603.145995438157
256213,43878.016,43445.889229851695
256214,43878.016,19172.010557608348
256215,43878.016,10632.155261279528
256216,43878.016,7247.560812860373
256217,43878.016,16855.191939716777
256218,43878.016,13708.764933880853
256219,43878.016,82627.09192629826
256220,43878.016,57778.10119899356
256221,43878.016,52570.638054809555
256222,43878.016,22809.40923219977
256223,43878.016,30876.755295224288
256224,43878.016,87691.96908018217
256225,43878.016,46213.455101037005
256226,43878.016,51423.071259919256
256227,43878.016,73869.75276281378
256228,43878.016,32908.65639405265
256229,43878.016,27341.58676091203
256230,43878.016,41542.6241722898
256231,43878.016,10605.556749957595
256232,43878.016,29702.619196267595
256233,43878.016,27091.432252920666
256234,43878.016,62884.7112650859
256235,43878.016,49927.1402102176
256236,43878.016,49673.77872086705
256237,43878.016,46995.748693967056
256238,43878.016,37276.9999413177
256239,43878.016,59379.11687995116
256240,43878.016,22593.780387627943
256241,43878.016,43740.18565693666
256242,43878.016,15706.656126637054
256243,43878.016,79337.30006574433
256244,43878.016,24739.673667982417
256245,43878.016,51352.25928246502
256246,43878.016,19319.70491157467
256247,43878.016,45407.18448953253
256248,43878.016,14243.92350603718
256249,43878.016,26144.43262538768
256250,43878.016,12862.543539192322
256251,43878.016,36435.63903352571
256252,43878.016,10266.037880764568
256253,43878.016,72374.61239375296
256254,43878.016,16335.029503357988
256255,43878.016,19664.95567853416
256256,43878.016,46466.08645388771
256257,43878.016,20258.425393801408
256258,43878.016,51258.57729741676
256259,43878.016,45749.68760642545
256260,43878.016,36156.86670800331
256261,43878.016,23853.510310434438
256262,43878.016,20048.81812900658
256263,43878.016,22458.77994630881
256264,43878.016,73094.16332685894
256265,43878.016,40656.33553834815
256266,43878.016,44128.57069189185
256267,43878.016,9292.36175645783
256268,43878.016,26882.349526012847
256269,43878.016,16286.145770726947
256270,43878.016,59685.81883379274
256271,43878.016,27154.24306080887
256272,43878.016,20286.34797740108
256273,43878.016,56693.0906195379
256274,43878.016,11093.074474931485
256275,43878.016,13336.84107589441
256276,43878.016,17167.540185657792
256277,43878.016,5668.4958806321365
256278,43878.016,39400.35353582364
256279,43878.016,9124.348988410413
256280,43878.016,6462.190374326338
256281,43878.016,31368.083505670296
256282,43878.016,11028.369495411147
256283,43878.016,48243.21557698041
256284,43878.016,20685.66368004743
256285,43878.016,23145.04391391354
256286,43878.016,12631.021490707924
256287,43878.016,12277.402466126077
256288,43878.016,48551.057892780445
256289,43878.016,69701.15713295649
256290,43878.016,49948.58820335939
256291,43878.016,48282.09814021542
256292,43878.016,14603.530216964275
256293,43878.016,25358.233014694397
256294,43878.016,42625.066876140285
256295,43878.016,32316.504755404392
256296,43878.016,30533.233227825876
256297,43878.016,44475.5435717361
256298,43878.016,38209.258347158815
256299,43878.016,64043.11712175639
256300,43878.016,24267.78975542383
256301,43878.016,23784.841084259995
256302,43878.016,15243.625055254144
256303,43878.016,59659.55439968996
256304,43878.016,57364.01936973955
256305,43878.016,54251.28776515197
256306,43878.016,45309.58430746405
256307,43878.016,52245.84168336447
256308,43878.016,51772.4982605172
256309,43878.016,64399.51937667795
256310,43878.016,32942.536775244786
256311,43878.016,47471.327737149404
256312,43878.016,20559.494426954094
256313,43878.016,64119.124079880916
256314,43878.016,52170.24821612723
256315,43878.016,50631.2744713878
256316,43878.016,22201.833047672244
256317,43878.016,32030.280415125322
256318,43878.016,18955.41375387334
256319,43878.016,21391.171270405706
256320,43878.016,64154.398865058385
256321,43878.016,37085.5669974687
256322,43878.016,60609.028568359834
256323,43878.016,9662.999884078114
256324,43878.016,50623.09425476709
256325,43878.016,38803.31589891951
256326,43878.016,32726.120375783437
256327,43878.016,48450.71104662209
256328,43878.016,28349.04869752081
256329,43878.016,31990.114787085928
256330,43878.016,19253.999921898674
256331,43878.016,79530.31750492562
256332,43878.016,35202.66668787969
256333,43878.016,16568.221414366195
256334,43878.016,16065.877252543958
256335,43878.016,52309.53466117925
256336,43878.016,45975.71549551245
256337,43878.016,57421.28854921245
256338,43878.016,38414.1189007257
256339,43878.016,11950.110583205053
256340,43878.016,29674.034673111855
256341,43878.016,83309.09105694701
256342,43878.016,12363.684707632903
256343,43878.016,37611.52692660004
256344,43878.016,37039.83408270966
256345,43878.016,4941.409497613408
256346,43878.016,28197.841695848667
256347,43878.016,32438.76450533433
256348,43878.016,19537.749814426217
256349,43878.016,9641.902932059049
256350,43878.016,8620.494433730766
256351,43878.016,27863.095297271928
256352,43878.016,37614.181263264436
256353,43878.016,54854.734784900684
256354,43878.016,34563.932158117364
256355,43878.016,32893.2002235911
256356,43878.016,35654.68324214317
256357,43878.016,44865.82104188146
256358,43878.016,45843.756633280216
256359,43878.016,58453.89670034573
256360,43878.016,23200.55533090771
256361,43878.016,52169.48931613336
256362,43878.016,10496.992938347443
256363,43878.016,46838.10604962882
256364,43878.016,20650.06133548153
256365,43878.016,10412.816582541502
256366,43878.016,26961.138180092796
256367,43878.016,23485.195681716457
256368,43878.016,10852.09352402957
256369,43878.016,18084.48416498155
256370,43878.016,18726.284527152857
256371,43878.016,44755.0858752392
256372,43878.016,64923.33980688872
256373,43878.016,45408.667040836655
256374,43878.016,10004.448927990492
256375,43878.016,16079.56640908805
256376,43878.016,13723.640527538162
256377,43878.016,30810.634053290967
256378,43878.016,14409.519566567182
256379,43878.016,71623.6076101723
256380,43878.016,61855.13415215877
256381,43878.016,51269.80865387978
256382,43878.016,22012.085067901815
256383,43878.016,39931.26889991377
256384,43878.016,12807.295365918313
256385,43878.016,38039.281301274925
256386,43878.016,49697.09289009963
256387,43878.016,9171.137586757279
256388,43878.016,16463.988831557075
256389,43878.016,65201.913562957496
256390,43878.016,19844.76105873632
256391,43878.016,10009.432432521717
256392,43878.016,54689.84236922362
256393,43878.016,42498.93684388949
256394,43878.016,51592.48770848205
256395,43878.016,21305.687456296608
256396,43878.016,41043.98064058457
256397,43878.016,68325.13382778397
256398,43878.016,51558.004334904064
256399,43878.016,36006.352017029254
256400,43878.016,12607.51170821926
256401,43878.016,84155.00230103137
256402,43878.016,17607.032914186177
256403,43878.016,59656.42517601142
256404,43878.016,28504.576910142663
256405,43878.016,23591.207989990904
256406,43878.016,55485.08146226286
256407,43878.016,36251.634007797
256408,43878.016,23326.511589416245
256409,43878.016,64213.79762253272
256410,43878.016,8677.840392981898
256411,43878.016,77673.99607036366
256412,43878.016,20975.126655514287
256413,43878.016,43457.46054643507
256414,43878.016,45199.63834756284
256415,43878.016,59140.806662483235
256416,43878.016,40997.03531044593
256417,43878.016,20224.43983608902
256418,43878.016,66030.14696119814
256419,43878.016,8577.647649528772
256420,43878.016,71719.01567036186
256421,43878.016,24890.747581400654
256422,43878.016,22254.020446441948
256423,43878.016,56746.008311469865
256424,43878.016,28094.684940445066
256425,43878.016,26060.744867971185
256426,43878.016,10250.73957828335
256427,43878.016,59066.30096927644
256428,43878.016,67510.49220168433
256429,43878.016,36586.613824631204
256430,43878.016,26284.220236719568
256431,43878.016,39060.996891007235
256432,43878.016,39368.556186643385
256433,43878.016,13329.15939496253
256434,43878.016,17064.08961898538
256435,43878.016,14330.03732680247
256436,43878.016,61479.37614314382
256437,43878.016,38653.570585572204
256438,43878.016,32491.835266503444
256439,43878.016,58803.82928166865
256440,43878.016,39824.242107003236
256441,43878.016,14157.837478479858
256442,43878.016,42256.41548769634
256443,43878.016,13345.676199379477
256444,43878.016,22935.19277751326
256445,43878.016,19795.541669228533
256446,43878.016,12577.460113427318
256447,43878.016,7934.835204443336
256448,43878.016,37909.58167475533
256449,43878.016,12982.506289532499
256450,43878.016,21651.319413863708
256451,43878.016,64347.67458754595
256452,43878.016,16409.840581602395
256453,43878.016,15339.43160308724
256454,43878.016,19022.094207518312
256455,43878.016,20381.392452647695
256456,43878.016,39889.56566652348
256457,43878.016,37486.52196195838
256458,43878.016,15283.483690682979
256459,43878.016,67443.7628087102
256460,43878.016,61084.26423126382
256461,43878.016,54987.167206524464
256462,43878.016,32023.33124786955
256463,43878.016,21681.0189344692
256464,43878.016,42552.31530797029
256465,43878.016,9215.464806836797
256466,43878.016,38729.28387830937
256467,43878.016,9653.543734559102
256468,43878.016,47655.54356028635
256469,43878.016,21491.82383029198
256470,43878.016,16026.400631186512
256471,43878.016,15832.21810385141
256472,43878.016,39429.56854359353
256473,43878.016,62626.190094059
256474,43878.016,28488.191911305366
256475,43878.016,117279.52564142022
256476,43878.016,31257.85086192765
256477,43878.016,38025.86468410583
256478,43878.016,40944.27931578996
256479,43878.016,11143.218411560505
256480,43878.016,18041.130537479967
256481,43878.016,9102.049840843085
256482,43878.016,14050.593046482198
256483,43878.016,27442.714675718664
256484,43878.016,25317.604132195
256485,43878.016,79177.13572804551
256486,43878.016,30169.63815033363
256487,43878.016,30909.519881121258
256488,43878.016,14120.18434260981
256489,43878.016,38615.67837026786
256490,43878.016,35800.46774849863
256491,43878.016,47074.28095236179
256492,43878.016,53271.07079601246
256493,43878.016,44485.155587434514
256494,43878.016,67904.2926620334
256495,43878.016,51280.80178661066
256496,43878.016,21594.49376871495
256497,43878.016,12316.491344571454
256498,43878.016,79126.8992194309
256499,43878.016,32492.612086410838
256500,43878.016,9805.665953264623
256501,43878.016,14317.204611597212
256502,43878.016,17663.25891594929
256503,43878.016,17582.979385789164
256504,43878.016,21425.94026215567
256505,43878.016,64050.94059735422
256506,43878.016,43557.61155135202
256507,43878.016,47840.780581698935
256508,43878.016,32044.893009058786
256509,43878.016,9778.445539673723
256510,43878.016,16174.895623061946
256511,43878.016,20338.33633504652
256512,43878.016,39196.790893879675
256513,43878.016,13100.18540212701
256514,43878.016,47651.62217965765
256515,43878.016,34486.73396037988
256516,43878.016,43736.2120250718
256517,43878.016,46702.094198097155
256518,43878.016,14389.625303681227
256519,43878.016,47218.00185589797
256520,43878.016,41091.49476241906
256521,43878.016,12883.740057063034
256522,43878.016,35660.90315253651
256523,43878.016,29968.299701317323
256524,43878.016,45054.27833298977
256525,43878.016,43690.84131481499
256526,43878.016,37758.50113178689
256527,43878.016,19986.85397645568
256528,43878.016,29964.298446353903
256529,43878.016,20348.610372668656
256530,43878.016,68376.18527658592
256531,43878.016,26956.75397491064
256532,43878.016,8588.959112475639
256533,43878.016,31221.513820091666
256534,43878.016,44441.6689040619
256535,43878.016,44140.86080388477
256536,43878.016,55102.687221564454
256537,43878.016,16644.155379409396
256538,43878.016,32799.99887629863
256539,43878.016,55720.008932438424
256540,43878.016,16108.966315139754
256541,43878.016,35490.11447363414
256542,43878.016,29381.754949547485
256543,43878.016,21900.47575240039
256544,43878.016,7052.2234646330635
256545,43878.016,36321.05472685969
256546,43878.016,31353.04810287751
256547,43878.016,14688.69900127852
256548,43878.016,27088.767979884673
256549,43878.016,46485.96386303628
256550,43878.016,47106.48663476297
256551,43878.016,7267.109711172747
256552,43878.016,35959.180675598065
256553,43878.016,35436.793448103184
256554,43878.016,75024.31046895264
256555,43878.016,38125.22487823188
256556,43878.016,42248.609867241845
256557,43878.016,24012.636798331667
256558,43878.016,46741.485092983654
256559,43878.016,32452.90477762068
256560,43878.016,53820.088986948766
256561,43878.016,87213.90954358288
256562,43878.016,28217.757736525986
256563,43878.016,7255.803292638235
256564,43878.016,14305.651680496641
256565,43878.016,17678.995305650606
256566,43878.016,47733.32975683578
256567,43878.016,38345.94513579201
256568,43878.016,13490.185123836802
256569,43878.016,42540.99530944267
256570,43878.016,12905.93912828119
256571,43878.016,34025.92279512221
256572,43878.016,55921.022197828024
256573,43878.016,82100.7135021246
256574,43878.016,57352.14752031732
256575,43878.016,20547.02091973613
256576,43878.016,56385.765292729964
256577,43878.016,18077.286040858315
256578,43878.016,35550.85774117724
256579,43878.016,68477.08871572638
256580,43878.016,55191.727482315335
256581,43878.016,72211.41884691488
256582,43878.016,29212.500934773216
256583,43878.016,39679.72140364003
256584,43878.016,43746.876766920206
256585,43878.016,53175.3616917858
256586,43878.016,31422.99903886058
256587,43878.016,42935.50601837161
256588,43878.016,14653.233414366556
256589,43878.016,14263.263566185535
256590,43878.016,28734.75185906643
256591,43878.016,21504.795066756345
256592,43878.016,50984.93761818024
256593,43878.016,36742.10661688272
256594,43878.016,89932.88615696167
256595,43878.016,23197.230737670714
256596,43878.016,19619.62305678562
256597,43878.016,46073.69549970762
256598,43878.016,73362.82391426928
256599,43878.016,16094.797383768375
256600,43878.016,25872.366094781068
256601,43878.016,37920.76179909603
256602,43878.016,46057.645069676226
256603,43878.016,30603.512772822975
256604,43878.016,34012.65422476611
256605,43878.016,18285.847975389435
256606,43878.016,53112.643338487185
256607,43878.016,23568.610261440048
256608,43878.016,21150.15628057293
256609,43878.016,11468.827819358694
256610,43878.016,25588.642793819803
256611,43878.016,48902.43691662721
256612,43878.016,24832.813515192473
256613,43878.016,37620.13964150317
256614,43878.016,12640.010216744817
256615,43878.016,55265.21855324543
256616,43878.016,39997.650129456546
256617,43878.016,59996.92805091929
256618,43878.016,44221.05745176862
256619,43878.016,8613.002786232737
256620,43878.016,18092.707962535762
256621,43878.016,15786.720636253622
256622,43878.016,27888.909390913886
256623,43878.016,26480.454341236757
256624,43878.016,42452.15103810254
256625,43878.016,24979.10140051376
256626,43878.016,77702.68810530602
256627,43878.016,24986.630830935643
256628,43878.016,14852.364138267723
256629,43878.016,52435.07684716462
256630,43878.016,10079.765027545485
256631,43878.016,26146.461080133726
256632,43878.016,98340.65742751722
256633,43878.016,42399.693712988344
256634,43878.016,60137.274934618756
256635,43878.016,40524.27882746854
256636,43878.016,47595.85696970063
256637,43878.016,14768.572095911553
256638,43878.016,37391.750853401405
256639,43878.016,37177.36952139969
256640,43878.016,87045.55788529979
256641,43878.016,16051.898180107048
256642,43878.016,31443.139395446975
256643,43878.016,74547.47272364743
256644,43878.016,38863.91450433411
256645,43878.016,94311.66701119923
256646,43878.016,43712.874369551755
256647,43878.016,19554.849440302383
256648,43878.016,18483.469554163636
256649,43878.016,32184.818279888917
256650,43878.016,52625.73229961073
256651,43878.016,30531.201974884454
256652,43878.016,21199.935544777698
256653,43878.016,49053.80400356452
256654,43878.016,70330.01393224752
256655,43878.016,52375.40145585116
256656,43878.016,30645.292577819164
256657,43878.016,7820.0187616630765
256658,43878.016,50449.155365778766
256659,43878.016,45051.874464816
256660,43878.016,59173.06070386191
256661,43878.016,37479.91111906406
256662,43878.016,31600.182245245407
256663,43878.016,5097.621881522473
256664,43878.016,13454.387646503817
256665,43878.016,43788.34227614365
256666,43878.016,18738.003737294355
256667,43878.016,4530.818642288187
256668,43878.016,73394.05825082779
256669,43878.016,16143.395845006376
256670,43878.016,8091.405951908772
256671,43878.016,6347.4207908506005
256672,43878.016,6316.96413396222
256673,43878.016,38336.30476228638
256674,43878.016,46185.95498266961
256675,43878.016,47770.33701654827
256676,43878.016,76937.56553443542
256677,43878.016,89660.46665737852
256678,43878.016,18727.952802652573
256679,43878.016,18343.49730578513
256680,43878.016,56480.22894901727
256681,43878.016,65899.65934975223
256682,43878.016,15815.746124499918
256683,43878.016,50234.32549748703
256684,43878.016,58717.104051988565
256685,43878.016,46955.2842222571
256686,43878.016,30106.608092323215
256687,43878.016,19873.15276656448
256688,43878.016,35770.318346649525
256689,43878.016,47571.11428722478
256690,43878.016,6476.13354036875
256691,43878.016,9503.433244575177
256692,43878.016,49924.7777827508
256693,43878.016,22803.271705627532
256694,43878.016,15168.941371909588
256695,43878.016,21670.610908095314
256696,43878.016,56147.40833437384
256697,43878.016,16760.28421810438
256698,43878.016,24701.791917914717
256699,43878.016,13253.02480819558
256700,43878.016,58791.9247000687
256701,43878.016,44221.604794177845
256702,43878.016,70110.85271771305
256703,43878.016,61740.51870683694
256704,43878.016,40047.22898926574
256705,43878.016,43410.56822026332
256706,43878.016,31343.61750421003
256707,43878.016,15138.35907216135
256708,43878.016,20539.30584955335
256709,43878.016,22898.390965402858
256710,43878.016,33026.53188386867
256711,43878.016,50275.515653850554
256712,43878.016,34281.64520621083
256713,43878.016,26210.431132147438
256714,43878.016,19019.896559773853
256715,43878.016,46120.74601810363
256716,43878.016,61757.066635939715
256717,43878.016,31035.61635269921
256718,43878.016,30751.64744126816
256719,43878.016,9573.815977879183
256720,43878.016,46759.23968247093
256721,43878.016,13818.458433592414
256722,43878.016,80543.05238482432
256723,43878.016,35649.93982035861
256724,43878.016,34705.49651431343
256725,43878.016,70498.2792919227
256726,43878.016,6446.045720103124
256727,43878.016,59535.455355304235
256728,43878.016,26246.89312940853
256729,43878.016,25204.76009715826
256730,43878.016,40155.260500819946
256731,43878.016,27360.267041242776
256732,43878.016,34663.44177190667
256733,43878.016,12061.099612647067
256734,43878.016,120174.32445835772
256735,43878.016,20288.343971487146
256736,43878.016,63122.01845909324
256737,43878.016,24262.476846400972
256738,43878.016,39213.59396429041
256739,43878.016,59859.68696631469
256740,43878.016,26761.23074179184
256741,43878.016,35400.13706800887
256742,43878.016,17044.697451788372
256743,43878.016,59321.45517019391
256744,43878.016,7375.4306911588765
256745,43878.016,30475.08087650281
256746,43878.016,15506.883339368374
256747,43878.016,54864.601340561276
256748,43878.016,22365.422156798864
256749,43878.016,12000.61872798011
256750,43878.016,19806.213591224907
256751,43878.016,78043.63000396559
256752,43878.016,9266.516982218694
256753,43878.016,23498.906622627994
256754,43878.016,59728.21983476315
256755,43878.016,44126.00173961461
256756,43878.016,21284.61896694135
256757,43878.016,43682.77207961891
256758,43878.016,61798.18728339436
256759,43878.016,47574.55068928198
256760,43878.016,32056.22606405376
256761,43878.016,7448.571574086263
256762,43878.016,30445.68630264665
256763,43878.016,64214.880952591266
256764,43878.016,33218.1862523243
256765,43878.016,12253.737043542857
256766,43878.016,45236.36613008391
256767,43878.016,13620.477928924536
256768,43878.016,60091.317467895824
256769,43878.016,23078.93083732218
256770,43878.016,50993.614750565896
256771,43878.016,39292.22788015047
256772,43878.016,21710.814812334796
256773,43878.016,18189.60330411469
256774,43878.016,15273.044774798589
256775,43878.016,60422.53949793646
256776,43878.016,8237.23769603546
256777,43878.016,40815.817596567904
256778,43878.016,34967.49786770549
256779,43878.016,24176.997156943766
256780,43878.016,6347.958986952498
256781,43878.016,22227.33342473676
256782,43878.016,14299.289943440424
256783,43878.016,11554.113996025666
256784,43878.016,63651.88453520353
256785,43878.016,54345.37526825958
256786,43878.016,24030.018567324507
256787,43878.016,106281.82867596736
256788,43878.016,55006.51361554122
256789,43878.016,14081.315665815917
256790,43878.016,12411.655547023158
256791,43878.016,100111.95405296702
256792,43878.016,19691.640265719416
256793,43878.016,29673.371236545296
256794,43878.016,55578.91233233964
256795,43878.016,39677.509109897816
256796,43878.016,36827.943665421735
256797,43878.016,22009.81057072485
256798,43878.016,58794.87559314471
256799,43878.016,28198.55390311113
256800,43878.016,45256.193914752155
256801,43878.016,34098.871011098054
256802,43878.016,40902.83947586571
256803,43878.016,20306.354264214322
256804,43878.016,28481.08282254493
256805,43878.016,69185.42139434381
256806,43878.016,12427.60211321823
256807,43878.016,33650.384883237624
256808,43878.016,40062.81572071874
256809,43878.016,38221.25040738855
256810,43878.016,12598.003161811825
256811,43878.016,41542.98935361204
256812,43878.016,47588.291046551545
256813,43878.016,24953.595747075015
256814,43878.016,4221.355165281014
256815,43878.016,50224.80463181993
256816,43878.016,115584.6829782372
256817,43878.016,90905.18487242922
256818,43878.016,50389.940169966154
256819,43878.016,12126.889735370753
256820,43878.016,59426.32968929414
256821,43878.016,49408.671945015216
256822,43878.016,13347.544692337488
256823,43878.016,53472.62568003382
256824,43878.016,39671.670788194
256825,43878.016,25178.558584081442
256826,43878.016,25941.89893323461
256827,43878.016,34305.19575989771
256828,43878.016,20683.708439495138
256829,43878.016,43057.04019289986
256830,43878.016,27230.17426136278
256831,43878.016,40785.64525622125
256832,43878.016,57522.12779995705
256833,43878.016,61854.84144599068
256834,43878.016,12972.173882082787
256835,43878.016,25633.47765899641
256836,43878.016,27380.883628536016
256837,43878.016,38926.20507376575
256838,43878.016,15907.181885429163
256839,43878.016,59261.61048828807
256840,43878.016,49361.79925946837
256841,43878.016,47941.716303614434
256842,43878.016,9623.192926489048
256843,43878.016,30795.70582573376
256844,43878.016,38313.55346621178
256845,43878.016,13319.677579568584
256846,43878.016,13921.429595793867
256847,43878.016,40631.89566903052
256848,43878.016,55083.389205591535
256849,43878.016,22213.0648663451
256850,43878.016,36122.432583115355
256851,43878.016,32224.875865964586
256852,43878.016,6292.351741032626
256853,43878.016,23391.520752844386
256854,43878.016,43838.17359574786
256855,43878.016,13510.843453411439
256856,43878.016,9746.24052084726
256857,43878.016,21611.026245764653
256858,43878.016,33350.748542517016
256859,43878.016,26455.55232928952
256860,43878.016,24189.22613813753
256861,43878.016,9778.241414206206
256862,43878.016,50077.40908371135
256863,43878.016,11024.811585145224
256864,43878.016,43734.05477657412
256865,43878.016,60050.21294723622
256866,43878.016,44894.03391968524
256867,43878.016,14067.219923896451
256868,43878.016,20099.763177466317
256869,43878.016,25040.565324715135
256870,43878.016,25566.309761851775
256871,43878.016,17613.797115312795
256872,43878.016,21443.7668379412
256873,43878.016,51878.470918226194
256874,43878.016,18204.753975539166
256875,43878.016,45091.04017082463
256876,43878.016,38641.39535910723
256877,43878.016,25418.249603982193
256878,43878.016,21576.382081629195
256879,43878.016,31604.390491096874
256880,43878.016,15079.988369609564
256881,43878.016,69539.16425376364
256882,43878.016,20669.038123357834
256883,43878.016,25043.095204790287
256884,43878.016,29267.446901302425
256885,43878.016,9451.450945433113
256886,43878.016,36673.36681285922
256887,43878.016,8401.943043671814
256888,43878.016,35644.27113502653
256889,43878.016,33500.639903212876
256890,43878.016,21502.962360129033
256891,43878.016,10631.338173248761
256892,43878.016,37757.11726106948
256893,43878.016,33414.13677388756
256894,43878.016,12624.560873583572
256895,43878.016,7362.631643359638
256896,43878.016,27582.403880857448
256897,43878.016,42479.557711469686
256898,43878.016,46272.94697785968
256899,43878.016,28236.794743198374
256900,43878.016,35104.4498481003
256901,43878.016,39367.9700617894
256902,43878.016,63390.632534405544
256903,43878.016,24229.459436292826
256904,43878.016,16834.25789837173
256905,43878.016,21183.714073354266
256906,43878.016,15223.526020982194
256907,43878.016,39741.80205766979
256908,43878.016,66860.22055543197
256909,43878.016,18175.668484243764
256910,43878.016,18936.63070610446
256911,43878.016,28706.91858215147
256912,43878.016,79374.82420730517
256913,43878.016,50506.51099014046
256914,43878.016,40936.97429044453
256915,43878.016,64780.701123877814
256916,43878.016,5982.399442957855
256917,43878.016,45029.78390385656
256918,43878.016,73966.89614639916
256919,43878.016,52089.99184132027
256920,43878.016,25411.17098268681
256921,43878.016,18866.812488959506
256922,43878.016,40390.077930060215
256923,43878.016,14776.385194922437
256924,43878.016,58059.10050986892
256925,43878.016,67552.57154154762
256926,43878.016,73231.68669781889
256927,43878.016,32720.628621837004
256928,43878.016,26509.220602936624
256929,43878.016,25590.8603373323
256930,43878.016,37263.98591682617
256931,43878.016,22026.754042446828
256932,43878.016,28727.20796911276
256933,43878.016,34305.72894098579
256934,43878.016,50118.791281361664
256935,43878.016,40189.852043653766
256936,43878.016,47166.84821402456
256937,43878.016,13702.48515413527
256938,43878.016,32525.36074606809
256939,43878.016,46384.73245005316
256940,43878.016,9698.617252498841
256941,43878.016,42863.932848778524
256942,43878.016,37384.05544670389
256943,43878.016,36539.96744844433
256944,43878.016,68801.82652742353
256945,43878.016,13087.288800700648
256946,43878.016,17584.738356723836
256947,43878.016,15060.230201287915
256948,43878.016,28086.254156922034
256949,43878.016,14149.751115188661
256950,43878.016,14209.047960286904
256951,43878.016,27379.575527609017
256952,43878.016,43146.52442983862
256953,43878.016,23200.073332792603
256954,43878.016,10477.196429406677
256955,43878.016,55061.627767720776
256956,43878.016,7377.434317237837
256957,43878.016,47503.543449322955
256958,43878.016,52894.25318151406
256959,43878.016,63088.67595626205
256960,43878.016,29844.753583771995
256961,43878.016,58106.421174400646
256962,43878.016,6687.899241706418
256963,43878.016,50471.326168841115
256964,43878.016,17197.83926916551
256965,43878.016,40963.703649049705
256966,43878.016,49941.225292912866
256967,43878.016,38283.63113962036
256968,43878.016,10091.147869642336
256969,43878.016,16289.014516933366
256970,43878.016,7943.979551069481
256971,43878.016,53386.71103664978
256972,43878.016,9662.366169840601
256973,43878.016,56800.847312894475
256974,43878.016,5749.453089395899
256975,43878.016,14374.511154048987
256976,43878.016,16361.840468907083
256977,43878.016,118436.23013843695
256978,43878.016,58242.671996060424
256979,43878.016,68927.1175401662
256980,43878.016,25765.162909920036
256981,43878.016,43061.11630249288
256982,43878.016,77294.56911570378
256983,43878.016,63069.542081682834
256984,43878.016,32920.47980506261
256985,43878.016,53395.131656715945
256986,43878.016,5709.222826927006
256987,43878.016,13876.819411607277
256988,43878.016,21733.803865358226
256989,43878.016,63590.911490553626
256990,43878.016,7219.121313027927
256991,43878.016,10950.465221089817
256992,43878.016,18509.26460152526
256993,43878.016,25128.601239462318
256994,43878.016,20233.387631137583
256995,43878.016,59044.925939731904
256996,43878.016,26526.04915630051
256997,43878.016,17381.48158375454
256998,43878.016,12145.621605965445
256999,43878.016,17920.073537702643
257000,43878.016,9966.738193195215
257001,43878.016,20944.442834109042
257002,43878.016,29453.687444061015
257003,43878.016,9074.432394708718
257004,43878.016,56921.76556703285
257005,43878.016,92822.05648513089
257006,43878.016,27028.445190096965
257007,43878.016,40179.49572238164
257008,43878.016,52418.12704953517
257009,43878.016,63701.4099952244
257010,43878.016,14566.386370069624
257011,43878.016,16955.71760533909
257012,43878.016,22562.076960162703
257013,43878.016,39010.6569934221
257014,43878.016,39316.39613067621
257015,43878.016,12245.837120891274
257016,43878.016,7029.378585478823
257017,43878.016,32090.630266301752
257018,43878.016,33756.79218796051
257019,43878.016,62849.58673666131
257020,43878.016,28771.111818333233
257021,43878.016,9558.676966846184
257022,43878.016,31711.095224025303
257023,43878.016,33080.366495035436
257024,43878.016,29027.17701602761
257025,43878.016,12844.66419201007
257026,43878.016,36562.263538841435
257027,43878.016,18197.50157923821
257028,43878.016,9687.36149796909
257029,43878.016,36788.90174843004
257030,43878.016,58256.96188631675
257031,43878.016,51814.38689436469
257032,43878.016,16445.72365233889
257033,43878.016,26680.5364924781
257034,43878.016,27559.78100284142
257035,43878.016,14377.008404130325
257036,43878.016,52256.88203192819
257037,43878.016,9692.821718869287
257038,43878.016,48335.82540253874
257039,43878.016,13959.475418608454
257040,43878.016,35075.977287872534
257041,43878.016,15482.567723057347
257042,43878.016,37261.41631857621
257043,43878.016,12889.330763935775
257044,43878.016,34376.454487232004
257045,43878.016,16098.283039446083
257046,43878.016,46486.57159593553
257047,43878.016,10660.868202028416
257048,43878.016,8983.244972388424
257049,43878.016,30921.71024758025
257050,43878.016,34527.970829778635
257051,43878.016,33838.92267699722
257052,43878.016,24264.81167117733
257053,43878.016,47354.00026741811
257054,43878.016,56876.86206434108
257055,43878.016,72514.0790481944
257056,43878.016,18149.73343293443
257057,43878.016,35927.52489205033
257058,43878.016,43444.0979770252
257059,43878.016,50589.490946861806
257060,43878.016,32661.158562105815
257061,43878.016,33039.56371504738
257062,43878.016,30229.957008806086
257063,43878.016,36110.69032756785
257064,43878.016,36908.47957030383
257065,43878.016,77711.40559674766
257066,43878.016,78784.36280770187
257067,43878.016,71106.53571510903
257068,43878.016,47853.51042516784
257069,43878.016,36983.481936545955
257070,43878.016,26286.758096673166
257071,43878.016,9939.191428660233
257072,43878.016,25455.199228478778
257073,43878.016,34917.86770773332
257074,43878.016,34161.49192942044
257075,43878.016,33360.899229957286
257076,43878.016,11247.634395883015
257077,43878.016,16850.552825345123
257078,43878.016,34459.77154892968
257079,43878.016,55924.26657498184
257080,43878.016,30971.831518357136
257081,43878.016,57936.739053205034
257082,43878.016,8774.447085740836
257083,43878.016,36648.389747224304
257084,43878.016,30173.64704374931
257085,43878.016,13500.087619624866
257086,43878.016,50436.622961849076
257087,43878.016,51912.69483886454
257088,43878.016,18832.376409991284
257089,43878.016,42269.09083471966
257090,43878.016,50861.20140201789
257091,43878.016,24416.138285487217
257092,43878.016,49893.55122552392
257093,43878.016,17245.425056209984
257094,43878.016,42541.996522449575
257095,43878.016,20222.65559869293
257096,43878.016,10596.939225464175
257097,43878.016,19064.332898835815
257098,43878.016,44381.02095559533
257099,43878.016,27720.464788067453
257100,43878.016,25952.769471219814
257101,43878.016,18751.836999998668
257102,43878.016,8850.891984720014
257103,43878.016,29970.80804698318
257104,43878.016,30998.18340477817
257105,43878.016,12254.389710621203
257106,43878.016,65720.45281979795
257107,43878.016,16003.016280073818
257108,43878.016,35512.8734226419
257109,43878.016,60895.340808287576
257110,43878.016,59998.13270055857
257111,43878.016,33229.207856130335
257112,43878.016,14019.529422787467
257113,43878.016,47457.598903334045
257114,43878.016,71181.64092162275
257115,43878.016,28987.723312763555
257116,43878.016,42735.05731614278
257117,43878.016,11683.995231035844
257118,43878.016,32940.96919770851
257119,43878.016,9974.200671140396
257120,43878.016,71570.6110228665
257121,43878.016,28771.661813376177
257122,43878.016,49651.09696372409
257123,43878.016,52292.79011421288
257124,43878.016,47431.1805607969
257125,43878.016,23574.93491673589
257126,43878.016,50698.3564842149
257127,43878.016,72280.27891064995
257128,43878.016,19072.83354196722
257129,43878.016,39514.181877270225
257130,43878.016,23065.315568518916
257131,43878.016,6251.942362187922
257132,43878.016,50074.4754572508
257133,43878.016,31203.672674682326
257134,43878.016,49527.40216695804
257135,43878.016,48468.76016060846
257136,43878.016,31280.434620168813
257137,43878.016,31238.441477246222
257138,43878.016,23784.409799628214
257139,43878.016,15859.939502960582
257140,43878.016,45245.118082737696
257141,43878.016,59783.182241385955
257142,43878.016,31610.855306419744
257143,43878.016,53440.984938809226
257144,43878.016,34964.7976845032
257145,43878.016,54337.240198011394
257146,43878.016,67268.40205140259
257147,43878.016,25665.027223119087
257148,43878.016,9319.411215344704
257149,43878.016,16148.880106604553
257150,43878.016,29818.98774324171
257151,43878.016,70112.7590248303
257152,43878.016,36034.69142089663
257153,43878.016,41750.60729394382
257154,43878.016,36036.685949313214
257155,43878.016,43918.16544447802
257156,43878.016,16439.4974450777
257157,43878.016,32369.45151821532
257158,43878.016,33542.52965213977
257159,43878.016,25587.65292968731
257160,43878.016,44096.309939926294
257161,43878.016,11270.33622966111
257162,43878.016,58874.82027598383
257163,43878.016,18361.650928254825
257164,43878.016,9755.199829011037
257165,43878.016,9386.511429568209
257166,43878.016,19025.120824537033
257167,43878.016,14430.211940215733
257168,43878.016,24791.883373363737
257169,43878.016,58750.45159851143
257170,43878.016,9039.89300179572
257171,43878.016,46917.99837479502
257172,43878.016,22936.47904366628
257173,43878.016,19660.52601873424
257174,43878.016,42575.154873113395
257175,43878.016,36813.62689008331
257176,43878.016,35073.257375672605
257177,43878.016,62903.03306412657
257178,43878.016,77107.44228866602
257179,43878.016,10142.814048008682
257180,43878.016,66572.80120348156
257181,43878.016,11709.51029619583
257182,43878.016,51750.373742785654
257183,43878.016,43969.34684568731
257184,43878.016,49448.34401214842
257185,43878.016,7470.848757009044
257186,43878.016,8788.103009350594
257187,43878.016,36303.25984291857
257188,43878.016,38399.4009867747
257189,43878.016,39527.79796003424
257190,43878.016,9711.016339273883
257191,43878.016,47077.4217399811
257192,43878.016,52846.40709368002
257193,43878.016,11203.892030706858
257194,43878.016,25312.860911910175
257195,43878.016,61250.81708396709
257196,43878.016,17591.63142750814
257197,43878.016,49794.16478073043
257198,43878.016,55136.31846278961
257199,43878.016,21357.133508344225
257200,43878.016,8400.57947974533
257201,43878.016,75807.96309082727
257202,43878.016,112537.39637484578
257203,43878.016,19670.77673874848
257204,43878.016,43230.564780470726
257205,43878.016,14486.438186363765
257206,43878.016,54939.93725909185
257207,43878.016,20828.205593359326
257208,43878.016,27362.691424755612
257209,43878.016,7156.3148673485
257210,43878.016,10996.57105915686
257211,43878.016,23522.09951715811
257212,43878.016,22596.01322335756
257213,43878.016,22328.09035286595
257214,43878.016,33274.67644650521
257215,43878.016,22559.087505083815
257216,43878.016,33978.452878619704
257217,43878.016,12695.325013648013
257218,43878.016,41172.027470958295
257219,43878.016,42721.57312690471
257220,43878.016,10047.150174893372
257221,43878.016,50189.422944293845
257222,43878.016,60356.16650258995
257223,43878.016,46374.68846923993
257224,43878.016,81526.47149776918
257225,43878.016,49546.1519502578
257226,43878.016,8399.452333899782
257227,43878.016,37773.36504996486
257228,43878.016,38613.30792025054
257229,43878.016,15195.98831730667
257230,43878.016,48675.77637836647
257231,43878.016,40326.094838799676
257232,43878.016,14056.294594690597
257233,43878.016,60799.74438382764
257234,43878.016,88096.4811291491
257235,43878.016,28715.489447633532
257236,43878.016,46228.49067167365
257237,43878.016,13566.638398814976
257238,43878.016,20582.080212304867
257239,43878.016,15714.630514120272
257240,43878.016,18126.999734485216
257241,43878.016,12452.603801400599
257242,43878.016,33745.13348412419
257243,43878.016,39725.1656461236
257244,43878.016,90453.52764888512
257245,43878.016,29354.74515571144
257246,43878.016,16095.525861419603
257247,43878.016,54087.78370748813
257248,43878.016,19313.96025193255
257249,43878.016,53388.63036419535
257250,43878.016,28382.618337568172
257251,43878.016,48045.86682836069
257252,43878.016,16119.954286398246
257253,43878.016,21539.71617205744
257254,43878.016,53303.31923528098
257255,43878.016,26459.9199889723
257256,43878.016,45256.36922647693
257257,43878.016,15238.126021249933
257258,43878.016,36479.8543843292
257259,43878.016,44611.2328966006
257260,43878.016,41678.891288201834
257261,43878.016,41749.52731237049
257262,43878.016,88369.7996532128
257263,43878.016,66756.33607291241
257264,43878.016,31596.436102156676
257265,43878.016,32345.035183131306
257266,43878.016,6994.795754406932
257267,43878.016,6992.729012173782
257268,43878.016,27917.450620215037
257269,43878.016,65668.16559025734
257270,43878.016,23140.663013982303
257271,43878.016,43655.33292825328
257272,43878.016,16201.450402339215
257273,43878.016,49239.721812196556
257274,43878.016,11531.673219128508
257275,43878.016,28789.072518548728
257276,43878.016,47612.49191933418
257277,43878.016,33952.895564622326
257278,43878.016,23917.842714398877
257279,43878.016,60171.333430385974
257280,43878.016,47967.688497429444
257281,43878.016,46905.741148701396
257282,43878.016,20986.484290670323
257283,43878.016,43972.49524287445
257284,43878.016,21573.89102725678
257285,43878.016,27922.836043726154
257286,43878.016,57010.40942763709
257287,43878.016,22523.211351267877
257288,43878.016,28801.71137209907
257289,43878.016,33889.524482255576
257290,43878.016,34044.80442980985
257291,43878.016,40079.40916792814
257292,43878.016,99026.89265964566
257293,43878.016,11174.991218909941
257294,43878.016,30168.45493977201
257295,43878.016,55659.20498489597
257296,43878.016,6840.997800299572
257297,43878.016,40203.103538246745
257298,43878.016,149490.6288350555
257299,43878.016,26337.766681994282
257300,43878.016,15710.545471569307
257301,43878.016,24284.334342800645
257302,43878.016,16573.36318845779
257303,43878.016,45486.38482742731
257304,43878.016,49258.30539533246
257305,43878.016,7678.541229263652
257306,43878.016,18211.60540484031
257307,43878.016,10154.273968765774
257308,43878.016,55504.80314165121
257309,43878.016,45043.8839809305
257310,43878.016,69247.43996877792
257311,43878.016,21385.43707759888
257312,43878.016,35876.31591372895
257313,43878.016,53729.30914059752
257314,43878.016,34817.517570734155
257315,43878.016,9784.341877628938
257316,43878.016,3810.7347849913062
257317,43878.016,65172.556011625995
257318,43878.016,40826.772729024
257319,43878.016,35088.51353054884
257320,43878.016,23440.23850122085
257321,43878.016,33187.54062231397
257322,43878.016,27193.651372424785
257323,43878.016,22882.151518942694
257324,43878.016,31945.64210668393
257325,43878.016,35727.55930977002
257326,43878.016,12282.973740093088
257327,43878.016,22791.745496033098
257328,43878.016,45743.887693068355
257329,43878.016,20495.430415952975
257330,43878.016,49887.67276298662
257331,43878.016,57814.04506304725
257332,43878.016,24357.56360489842
257333,43878.016,69188.7246228324
257334,43878.016,11196.308911975171
257335,43878.016,25620.174851914817
257336,43878.016,7369.196678455436
257337,43878.016,63392.248829770506
257338,43878.016,30065.01377772749
257339,43878.016,52969.51104445492
257340,43878.016,43744.69321196548
257341,43878.016,17794.26022477498
257342,43878.016,33033.99518861473
257343,43878.016,22176.04289694264
257344,43878.016,13342.314417747693
257345,43878.016,8481.476916927128
257346,43878.016,56079.115760996996
257347,43878.016,12475.712180494098
257348,43878.016,46023.28895384764
257349,43878.016,26548.816923786748
257350,43878.016,23695.55947617515
257351,43878.016,29204.506624658636
257352,43878.016,35130.04804527426
257353,43878.016,73522.37605782955
257354,43878.016,74550.82618320327
257355,43878.016,15339.481424575928
257356,43878.016,14077.42261728891
257357,43878.016,36349.13048867744
257358,43878.016,57254.93577457668
257359,43878.016,9219.89595167271
257360,43878.016,12570.16429611009
257361,43878.016,23885.360107951154
257362,43878.016,11304.27027702505
257363,43878.016,14973.015408013534
257364,43878.016,21004.828576902735
257365,43878.016,21906.770157563446
257366,43878.016,37984.74765908718
257367,43878.016,27397.172777152133
257368,43878.016,9369.42912464191
257369,43878.016,27401.04611455403
257370,43878.016,18785.472340013137
257371,43878.016,8274.222336942623
257372,43878.016,44736.14561093073
257373,43878.016,12023.194957557025
257374,43878.016,48496.03078340969
257375,43878.016,31762.946604981535
257376,43878.016,56066.81261251298
257377,43878.016,17997.08694496695
257378,43878.016,41274.44900349586
257379,43878.016,40445.181947513025
257380,43878.016,18128.10956959421
257381,43878.016,47514.16440028024
257382,43878.016,25858.991362095505
257383,43878.016,58417.12744977389
257384,43878.016,18692.511784023016
257385,43878.016,27957.93992611671
257386,43878.016,10290.736395739053
257387,43878.016,43193.57794770059
257388,43878.016,42322.69527948568
257389,43878.016,44057.65223141002
257390,43878.016,36991.33494983633
257391,43878.016,20887.180706139825
257392,43878.016,49069.31368818447
257393,43878.016,8754.333613571183
257394,43878.016,12301.339918701953
257395,43878.016,14201.52473983797
257396,43878.016,58482.96265772386
257397,43878.016,16583.414937940506
257398,43878.016,11983.386424167624
257399,43878.016,65959.55418008102
257400,43878.016,7115.831010383807
257401,43878.016,21906.131041427707
257402,43878.016,28739.531542353172
257403,43878.016,42009.35816139541
257404,43878.016,63529.019797267916
257405,43878.016,23876.344471691096
257406,43878.016,57892.63281473101
257407,43878.016,11720.756726274343
257408,43878.016,59183.659951263035
257409,43878.016,47086.8308700259
257410,43878.016,33722.36886405266
257411,43878.016,52002.4943307502
257412,43878.016,13868.00597143676
257413,43878.016,16422.281953258196
257414,43878.016,61625.655905755375
257415,43878.016,30538.71313619727
257416,43878.016,10796.12589354985
257417,43878.016,16086.033517132808
257418,43878.016,33513.701638767256
257419,43878.016,43417.00620481841
257420,43878.016,25327.035681420188
257421,43878.016,12006.484787908566
257422,43878.016,13141.770124780785
257423,43878.016,40013.54309872838
257424,43878.016,42417.34303260934
257425,43878.016,59932.91713946401
257426,43878.016,36109.84267872083
257427,43878.016,24114.254449059958
257428,43878.016,10112.602918941888
257429,43878.016,55904.203981573766
257430,43878.016,42694.85564413108
257431,43878.016,18255.591940195514
257432,43878.016,22930.88636073767
257433,43878.016,15592.844456824929
257434,43878.016,68108.4606272409
257435,43878.016,18636.665776816033
257436,43878.016,29896.645785708086
257437,43878.016,16716.324074669552
257438,43878.016,15561.782841513595
257439,43878.016,45371.22928620732
257440,43878.016,14690.671450712263
257441,43878.016,10353.316861933507
257442,43878.016,36837.60995988548
257443,43878.016,48273.498767772944
257444,43878.016,55934.408949081626
257445,43878.016,34613.502491386906
257446,43878.016,62666.455923958
257447,43878.016,44006.89420160418
257448,43878.016,51365.44129632428
257449,43878.016,29319.695479146136
257450,43878.016,14012.843459388174
257451,43878.016,56329.270850887166
257452,43878.016,33623.23810719515
257453,43878.016,19841.13948310121
257454,43878.016,14209.602996979776
257455,43878.016,16141.373478195794
257456,43878.016,34437.98462994217
257457,43878.016,31463.59582595989
257458,43878.016,55319.07995767607
257459,43878.016,11079.211413451905
257460,43878.016,42875.432115236705
257461,43878.016,28288.85358929113
257462,43878.016,67206.8842118233
257463,43878.016,37185.22055708745
257464,43878.016,9085.999881221298
257465,43878.016,37658.88224146544
257466,43878.016,12186.313641267607
257467,43878.016,22267.14919321607
257468,43878.016,15378.870863701231
257469,43878.016,48581.456980686824
257470,43878.016,18058.48201207853
257471,43878.016,64201.21929053688
257472,43878.016,52067.31392860282
257473,43878.016,26802.791471934786
257474,43878.016,45557.83252915861
257475,43878.016,57918.63215415275
257476,43878.016,8236.882529664708
257477,43878.016,29786.14484943914
257478,43878.016,9755.663705631387
257479,43878.016,94606.85088920705
257480,43878.016,10866.208502909618
257481,43878.016,26853.0534455273
257482,43878.016,57390.31385108154
257483,43878.016,44657.861901071505
257484,43878.016,9947.35028582142
257485,43878.016,49697.822012250246
257486,43878.016,41334.666785758534
257487,43878.016,18132.518665701453
257488,43878.016,7350.355911019435
257489,43878.016,59837.05305796384
257490,43878.016,13939.25622425469
257491,43878.016,37026.98695575128
257492,43878.016,11476.435983006837
257493,43878.016,48883.95211368009
257494,43878.016,33246.065743872365
257495,43878.016,55289.24506923189
257496,43878.016,39537.389874959976
257497,43878.016,61344.30564209123
257498,43878.016,14402.088518972174
257499,43878.016,34200.59593016362
257500,43878.016,29079.750223909174
257501,43878.016,30357.778226847113
257502,43878.016,29715.667194897338
257503,43878.016,24159.184671826923
257504,43878.016,14992.342857780714
257505,43878.016,6455.894108165259
257506,43878.016,11493.992910873452
257507,43878.016,63982.31008380068
257508,43878.016,37553.62249201768
257509,43878.016,4669.103959435896
257510,43878.016,14986.560391263198
257511,43878.016,23515.83879117415
257512,43878.016,21563.445885312147
257513,43878.016,54217.15255163435
257514,43878.016,11806.552971872039
257515,43878.016,40111.961338944784
257516,43878.016,34394.28952698551
257517,43878.016,47459.62031807297
257518,43878.016,52248.17138923836
257519,43878.016,37969.68089968337
257520,43878.016,7376.97430827991
257521,43878.016,44213.8211713057
257522,43878.016,43523.891688018615
257523,43878.016,36478.270280803554
257524,43878.016,22853.384852464427
257525,43878.016,27360.747651968104
257526,43878.016,52319.11705463955
257527,43878.016,52811.68879563853
257528,43878.016,18972.265832745234
257529,43878.016,18758.8169736429
257530,43878.016,12237.395865577793
257531,43878.016,39404.90867405676
257532,43878.016,18466.348319338267
257533,43878.016,8060.168136721535
257534,43878.016,63714.27838393305
257535,43878.016,17466.411896797632
257536,43878.016,46015.36031996767
257537,43878.016,9072.843918157845
257538,43878.016,28631.667212022854
257539,43878.016,34034.583375090806
257540,43878.016,50983.2988771228
257541,43878.016,43883.64245722986
257542,43878.016,40311.984242484396
257543,43878.016,38183.32169799385
257544,43878.016,36767.00940789008
257545,43878.016,18603.490566166485
257546,43878.016,41161.08902615173
257547,43878.016,24090.64631250952
257548,43878.016,43659.747852543485
257549,43878.016,27446.488389098304
257550,43878.016,40026.89174941018
257551,43878.016,25627.463971366113
257552,43878.016,52482.80539240687
257553,43878.016,20498.24042169948
257554,43878.016,34772.97014741844
257555,43878.016,43585.882238401835
257556,43878.016,39319.78472536883
257557,43878.016,22865.83440789916
257558,43878.016,50938.331458750115
257559,43878.016,99045.78692036541
257560,43878.016,12888.062321785452
257561,43878.016,6343.0679657269175
257562,43878.016,17846.329038682692
257563,43878.016,7578.3837288010845
257564,43878.016,117133.71575108911
257565,43878.016,46072.67105749083
257566,43878.016,10518.97959206289
257567,43878.016,51814.87328767305
257568,43878.016,57904.606546034025
257569,43878.016,27728.300773369745
257570,43878.016,52159.09686423094
257571,43878.016,30581.793607809657
257572,43878.016,51320.06264348619
257573,43878.016,29100.259669984956
257574,43878.016,40876.06649810536
257575,43878.016,40502.50642074962
257576,43878.016,8925.348312334794
257577,43878.016,38101.617002923645
257578,43878.016,28031.041327593804
257579,43878.016,50227.10424521981
257580,43878.016,26322.138930499164
257581,43878.016,54126.27597251223
257582,43878.016,14403.177856717457
257583,43878.016,24585.00149461421
257584,43878.016,22346.48194609801
257585,43878.016,58744.69553731236
257586,43878.016,12070.17967276836
257587,43878.016,49970.89318299815
257588,43878.016,35956.701901477994
257589,43878.016,17247.14926833801
257590,43878.016,73837.02358044995
257591,43878.016,17977.858306601385
257592,43878.016,60888.17248462228
257593,43878.016,8000.463720831433
257594,43878.016,36613.534038193524
257595,43878.016,22966.856532268463
257596,43878.016,23652.729243339654
257597,43878.016,21880.8336972298
257598,43878.016,18443.337157036673
257599,43878.016,49267.600198510656
257600,43878.016,19065.574353012802
257601,43878.016,43593.93794689333
257602,43878.016,18265.802320714207
257603,43878.016,56453.39741444127
257604,43878.016,45988.5514250235
257605,43878.016,32299.452054074834
257606,43878.016,12993.169717306086
257607,43878.016,29218.770454423367
257608,43878.016,15524.647030693865
257609,43878.016,45492.915696745724
257610,43878.016,29646.186468476586
257611,43878.016,51742.78760867364
257612,43878.016,40469.7373416128
257613,43878.016,17934.703827046524
257614,43878.016,40774.819294181216
257615,43878.016,28187.9170168358
257616,43878.016,26143.71128251817
257617,43878.016,23805.183976043678
257618,43878.016,22767.11501439179
257619,43878.016,8558.371013864553
257620,43878.016,42657.37561000733
257621,43878.016,27594.624609681447
257622,43878.016,74549.8431558915
257623,43878.016,4517.319378027551
257624,43878.016,48531.69959066588
257625,43878.016,33824.82854227157
257626,43878.016,57802.41857572831
257627,43878.016,52319.17292531023
257628,43878.016,14543.931045804722
257629,43878.016,34797.23316061554
257630,43878.016,40822.7748489408
257631,43878.016,42000.18358226095
257632,43878.016,38031.44405553317
257633,43878.016,67507.99702905527
257634,43878.016,43663.745172156545
257635,43878.016,33141.75392636506
257636,43878.016,70778.6550650106
257637,43878.016,14822.440048481438
257638,43878.016,8716.393522798762
257639,43878.016,39496.712520218076
257640,43878.016,78336.72128173591
257641,43878.016,24059.38530210496
257642,43878.016,33365.36983086292
257643,43878.016,18349.21959089166
257644,43878.016,38275.042771111854
257645,43878.016,35699.817897846
257646,43878.016,44702.21709270345
257647,43878.016,7081.560882021743
257648,43878.016,12494.489126646424
257649,43878.016,38592.56125878086
257650,43878.016,34864.05532961643
257651,43878.016,6008.481371441284
257652,43878.016,8875.068764761922
257653,43878.016,17042.999239188986
257654,43878.016,13696.554208491703
257655,43878.016,10406.244960982545
257656,43878.016,31081.899104629214
257657,43878.016,15648.15309269491
257658,43878.016,15351.18423357406
257659,43878.016,49432.95257694171
257660,43878.016,9042.068686753768
257661,43878.016,43431.8620718118
257662,43878.016,30831.104475649794
257663,43878.016,58406.26364653719
257664,43878.016,45118.62454694381
257665,43878.016,27243.970469693348
257666,43878.016,13109.979462350411
257667,43878.016,69002.43443594982
257668,43878.016,35268.306365194054
257669,43878.016,22209.322641382536
257670,43878.016,31368.024777270686
257671,43878.016,37990.094439316454
257672,43878.016,80110.9732780965
257673,43878.016,31425.00398846814
257674,43878.016,29312.837807989774
257675,43878.016,42274.06381750687
257676,43878.016,87884.71410853905
257677,43878.016,27666.242593578667
257678,43878.016,6463.15937428548
257679,43878.016,42237.24066407668
257680,43878.016,16929.21776094478
257681,43878.016,16140.498219741958
257682,43878.016,53260.97869059469
257683,43878.016,38550.6082057495
257684,43878.016,37966.54867684775
257685,43878.016,12001.247057976276
257686,43878.016,5514.731369551652
257687,43878.016,22284.155757936613
257688,43878.016,13358.98350874058
257689,43878.016,18847.980409047206
257690,43878.016,69690.52335527817
257691,43878.016,56688.671019023895
257692,43878.016,47202.34286958166
257693,43878.016,20204.250702271864
257694,43878.016,30054.887518191692
257695,43878.016,31923.777372682885
257696,43878.016,16141.30957861813
257697,43878.016,43591.61150563977
257698,43878.016,61206.32776245724
257699,43878.016,43252.38970669125
257700,43878.016,15061.8906896246
257701,43878.016,53794.58848772686
257702,43878.016,66024.44085277729
257703,43878.016,19860.9823237207
257704,43878.016,8286.86969455656
257705,43878.016,16068.463663272962
257706,43878.016,32935.00725672795
257707,43878.016,49927.00637107183
257708,43878.016,39737.470916936836
257709,43878.016,45025.13949711273
257710,43878.016,49218.67314821069
257711,43878.016,35473.12925485241
257712,43878.016,6443.859383128408
257713,43878.016,37884.89513516006
257714,43878.016,23547.923164243533
257715,43878.016,43434.93280816864
257716,43878.016,9717.070621689698
257717,43878.016,9526.23465713027
257718,43878.016,15056.857698682257
257719,43878.016,46161.877544506555
257720,43878.016,68950.97860719604
257721,43878.016,38897.03304779804
257722,43878.016,62207.25804971473
257723,43878.016,27759.862092892614
257724,43878.016,12945.72313834204
257725,43878.016,7114.161968105739
257726,43878.016,9327.920260917697
257727,43878.016,25629.91837889523
257728,43878.016,36018.86867036322
257729,43878.016,5126.098856441372
257730,43878.016,86163.18604811245
257731,43878.016,24944.26445904324
257732,43878.016,27671.662942475232
257733,43878.016,16405.49227174734
257734,43878.016,10227.740283687826
257735,43878.016,36188.39240813534
257736,43878.016,55534.67058451642
257737,43878.016,49368.39461486871
257738,43878.016,49901.53323813253
257739,43878.016,23749.84027000655
257740,43878.016,8534.767659289122
257741,43878.016,13138.016786702741
257742,43878.016,27291.0943011986
257743,43878.016,26464.48606571043
257744,43878.016,11796.613464337293
257745,43878.016,10154.26083777895
257746,43878.016,7445.564170916383
257747,43878.016,43882.05000964923
257748,43878.016,15308.879909107578
257749,43878.016,53292.734234850715
257750,43878.016,26667.327587964162
257751,43878.016,14519.57464894845
257752,43878.016,49183.24800539963
257753,43878.016,44129.71116457508
257754,43878.016,43995.775975914665
257755,43878.016,62733.72673132607
257756,43878.016,9473.543687963713
257757,43878.016,23070.45448981978
257758,43878.016,57252.48518013162
257759,43878.016,49033.21329444025
257760,43878.016,19218.788205498222
257761,43878.016,31621.20236154502
257762,43878.016,15417.806394445135
257763,43878.016,37091.432025184564
257764,43878.016,41387.36783095007
257765,43878.016,7009.284215511165
257766,43878.016,9729.339117049984
257767,43878.016,10096.60370192177
257768,43878.016,111018.47937675241
257769,43878.016,20652.354449351555
257770,43878.016,20280.22810767109
257771,43878.016,53297.838573356545
257772,43878.016,57696.44725313048
257773,43878.016,16129.062314627525
257774,43878.016,11036.73992746943
257775,43878.016,24681.703943130848
257776,43878.016,10023.974918709515
257777,43878.016,70755.64452170648
257778,43878.016,71359.89358511085
257779,43878.016,19167.09887211379
257780,43878.016,11282.680669970685
257781,43878.016,60765.06995771679
257782,43878.016,18279.203173582075
257783,43878.016,29627.85674891097
257784,43878.016,24392.900700765807
257785,43878.016,81347.81971152902
257786,43878.016,39751.856441981276
257787,43878.016,48461.82941400622
257788,43878.016,74681.79590153087
257789,43878.016,9445.70549456786
257790,43878.016,37799.661775687295
257791,43878.016,58093.695082719736
257792,43878.016,69177.32485089118
257793,43878.016,23763.42757944404
257794,43878.016,28149.652667386086
257795,43878.016,28508.89455294273
257796,43878.016,52412.28133218675
257797,43878.016,40838.328728009714
257798,43878.016,42119.086795922434
257799,43878.016,44551.67210899666
257800,43878.016,12677.052255911436
257801,43878.016,28095.8483912289
257802,43878.016,44536.37368826405
257803,43878.016,17067.17322315027
257804,43878.016,48343.01309114443
257805,43878.016,27081.071724012887
257806,43878.016,47301.06717345887
257807,43878.016,27947.661633496744
257808,43878.016,30341.31807858017
257809,43878.016,46654.69403501136
257810,43878.016,10580.738621634782
257811,43878.016,47044.53513757442
257812,43878.016,24790.341791324638
257813,43878.016,20318.030820897842
257814,43878.016,66056.7288204697
257815,43878.016,27914.277184941748
257816,43878.016,41237.43608549733
257817,43878.016,10858.896179857611
257818,43878.016,42928.75193380312
257819,43878.016,30619.617946535436
257820,43878.016,23528.38052120149
257821,43878.016,52939.329331680216
257822,43878.016,61314.29632941964
257823,43878.016,32755.200812662326
257824,43878.016,9226.90623891124
257825,43878.016,64160.630057031114
257826,43878.016,18677.416762470446
257827,43878.016,22744.12209904544
257828,43878.016,22309.252818462817
257829,43878.016,45792.01891938572
257830,43878.016,25753.570035272136
257831,43878.016,10533.196889956136
257832,43878.016,12495.343865479326
257833,43878.016,58521.732175422956
257834,43878.016,22612.91083701998
257835,43878.016,30173.505113362382
257836,43878.016,13853.00521667764
257837,43878.016,34986.92825671648
257838,43878.016,58541.01016073704
257839,43878.016,58929.5030605614
257840,43878.016,5171.78765970945
257841,43878.016,25732.661910214007
257842,43878.016,43107.5761814283
257843,43878.016,40254.29968919036
257844,43878.016,62055.52784461222
257845,43878.016,39926.45771306072
257846,43878.016,27045.02329417684
257847,43878.016,14567.812711476088
257848,43878.016,20596.232534383304
257849,43878.016,52700.27169009138
257850,43878.016,9925.806887284925
257851,43878.016,31446.566024217198
257852,43878.016,14275.680119997762
257853,43878.016,44449.100419805865
257854,43878.016,32478.1872950835
257855,43878.016,79755.40216524608
257856,43878.016,43557.462085132436
257857,43878.016,18063.324512637075
257858,43878.016,77103.98665576773
257859,43878.016,24357.529310790913
257860,43878.016,33760.5933569009
257861,43878.016,12795.220608546928
257862,43878.016,23554.577032119512
257863,43878.016,36046.17075757568
257864,43878.016,19811.570349773698
257865,43878.016,24905.963378979734
257866,43878.016,38255.23643141053
257867,43878.016,36632.91070137353
257868,43878.016,36481.06964943785
257869,43878.016,44227.40384147533
257870,43878.016,29062.68611813456
257871,43878.016,54761.63613933902
257872,43878.016,13593.110769596433
257873,43878.016,14635.638671212488
257874,43878.016,16306.481790195863
257875,43878.016,10346.949792330333
257876,43878.016,63213.340007845574
257877,43878.016,45599.39805403995
257878,43878.016,13049.946537588452
257879,43878.016,33467.595320646964
257880,43878.016,52681.54044679622
257881,43878.016,43530.25201383515
257882,43878.016,24551.77808700338
257883,43878.016,40024.66654671572
257884,43878.016,14008.127019279487
257885,43878.016,35660.08848277501
257886,43878.016,66874.58719529118
257887,43878.016,41445.6382790738
257888,43878.016,27146.09859602242
257889,43878.016,71364.94050701537
257890,43878.016,13985.498300991752
257891,43878.016,49310.377791412415
257892,43878.016,34885.98310718837
257893,43878.016,16314.989780905693
257894,43878.016,44148.45709258812
257895,43878.016,35889.382213332174
257896,43878.016,57113.53527871901
257897,43878.016,61621.99118744761
257898,43878.016,44748.073611475105
257899,43878.016,43204.57127917183
257900,43878.016,15099.91889764269
257901,43878.016,18325.013070007564
257902,43878.016,66259.8759268231
257903,43878.016,8069.823145177446
257904,43878.016,64145.84723979156
257905,43878.016,52801.120192826
257906,43878.016,50170.10435779044
257907,43878.016,49180.211510182125
257908,43878.016,35191.005167816926
257909,43878.016,8149.9620629120445
257910,43878.016,8936.956618108958
257911,43878.016,79328.7428771687
257912,43878.016,36153.91871881409
257913,43878.016,65117.17629538201
257914,43878.016,67371.28040352625
257915,43878.016,10732.720680690782
257916,43878.016,60267.36474883757
257917,43878.016,12159.101849073595
257918,43878.016,19641.620786519034
257919,43878.016,7488.8127728068885
257920,43878.016,11439.9220822712
257921,43878.016,13329.184332892673
257922,43878.016,49424.23388088218
257923,43878.016,8910.506404390393
257924,43878.016,45080.63330710825
257925,43878.016,9616.189812698023
257926,43878.016,32796.32702513373
257927,43878.016,27505.98157456897
257928,43878.016,54491.746587711124
257929,43878.016,54462.70640674261
257930,43878.016,18214.490670811938
257931,43878.016,37791.01036580056
257932,43878.016,36794.21949445461
257933,43878.016,8563.644270032308
257934,43878.016,28368.487073669607
257935,43878.016,38285.78108396762
257936,43878.016,34167.62029239148
257937,43878.016,37479.59300180071
257938,43878.016,30170.17526166167
257939,43878.016,20635.33132197642
257940,43878.016,8523.634123580568
257941,43878.016,60149.84692064675
257942,43878.016,9344.95525309505
257943,43878.016,64228.008005879565
257944,43878.016,39441.029870104794
257945,43878.016,40910.66192470622
257946,43878.016,64423.93961739674
257947,43878.016,42044.67281767901
257948,43878.016,35264.63861163955
257949,43878.016,37969.32448487199
257950,43878.016,56368.840994348866
257951,43878.016,25947.102679321288
257952,43878.016,33850.56674744737
257953,43878.016,51723.126044982884
257954,43878.016,25288.455680711722
257955,43878.016,28915.73020261327
257956,43878.016,9381.04350057592
257957,43878.016,38738.516101197674
257958,43878.016,26882.209917038832
257959,43878.016,19420.601136683457
257960,43878.016,20332.142943474355
257961,43878.016,60966.42234700875
257962,43878.016,56393.128682755625
257963,43878.016,9219.958685007765
257964,43878.016,78726.45118530423
257965,43878.016,36121.29161554814
257966,43878.016,48387.79752081767
257967,43878.016,30922.384207488813
257968,43878.016,44543.48821562415
257969,43878.016,6795.983645205779
257970,43878.016,11777.623447864176
257971,43878.016,54316.18948901459
257972,43878.016,25818.674903340547
257973,43878.016,13855.030930501087
257974,43878.016,35541.261151733575
257975,43878.016,12300.754179337506
257976,43878.016,44848.27706051245
257977,43878.016,11004.149545513705
257978,43878.016,29698.756200845528
257979,43878.016,21438.626299867687
257980,43878.016,65255.558629677595
257981,43878.016,40108.017284304355
257982,43878.016,13072.75379343167
257983,43878.016,29024.719482688244
257984,43878.016,25153.967350540715
257985,43878.016,46473.62364119386
257986,43878.016,77676.92968120368
257987,43878.016,7047.161147065021
257988,43878.016,52102.75951340412
257989,43878.016,51685.045292446455
257990,43878.016,25579.297998332535
257991,43878.016,16904.21009589114
257992,43878.016,57734.005190356744
257993,43878.016,10191.40404893957
257994,43878.016,32608.347247559108
257995,43878.016,19933.6736928116
257996,43878.016,46268.02036391497
257997,43878.016,17202.79797762689
257998,43878.016,74469.9921523432
257999,43878.016,8864.564982067059
258000,43878.016,11389.880697873607
258001,43878.016,34231.72528966214
258002,43878.016,4482.0402374713285
258003,43878.016,14271.437334815548
258004,43878.016,28194.16172944
258005,43878.016,58232.80246558628
258006,43878.016,26287.87170412159
258007,43878.016,26554.41213902747
258008,43878.016,51077.02618596734
258009,43878.016,59657.14341761999
258010,43878.016,39714.1536442222
258011,43878.016,68585.4341798516
258012,43878.016,20959.579567525354
258013,43878.016,20575.169286986686
258014,43878.016,74608.69543978533
258015,43878.016,54892.402411893185
258016,43878.016,10611.79352093003
258017,43878.016,13186.667757015468
258018,43878.016,41474.50536432796
258019,43878.016,41171.56864574569
258020,43878.016,37294.61050761491
258021,43878.016,95382.34457539134
258022,43878.016,31820.971464217695
258023,43878.016,45631.58046910823
258024,43878.016,18006.903264521698
258025,43878.016,37293.97166644485
258026,43878.016,11838.087042897218
258027,43878.016,72077.55839015414
258028,43878.016,24581.117142556403
258029,43878.016,14783.94185068079
258030,43878.016,16247.13542866444
258031,43878.016,23987.762004180364
258032,43878.016,50322.34493717521
258033,43878.016,27477.814307987483
258034,43878.016,43048.90690603017
258035,43878.016,18307.58999960516
258036,43878.016,63725.41787960538
258037,43878.016,59099.84750066902
258038,43878.016,70999.22795796084
258039,43878.016,45046.89106074778
258040,43878.016,38019.8901195384
258041,43878.016,38105.374984937596
258042,43878.016,47460.29030761257
258043,43878.016,43071.63055423932
258044,43878.016,18084.145642794836
258045,43878.016,27046.43472452211
258046,43878.016,22957.27961395665
258047,43878.016,26521.522161942397
258048,43878.016,5741.7195749045595
258049,43878.016,43512.605177740166
258050,43878.016,54446.580537147885
258051,43878.016,12706.315212995443
258052,43878.016,8932.111434174194
258053,43878.016,35753.12554241054
258054,43878.016,59691.89470938695
258055,43878.016,45765.17887488556
258056,43878.016,37461.192294514345
258057,43878.016,17311.878955696768
258058,43878.016,28193.62672409412
258059,43878.016,25041.590825508916
258060,43878.016,59896.42187734954
258061,43878.016,26258.844210831678
258062,43878.016,22865.879503218435
258063,43878.016,9669.136668959742
258064,43878.016,49081.59591119247
258065,43878.016,47306.81169680378
258066,43878.016,9049.179564775155
258067,43878.016,62645.48047396205
258068,43878.016,10581.267976920279
258069,43878.016,38847.81506136309
258070,43878.016,23083.86011547046
258071,43878.016,23686.24301845426
258072,43878.016,33233.923245692844
258073,43878.016,16205.252324389316
258074,43878.016,13720.485582463287
258075,43878.016,26789.348292064882
258076,43878.016,8236.59235767132
258077,43878.016,52601.90471322786
258078,43878.016,22666.355011223182
258079,43878.016,34920.291370571606
258080,43878.016,23378.02605351382
258081,43878.016,41546.03960703167
258082,43878.016,50460.229430603664
258083,43878.016,58164.737177099596
258084,43878.016,74216.18046806265
258085,43878.016,26023.634368876705
258086,43878.016,10890.168655110281
258087,43878.016,67345.45274501998
258088,43878.016,36738.4480234807
258089,43878.016,6620.8859333702785
258090,43878.016,34256.073833289825
258091,43878.016,10167.06670250149
258092,43878.016,14776.327837304809
258093,43878.016,13863.844632685163
258094,43878.016,25365.27245639868
258095,43878.016,33223.87421052584
258096,43878.016,21301.8263041526
258097,43878.016,45860.535953023995
258098,43878.016,22488.912558441425
258099,43878.016,46596.16391981121
258100,43878.016,59455.808325050064
258101,43878.016,34341.17493153758
258102,43878.016,27278.58397858188
258103,43878.016,28574.719604509526
258104,43878.016,13145.717920661367
258105,43878.016,43659.88825854183
258106,43878.016,38609.54331019123
258107,43878.016,8423.335270765161
258108,43878.016,10102.98555755721
258109,43878.016,38322.70458449461
258110,43878.016,31814.283727079717
258111,43878.016,10569.759424734415
258112,43878.016,19809.09756718893
258113,43878.016,10253.792947011985
258114,43878.016,38692.9167785631
258115,43878.016,14302.357093107594
258116,43878.016,12145.624101357904
258117,43878.016,43612.58894500949
258118,43878.016,10864.8230626302
258119,43878.016,14274.679071855327
258120,43878.016,23268.271517281173
258121,43878.016,28763.394983082908
258122,43878.016,18583.941770503036
258123,43878.016,61253.676206310905
258124,43878.016,39017.549560718435
258125,43878.016,14433.309406546392
258126,43878.016,48888.16773824134
258127,43878.016,24737.277526538845
258128,43878.016,70814.00870373212
258129,43878.016,79593.25895321698
258130,43878.016,20304.86978723618
258131,43878.016,9459.570036087505
258132,43878.016,19115.53265686633
258133,43878.016,23271.85726867725
258134,43878.016,51983.03341872536
258135,43878.016,68567.6365025084
258136,43878.016,21506.633639117463
258137,43878.016,58468.793610597524
258138,43878.016,32614.631309787404
258139,43878.016,20265.124290592456
258140,43878.016,17247.350703239106
258141,43878.016,40638.409562336485
258142,43878.016,31291.00032964643
258143,43878.016,62472.56630501981
258144,43878.016,32146.78290002221
258145,43878.016,65375.28824335447
258146,43878.016,44610.567806854946
258147,43878.016,42450.108162467164
258148,43878.016,23726.694526209863
258149,43878.016,31963.790105076292
258150,43878.016,18675.898217741385
258151,43878.016,16504.020548396762
258152,43878.016,33007.90701787738
258153,43878.016,37261.031035162145
258154,43878.016,43758.506251686566
258155,43878.016,44571.410779264246
258156,43878.016,28058.7685614832
258157,43878.016,39998.96961122271
258158,43878.016,28218.60296128557
258159,43878.016,77133.33970855903
258160,43878.016,31369.03122114137
258161,43878.016,20644.568510235156
258162,43878.016,26112.402685090812
258163,43878.016,20635.017028961425
258164,43878.016,6004.9290807814305
258165,43878.016,82858.71840929562
258166,43878.016,29345.973157173634
258167,43878.016,13520.291679944588
258168,43878.016,28675.006618513784
258169,43878.016,27422.559442219026
258170,43878.016,31131.11019433877
258171,43878.016,30694.495130229905
258172,43878.016,44699.32656068164
258173,43878.016,17248.862081053805
258174,43878.016,19556.624670170124
258175,43878.016,44633.41704164393
258176,43878.016,54273.114311116806
258177,43878.016,24952.750476461904
258178,43878.016,21919.647101255003
258179,43878.016,11926.117494554303
258180,43878.016,40373.935666028294
258181,43878.016,32097.486361311887
258182,43878.016,51005.60314712058
258183,43878.016,23947.289110464433
258184,43878.016,19175.569356717457
258185,43878.016,31224.039380893155
258186,43878.016,59487.37695086581
258187,43878.016,31254.859829902292
258188,43878.016,17433.19444145679
258189,43878.016,23423.143262617956
258190,43878.016,5317.864211158393
258191,43878.016,23800.624588360817
258192,43878.016,62504.850487511634
258193,43878.016,67331.92814681467
258194,43878.016,39946.128765149355
258195,43878.016,14104.577471628687
258196,43878.016,73294.4872300977
258197,43878.016,54320.42698325917
258198,43878.016,51172.55057461953
258199,43878.016,38443.5244946939
258200,43878.016,35038.38165701231
258201,43878.016,7039.509723624468
258202,43878.016,20254.541545065706
258203,43878.016,21262.641525267343
258204,43878.016,43503.38862730232
258205,43878.016,63513.34772258797
258206,43878.016,44716.36355683326
258207,43878.016,62637.49066020627
258208,43878.016,54467.222614365004
258209,43878.016,22123.333095414055
258210,43878.016,19797.828134378182
258211,43878.016,25629.758207543742
258212,43878.016,48719.715211736424
258213,43878.016,15253.356038178576
258214,43878.016,68446.4680699322
258215,43878.016,46346.96558339982
258216,43878.016,66586.92026424572
258217,43878.016,18768.125791001832
258218,43878.016,12694.726879603922
258219,43878.016,13320.501106310758
258220,43878.016,52515.450050178224
258221,43878.016,55367.41772667741
258222,43878.016,55974.44570400109
258223,43878.016,17917.523907396193
258224,43878.016,48716.58844094009
258225,43878.016,40275.32975118522
258226,43878.016,54163.9590748803
258227,43878.016,30395.022588144406
258228,43878.016,26311.56271162615
258229,43878.016,54113.90381636458
258230,43878.016,29947.099122379514
258231,43878.016,46534.91026051784
258232,43878.016,57049.99894179385
258233,43878.016,31488.96109135766
258234,43878.016,31535.71895613596
258235,43878.016,27882.208356323663
258236,43878.016,21231.54312739782
258237,43878.016,40712.17701899782
258238,43878.016,28380.1239243581
258239,43878.016,55621.88741303759
258240,43878.016,49309.26390159698
258241,43878.016,52400.21977633748
258242,43878.016,14900.619829664725
258243,43878.016,48536.984964203766
258244,43878.016,41403.11932282085
258245,43878.016,59439.966692462534
258246,43878.016,12718.360752915109
258247,43878.016,33851.75710962226
258248,43878.016,49186.31877444306
258249,43878.016,75285.05009048495
258250,43878.016,33794.85634847891
258251,43878.016,41425.05491103618
258252,43878.016,39360.4245142807
258253,43878.016,12552.596025692952
258254,43878.016,15743.856281370741
258255,43878.016,42862.10907062951
258256,43878.016,43616.68598291314
258257,43878.016,24280.509813356326
258258,43878.016,14821.512107764369
258259,43878.016,10073.4134455087
258260,43878.016,66721.43247498893
258261,43878.016,15132.41113192797
258262,43878.016,59897.169734027215
258263,43878.016,31044.86065726588
258264,43878.016,9449.789891659973
258265,43878.016,39092.37590623372
258266,43878.016,31653.76136701469
258267,43878.016,49573.47642918991
258268,43878.016,54008.21735693591
258269,43878.016,38846.191038543315
258270,43878.016,45011.83484278004
258271,43878.016,17638.118443410283
258272,43878.016,32579.74835319238
258273,43878.016,5237.200756900671
258274,43878.016,43842.80221152925
258275,43878.016,10167.209946616777
258276,43878.016,41687.091751892396
258277,43878.016,52336.66191272387
258278,43878.016,31437.045879039804
258279,43878.016,59510.54589333609
258280,43878.016,42420.50139692675
258281,43878.016,19206.87256434924
258282,43878.016,27955.22728240333
258283,43878.016,20741.4488718521
258284,43878.016,17268.420514476747
258285,43878.016,17818.8627123913
258286,43878.016,51310.10021811901
258287,43878.016,50498.24163578259
258288,43878.016,35109.71228763476
258289,43878.016,22483.75147050431
258290,43878.016,60943.46327751167
258291,43878.016,28246.172945602135
258292,43878.016,64479.04824892025
258293,43878.016,18572.12647540559
258294,43878.016,56025.28257555135
258295,43878.016,26791.59540117756
258296,43878.016,58772.361188366274
258297,43878.016,14100.138300944833
258298,43878.016,50356.515172827436
258299,43878.016,13942.8442164616
258300,43878.016,67741.36012126625
258301,43878.016,17124.052987022325
258302,43878.016,15371.277165992498
258303,43878.016,18908.390965718685
258304,43878.016,32332.17239538889
258305,43878.016,16406.617285182438
258306,43878.016,31487.214157485814
258307,43878.016,62951.327413516534
258308,43878.016,38436.15130228403
258309,43878.016,44019.281100717155
258310,43878.016,42687.26861315115
258311,43878.016,26686.24983799576
258312,43878.016,27377.959578918464
258313,43878.016,44100.430967347296
258314,43878.016,28228.86718457778
258315,43878.016,15290.393289715686
258316,43878.016,53656.93428152088
258317,43878.016,32175.011596238466
258318,43878.016,10158.082352885327
258319,43878.016,44965.465367410645
258320,43878.016,13500.620954635224
258321,43878.016,27651.14159390993
258322,43878.016,14380.733319916688
258323,43878.016,27632.02194442007
258324,43878.016,35663.360822308976
258325,43878.016,47523.72000559203
258326,43878.016,42174.42777396577
258327,43878.016,27050.553649447902
258328,43878.016,14876.596580972273
258329,43878.016,12640.9133962152
258330,43878.016,54802.511400000265
258331,43878.016,51695.99902044107
258332,43878.016,64488.859830494905
258333,43878.016,9327.766485758226
258334,43878.016,66080.58172177617
258335,43878.016,34312.51601350811
258336,43878.016,25595.452525751793
258337,43878.016,49149.94510563883
258338,43878.016,39420.29644371906
258339,43878.016,61072.999625383025
258340,43878.016,54067.496341925005
258341,43878.016,27071.44243223278
258342,43878.016,27083.68651579007
258343,43878.016,14934.573486840649
258344,43878.016,27601.31185028039
258345,43878.016,15304.124486100058
258346,43878.016,35373.79231345973
258347,43878.016,44661.20324806288
258348,43878.016,21530.94224451235
258349,43878.016,11347.632223146738
258350,43878.016,14328.151116642908
258351,43878.016,18679.450531559683
258352,43878.016,22482.979808865693
258353,43878.016,19657.94211106607
258354,43878.016,23532.042057154435
258355,43878.016,54208.113970130165
258356,43878.016,39820.20637579964
258357,43878.016,11072.32721245048
258358,43878.016,28457.910107114545
258359,43878.016,59756.74027953613
258360,43878.016,52801.957023138886
258361,43878.016,16386.83250403605
258362,43878.016,21078.04945946106
258363,43878.016,34420.45617899546
258364,43878.016,43219.67112894605
258365,43878.016,17087.053115783478
258366,43878.016,42367.80921337801
258367,43878.016,21195.694281010066
258368,43878.016,53363.98974604057
258369,43878.016,55374.562312176065
258370,43878.016,21084.12778544676
258371,43878.016,30702.4693588804
258372,43878.016,47960.53889272812
258373,43878.016,22988.721162169786
258374,43878.016,45066.371025698274
258375,43878.016,20354.821592250937
258376,43878.016,30914.970282327435
258377,43878.016,30144.502720313692
258378,43878.016,28709.717731639408
258379,43878.016,35688.2715101883
258380,43878.016,81101.19675838095
258381,43878.016,39191.87058294106
258382,43878.016,36755.29234910383
258383,43878.016,12097.571929086247
258384,43878.016,35734.53234838736
258385,43878.016,24361.930186175843
258386,43878.016,50641.24660052131
258387,43878.016,16684.295715045322
258388,43878.016,21095.75404949163
258389,43878.016,50137.315039722125
258390,43878.016,8871.134080631675
258391,43878.016,60271.21597490929
258392,43878.016,29474.66993159076
258393,43878.016,43229.23751841776
258394,43878.016,17982.50564383715
258395,43878.016,37864.2712295958
258396,43878.016,17749.37907426208
258397,43878.016,7677.262144963679
258398,43878.016,16109.213812259843
258399,43878.016,37664.37719333179
258400,43878.016,37591.499577304035
258401,43878.016,40278.39192273812
258402,43878.016,36071.97883839812
258403,43878.016,31818.006826829776
258404,43878.016,54019.25957156361
258405,43878.016,53308.40917779627
258406,43878.016,53691.71457880194
258407,43878.016,28424.587105862345
258408,43878.016,57154.29941765482
258409,43878.016,28224.193416543963
258410,43878.016,40087.14223466472
258411,43878.016,63956.716806786964
258412,43878.016,31834.305579277738
258413,43878.016,70187.57712304953
258414,43878.016,34956.97065616371
258415,43878.016,54618.483481124444
258416,43878.016,12294.443019740986
258417,43878.016,59159.7514813172
258418,43878.016,12266.324420902984
258419,43878.016,78293.32325462617
258420,43878.016,17830.34974025726
258421,43878.016,29684.019770087714
258422,43878.016,65095.85171234583
258423,43878.016,62430.435713857594
258424,43878.016,70735.28245552412
258425,43878.016,38017.57374768132
258426,43878.016,50160.9455769979
258427,43878.016,27470.338304987294
258428,43878.016,8477.344566814336
258429,43878.016,32529.378017954088
258430,43878.016,76678.51798543679
258431,43878.016,27526.28825753503
258432,43878.016,72127.23041591165
258433,43878.016,12567.865360416381
258434,43878.016,32126.86925839994
258435,43878.016,29542.349094299396
258436,43878.016,12733.024792175922
258437,43878.016,13616.702736048745
258438,43878.016,19035.005085669167
258439,43878.016,20324.328959516864
258440,43878.016,34090.48748501774
258441,43878.016,18187.824093473675
258442,43878.016,44453.53491719144
258443,43878.016,15328.678316507083
258444,43878.016,40204.59228005594
258445,43878.016,9143.81839518419
258446,43878.016,54668.84264288093
258447,43878.016,28405.714440293916
258448,43878.016,49324.68375935976
258449,43878.016,26858.380863106395
258450,43878.016,64141.81023924665
258451,43878.016,23938.935613176753
258452,43878.016,38319.99217320393
258453,43878.016,54720.54031919204
258454,43878.016,15677.107281675146
258455,43878.016,18646.173235606493
258456,43878.016,33866.32695015321
258457,43878.016,35920.400127991066
258458,43878.016,57762.897700634494
258459,43878.016,57321.898401024446
258460,43878.016,88353.82959756679
258461,43878.016,31748.943940486024
258462,43878.016,39318.32596605592
258463,43878.016,43926.2369343062
258464,43878.016,47666.38982828737
258465,43878.016,20464.967511289506
258466,43878.016,34339.63971940257
258467,43878.016,65752.73900145278
258468,43878.016,66043.50774776339
258469,43878.016,18332.569315261513
258470,43878.016,25500.26560069739
258471,43878.016,57521.57680479448
258472,43878.016,18562.573348870454
258473,43878.016,21230.09261344462
258474,43878.016,37694.32773330544
258475,43878.016,22563.461183199583
258476,43878.016,24398.37951945846
258477,43878.016,52691.56530528697
258478,43878.016,11773.431572861096
258479,43878.016,18811.925327342982
258480,43878.016,66543.36689809586
258481,43878.016,67647.22153189674
258482,43878.016,40917.83360895387
258483,43878.016,44702.547095814596
258484,43878.016,29837.099233069628
258485,43878.016,67630.12451346229
258486,43878.016,21594.220928301424
258487,43878.016,7748.56481155892
258488,43878.016,55764.253450242555
258489,43878.016,15787.497699953772
258490,43878.016,18423.880678353114
258491,43878.016,19045.986065677673
258492,43878.016,27913.630026140476
258493,43878.016,8465.638085973731
258494,43878.016,63081.90026360181
258495,43878.016,16502.509758406566
258496,43878.016,25032.115370825453
258497,43878.016,18503.060797631948
258498,43878.016,47263.41382109914
258499,43878.016,49123.990836865654
258500,43878.016,57615.013439081544
258501,43878.016,2854.105867787284
258502,43878.016,14746.656706236696
258503,43878.016,33106.90295578171
258504,43878.016,18274.11783080611
258505,43878.016,30420.973591983395
258506,43878.016,11479.015008314556
258507,43878.016,57415.46726457175
258508,43878.016,59417.61045012338
258509,43878.016,26098.492827841157
258510,43878.016,14749.154697959346
258511,43878.016,22360.632027561664
258512,43878.016,33164.625036982296
258513,43878.016,38165.76333711437
258514,43878.016,32723.865798020848
258515,43878.016,22824.315048877186
258516,43878.016,11351.735789910872
258517,43878.016,61514.848425699296
258518,43878.016,53953.946919184236
258519,43878.016,20242.904919313827
258520,43878.016,42450.821014028195
258521,43878.016,40736.796093214245
258522,43878.016,42086.98437201275
258523,43878.016,29292.049261149303
258524,43878.016,49132.70687282478
258525,43878.016,46157.43153455885
258526,43878.016,23257.09913247439
258527,43878.016,59802.56806290992
258528,43878.016,33386.49199788578
258529,43878.016,10480.04035015985
258530,43878.016,19750.098151073875
258531,43878.016,27789.427067094402
258532,43878.016,102196.79257525754
258533,43878.016,34647.25080163357
258534,43878.016,29602.98083836054
258535,43878.016,10239.821755990144
258536,43878.016,57181.42490620316
258537,43878.016,30761.938937233757
258538,43878.016,8385.661835885778
258539,43878.016,64008.551480856244
258540,43878.016,51746.86670234863
258541,43878.016,44674.585547214505
258542,43878.016,53248.84953812708
258543,43878.016,38672.77055070862
258544,43878.016,45005.120608732606
258545,43878.016,56416.61495427963
258546,43878.016,52916.473360185155
258547,43878.016,44603.47721449477
258548,43878.016,50168.0486194384
258549,43878.016,31920.987869452678
258550,43878.016,79082.51758467797
258551,43878.016,34416.69498457514
258552,43878.016,22825.22837544643
258553,43878.016,58438.40053912969
258554,43878.016,60478.98259749306
258555,43878.016,32227.58790763596
258556,43878.016,16084.225329222265
258557,43878.016,13798.613826371247
258558,43878.016,31723.673468564935
258559,43878.016,28281.32690564431
258560,43878.016,52813.84426521989
258561,43878.016,10248.28957674175
258562,43878.016,52791.02447541208
258563,43878.016,27669.427902962092
258564,43878.016,36508.39119911662
258565,43878.016,45105.96142957778
258566,43878.016,59891.92776814119
258567,43878.016,7417.4401814141565
258568,43878.016,26777.90839358171
258569,43878.016,9488.511756581012
258570,43878.016,31953.792796348163
258571,43878.016,31871.327271693855
258572,43878.016,15695.264103739362
258573,43878.016,39046.15405676422
258574,43878.016,50557.26914971226
258575,43878.016,55223.681959252586
258576,43878.016,44203.364253628984
258577,43878.016,54843.72761885446
258578,43878.016,68958.89688253801
258579,43878.016,39295.575224652865
258580,43878.016,48051.79909523864
258581,43878.016,8846.161663090114
258582,43878.016,6422.054501155094
258583,43878.016,34188.58038841187
258584,43878.016,41129.39072007803
258585,43878.016,23881.869389026775
258586,43878.016,36226.503943436874
258587,43878.016,62517.80639360984
258588,43878.016,20884.697151516735
258589,43878.016,38823.292503521836
258590,43878.016,36491.03577401299
258591,43878.016,15019.617055362256
258592,43878.016,17262.713529943256
258593,43878.016,119591.50991210337
258594,43878.016,24778.87434334722
258595,43878.016,48434.26240325761
258596,43878.016,23097.491035479135
258597,43878.016,7633.135040655401
258598,43878.016,4802.566094477849
258599,43878.016,13378.278228972125
258600,43878.016,63284.157328802336
258601,43878.016,12751.479646121745
258602,43878.016,8897.70642984425
258603,43878.016,14556.654295691254
258604,43878.016,16904.739305382544
258605,43878.016,31150.819575366884
258606,43878.016,12924.48909852505
258607,43878.016,31314.907605373122
258608,43878.016,59966.71747371249
258609,43878.016,74210.14595843737
258610,43878.016,19302.661894299934
258611,43878.016,17655.356640280024
258612,43878.016,41227.677054188265
258613,43878.016,51333.70064738661
258614,43878.016,71018.89130161582
258615,43878.016,28780.19676487313
258616,43878.016,28705.66251061638
258617,43878.016,26686.011729833408
258618,43878.016,14169.455905313254
258619,43878.016,62835.810025050356
258620,43878.016,14928.195817949967
258621,43878.016,29213.482074619107
258622,43878.016,34877.0400061889
258623,43878.016,41917.621291780204
258624,43878.016,29960.143405853374
258625,43878.016,26690.834849809165
258626,43878.016,7893.645045791407
258627,43878.016,50173.77319148974
258628,43878.016,11852.378184216821
258629,43878.016,26727.82734117164
258630,43878.016,53798.54473077392
258631,43878.016,49735.26465291924
258632,43878.016,38282.35852412177
258633,43878.016,13749.898468961695
258634,43878.016,11707.134099694287
258635,43878.016,9427.93505762563
258636,43878.016,6848.352375526237
258637,43878.016,18174.517822382477
258638,43878.016,22375.35779985788
258639,43878.016,52612.246588797745
258640,43878.016,60591.1860223872
258641,43878.016,27794.0473373785
258642,43878.016,29572.444212426344
258643,43878.016,47071.720549586295
258644,43878.016,72153.52808902538
258645,43878.016,34383.582032188955
258646,43878.016,17935.805414452134
258647,43878.016,33863.9587531385
258648,43878.016,10312.205786624269
258649,43878.016,20732.27820089596
258650,43878.016,35297.3990126314
258651,43878.016,15784.298161441913
258652,43878.016,56945.51442608005
258653,43878.016,4870.294928361211
258654,43878.016,47719.13141237813
258655,43878.016,18754.68687053542
258656,43878.016,10145.590854859496
258657,43878.016,11750.209067835909
258658,43878.016,21613.14134013898
258659,43878.016,26149.724001058665
258660,43878.016,12480.758719901803
258661,43878.016,33677.28878646841
258662,43878.016,13893.87312825042
258663,43878.016,14428.904630895697
258664,43878.016,47497.38902013827
258665,43878.016,49824.001408705175
258666,43878.016,7304.353465054133
258667,43878.016,13418.70779496213
258668,43878.016,59968.25330545205
258669,43878.016,22268.295597747725
258670,43878.016,22392.637055989453
258671,43878.016,39438.30368489398
258672,43878.016,20418.202097469482
258673,43878.016,77000.66386078543
258674,43878.016,33584.20293203234
258675,43878.016,45627.572985966624
258676,43878.016,14970.473456530272
258677,43878.016,37301.90686641826
258678,43878.016,34006.44108341477
258679,43878.016,59487.12698878896
258680,43878.016,66401.21367575119
258681,43878.016,35214.76072220118
258682,43878.016,19035.542852982766
258683,43878.016,48835.40254762093
258684,43878.016,16645.380342251858
258685,43878.016,68729.47368271972
258686,43878.016,36630.3657408594
258687,43878.016,61456.250037442594
258688,43878.016,44965.12597308045
258689,43878.016,26262.926116481598
258690,43878.016,46397.93239176758
258691,43878.016,77995.63452693027
258692,43878.016,9573.032480933089
258693,43878.016,34011.58544281891
258694,43878.016,47562.42868380889
258695,43878.016,32221.08265043741
258696,43878.016,52825.22832928327
258697,43878.016,18144.027103954817
258698,43878.016,27667.561947609378
258699,43878.016,21013.800520618683
258700,43878.016,37117.81915164447
258701,43878.016,75809.7493269101
258702,43878.016,64921.45064800619
258703,43878.016,25840.04548246576
258704,43878.016,12066.07893592772
258705,43878.016,12348.658668224467
258706,43878.016,37408.181979403664
258707,43878.016,16843.05415914801
258708,43878.016,13650.766335992092
258709,43878.016,51034.337570558106
258710,43878.016,46023.53531904418
258711,43878.016,43564.306282515296
258712,43878.016,27752.280964571182
258713,43878.016,68499.96745639504
258714,43878.016,15067.562712919884
258715,43878.016,8452.700052488291
258716,43878.016,36694.4676691779
258717,43878.016,30407.031773951538
258718,43878.016,17497.747869685758
258719,43878.016,49944.27270565876
258720,43878.016,18114.001385783675
258721,43878.016,16011.559747652193
258722,43878.016,24098.389555497917
258723,43878.016,77366.64865691998
258724,43878.016,65507.124324559794
258725,43878.016,18454.956172212176
258726,43878.016,55772.52713859282
258727,43878.016,36942.94163566482
258728,43878.016,32596.13149478249
258729,43878.016,36127.876845290884
258730,43878.016,7798.33556957723
258731,43878.016,16174.67325340842
258732,43878.016,11693.05194534051
258733,43878.016,27286.948722218778
258734,43878.016,13624.702082475784
258735,43878.016,31095.614290485777
258736,43878.016,21520.20055207056
258737,43878.016,29684.87853212855
258738,43878.016,38019.917619411
258739,43878.016,7856.95192374099
258740,43878.016,56089.047889200076
258741,43878.016,36491.29938630237
258742,43878.016,20969.159293150897
258743,43878.016,11522.719512991911
258744,43878.016,52579.477645754465
258745,43878.016,18152.636359210614
258746,43878.016,10812.815282402871
258747,43878.016,73691.21332977552
258748,43878.016,67378.20732510227
258749,43878.016,46336.07896537832
258750,43878.016,54700.408724806
258751,43878.016,41806.37664318737
258752,43878.016,57615.0667051108
258753,43878.016,34607.68805120335
258754,43878.016,45568.64121602024
258755,43878.016,56208.291495527614
258756,43878.016,33160.65548208148
258757,43878.016,33833.524527151814
258758,43878.016,24360.86420666948
258759,43878.016,49925.532007903676
258760,43878.016,23638.472575679356
258761,43878.016,10546.415325552505
258762,43878.016,9437.10677055749
258763,43878.016,34051.86758599198
258764,43878.016,75300.55157536673
258765,43878.016,14876.945257082465
258766,43878.016,55179.23861450632
258767,43878.016,56477.63901252341
258768,43878.016,20651.138306975216
258769,43878.016,77207.82116866762
258770,43878.016,70291.76411036536
258771,43878.016,15738.485672536804
258772,43878.016,36774.59560166345
258773,43878.016,65607.1728051895
258774,43878.016,12071.220225945182
258775,43878.016,55937.28473973622
258776,43878.016,24108.03685000831
258777,43878.016,15587.990222271295
258778,43878.016,61051.42459068684
258779,43878.016,4417.219205479023
258780,43878.016,48277.46645446964
258781,43878.016,11539.35976599017
258782,43878.016,44609.53771022999
258783,43878.016,64230.89628565313
258784,43878.016,18695.932216735808
258785,43878.016,33096.614868096025
258786,43878.016,69915.63226122266
258787,43878.016,34904.657018713064
258788,43878.016,38085.152368792864
258789,43878.016,40193.74012479932
258790,43878.016,20515.7475398738
258791,43878.016,28824.16937011919
258792,43878.016,29057.440999139726
258793,43878.016,12959.623195347001
258794,43878.016,42899.196332328815
258795,43878.016,34558.477021423016
258796,43878.016,16620.780846089667
258797,43878.016,37824.66490650073
258798,43878.016,22676.283073975585
258799,43878.016,40137.42880776148
258800,43878.016,52739.549817399675
258801,43878.016,14146.565909826984
258802,43878.016,42497.618645007795
258803,43878.016,37354.923305251
258804,43878.016,8896.5394340843
258805,43878.016,54222.01471468606
258806,43878.016,58295.09559668859
258807,43878.016,60662.9664080223
258808,43878.016,18472.9095859956
258809,43878.016,49711.87359727066
258810,43878.016,13389.514878576229
258811,43878.016,31425.61022160163
258812,43878.016,27399.070611211115
258813,43878.016,43488.10902364165
258814,43878.016,61195.50235258405
258815,43878.016,8181.443626490675
258816,43878.016,20982.25780901046
258817,43878.016,35366.056440182816
258818,43878.016,28559.721416714932
258819,43878.016,15738.322717647345
258820,43878.016,36035.23145169888
258821,43878.016,54389.68509611325
258822,43878.016,45386.702429586476
258823,43878.016,59624.6272717187
258824,43878.016,36083.318179761045
258825,43878.016,28746.80562457822
258826,43878.016,12073.881595254978
258827,43878.016,20072.18088073545
258828,43878.016,8479.407347176004
258829,43878.016,45980.54576676738
258830,43878.016,6914.641406651296
258831,43878.016,53075.11351599215
258832,43878.016,10670.367288831945
258833,43878.016,34261.857762361564
258834,43878.016,53759.10746576009
258835,43878.016,40074.31737072568
258836,43878.016,31262.53242450937
258837,43878.016,7939.786180562448
258838,43878.016,43408.02770144469
258839,43878.016,22233.183060860094
258840,43878.016,31811.090285068327
258841,43878.016,54674.087965241706
258842,43878.016,51937.84553753595
258843,43878.016,7287.437700606437
258844,43878.016,43967.01293661804
258845,43878.016,8696.826457557254
258846,43878.016,66175.40361993422
258847,43878.016,50811.446278996
258848,43878.016,8361.49759535579
258849,43878.016,11571.775934205678
258850,43878.016,8262.83317205958
258851,43878.016,9925.140334375892
258852,43878.016,11644.505877035575
258853,43878.016,23196.363213831974
258854,43878.016,11478.406245941886
258855,43878.016,76290.24869162765
258856,43878.016,41616.620202420425
258857,43878.016,56971.39699796418
258858,43878.016,44741.91742281566
258859,43878.016,58746.862153459886
258860,43878.016,50402.88522559451
258861,43878.016,36067.85151390849
258862,43878.016,29071.343583314436
258863,43878.016,27545.39551958421
258864,43878.016,8522.680303993387
258865,43878.016,58729.375954751915
258866,43878.016,13902.387770187719
258867,43878.016,14357.786124493452
258868,43878.016,46669.60743013098
258869,43878.016,15831.044625807246
258870,43878.016,13135.945283856157
258871,43878.016,10324.831549134187
258872,43878.016,24671.372801924634
258873,43878.016,13432.757823334237
258874,43878.016,24928.526683662494
258875,43878.016,69821.51418258919
258876,43878.016,43293.890220054316
258877,43878.016,16501.5456366217
258878,43878.016,17397.040551998165
258879,43878.016,44529.89845943096
258880,43878.016,21377.17222225813
258881,43878.016,51800.61836291235
258882,43878.016,65502.633606772506
258883,43878.016,18680.949544215695
258884,43878.016,47551.58951772549
258885,43878.016,64825.90422258982
258886,43878.016,20710.093376609013
258887,43878.016,24045.14979680007
258888,43878.016,14847.736599161317
258889,43878.016,26221.390539708907
258890,43878.016,16934.522908928997
258891,43878.016,47743.81443366647
258892,43878.016,14016.316004785744
258893,43878.016,13478.903241263435
258894,43878.016,41845.62673241728
258895,43878.016,48543.18405776576
258896,43878.016,42077.52237128457
258897,43878.016,29548.287541023175
258898,43878.016,52312.19537948571
258899,43878.016,47831.08199378525
258900,43878.016,34967.963174157056
258901,43878.016,118173.09727603446
258902,43878.016,17765.412463733886
258903,43878.016,49610.42830259796
258904,43878.016,32393.32306288435
258905,43878.016,33657.66644558394
258906,43878.016,30807.561915257877
258907,43878.016,14488.091896952506
258908,43878.016,46279.273614148
258909,43878.016,43435.66363883873
258910,43878.016,26219.136771100395
258911,43878.016,44588.22140539815
258912,43878.016,29137.388975184396
258913,43878.016,27995.80831993041
258914,43878.016,52502.93243408382
258915,43878.016,20228.282446927176
258916,43878.016,17066.54044366478
258917,43878.016,33882.877860591056
258918,43878.016,12051.053041586805
258919,43878.016,10308.50798404012
258920,43878.016,34176.0026828686
258921,43878.016,48614.93054431387
258922,43878.016,29137.383526080044
258923,43878.016,51946.27097859264
258924,43878.016,47777.55205920242
258925,43878.016,26857.658620901726
258926,43878.016,14138.7934712983
258927,43878.016,30583.073066528083
258928,43878.016,62114.76899187031
258929,43878.016,22071.521635509165
258930,43878.016,41805.78509498941
258931,43878.016,17840.406526750663
258932,43878.016,17151.65366009379
258933,43878.016,47489.24572015787
258934,43878.016,34234.47674310691
258935,43878.016,17622.717291042987
258936,43878.016,17195.948198590533
258937,43878.016,54179.56630992956
258938,43878.016,12485.503040789788
258939,43878.016,11125.309260762771
258940,43878.016,19344.120649176053
258941,43878.016,24796.481529706925
258942,43878.016,31277.004723505608
258943,43878.016,78835.02081588202
258944,43878.016,14930.218836286698
258945,43878.016,67839.13137581525
258946,43878.016,39698.27185506621
258947,43878.016,14142.965722743384
258948,43878.016,30755.46559866846
258949,43878.016,25311.25453453117
258950,43878.016,59917.28878485168
258951,43878.016,37862.77220320012
258952,43878.016,21020.996391159126
258953,43878.016,63099.56266433993
258954,43878.016,35241.36019123676
258955,43878.016,23136.686848225963
258956,43878.016,51242.74390467794
258957,43878.016,44957.45099242655
258958,43878.016,8664.928758106282
258959,43878.016,49894.14050272769
258960,43878.016,43267.24937485549
258961,43878.016,48414.936882873764
258962,43878.016,51549.20062155718
258963,43878.016,9093.872782142544
258964,43878.016,32300.22994279317
258965,43878.016,13758.852309346436
258966,43878.016,6483.602886925834
258967,43878.016,16940.717366608755
258968,43878.016,50709.06129779344
258969,43878.016,51083.77929993474
258970,43878.016,19749.64984758414
258971,43878.016,57699.81576947151
258972,43878.016,24141.855946705822
258973,43878.016,21839.047897651737
258974,43878.016,47744.322845346855
258975,43878.016,17541.468751368902
258976,43878.016,28136.65144132727
258977,43878.016,25481.24868508249
258978,43878.016,22950.13488719235
258979,43878.016,29718.173773785038
258980,43878.016,18576.812828064336
258981,43878.016,25032.964737773593
258982,43878.016,67648.61060928053
258983,43878.016,24141.176881065378
258984,43878.016,52773.50854502358
258985,43878.016,46515.88180869954
258986,43878.016,28414.669959712897
258987,43878.016,29977.579238132923
258988,43878.016,47085.04334269282
258989,43878.016,109866.4326452951
258990,43878.016,5631.530304237989
258991,43878.016,81608.95500035852
258992,43878.016,67226.23902919937
258993,43878.016,15380.5195969807
258994,43878.016,44182.45702437045
258995,43878.016,49288.649606755534
258996,43878.016,19093.607868828345
258997,43878.016,23577.5656293293
258998,43878.016,12106.997732994752
258999,43878.016,68015.46030576283
259000,43878.016,39731.890218987355
259001,43878.016,28662.24051522679
259002,43878.016,24610.93991413206
259003,43878.016,56240.12851304463
259004,43878.016,37914.01396504116
259005,43878.016,44335.99771170074
259006,43878.016,26201.331588035413
259007,43878.016,16702.345346815524
259008,43878.016,16948.405619338504
259009,43878.016,14540.305687986654
259010,43878.016,32644.35147924111
259011,43878.016,20030.103714675344
259012,43878.016,20425.072015601127
259013,43878.016,29369.487767119386
259014,43878.016,14609.512449653717
259015,43878.016,62065.85569170928
259016,43878.016,29655.10633351912
259017,43878.016,60103.45243901144
259018,43878.016,40899.00249143023
259019,43878.016,10598.07336256124
259020,43878.016,26715.547701620675
259021,43878.016,34316.31941232131
259022,43878.016,16977.492369287902
259023,43878.016,68013.27370695939
259024,43878.016,27034.666997078097
259025,43878.016,27322.242600215595
259026,43878.016,21122.496730199517
259027,43878.016,15992.848798375886
259028,43878.016,55866.34569786924
259029,43878.016,10818.538662598865
259030,43878.016,55814.15192068773
259031,43878.016,30264.797795965536
259032,43878.016,50573.21889498311
259033,43878.016,11849.951486061149
259034,43878.016,20828.82736684098
259035,43878.016,29797.958137385704
259036,43878.016,77649.56422886241
259037,43878.016,6992.9684386340805
259038,43878.016,22296.477095794242
259039,43878.016,55275.85854396622
259040,43878.016,31044.429295807477
259041,43878.016,19241.702701281065
259042,43878.016,26444.696411020745
259043,43878.016,21113.741379469273
259044,43878.016,99072.98149717403
259045,43878.016,60631.35638146396
259046,43878.016,15040.213337505846
259047,43878.016,16278.616591248046
259048,43878.016,21932.47832897732
259049,43878.016,20205.50797163102
259050,43878.016,30762.62880733897
259051,43878.016,16451.927666598564
259052,43878.016,52991.361517674
259053,43878.016,16389.29696214383
259054,43878.016,28970.13881778237
259055,43878.016,39216.655454862004
259056,43878.016,47518.002959054684
259057,43878.016,37219.02201640268
259058,43878.016,42451.401615895586
259059,43878.016,26718.911192161686
259060,43878.016,3692.039754523178
259061,43878.016,67741.36608377626
259062,43878.016,38957.70960203873
259063,43878.016,11428.777452598208
259064,43878.016,34233.50742475563
259065,43878.016,23369.816006300774
259066,43878.016,42349.08461503182
259067,43878.016,18292.17482845794
259068,43878.016,16425.932122113987
259069,43878.016,25434.530871043524
259070,43878.016,35461.23260217475
259071,43878.016,17717.84161485983
259072,43878.016,20024.499432970613
259073,43878.016,13660.059417578383
259074,43878.016,20786.667209504812
259075,43878.016,17978.968802906857
259076,43878.016,46631.071829237764
259077,43878.016,18215.344021407585
259078,43878.016,20259.91530068253
259079,43878.016,37587.505439323926
259080,43878.016,63635.990542456544
259081,43878.016,8193.84104411608
259082,43878.016,26111.560025980863
259083,43878.016,40846.41136214968
259084,43878.016,46678.52980483977
259085,43878.016,22558.87184977428
259086,43878.016,10468.530363359854
259087,43878.016,12331.906608463352
259088,43878.016,54826.5821884797
259089,43878.016,19672.652959252406
259090,43878.016,27282.99573376432
259091,43878.016,54297.345971446724
259092,43878.016,52653.88650012891
259093,43878.016,14405.0011886307
259094,43878.016,43896.47272780703
259095,43878.016,70971.2909517235
259096,43878.016,65138.99566537564
259097,43878.016,57966.61461648173
259098,43878.016,12399.84522160957
259099,43878.016,30342.233442548844
259100,43878.016,19894.67993869924
259101,43878.016,36344.47116073271
259102,43878.016,20382.229787864573
259103,43878.016,17273.95353588845
259104,43878.016,49130.706676627145
259105,43878.016,90867.67026087029
259106,43878.016,49895.639156781166
259107,43878.016,48834.69706130628
259108,43878.016,36246.205912173864
259109,43878.016,7113.46504958943
259110,43878.016,39239.13853212058
259111,43878.016,33608.55103335252
259112,43878.016,18063.411312916724
259113,43878.016,11604.875520482725
259114,43878.016,64231.63229692035
259115,43878.016,50734.668804947054
259116,43878.016,60123.14595961928
259117,43878.016,52456.370162976236
259118,43878.016,38158.67640213025
259119,43878.016,42300.514848199105
259120,43878.016,50278.047450930884
259121,43878.016,50680.61983260632
259122,43878.016,32671.993197229902
259123,43878.016,40266.032222739545
259124,43878.016,44274.970983110754
259125,43878.016,29942.819168947266
259126,43878.016,58236.55469238792
259127,43878.016,22564.079572079834
259128,43878.016,61949.525043979585
259129,43878.016,74010.431279884
259130,43878.016,36242.12434852951
259131,43878.016,39305.833367259394
259132,43878.016,77631.30366218962
259133,43878.016,38452.5038517308
259134,43878.016,20301.63921323957
259135,43878.016,49893.39719591309
259136,43878.016,34664.07698780492
259137,43878.016,23890.782441884974
259138,43878.016,47011.57696000051
259139,43878.016,52933.6183946212
259140,43878.016,47767.43844662527
259141,43878.016,15971.175247033783
259142,43878.016,68843.9005941257
259143,43878.016,99309.0572137957
259144,43878.016,43053.2678208285
259145,43878.016,38184.549109396525
259146,43878.016,62675.48191097934
259147,43878.016,47622.046177586126
259148,43878.016,39855.68502707522
259149,43878.016,47898.82153258809
259150,43878.016,52519.21500240296
259151,43878.016,61100.10549487848
259152,43878.016,31135.183181146236
259153,43878.016,8903.033532707796
259154,43878.016,59001.0413896319
259155,43878.016,42981.415217084876
259156,43878.016,37224.682966415836
259157,43878.016,23594.56237358314
259158,43878.016,37722.168087310274
259159,43878.016,26938.44742322968
259160,43878.016,40223.29686700928
259161,43878.016,73568.00216668093
259162,43878.016,14877.29235008875
259163,43878.016,23528.438805785405
259164,43878.016,59960.1549926388
259165,43878.016,50101.77266187613
259166,43878.016,11777.466238827199
259167,43878.016,13450.67327713687
259168,43878.016,44800.45298232737
259169,43878.016,37749.32402759957
259170,43878.016,26718.625144262023
259171,43878.016,31948.680121176872
259172,43878.016,41164.571459593455
259173,43878.016,35942.938423194304
259174,43878.016,30583.17169425343
259175,43878.016,65682.23750279994
259176,43878.016,60389.238192193414
259177,43878.016,41602.72707552381
259178,43878.016,51826.98559982743
259179,43878.016,66956.97382285807
259180,43878.016,16693.293834421987
259181,43878.016,48882.60933495877
259182,43878.016,35285.076228903796
259183,43878.016,13429.411278017595
259184,43878.016,16327.462770179378
259185,43878.016,7740.377998136264
259186,43878.016,66080.66770025723
259187,43878.016,6597.764768342873
259188,43878.016,40421.6646325206
259189,43878.016,31459.84564661362
259190,43878.016,51059.3133092961
259191,43878.016,38248.23058732718
259192,43878.016,43326.54970580044
259193,43878.016,6798.969397491725
259194,43878.016,50312.67947718118
259195,43878.016,18713.930457740717
259196,43878.016,29828.182600076067
259197,43878.016,17058.63474033425
259198,43878.016,32368.62835861245
259199,43878.016,23165.248288574592
259200,43878.016,50542.67944828554
259201,43878.016,11456.715033491804
259202,43878.016,37127.049302370484
259203,43878.016,55770.88806176358
259204,43878.016,59703.06619699856
259205,43878.016,40813.43469028943
259206,43878.016,17042.20130392053
259207,43878.016,13426.851338658209
259208,43878.016,16865.822188944454
259209,43878.016,36476.757641375436
259210,43878.016,28556.76875208346
259211,43878.016,40501.82302057041
259212,43878.016,15048.992444045913
259213,43878.016,43925.871037643665
259214,43878.016,27473.02044623655
259215,43878.016,62873.47614655286
259216,43878.016,57063.662858777774
259217,43878.016,29663.227599233905
259218,43878.016,17475.135617444048
259219,43878.016,37550.15436685286
259220,43878.016,34385.29759807749
259221,43878.016,51971.991433433905
259222,43878.016,50349.26679844151
259223,43878.016,19036.183373602937
259224,43878.016,51847.69518191744
259225,43878.016,20251.862080403702
259226,43878.016,35982.63797781845
259227,43878.016,52290.75316895828
259228,43878.016,33852.62944684119
259229,43878.016,16505.65139030195
259230,43878.016,7630.9543479726635
259231,43878.016,24736.647828043457
259232,43878.016,61592.483023557295
259233,43878.016,26738.29858719824
259234,43878.016,20323.792678299935
259235,43878.016,44154.234143676025
259236,43878.016,50175.90786018324
259237,43878.016,35235.35034644309
259238,43878.016,23343.068485568074
259239,43878.016,56698.60108761582
259240,43878.016,27867.22672705878
259241,43878.016,55087.02167006246
259242,43878.016,30424.40665585248
259243,43878.016,7935.053288913189
259244,43878.016,21226.604447655478
259245,43878.016,50667.49602814587
259246,43878.016,42126.03871504446
259247,43878.016,43495.778092136316
259248,43878.016,25626.38521691608
259249,43878.016,19527.154712544445
259250,43878.016,38113.44388080802
259251,43878.016,19761.11501037371
259252,43878.016,47389.11835990206
259253,43878.016,55348.275469617474
259254,43878.016,35039.03016854028
259255,43878.016,57868.63626803425
259256,43878.016,70559.72383031837
259257,43878.016,47168.825871724264
259258,43878.016,70133.97023812051
259259,43878.016,16360.878409908915
259260,43878.016,63016.17702044184
259261,43878.016,22131.545480825404
259262,43878.016,38509.956039316654
259263,43878.016,24916.268402536527
259264,43878.016,28868.22842126905
259265,43878.016,38418.64380836801
259266,43878.016,36755.22160994491
259267,43878.016,47960.4508887411
259268,43878.016,54043.29312379328
259269,43878.016,7861.337530392774
259270,43878.016,14556.80924585991
259271,43878.016,26737.794665543006
259272,43878.016,19021.109317000562
259273,43878.016,49737.42758407696
259274,43878.016,39385.36985895124
259275,43878.016,12332.903793092622
259276,43878.016,25780.662385390715
259277,43878.016,12979.335073765778
259278,43878.016,31314.028470771256
259279,43878.016,20245.161922250154
259280,43878.016,37856.42837372788
259281,43878.016,24915.652593925217
259282,43878.016,15928.011993444312
259283,43878.016,22062.649878294604
259284,43878.016,30987.977343885657
259285,43878.016,58135.258183867256
259286,43878.016,36305.564790868004
259287,43878.016,42144.83792570022
259288,43878.016,46718.253016109666
259289,43878.016,43333.17006817711
259290,43878.016,15946.361759369425
259291,43878.016,23484.31779206958
259292,43878.016,54096.819042174284
259293,43878.016,54996.106505630676
259294,43878.016,49633.0089008534
259295,43878.016,7438.92744884843
259296,43878.016,47814.99722387651
259297,43878.016,50457.95759542513
259298,43878.016,54705.24309116098
259299,43878.016,7914.893412237117
259300,43878.016,62279.44317364847
259301,43878.016,10083.219485592977
259302,43878.016,12210.497600763307
259303,43878.016,23748.599029214874
259304,43878.016,63981.34737708241
259305,43878.016,63224.65239913374
259306,43878.016,45621.59408820288
259307,43878.016,28973.290918814066
259308,43878.016,23698.40092361567
259309,43878.016,57570.42566216776
259310,43878.016,20459.13512088212
259311,43878.016,53510.80841989166
259312,43878.016,59293.391554405614
259313,43878.016,55752.84331729777
259314,43878.016,46320.05108736879
259315,43878.016,10361.025072614057
259316,43878.016,11288.072390549796
259317,43878.016,23004.92114111942
259318,43878.016,22609.719514689423
259319,43878.016,68939.33153757059
259320,43878.016,30080.506223511184
259321,43878.016,19402.941713572898
259322,43878.016,36671.41935184091
259323,43878.016,28306.087449927993
259324,43878.016,41923.54830114036
259325,43878.016,41124.03632333522
259326,43878.016,50963.17937826265
259327,43878.016,21233.4413160395
259328,43878.016,6771.7152099412815
259329,43878.016,12076.833727028012
259330,43878.016,96894.8127287186
259331,43878.016,31765.937075747905
259332,43878.016,27096.012213928727
259333,43878.016,18382.445794503412
259334,43878.016,26758.377079520145
259335,43878.016,17021.695543555852
259336,43878.016,41683.20225286415
259337,43878.016,42475.96148343587
259338,43878.016,25386.135706287467
259339,43878.016,10024.98059400199
259340,43878.016,38546.197194133354
259341,43878.016,15353.97536113683
259342,43878.016,25607.351189508587
259343,43878.016,51361.79963559824
259344,43878.016,13324.85818816272
259345,43878.016,6749.595487826529
259346,43878.016,45890.983437646464
259347,43878.016,18093.262414602224
259348,43878.016,100944.7288098447
259349,43878.016,50306.49271382096
259350,43878.016,17439.680889136176
259351,43878.016,41612.71314502251
259352,43878.016,11076.701583316175
259353,43878.016,32307.315285896948
259354,43878.016,33739.26123306872
259355,43878.016,29957.08902136983
259356,43878.016,33927.26551426162
259357,43878.016,8443.799499672354
259358,43878.016,12965.151252635744
259359,43878.016,25705.8571115777
259360,43878.016,12366.337869113018
259361,43878.016,29152.65286806778
259362,43878.016,31444.681227258523
259363,43878.016,30081.341905638743
259364,43878.016,19940.323101173522
259365,43878.016,29465.257434390136
259366,43878.016,29687.399634367568
259367,43878.016,58237.16876533061
259368,43878.016,28481.983131373458
259369,43878.016,38287.46569642116
259370,43878.016,22538.151418888512
259371,43878.016,38695.80792725042
259372,43878.016,16047.655909431309
259373,43878.016,48623.09126240722
259374,43878.016,15334.956296174023
259375,43878.016,28778.80365341233
259376,43878.016,9570.986145365758
259377,43878.016,65101.155020267
259378,43878.016,38923.12515951461
259379,43878.016,8403.54352721101
259380,43878.016,42557.46965395786
259381,43878.016,37647.297985237194
259382,43878.016,9632.264200129
259383,43878.016,24426.835377366504
259384,43878.016,47719.942661081586
259385,43878.016,43493.42839823721
259386,43878.016,77172.85828151474
259387,43878.016,37032.90703642175
259388,43878.016,16424.833202196012
259389,43878.016,20895.911253540296
259390,43878.016,7285.290127243398
259391,43878.016,51756.5239293718
259392,43878.016,20834.739751810193
259393,43878.016,57005.86110557571
259394,43878.016,25746.001002912508
259395,43878.016,32511.002184779416
259396,43878.016,32589.62209946045
259397,43878.016,23225.714971710382
259398,43878.016,41857.46559967961
259399,43878.016,24899.23814031575
259400,43878.016,42312.7358376632
259401,43878.016,13362.733343388902
259402,43878.016,39139.63525740981
259403,43878.016,58228.38449541713
259404,43878.016,36749.91371524953
259405,43878.016,26751.842523006788
259406,43878.016,17103.565467860066
259407,43878.016,6713.67967078098
259408,43878.016,14255.909402209838
259409,43878.016,48983.220125675914
259410,43878.016,28531.275045885563
259411,43878.016,50587.16631973381
259412,43878.016,19360.72528478815
259413,43878.016,45718.86314542338
259414,43878.016,23519.727210419187
259415,43878.016,41313.57959675429
259416,43878.016,52227.52655383243
259417,43878.016,53405.78628676306
259418,43878.016,68196.27199162646
259419,43878.016,33447.49940828448
259420,43878.016,32660.47833941801
259421,43878.016,31074.436529370712
259422,43878.016,17989.181954658987
259423,43878.016,59764.27849420581
259424,43878.016,21429.018755305104
259425,43878.016,23876.76359807833
259426,43878.016,68091.62363075926
259427,43878.016,44154.94001156398
259428,43878.016,27483.049914311745
259429,43878.016,10113.825706781738
259430,43878.016,60927.09910303659
259431,43878.016,8887.56685224629
259432,43878.016,51624.74482462491
259433,43878.016,63542.55793557694
259434,43878.016,13639.139319921751
259435,43878.016,40306.10581007243
259436,43878.016,65371.561848714504
259437,43878.016,25879.987391689858
259438,43878.016,39821.91206236691
259439,43878.016,57705.58010816952
259440,43878.016,22498.295207722203
259441,43878.016,30520.927474307933
259442,43878.016,20088.176391470424
259443,43878.016,83258.93151016715
259444,43878.016,16211.18796016923
259445,43878.016,30365.60094927027
259446,43878.016,10982.91837967334
259447,43878.016,18744.880518118338
259448,43878.016,22878.613632389577
259449,43878.016,28487.00111376404
259450,43878.016,48267.7106818969
259451,43878.016,40197.4996868715
259452,43878.016,12761.408108142628
259453,43878.016,16987.980767072917
259454,43878.016,10869.643091278507
259455,43878.016,35662.227853969554
259456,43878.016,21927.356571325676
259457,43878.016,7235.286933812246
259458,43878.016,26529.92496464821
259459,43878.016,55125.834119038605
259460,43878.016,39543.88686107544
259461,43878.016,36920.97896152845
259462,43878.016,16233.827608097374
259463,43878.016,40884.03203361341
259464,43878.016,38446.6775862432
259465,43878.016,49673.759920591125
259466,43878.016,25613.433425276045
259467,43878.016,11324.96537305254
259468,43878.016,14808.15456437981
259469,43878.016,25329.935589684857
259470,43878.016,39875.75062504463
259471,43878.016,93874.09964782017
259472,43878.016,53215.512910438374
259473,43878.016,41092.189847425514
259474,43878.016,21713.89492011053
259475,43878.016,13267.780784181794
259476,43878.016,16910.14072161081
259477,43878.016,37536.23804777749
259478,43878.016,10155.04894076392
259479,43878.016,26785.97164824471
259480,43878.016,64336.19007640846
259481,43878.016,50061.649995319785
259482,43878.016,14168.998571806
259483,43878.016,21401.847732166316
259484,43878.016,54741.50646338013
259485,43878.016,70088.48244942795
259486,43878.016,60261.7927090251
259487,43878.016,9387.586475202896
259488,43878.016,47569.61178016575
259489,43878.016,21554.166797730995
259490,43878.016,56420.892235961925
259491,43878.016,11156.049022885796
259492,43878.016,35760.976811864355
259493,43878.016,23160.657297194673
259494,43878.016,30706.839076134653
259495,43878.016,57780.64887457157
259496,43878.016,11276.557553852033
259497,43878.016,22968.32511112135
259498,43878.016,56557.540091190735
259499,43878.016,24896.981266333994
259500,43878.016,45268.82083591285
259501,43878.016,24625.791951985546
259502,43878.016,40323.859205019995
259503,43878.016,80871.43026110862
259504,43878.016,6113.01048026947
259505,43878.016,42214.63300364109
259506,43878.016,17621.587171968302
259507,43878.016,60921.57888251613
259508,43878.016,9401.726231768816
259509,43878.016,9595.16323844841
259510,43878.016,57950.80597036072
259511,43878.016,21017.11988179148
259512,43878.016,32619.764749843856
259513,43878.016,5866.195540393586
259514,43878.016,9936.596878134083
259515,43878.016,12703.500670784671
259516,43878.016,41141.53689392096
259517,43878.016,50088.82123183569
259518,43878.016,34962.69863553729
259519,43878.016,37896.65026735875
259520,43878.016,66616.0520055855
259521,43878.016,12874.383501445142
259522,43878.016,15462.11590231786
259523,43878.016,33392.961980431974
259524,43878.016,16492.831568343856
259525,43878.016,28075.871671032535
259526,43878.016,45328.21900369885
259527,43878.016,34980.81047846204
259528,43878.016,52151.999353031475
259529,43878.016,39703.10875567008
259530,43878.016,49299.20567873473
259531,43878.016,29372.936842870702
259532,43878.016,28703.768012259174
259533,43878.016,10662.232393433409
259534,43878.016,19609.49485254205
259535,43878.016,39745.21656367575
259536,43878.016,62863.10388966495
259537,43878.016,35226.44232993088
259538,43878.016,29985.732034686058
259539,43878.016,44515.14542173223
259540,43878.016,50130.24372935047
259541,43878.016,33596.752035423706
259542,43878.016,24048.222962873697
259543,43878.016,23890.483337251037
259544,43878.016,24916.981702203077
259545,43878.016,7785.328354558876
259546,43878.016,30764.039991477504
259547,43878.016,28809.239961433104
259548,43878.016,17172.789167378964
259549,43878.016,38915.62692106616
259550,43878.016,53559.2434024237
259551,43878.016,16513.769092235907
259552,43878.016,53396.535889864484
259553,43878.016,62137.48825558327
259554,43878.016,13567.92962260032
259555,43878.016,59168.399585716455
259556,43878.016,16486.49677492812
259557,43878.016,34317.843782551434
259558,43878.016,43906.97272715646
259559,43878.016,60177.6343674386
259560,43878.016,44309.96353356699
259561,43878.016,41415.57518411049
259562,43878.016,34410.38151493656
259563,43878.016,29578.10983770966
259564,43878.016,51685.424192940554
259565,43878.016,7723.813385563678
259566,43878.016,16451.064208483305
259567,43878.016,11152.629805437098
259568,43878.016,37339.70037927594
259569,43878.016,76427.65370801996
259570,43878.016,48372.90601280074
259571,43878.016,47719.622607951074
259572,43878.016,50193.09367455706
259573,43878.016,43659.50455005636
259574,43878.016,17508.583171986516
259575,43878.016,5080.514482396508
259576,43878.016,40160.885101252716
259577,43878.016,56715.114451588626
259578,43878.016,35695.469334200214
259579,43878.016,27788.881377405534
259580,43878.016,36058.676500786474
259581,43878.016,9488.846674431354
259582,43878.016,40830.2289228548
259583,43878.016,59373.87301502971
259584,43878.016,22183.599113159973
259585,43878.016,41303.246008238435
259586,43878.016,28918.004712726357
259587,43878.016,66647.75728252322
259588,43878.016,17565.360163092126
259589,43878.016,33306.06609507876
259590,43878.016,35316.03482922053
259591,43878.016,50225.05187401425
259592,43878.016,56480.71744388702
259593,43878.016,45735.96048386363
259594,43878.016,20587.44924012999
259595,43878.016,25808.150283578587
259596,43878.016,17833.66879186244
259597,43878.016,23981.07052723599
259598,43878.016,19974.15438416837
259599,43878.016,15976.549824846217
259600,43878.016,16876.308683703806
259601,43878.016,45208.76083159342
259602,43878.016,58211.80750531801
259603,43878.016,14921.037743450603
259604,43878.016,20550.896354585988
259605,43878.016,45703.361151559184
259606,43878.016,75132.4401121318
259607,43878.016,13113.941012178073
259608,43878.016,49849.666503825916
259609,43878.016,8391.346777904853
259610,43878.016,42492.82712146289
259611,43878.016,41998.86525258576
259612,43878.016,67669.083417297
259613,43878.016,33154.3518623134
259614,43878.016,38977.45514125818
259615,43878.016,10858.36742510296
259616,43878.016,37085.192324417316
259617,43878.016,17393.75235206335
259618,43878.016,31556.883645355774
259619,43878.016,24827.20388242547
259620,43878.016,61603.04183042729
259621,43878.016,7365.738058058879
259622,43878.016,9589.88616332615
259623,43878.016,17281.450380911218
259624,43878.016,18318.06178986793
259625,43878.016,16099.289875121265
259626,43878.016,58662.569902294184
259627,43878.016,23927.99905625533
259628,43878.016,34371.565198604
259629,43878.016,49215.31504691882
259630,43878.016,54102.98050413492
259631,43878.016,12365.341266674364
259632,43878.016,21371.52413169678
259633,43878.016,12766.312693758115
259634,43878.016,31142.26921210732
259635,43878.016,64072.88680718724
259636,43878.016,13800.082100198439
259637,43878.016,56514.33976948178
259638,43878.016,42201.789724512164
259639,43878.016,56745.89385819061
259640,43878.016,19071.046762426286
259641,43878.016,22087.779235605736
259642,43878.016,21786.51623011018
259643,43878.016,47151.785432653116
259644,43878.016,28915.119115985814
259645,43878.016,10722.379855162784
259646,43878.016,32419.5428320115
259647,43878.016,16995.23126801476
259648,43878.016,21292.481983805388
259649,43878.016,47613.85371644341
259650,43878.016,11858.753010946773
259651,43878.016,39310.77010690957
259652,43878.016,41492.326377987636
259653,43878.016,36801.64034850689
259654,43878.016,38348.250040261126
259655,43878.016,25398.080862973842
259656,43878.016,41179.481778770794
259657,43878.016,32660.731093917486
259658,43878.016,25293.808961129453
259659,43878.016,21361.455252203108
259660,43878.016,19855.584831898017
259661,43878.016,52414.94058231051
259662,43878.016,11938.27403162923
259663,43878.016,22201.785319478433
259664,43878.016,95524.11288012554
259665,43878.016,42608.17636469217
259666,43878.016,10721.259899815963
259667,43878.016,6323.772477515761
259668,43878.016,35285.22744324008
259669,43878.016,77443.77523602583
259670,43878.016,26274.71687393514
259671,43878.016,42028.26594316337
259672,43878.016,41553.296580454786
259673,43878.016,31753.803478024176
259674,43878.016,45626.75671171038
259675,43878.016,13137.832030281566
259676,43878.016,20449.434094643228
259677,43878.016,5234.141424233566
259678,43878.016,33986.598903228594
259679,43878.016,29634.23669314961
259680,43878.016,40736.59560064222
259681,43878.016,22188.338227971162
259682,43878.016,31465.043812331493
259683,43878.016,14333.160855345686
259684,43878.016,62075.80782482885
259685,43878.016,54717.158508926004
259686,43878.016,54423.828097012396
259687,43878.016,15209.344644100749
259688,43878.016,20259.3333222202
259689,43878.016,37072.28371757182
259690,43878.016,46926.55426347912
259691,43878.016,22856.520136743115
259692,43878.016,52027.36408629906
259693,43878.016,44682.36279802966
259694,43878.016,35424.36280830631
259695,43878.016,37019.224599323876
259696,43878.016,13967.008321996127
259697,43878.016,50701.55071227228
259698,43878.016,34954.43457133876
259699,43878.016,20714.09603411735
259700,43878.016,4702.82316417618
259701,43878.016,40623.36058117234
259702,43878.016,57896.095525707125
259703,43878.016,6781.60019291641
259704,43878.016,32714.660560601686
259705,43878.016,13188.779731388455
259706,43878.016,46284.21136416493
259707,43878.016,68309.17525478617
259708,43878.016,61802.558534514166
259709,43878.016,30591.06793863987
259710,43878.016,10029.747199614807
259711,43878.016,70578.27340773259
259712,43878.016,45572.128615602356
259713,43878.016,36822.374941081085
259714,43878.016,10991.351650042758
259715,43878.016,29484.337749553826
259716,43878.016,40906.73259586125
259717,43878.016,24089.24176670398
259718,43878.016,37034.194619381014
259719,43878.016,52939.39293517284
259720,43878.016,62142.03056051729
259721,43878.016,11731.432849133353
259722,43878.016,44197.42005090177
259723,43878.016,64445.55676387186
259724,43878.016,23539.041043042867
259725,43878.016,22037.200021578294
259726,43878.016,71457.9368174467
259727,43878.016,18383.316012743428
259728,43878.016,25280.98395803309
259729,43878.016,18306.87176816135
259730,43878.016,7998.697190303585
259731,43878.016,18715.553682017307
259732,43878.016,16317.106350165286
259733,43878.016,5860.781510679658
259734,43878.016,18900.279363058493
259735,43878.016,54431.782279953404
259736,43878.016,40874.05245938841
259737,43878.016,60276.5062969126
259738,43878.016,67612.52248999159
259739,43878.016,14730.525015695206
259740,43878.016,34090.18216885946
259741,43878.016,45681.22139566062
259742,43878.016,60256.402830823936
259743,43878.016,52972.19522199714
259744,43878.016,23023.58650851109
259745,43878.016,20079.405251545122
259746,43878.016,18358.79305065709
259747,43878.016,34323.04298185546
259748,43878.016,8314.453717850676
259749,43878.016,37197.43015738867
259750,43878.016,37908.58977833707
259751,43878.016,43242.94866672096
259752,43878.016,45887.67624674123
259753,43878.016,29215.956704474007
259754,43878.016,25374.64984044384
259755,43878.016,48072.363924174846
259756,43878.016,8673.890168514394
259757,43878.016,39182.986390631915
259758,43878.016,59124.91970523145
259759,43878.016,15883.494365919341
259760,43878.016,16313.085337133225
259761,43878.016,8203.390596855725
259762,43878.016,50876.84494760346
259763,43878.016,40068.44688295435
259764,43878.016,35112.761704926976
259765,43878.016,61041.41748024766
259766,43878.016,7992.8745375529315
259767,43878.016,36249.2542458055
259768,43878.016,12967.270580984714
259769,43878.016,16596.511487863874
259770,43878.016,52337.01217125012
259771,43878.016,59577.62908397576
259772,43878.016,25134.274097010122
259773,43878.016,28886.388547827337
259774,43878.016,28285.502930524883
259775,43878.016,12479.398424161152
259776,43878.016,56351.00666579971
259777,43878.016,47771.451445858605
259778,43878.016,44868.07450886699
259779,43878.016,23370.726338074917
259780,43878.016,41738.72528604344
259781,43878.016,9843.721537839276
259782,43878.016,29569.431489784947
259783,43878.016,71777.74506809068
259784,43878.016,41100.76133407682
259785,43878.016,68899.71036208258
259786,43878.016,26306.77993509533
259787,43878.016,26395.630629302585
259788,43878.016,74183.07519573747
259789,43878.016,21729.99769205924
259790,43878.016,13503.08023929064
259791,43878.016,27359.39677870469
259792,43878.016,35444.49624727774
259793,43878.016,65888.64921461188
259794,43878.016,22652.34031832444
259795,43878.016,78721.70963002539
259796,43878.016,59968.48819050474
259797,43878.016,74095.11770632312
259798,43878.016,12133.669429818996
259799,43878.016,76463.71883419855
259800,43878.016,49194.021390335605
259801,43878.016,28692.56639969746
259802,43878.016,66300.48982239353
259803,43878.016,22141.534029502316
259804,43878.016,5969.687591904643
259805,43878.016,52224.543999453206
259806,43878.016,24695.176083214945
259807,43878.016,10631.921251245889
259808,43878.016,7821.570538522809
259809,43878.016,12356.376034716097
259810,43878.016,9828.685750611081
259811,43878.016,34261.58379128227
259812,43878.016,7919.662183261412
259813,43878.016,16083.02538655333
259814,43878.016,28042.51093794229
259815,43878.016,32272.823968966844
259816,43878.016,57926.64759969013
259817,43878.016,44321.788334925724
259818,43878.016,40020.254923358436
259819,43878.016,21883.445253659796
259820,43878.016,9514.85415730596
259821,43878.016,28214.1266219498
259822,43878.016,56104.95745958017
259823,43878.016,35981.0318809213
259824,43878.016,28680.87325142628
259825,43878.016,67201.95927646798
259826,43878.016,55112.43427827661
259827,43878.016,29685.27621032955
259828,43878.016,14392.671642189984
259829,43878.016,51015.842985895426
259830,43878.016,55305.73514141224
259831,43878.016,12150.975277762182
259832,43878.016,21651.382081154716
259833,43878.016,73263.9608944778
259834,43878.016,47591.08297787468
259835,43878.016,29308.00679205276
259836,43878.016,34182.71082862699
259837,43878.016,16307.662380390087
259838,43878.016,34881.43633519545
259839,43878.016,56298.38623373519
259840,43878.016,33095.50949393744
259841,43878.016,58442.20154249344
259842,43878.016,31115.319413316905
259843,43878.016,23019.282411107833
259844,43878.016,47826.976213516165
259845,43878.016,45679.47635472279
259846,43878.016,32143.03804535641
259847,43878.016,37911.30703633834
259848,43878.016,17913.56918937015
259849,43878.016,49673.24165128792
259850,43878.016,17301.701263249248
259851,43878.016,13059.804679175619
259852,43878.016,46717.84829373915
259853,43878.016,42047.16241523184
259854,43878.016,46068.18451869181
259855,43878.016,19304.193104395777
259856,43878.016,12175.478756334114
259857,43878.016,21661.96573593022
259858,43878.016,37328.22162487824
259859,43878.016,51491.26661487796
259860,43878.016,29681.69305708598
259861,43878.016,11618.933567059818
259862,43878.016,51226.94238123266
259863,43878.016,53365.26494940249
259864,43878.016,40196.10722575748
259865,43878.016,46378.90580295445
259866,43878.016,41081.11309754521
259867,43878.016,19016.18532412808
259868,43878.016,8103.981858781331
259869,43878.016,59736.22836583744
259870,43878.016,57526.39562403519
259871,43878.016,27944.628975361495
259872,43878.016,47202.09912316366
259873,43878.016,21313.66503242264
259874,43878.016,49274.96823036754
259875,43878.016,14051.64563284164
259876,43878.016,50470.70036548142
259877,43878.016,31244.899949978404
259878,43878.016,33018.23320452876
259879,43878.016,48475.43462098956
259880,43878.016,28746.201465204358
259881,43878.016,65909.8028718553
259882,43878.016,5835.531780059066
259883,43878.016,63426.51224228564
259884,43878.016,21201.28316726773
259885,43878.016,11346.446928052776
259886,43878.016,28434.07296901661
259887,43878.016,15920.012608711211
259888,43878.016,19642.290919595158
259889,43878.016,30817.13024181898
259890,43878.016,47338.5399965709
259891,43878.016,56684.93416211266
259892,43878.016,20792.23898512586
259893,43878.016,51024.54605974063
259894,43878.016,37076.337792063685
259895,43878.016,26198.677890328727
259896,43878.016,22346.256748330845
259897,43878.016,13915.882478346375
259898,43878.016,18299.182962320298
259899,43878.016,21179.00341645628
259900,43878.016,16632.41695328952
259901,43878.016,64704.692230291716
259902,43878.016,47886.15623506225
259903,43878.016,23692.920979537346
259904,43878.016,54766.28825246275
259905,43878.016,54403.25407924241
259906,43878.016,47770.53428864193
259907,43878.016,68069.64913239754
259908,43878.016,12232.940160417798
259909,43878.016,65960.27925426078
259910,43878.016,49080.11208466142
259911,43878.016,34197.64223433896
259912,43878.016,47997.397464304544
259913,43878.016,55631.993936970226
259914,43878.016,34703.895479765364
259915,43878.016,57136.11400282055
259916,43878.016,17156.85295480692
259917,43878.016,26609.339273411282
259918,43878.016,38365.231694180235
259919,43878.016,8002.789674336253
259920,43878.016,40450.65618165405
259921,43878.016,46989.06053395148
259922,43878.016,17548.79062415707
259923,43878.016,41095.6229321307
259924,43878.016,38222.808364140714
259925,43878.016,21593.65477503826
259926,43878.016,29867.96661215277
259927,43878.016,32738.442474260817
259928,43878.016,17649.521466769547
259929,43878.016,58818.682583347065
259930,43878.016,19424.991609379023
259931,43878.016,41903.70286549845
259932,43878.016,43936.25467792813
259933,43878.016,21738.476396867878
259934,43878.016,47542.082501990975
259935,43878.016,32009.15674523669
259936,43878.016,46672.44659631691
259937,43878.016,20452.92658469167
259938,43878.016,21201.89917761376
259939,43878.016,64611.45621559704
259940,43878.016,10852.230136284337
259941,43878.016,28722.365625568047
259942,43878.016,23443.140784771684
259943,43878.016,54518.08533045363
259944,43878.016,28457.544536131034
259945,43878.016,25746.715018692314
259946,43878.016,42675.20809054496
259947,43878.016,30521.08764273101
259948,43878.016,11970.641875003119
259949,43878.016,8905.985695089787
259950,43878.016,14322.412725159476
259951,43878.016,36925.675803419246
259952,43878.016,18490.275046931423
259953,43878.016,34125.54232605283
259954,43878.016,52799.9631559348
259955,43878.016,64846.194617545436
259956,43878.016,42196.25902912359
259957,43878.016,43233.28344620675
259958,43878.016,28586.7862633704
259959,43878.016,22498.014224262504
259960,43878.016,42472.08058074531
259961,43878.016,52819.039093359745
259962,43878.016,30692.48262113187
259963,43878.016,21973.051933982777
259964,43878.016,10419.732527169968
259965,43878.016,49824.73888787083
259966,43878.016,22642.887778388067
259967,43878.016,37878.72158974039
259968,43878.016,47184.8200772355
259969,43878.016,53082.783225465515
259970,43878.016,12976.144278795407
259971,43878.016,18188.006202448163
259972,43878.016,21925.571690942477
259973,43878.016,51894.635753914794
259974,43878.016,39980.84623030617
259975,43878.016,20371.428301532535
259976,43878.016,38361.39259488014
259977,43878.016,13518.933787183874
259978,43878.016,64483.77065972862
259979,43878.016,80674.17379050737
259980,43878.016,21386.627335841928
259981,43878.016,5706.722665471258
259982,43878.016,63208.50891697092
259983,43878.016,26826.97815564551
259984,43878.016,23257.471953205793
259985,43878.016,6579.164415652379
259986,43878.016,35740.64172019743
259987,43878.016,38469.10978880083
259988,43878.016,20531.35091652246
259989,43878.016,44557.98867104647
259990,43878.016,46744.57941423712
259991,43878.016,13048.441816442373
259992,43878.016,58795.70067030043
259993,43878.016,59588.63415544353
259994,43878.016,52220.52597664866
259995,43878.016,54306.80687908456
259996,43878.016,27951.329451858055
259997,43878.016,38609.25768785113
259998,43878.016,61793.46364243117
259999,43878.016,10063.879593526373
260000,43878.016,22965.87321753608
260001,43878.016,32421.646946367484
260002,43878.016,16751.028825828813
260003,43878.016,48358.009701385905
260004,43878.016,27461.728174314303
260005,43878.016,9793.897254959644
260006,43878.016,24734.470598609307
260007,43878.016,55460.796823963945
260008,43878.016,10140.210779368557
260009,43878.016,56243.63536381525
260010,43878.016,40823.533510894886
260011,43878.016,23659.098428091598
260012,43878.016,41757.72799932379
260013,43878.016,47434.85854228282
260014,43878.016,9939.530802399777
260015,43878.016,50243.62644241857
260016,43878.016,20209.69190515252
260017,43878.016,41684.600709466555
260018,43878.016,38357.57105972689
260019,43878.016,25990.6925195209
260020,43878.016,33160.57520158809
260021,43878.016,29379.692809632586
260022,43878.016,9232.831452681425
260023,43878.016,14517.010758216851
260024,43878.016,14510.069214106703
260025,43878.016,31691.87211527526
260026,43878.016,13544.459642257882
260027,43878.016,44022.95306149658
260028,43878.016,73411.81404516638
260029,43878.016,38441.82319580631
260030,43878.016,43051.28899021951
260031,43878.016,46175.475235358615
260032,43878.016,20502.888149207243
260033,43878.016,27382.092797200698
260034,43878.016,31318.911962898193
260035,43878.016,7485.105785744886
260036,43878.016,13410.183094365551
260037,43878.016,38793.79647309333
260038,43878.016,43110.84659620931
260039,43878.016,66600.83883768655
260040,43878.016,7099.681078250717
260041,43878.016,26547.368530382453
260042,43878.016,59065.98825363858
260043,43878.016,19798.96422877773
260044,43878.016,50424.22184463446
260045,43878.016,81684.81576322134
260046,43878.016,85520.1327548015
260047,43878.016,64235.009587859764
260048,43878.016,52386.796473738796
260049,43878.016,44838.43113570918
260050,43878.016,25930.925968385214
260051,43878.016,19404.911312699893
260052,43878.016,15241.16051242122
260053,43878.016,38519.69508277283
260054,43878.016,10759.505819704818
260055,43878.016,37901.591874824175
260056,43878.016,25718.95799856894
260057,43878.016,55998.333545657
260058,43878.016,24973.75097345285
260059,43878.016,44381.49727787122
260060,43878.016,14413.46405569056
260061,43878.016,61844.963155696154
260062,43878.016,14445.551089758697
260063,43878.016,37916.81717400781
260064,43878.016,66666.15246326874
260065,43878.016,9599.747838995097
260066,43878.016,44825.854628258254
260067,43878.016,10039.767081554946
260068,43878.016,35379.24778880044
260069,43878.016,21686.427888516653
260070,43878.016,8076.384471174563
260071,43878.016,65737.38108549961
260072,43878.016,45067.03952441933
260073,43878.016,10100.152487613157
260074,43878.016,12487.100359979788
260075,43878.016,51811.72376796559
260076,43878.016,41195.773403452855
260077,43878.016,7399.695213026097
260078,43878.016,43790.58985217464
260079,43878.016,47672.106036638535
260080,43878.016,22485.825784971235
260081,43878.016,65755.52431023221
260082,43878.016,54047.66055312716
260083,43878.016,64996.998842072026
260084,43878.016,12242.556394265011
260085,43878.016,32952.95107563733
260086,43878.016,43239.410079021814
260087,43878.016,38086.74195211877
260088,43878.016,53341.107091110614
260089,43878.016,54433.58160618184
260090,43878.016,5782.447990057496
260091,43878.016,31556.298630950096
260092,43878.016,15661.073456314947
260093,43878.016,48738.400183633465
260094,43878.016,42324.42022036492
260095,43878.016,22149.141059757952
260096,43878.016,52832.9458870435
260097,43878.016,45505.44248579061
260098,43878.016,64958.279786689534
260099,43878.016,12084.135144953652
260100,43878.016,53826.84932059012
260101,43878.016,14724.293574573527
260102,43878.016,63260.02036644822
260103,43878.016,86621.4495765318
260104,43878.016,20781.14512309742
260105,43878.016,17898.978779673136
260106,43878.016,15481.304675224688
260107,43878.016,32378.618245413396
260108,43878.016,109169.14811005467
260109,43878.016,24794.18636196682
260110,43878.016,51739.13231413504
260111,43878.016,6863.755719792995
260112,43878.016,78761.57808711058
260113,43878.016,34444.15565647728
260114,43878.016,22464.448464684683
260115,43878.016,27768.390418789906
260116,43878.016,12086.455162640861
260117,43878.016,10748.46959733337
260118,43878.016,43219.78016260741
260119,43878.016,59028.5312186077
260120,43878.016,19098.636081463508
260121,43878.016,11956.087502270988
260122,43878.016,59852.75140367649
260123,43878.016,31220.95038669232
260124,43878.016,21189.470993903855
260125,43878.016,17169.85411777935
260126,43878.016,11548.549898249737
260127,43878.016,66826.93123729777
260128,43878.016,10348.2125260097
260129,43878.016,39310.75938546643
260130,43878.016,58684.03505450958
260131,43878.016,71973.83213481314
260132,43878.016,57288.12047405917
260133,43878.016,9124.581292393917
260134,43878.016,39421.449135057526
260135,43878.016,47936.309890288
260136,43878.016,26075.17209572109
260137,43878.016,16394.54442300862
260138,43878.016,17772.635983626184
260139,43878.016,42719.88008459559
260140,43878.016,59131.637971913864
260141,43878.016,57612.34666269925
260142,43878.016,17291.21859951232
260143,43878.016,45918.313992271556
260144,43878.016,48039.77529316269
260145,43878.016,13239.913364081654
260146,43878.016,8137.994952213559
260147,43878.016,38759.20400641619
260148,43878.016,23286.23930581777
260149,43878.016,40166.15776057356
260150,43878.016,23609.581779542827
260151,43878.016,13269.009107229109
260152,43878.016,62758.88145812495
260153,43878.016,51714.84706425223
260154,43878.016,12877.41288786982
260155,43878.016,51363.71216310025
260156,43878.016,55531.46857564642
260157,43878.016,47099.2155087975
260158,43878.016,32584.787583890884
260159,43878.016,7271.687826852458
260160,43878.016,39826.997721345964
260161,43878.016,52306.269166633196
260162,43878.016,10335.992624482762
260163,43878.016,18451.37153664551
260164,43878.016,41951.89076679024
260165,43878.016,10180.47027532737
260166,43878.016,21796.970483966874
260167,43878.016,18533.839521565264
260168,43878.016,41870.681787570094
260169,43878.016,53806.04504834382
260170,43878.016,67445.14865855241
260171,43878.016,18985.777360161635
260172,43878.016,30838.547022525934
260173,43878.016,29142.684378396334
260174,43878.016,8473.543065080457
260175,43878.016,29089.658844136913
260176,43878.016,35474.55710182147
260177,43878.016,18370.998730274856
260178,43878.016,14394.49671798259
260179,43878.016,16906.29966660565
260180,43878.016,60543.68470245086
260181,43878.016,23723.102808553565
260182,43878.016,20212.912842528604
260183,43878.016,57450.66322617262
260184,43878.016,9063.065848720398
260185,43878.016,16020.371465509932
260186,43878.016,47561.75769548516
260187,43878.016,35582.956580319165
260188,43878.016,12386.842934099684
260189,43878.016,18639.319603324737
260190,43878.016,38992.04751347259
260191,43878.016,46002.87950801871
260192,43878.016,29326.952273728544
260193,43878.016,72508.22569877785
260194,43878.016,38767.83730154749
260195,43878.016,22839.97676665603
260196,43878.016,55369.29184372892
260197,43878.016,27238.934147254924
260198,43878.016,19284.735739712556
260199,43878.016,20870.26821028256
260200,43878.016,46406.24417794452
260201,43878.016,34042.51804013128
260202,43878.016,61243.56586384321
260203,43878.016,25648.21340392922
260204,43878.016,48707.54150820375
260205,43878.016,55079.296831416825
260206,43878.016,20709.507111942476
260207,43878.016,29156.073837490258
260208,43878.016,21185.163528299807
260209,43878.016,64279.094634953166
260210,43878.016,12801.39899609301
260211,43878.016,46205.833071990644
260212,43878.016,47333.45459476244
260213,43878.016,38101.44966736723
260214,43878.016,29713.61408260426
260215,43878.016,71789.19029405623
260216,43878.016,70218.5219960395
260217,43878.016,62870.559789194485
260218,43878.016,48233.01736555079
260219,43878.016,10440.763474748208
260220,43878.016,7742.6298484324025
260221,43878.016,15098.663635913888
260222,43878.016,20822.076643555392
260223,43878.016,16682.2037834395
260224,43878.016,6215.974593648109
260225,43878.016,58799.59808989623
260226,43878.016,52706.97252105947
260227,43878.016,11186.20651868439
260228,43878.016,48337.584998477294
260229,43878.016,44494.070202968476
260230,43878.016,17897.368834294623
260231,43878.016,47843.828609667224
260232,43878.016,25650.231784629705
260233,43878.016,77279.29913586799
260234,43878.016,43031.4248340194
260235,43878.016,26652.085477420875
260236,43878.016,25078.35673251108
260237,43878.016,21658.098178761586
260238,43878.016,86148.71593119888
260239,43878.016,42629.53202789487
260240,43878.016,11245.454350317726
260241,43878.016,16041.522056586706
260242,43878.016,28363.64579443776
260243,43878.016,48050.52052905762
260244,43878.016,18131.090964921794
260245,43878.016,38722.02437859431
260246,43878.016,35034.22714552195
260247,43878.016,10342.987588487777
260248,43878.016,27975.645936775665
260249,43878.016,54488.76286562986
260250,43878.016,44083.60545645982
260251,43878.016,25529.015685163886
260252,43878.016,32065.36942663992
260253,43878.016,29709.94302844861
260254,43878.016,41374.650675016666
260255,43878.016,12608.2296781409
260256,43878.016,5488.99757707832
260257,43878.016,48671.00460916093
260258,43878.016,12987.570847728974
260259,43878.016,11195.757884534392
260260,43878.016,47403.31241904221
260261,43878.016,31791.867394766563
260262,43878.016,77878.92854077047
260263,43878.016,15348.754528487125
260264,43878.016,13767.566899260088
260265,43878.016,27508.26319745594
260266,43878.016,41710.33286269104
260267,43878.016,21483.925562246517
260268,43878.016,12246.325269002491
260269,43878.016,44883.61653294072
260270,43878.016,24100.02636197786
260271,43878.016,19130.592943425076
260272,43878.016,60202.39324757913
260273,43878.016,42675.34099084315
260274,43878.016,67352.9553758888
260275,43878.016,39377.89548528548
260276,43878.016,26159.618149264774
260277,43878.016,21690.820255830695
260278,43878.016,20365.47307271928
260279,43878.016,57275.181561070865
260280,43878.016,21449.03645862993
260281,43878.016,82364.57832787937
260282,43878.016,53494.88483710626
260283,43878.016,45428.487144294595
260284,43878.016,33016.85589880586
260285,43878.016,32725.254872167374
260286,43878.016,20244.034138712283
260287,43878.016,51923.77680246234
260288,43878.016,29642.1415509009
260289,43878.016,16696.84416588479
260290,43878.016,29318.097106276302
260291,43878.016,46226.040104045926
260292,43878.016,33236.612432496244
260293,43878.016,20072.020593941306
260294,43878.016,46753.880424784016
260295,43878.016,28714.683598408188
260296,43878.016,5696.246585437569
260297,43878.016,25515.364354352925
260298,43878.016,15036.815052650256
260299,43878.016,29175.720375696455
260300,43878.016,19005.28357304905
260301,43878.016,32993.88574115182
260302,43878.016,61019.48773809857
260303,43878.016,32074.81106430728
260304,43878.016,31031.733005197184
260305,43878.016,34229.931463174056
260306,43878.016,29268.57442711851
260307,43878.016,42650.67796352259
260308,43878.016,17722.17987711303
260309,43878.016,55197.17103010667
260310,43878.016,8038.239615606384
260311,43878.016,46094.65990724503
260312,43878.016,28857.369235612103
260313,43878.016,49812.91866720784
260314,43878.016,39325.78863552628
260315,43878.016,18037.723263417105
260316,43878.016,21296.035587090682
260317,43878.016,51633.94350966892
260318,43878.016,13626.865759031249
260319,43878.016,43938.483609951465
260320,43878.016,24101.822294033336
260321,43878.016,16152.84471316419
260322,43878.016,49975.63088672195
260323,43878.016,21496.3227602599
260324,43878.016,8925.539486969306
260325,43878.016,73207.13944457394
260326,43878.016,30999.90097204305
260327,43878.016,35160.42764936915
260328,43878.016,42809.41569157674
260329,43878.016,36502.04768137424
260330,43878.016,52416.43823275811
260331,43878.016,36484.319784367515
260332,43878.016,34323.86454077737
260333,43878.016,20781.762799750777
260334,43878.016,27329.96803069023
260335,43878.016,22557.44097163793
260336,43878.016,52237.395664002215
260337,43878.016,14677.93210150282
260338,43878.016,8090.424947236286
260339,43878.016,61563.59068580401
260340,43878.016,19065.705260419847
260341,43878.016,32357.972055796545
260342,43878.016,55219.99869827761
260343,43878.016,61161.66905760737
260344,43878.016,52344.50869638107
260345,43878.016,44125.86296471818
260346,43878.016,54823.81065975222
260347,43878.016,25211.363744277827
260348,43878.016,21731.030584266755
260349,43878.016,14049.523540926624
260350,43878.016,7833.070820781517
260351,43878.016,25625.100572500985
260352,43878.016,31564.234074202945
260353,43878.016,11890.084426261257
260354,43878.016,23062.63649810811
260355,43878.016,50546.13380385216
260356,43878.016,19718.247281740227
260357,43878.016,13540.90236610566
260358,43878.016,3702.754260118498
260359,43878.016,28639.214404760784
260360,43878.016,9384.660093442712
260361,43878.016,28651.21005258757
260362,43878.016,29989.627263943246
260363,43878.016,26027.61975271908
260364,43878.016,56289.8457323169
260365,43878.016,55137.39994434233
260366,43878.016,38384.29368589228
260367,43878.016,37620.61326403254
260368,43878.016,43973.86477448716
260369,43878.016,27656.169393294247
260370,43878.016,66674.39676077061
260371,43878.016,43886.5358137555
260372,43878.016,23313.239800022486
260373,43878.016,66365.16566426007
260374,43878.016,63574.09352576265
260375,43878.016,13719.355442377246
260376,43878.016,9911.38622830874
260377,43878.016,71539.5084314399
260378,43878.016,27289.378971571135
260379,43878.016,15473.406405478514
260380,43878.016,39617.628995180356
260381,43878.016,48121.92468397313
260382,43878.016,54913.39091608051
260383,43878.016,44991.69156181652
260384,43878.016,46281.16903389695
260385,43878.016,58822.34810724143
260386,43878.016,21704.68928808477
260387,43878.016,9388.280993661765
260388,43878.016,23484.980093579354
260389,43878.016,13303.726246525843
260390,43878.016,7770.758152430155
260391,43878.016,11326.311733885257
260392,43878.016,44652.469321631106
260393,43878.016,18517.257727583532
260394,43878.016,45588.04918980628
260395,43878.016,18314.50013153666
260396,43878.016,49937.978153745986
260397,43878.016,21157.023708654524
260398,43878.016,48816.55021827296
260399,43878.016,48624.94250379609
260400,43878.016,71076.20582037998
260401,43878.016,17200.192471806393
260402,43878.016,61036.376912969994
260403,43878.016,19869.539502065098
260404,43878.016,13594.621270226009
260405,43878.016,14389.93329107946
260406,43878.016,27667.78363473
260407,43878.016,14039.234448294465
260408,43878.016,10647.106658959485
260409,43878.016,50735.10127004304
260410,43878.016,57261.93095239196
260411,43878.016,59128.98461015945
260412,43878.016,41119.984388637844
260413,43878.016,10920.84296956306
260414,43878.016,31251.59092059837
260415,43878.016,61000.994910362824
260416,43878.016,46426.85966317427
260417,43878.016,38913.428683062215
260418,43878.016,57712.444766852685
260419,43878.016,28420.572001831155
260420,43878.016,17072.233021687152
260421,43878.016,26947.394671602655
260422,43878.016,45896.21874683317
260423,43878.016,27516.254609232798
260424,43878.016,43154.68778559165
260425,43878.016,13822.50795513307
260426,43878.016,43140.94031755349
260427,43878.016,12209.026747835207
260428,43878.016,15694.566951426217
260429,43878.016,24345.49005160179
260430,43878.016,43124.23856419512
260431,43878.016,24424.7584948993
260432,43878.016,48466.684684623644
260433,43878.016,27530.51110478253
260434,43878.016,46001.149782258326
260435,43878.016,12155.313157860313
260436,43878.016,45342.5857709482
260437,43878.016,44690.090402289665
260438,43878.016,42980.339920329185
260439,43878.016,10089.95275648013
260440,43878.016,28792.738364875004
260441,43878.016,29544.299267337596
260442,43878.016,93247.1887979128
260443,43878.016,29302.922146643275
260444,43878.016,33944.96308900638
260445,43878.016,12317.232531069625
260446,43878.016,53792.24320639449
260447,43878.016,8102.658160662934
260448,43878.016,51959.172981024065
260449,43878.016,17108.220696606375
260450,43878.016,13771.34493426666
260451,43878.016,61892.41050074738
260452,43878.016,38110.600350680346
260453,43878.016,36912.56945572264
260454,43878.016,64189.75606313915
260455,43878.016,42436.52117700084
260456,43878.016,27584.538216007837
260457,43878.016,6567.210913699789
260458,43878.016,62747.31007151114
260459,43878.016,11492.297640428103
260460,43878.016,24314.606111940528
260461,43878.016,35575.57714022632
260462,43878.016,22433.225012297953
260463,43878.016,7232.235211731067
260464,43878.016,9288.134771419356
260465,43878.016,43393.47681150225
260466,43878.016,59303.92001549112
260467,43878.016,73330.69522813354
260468,43878.016,11794.885669249526
260469,43878.016,12117.371588773147
260470,43878.016,19441.28296607038
260471,43878.016,39538.569471791685
260472,43878.016,61870.01354792218
260473,43878.016,8654.375145356573
260474,43878.016,16346.446607747595
260475,43878.016,74248.97937898198
260476,43878.016,20629.271947336005
260477,43878.016,54678.9094121649
260478,43878.016,48456.75212250957
260479,43878.016,24430.434535294822
260480,43878.016,13529.477791632024
260481,43878.016,33913.479433547174
260482,43878.016,57618.4155776172
260483,43878.016,81169.27944886294
260484,43878.016,16338.891651772894
260485,43878.016,33403.58248998073
260486,43878.016,28611.16202408073
260487,43878.016,11617.76139102937
260488,43878.016,26118.35134780834
260489,43878.016,32415.416387796486
260490,43878.016,35682.91273880099
260491,43878.016,69802.02485976442
260492,43878.016,26341.84195525857
260493,43878.016,53988.64285880368
260494,43878.016,58156.173067617434
260495,43878.016,50686.81487982473
260496,43878.016,15495.637280725137
260497,43878.016,35573.62389169704
260498,43878.016,20606.26920083805
260499,43878.016,22809.482247704927
260500,43878.016,61277.90832052611
260501,43878.016,30357.009819296592
260502,43878.016,48658.14774143113
260503,43878.016,45120.44287848667
260504,43878.016,10295.8043722574
260505,43878.016,15917.214325868801
260506,43878.016,64396.57362597526
260507,43878.016,12002.495812956722
260508,43878.016,21594.091753576417
260509,43878.016,23883.6533370923
260510,43878.016,15361.27780570702
260511,43878.016,18159.55764427569
260512,43878.016,23698.348840020026
260513,43878.016,41800.04010852852
260514,43878.016,64074.29134068477
260515,43878.016,45796.35934017425
260516,43878.016,20067.82557188226
260517,43878.016,35314.57006656113
260518,43878.016,48640.21745154141
260519,43878.016,26025.362354607874
260520,43878.016,57882.80106109011
260521,43878.016,38876.94337176477
260522,43878.016,57607.66309318029
260523,43878.016,15740.594308652724
260524,43878.016,37009.17070108297
260525,43878.016,36988.80726446802
260526,43878.016,48342.230630385515
260527,43878.016,50710.25944673768
260528,43878.016,68208.77842584427
260529,43878.016,23944.041225921013
260530,43878.016,18973.937626710667
260531,43878.016,14702.499325750458
260532,43878.016,7123.220307330037
260533,43878.016,32636.488235556997
260534,43878.016,11620.74435746066
260535,43878.016,12790.223573085255
260536,43878.016,33379.10218768212
260537,43878.016,17550.787422215406
260538,43878.016,54772.44528151546
260539,43878.016,51327.390471403996
260540,43878.016,27942.38584911355
260541,43878.016,35463.35095218771
260542,43878.016,13325.620027889876
260543,43878.016,54169.9994926792
260544,43878.016,42284.297906247615
260545,43878.016,9151.18123698606
260546,43878.016,36510.87091914963
260547,43878.016,10479.877668964598
260548,43878.016,36779.12915326324
260549,43878.016,25312.698002629575
260550,43878.016,35523.58955864805
260551,43878.016,45730.593455463124
260552,43878.016,48367.19161860447
260553,43878.016,32029.19529851757
260554,43878.016,46347.394547826974
260555,43878.016,31873.218209944018
260556,43878.016,35333.28410048436
260557,43878.016,48465.14078638601
260558,43878.016,43025.02106796122
260559,43878.016,13596.620112347067
260560,43878.016,10968.968610284019
260561,43878.016,24265.28666057774
260562,43878.016,32328.59255842436
260563,43878.016,8359.496851171367
260564,43878.016,8495.366822097792
260565,43878.016,43270.73554397441
260566,43878.016,52804.67827922899
260567,43878.016,57443.824992785645
260568,43878.016,24915.968648609898
260569,43878.016,29553.772343623063
260570,43878.016,56011.50767300142
260571,43878.016,29442.135451769624
260572,43878.016,56149.89462790252
260573,43878.016,7328.455365428932
260574,43878.016,45710.51945792053
260575,43878.016,50188.488426806005
260576,43878.016,40915.08871398265
260577,43878.016,56833.59537642026
260578,43878.016,11289.276883947628
260579,43878.016,18336.363001151636
260580,43878.016,8908.490156051934
260581,43878.016,38576.338623622134
260582,43878.016,43709.97300104556
260583,43878.016,60228.39222126066
260584,43878.016,29421.838709369924
260585,43878.016,40410.1286753329
260586,43878.016,33491.67986264468
260587,43878.016,8036.326087055262
260588,43878.016,47482.05441824541
260589,43878.016,55851.376954640466
260590,43878.016,59295.945045395085
260591,43878.016,20270.138464938704
260592,43878.016,59145.3605200793
260593,43878.016,27388.93798932657
260594,43878.016,42531.28927917915
260595,43878.016,17308.106818172353
260596,43878.016,16960.2411774307
260597,43878.016,13557.493098443787
260598,43878.016,5635.172595433245
260599,43878.016,9215.412028000108
260600,43878.016,50209.93074588996
260601,43878.016,45728.18724330437
260602,43878.016,26596.067650765275
260603,43878.016,32624.050367405685
260604,43878.016,11279.590111036581
260605,43878.016,40012.231145372505
260606,43878.016,26949.66043697907
260607,43878.016,3039.545382117033
260608,43878.016,55246.47658005472
260609,43878.016,20774.538689511497
260610,43878.016,43771.29850339833
260611,43878.016,58179.59730491631
260612,43878.016,26873.69506206456
260613,43878.016,46742.91724981644
260614,43878.016,5765.51859051329
260615,43878.016,62552.92136876142
260616,43878.016,18227.6959334948
260617,43878.016,4517.312325552411
260618,43878.016,22543.15869992766
260619,43878.016,9686.507798303854
260620,43878.016,54575.26793340186
260621,43878.016,23249.639109988388
260622,43878.016,55817.963417858606
260623,43878.016,23319.99755284607
260624,43878.016,44055.132889628156
260625,43878.016,69818.55667420679
260626,43878.016,24881.06108889615
260627,43878.016,54970.64584220497
260628,43878.016,30922.168321606743
260629,43878.016,49540.326131046335
260630,43878.016,47487.40080539109
260631,43878.016,15747.397930111083
260632,43878.016,56512.69377833188
260633,43878.016,68633.25023033787
260634,43878.016,47361.009696524605
260635,43878.016,32426.71676682453
260636,43878.016,20347.33861540861
260637,43878.016,11942.387994541496
260638,43878.016,10647.708838216557
260639,43878.016,43233.133306745076
260640,43878.016,81423.81705737888
260641,43878.016,18061.623156307993
260642,43878.016,29788.30324352813
260643,43878.016,11530.251234790765
260644,43878.016,47404.46518765094
260645,43878.016,52614.30423866216
260646,43878.016,22962.85875093065
260647,43878.016,64971.69638385038
260648,43878.016,14598.236321551181
260649,43878.016,57629.431923589
260650,43878.016,52054.41940322915
260651,43878.016,29991.416027540978
260652,43878.016,35730.09412333352
260653,43878.016,16212.654803195233
260654,43878.016,52681.60215822933
260655,43878.016,45563.8812560624
260656,43878.016,49572.31477321142
260657,43878.016,51751.1839211921
260658,43878.016,23385.266098653075
260659,43878.016,11201.545523490708
260660,43878.016,49696.01306331202
260661,43878.016,57072.499326652665
260662,43878.016,75131.39259389942
260663,43878.016,14364.957894919928
260664,43878.016,24926.178331477673
260665,43878.016,14785.06547092289
260666,43878.016,20289.347452535436
260667,43878.016,43392.70436617725
260668,43878.016,32007.36949277343
260669,43878.016,5557.943818806693
260670,43878.016,45272.0874280915
260671,43878.016,49018.97761416224
260672,43878.016,12475.502112414311
260673,43878.016,41667.35049354254
260674,43878.016,28156.216887582163
260675,43878.016,53369.20535201015
260676,43878.016,43790.96419938811
260677,43878.016,69459.33468112726
260678,43878.016,32915.802084036884
260679,43878.016,13631.71752330499
260680,43878.016,31773.343056982147
260681,43878.016,37002.95324837025
260682,43878.016,9037.60038965984
260683,43878.016,55820.69208413792
260684,43878.016,10960.521130283418
260685,43878.016,17377.61771446664
260686,43878.016,20443.079825466328
260687,43878.016,52643.169523519166
260688,43878.016,69526.48984714918
260689,43878.016,55925.50344184342
260690,43878.016,53914.140167756654
260691,43878.016,39145.695869491305
260692,43878.016,22666.4878135172
260693,43878.016,19486.481227553493
260694,43878.016,24596.54218245465
260695,43878.016,37943.29824132495
260696,43878.016,8364.942973602614
260697,43878.016,10800.251004532296
260698,43878.016,25003.604575887035
260699,43878.016,40851.87180518345
260700,43878.016,41246.38118188481
260701,43878.016,39126.89571659825
260702,43878.016,11371.866535094945
260703,43878.016,10205.497489064
260704,43878.016,56623.76618528457
260705,43878.016,57907.542102375024
260706,43878.016,58415.36576388867
260707,43878.016,66892.61455934086
260708,43878.016,27445.588776909306
260709,43878.016,64127.72978066848
260710,43878.016,41168.70389946087
260711,43878.016,44127.07607634471
260712,43878.016,14369.026318948057
260713,43878.016,21726.363279655223
260714,43878.016,42169.069568347906
260715,43878.016,37563.33539611642
260716,43878.016,67525.79469584144
260717,43878.016,22641.85795239946
260718,43878.016,19706.860886925944
260719,43878.016,27826.372670687815
260720,43878.016,47991.52090712671
260721,43878.016,32592.45473331427
260722,43878.016,18983.089113741797
260723,43878.016,4906.1054994548895
260724,43878.016,51719.68362102798
260725,43878.016,21034.285152059158
260726,43878.016,55005.600292181305
260727,43878.016,27994.840430721062
260728,43878.016,46904.00146502208
260729,43878.016,16710.433546550943
260730,43878.016,60594.68907803545
260731,43878.016,11259.167468863623
260732,43878.016,37184.153529873525
260733,43878.016,35737.19084148501
260734,43878.016,18154.22619062538
260735,43878.016,7704.036264570599
260736,43878.016,27102.69055243503
260737,43878.016,21089.567744862383
260738,43878.016,23128.82691406099
260739,43878.016,28541.222946475074
260740,43878.016,9459.717860912104
260741,43878.016,32975.94904210841
260742,43878.016,21976.504863780025
260743,43878.016,13124.557938254266
260744,43878.016,9950.647521697792
260745,43878.016,9530.798187789342
260746,43878.016,33769.8402990398
260747,43878.016,53799.138546823706
260748,43878.016,32287.33212974667
260749,43878.016,57896.252178724775
260750,43878.016,21954.23278680583
260751,43878.016,51923.6522026561
260752,43878.016,43819.640336678734
260753,43878.016,27097.583927739717
260754,43878.016,35884.02403618001
260755,43878.016,44010.42606928612
260756,43878.016,11292.259319882432
260757,43878.016,22307.8140751613
260758,43878.016,22483.53889679312
260759,43878.016,51682.276957028356
260760,43878.016,58831.25406892048
260761,43878.016,38676.27313998976
260762,43878.016,16441.365636285584
260763,43878.016,14181.34327868115
260764,43878.016,38225.71994652598
260765,43878.016,24863.63862288402
260766,43878.016,70318.3577958698
260767,43878.016,54010.24439727765
260768,43878.016,17307.51635650368
260769,43878.016,28144.776983475767
260770,43878.016,41755.00459250292
260771,43878.016,9222.196064180867
260772,43878.016,20806.768476378584
260773,43878.016,62890.510804158264
260774,43878.016,63133.03430858236
260775,43878.016,66182.17586229411
260776,43878.016,30688.625129359163
260777,43878.016,9501.884747072754
260778,43878.016,24361.763080097957
260779,43878.016,10380.654383885665
260780,43878.016,51206.154569345184
260781,43878.016,55772.05209092743
260782,43878.016,27135.248353546693
260783,43878.016,40076.76284210869
260784,43878.016,11260.977216997413
260785,43878.016,13625.318843140843
260786,43878.016,44848.23893271244
260787,43878.016,16259.409968529091
260788,43878.016,18488.356335623357
260789,43878.016,32830.94017608926
260790,43878.016,14919.96033549832
260791,43878.016,20463.487466830084
260792,43878.016,38211.19092054376
260793,43878.016,45354.34560892731
260794,43878.016,20442.258547795816
260795,43878.016,37655.16437577073
260796,43878.016,8526.509325670879
260797,43878.016,45290.99739895749
260798,43878.016,16189.60819193041
260799,43878.016,32422.339475846315
260800,43878.016,55534.84946093406
260801,43878.016,31696.00442133072
260802,43878.016,26843.98896202466
260803,43878.016,55242.78297124291
260804,43878.016,57991.79574917906
260805,43878.016,54955.49574225163
260806,43878.016,14867.270614279656
260807,43878.016,6675.955980153041
260808,43878.016,47651.555725290884
260809,43878.016,22911.73229180921
260810,43878.016,16747.9855405941
260811,43878.016,9920.85223308755
260812,43878.016,9884.733709839797
260813,43878.016,23805.94544472558
260814,43878.016,50170.7785403267
260815,43878.016,43307.84940963831
260816,43878.016,39767.427133898396
260817,43878.016,10397.972838268297
260818,43878.016,12607.760550889709
260819,43878.016,19721.341946064393
260820,43878.016,22632.39545423955
260821,43878.016,39695.23161740257
260822,43878.016,46279.140635605145
260823,43878.016,32676.565314545067
260824,43878.016,50906.59406173989
260825,43878.016,33400.31716898015
260826,43878.016,13086.341909591863
260827,43878.016,13220.470597352594
260828,43878.016,51651.40654109873
260829,43878.016,29701.14580032576
260830,43878.016,49425.23111157819
260831,43878.016,35053.32169467072
260832,43878.016,22169.77529717795
260833,43878.016,17220.156729926955
260834,43878.016,15090.749102073267
260835,43878.016,17675.185990377802
260836,43878.016,18179.2036689507
260837,43878.016,57805.530526596696
260838,43878.016,53964.70170393118
260839,43878.016,68562.00561447552
260840,43878.016,60391.73061546711
260841,43878.016,41028.667223769444
260842,43878.016,56859.64631705354
260843,43878.016,7300.442369717107
260844,43878.016,55326.263446621146
260845,43878.016,60830.314712809864
260846,43878.016,23132.18661154372
260847,43878.016,55259.48811733225
260848,43878.016,26008.687716218876
260849,43878.016,30058.008649608775
260850,43878.016,59566.592022130855
260851,43878.016,40313.00564929203
260852,43878.016,44951.63921627685
260853,43878.016,12123.795341219842
260854,43878.016,30413.59281781567
260855,43878.016,10382.92289197059
260856,43878.016,50387.45658627034
260857,43878.016,66287.95099253075
260858,43878.016,61496.733094855714
260859,43878.016,34302.14532032813
260860,43878.016,50457.25754151118
260861,43878.016,53401.287607045466
260862,43878.016,33614.397499417406
260863,43878.016,33589.11483967783
260864,43878.016,16696.132040443972
260865,43878.016,53240.71769935823
260866,43878.016,10807.668814400784
260867,43878.016,9085.501586736316
260868,43878.016,26816.152199374847
260869,43878.016,19099.182175227863
260870,43878.016,33367.238765201386
260871,43878.016,19412.452550490565
260872,43878.016,35481.09743463469
260873,43878.016,45088.44095824614
260874,43878.016,56106.917878652755
260875,43878.016,75607.7407351708
260876,43878.016,23402.233699540928
260877,43878.016,52759.694283326455
260878,43878.016,32482.417302702263
260879,43878.016,15612.51150564295
260880,43878.016,16247.25303399538
260881,43878.016,26933.054477242345
260882,43878.016,68041.54603989342
260883,43878.016,24666.303839866323
260884,43878.016,23088.288120834593
260885,43878.016,44214.94150155667
260886,43878.016,31245.045922879195
260887,43878.016,59302.49847700223
260888,43878.016,44804.05040550253
260889,43878.016,52681.04926052721
260890,43878.016,51166.83498479139
260891,43878.016,24929.321382257345
260892,43878.016,27072.53938488699
260893,43878.016,50490.26144826306
260894,43878.016,23833.366920698438
260895,43878.016,46240.36042907907
260896,43878.016,38825.89529089841
260897,43878.016,33330.149950563515
260898,43878.016,8641.107946392598
260899,43878.016,7325.188193583534
260900,43878.016,29782.253564383707
260901,43878.016,51563.94628525252
260902,43878.016,40940.15258563025
260903,43878.016,23527.912062618427
260904,43878.016,40000.694704881615
260905,43878.016,14927.194992308234
260906,43878.016,22153.11443166356
260907,43878.016,35678.52837168795
260908,43878.016,7035.586241567338
260909,43878.016,75548.81377339491
260910,43878.016,40447.369827421186
260911,43878.016,19519.763429915736
260912,43878.016,53738.00070445206
260913,43878.016,36028.4507673607
260914,43878.016,60977.30713533382
260915,43878.016,69830.78488233469
260916,43878.016,6349.739649106732
260917,43878.016,42679.56633139372
260918,43878.016,23200.757687196423
260919,43878.016,41125.53887166969
260920,43878.016,29377.33098755133
260921,43878.016,13690.26631493326
260922,43878.016,26020.10664671195
260923,43878.016,46585.79976742363
260924,43878.016,37200.15457026292
260925,43878.016,20288.963745478428
260926,43878.016,21386.306936350265
260927,43878.016,74516.94684984793
260928,43878.016,48771.80145611076
260929,43878.016,48238.55189065998
260930,43878.016,14974.07843438572
260931,43878.016,41918.10116414248
260932,43878.016,8667.218143444326
260933,43878.016,28273.213956568638
260934,43878.016,71962.76275708193
260935,43878.016,12719.918791888953
260936,43878.016,21328.426136646864
260937,43878.016,9220.310141960308
260938,43878.016,6933.982246916841
260939,43878.016,50242.32707734107
260940,43878.016,52906.46126700918
260941,43878.016,35447.23106986548
260942,43878.016,70981.08240867779
260943,43878.016,78556.5430624143
260944,43878.016,30409.115045656003
260945,43878.016,51285.678893229626
260946,43878.016,51133.88295688698
260947,43878.016,45480.43771913517
260948,43878.016,17723.703245724726
260949,43878.016,80132.80711690415
260950,43878.016,52515.99673946357
260951,43878.016,40640.98485634352
260952,43878.016,41224.070094333845
260953,43878.016,38709.47411107853
260954,43878.016,21153.364210375083
260955,43878.016,12906.079886994752
260956,43878.016,51176.44058475914
260957,43878.016,20644.77606769325
260958,43878.016,23530.22274581924
260959,43878.016,19624.143599269693
260960,43878.016,6376.257282727885
260961,43878.016,67180.74942655883
260962,43878.016,23140.116210942837
260963,43878.016,44704.48585342253
260964,43878.016,38323.96112119086
260965,43878.016,47297.421198288284
260966,43878.016,48819.04392535281
260967,43878.016,35050.89014764172
260968,43878.016,76188.64616089432
260969,43878.016,47758.43537178172
260970,43878.016,9559.054234533858
260971,43878.016,41457.91309767189
260972,43878.016,18952.124733152912
260973,43878.016,20794.787598388135
260974,43878.016,54853.95021525226
260975,43878.016,28266.955923658188
260976,43878.016,69573.33060690595
260977,43878.016,34497.52034195485
260978,43878.016,61047.09989023303
260979,43878.016,54938.710572681695
260980,43878.016,25288.617510423814
260981,43878.016,53942.86551265278
260982,43878.016,7551.155094356505
260983,43878.016,19173.645424940914
260984,43878.016,19127.106062364415
260985,43878.016,18424.77770122504
260986,43878.016,54932.50305197466
260987,43878.016,53086.48194640462
260988,43878.016,7288.552701290625
260989,43878.016,54694.92917880456
260990,43878.016,39750.0669897524
260991,43878.016,20271.01039591988
260992,43878.016,59720.15512561562
260993,43878.016,18511.252806384244
260994,43878.016,39417.4037718401
260995,43878.016,47328.01206362376
260996,43878.016,17214.48344746273
260997,43878.016,9890.923519169937
260998,43878.016,57210.40301275216
260999,43878.016,35628.845325579394
261000,43878.016,78335.39094780649
261001,43878.016,11744.49091866598
261002,43878.016,12188.179601690817
261003,43878.016,23114.945790858976
261004,43878.016,23601.0678174649
261005,43878.016,12896.67025852553
261006,43878.016,42737.28541977242
261007,43878.016,14603.267792338234
261008,43878.016,40883.5051249682
261009,43878.016,34976.22328000013
261010,43878.016,21036.45235947902
261011,43878.016,37659.401563389845
261012,43878.016,50817.69532561612
261013,43878.016,9540.218329383857
261014,43878.016,52807.05135904495
261015,43878.016,51165.71924328217
261016,43878.016,25001.856316214216
261017,43878.016,32021.476098897856
261018,43878.016,16857.552107904354
261019,43878.016,8959.999326841771
261020,43878.016,28346.5277076768
261021,43878.016,49148.6967989904
261022,43878.016,8959.861627612036
261023,43878.016,48054.38349429439
261024,43878.016,36622.71498791276
261025,43878.016,10174.543866402335
261026,43878.016,56116.49305602788
261027,43878.016,40532.40316994926
261028,43878.016,28237.862453401118
261029,43878.016,6019.341142603742
261030,43878.016,69078.31929756937
261031,43878.016,50647.729426240185
261032,43878.016,31911.20320403905
261033,43878.016,27909.585067112796
261034,43878.016,27738.57010569277
261035,43878.016,48506.50373680257
261036,43878.016,36867.20160040111
261037,43878.016,28262.689186600914
261038,43878.016,19419.250555504652
261039,43878.016,24956.14941371151
261040,43878.016,30797.493888061745
261041,43878.016,22185.383721211645
261042,43878.016,6010.240957984015
261043,43878.016,49183.58970234515
261044,43878.016,17607.375209242506
261045,43878.016,50291.20620837069
261046,43878.016,23932.23941536349
261047,43878.016,17065.751178177703
261048,43878.016,23919.448690383404
261049,43878.016,49010.85390752054
261050,43878.016,30356.177086022384
261051,43878.016,22287.279733321797
261052,43878.016,27324.608304352194
261053,43878.016,21081.496422261815
261054,43878.016,77670.37063004337
261055,43878.016,15424.46196315439
261056,43878.016,26132.827277263354
261057,43878.016,82198.97110415479
261058,43878.016,16635.67349933125
261059,43878.016,14520.62347520348
261060,43878.016,27819.51401520719
261061,43878.016,17254.061307394837
261062,43878.016,8286.411933677062
261063,43878.016,22299.762148212936
261064,43878.016,35118.56451394224
261065,43878.016,14174.096118922558
261066,43878.016,51995.72406105959
261067,43878.016,48827.59869194598
261068,43878.016,77747.35255782171
261069,43878.016,43813.8265322883
261070,43878.016,39505.53120060364
261071,43878.016,37473.11169609073
261072,43878.016,66024.39114917697
261073,43878.016,44882.972157221644
261074,43878.016,20891.733533879982
261075,43878.016,30505.20584052904
261076,43878.016,59557.70490224492
261077,43878.016,28943.74487335294
261078,43878.016,49824.396229463266
261079,43878.016,25752.633175815812
261080,43878.016,47873.012713266966
261081,43878.016,53269.09700357811
261082,43878.016,66964.68027860211
261083,43878.016,26803.332966460755
261084,43878.016,12840.293563730318
261085,43878.016,24113.218202700322
261086,43878.016,27133.94732640976
261087,43878.016,53257.64733280712
261088,43878.016,44302.697946989174
261089,43878.016,9839.40853843622
261090,43878.016,40879.6034803046
261091,43878.016,10474.188089916064
261092,43878.016,31898.43999806212
261093,43878.016,17243.23193683775
261094,43878.016,38999.62138117946
261095,43878.016,23974.57984049364
261096,43878.016,8207.884679963288
261097,43878.016,14076.231462911532
261098,43878.016,36231.910483307074
261099,43878.016,9631.613001795438
261100,43878.016,36590.71705181502
261101,43878.016,74746.89061019341
261102,43878.016,44905.72825501261
261103,43878.016,19192.071349765025
261104,43878.016,55803.730557338175
261105,43878.016,60322.7998160663
261106,43878.016,22507.815936246367
261107,43878.016,51856.4764045307
261108,43878.016,30932.137005673547
261109,43878.016,11141.24148325458
261110,43878.016,33303.987845245014
261111,43878.016,74146.29580271816
261112,43878.016,64182.93687209208
261113,43878.016,28364.416714631654
261114,43878.016,64364.82047144255
261115,43878.016,32438.260159646008
261116,43878.016,10213.197631985311
261117,43878.016,65533.49032338333
261118,43878.016,14379.796329253584
261119,43878.016,55049.50845214098
261120,43878.016,43795.49883181956
261121,43878.016,10436.915653872149
261122,43878.016,49080.18039284532
261123,43878.016,59297.81054780271
261124,43878.016,59277.27865003373
261125,43878.016,36741.394601582666
261126,43878.016,33739.69105591935
261127,43878.016,69299.94317967852
261128,43878.016,17323.95318853345
261129,43878.016,9766.146324832047
261130,43878.016,21722.88667100957
261131,43878.016,37778.09651461123
261132,43878.016,26426.945790392932
261133,43878.016,32343.972655768397
261134,43878.016,36447.608597092745
261135,43878.016,43582.132755113445
261136,43878.016,36514.01771071575
261137,43878.016,37113.15868203269
261138,43878.016,47731.944365928815
261139,43878.016,12640.450280305247
261140,43878.016,18307.399020460674
261141,43878.016,23639.877697469237
261142,43878.016,9502.47870858757
261143,43878.016,59205.43205328074
261144,43878.016,14683.383833663374
261145,43878.016,26984.679932466097
261146,43878.016,18937.275709952137
261147,43878.016,45401.178465518366
261148,43878.016,45158.20909499334
261149,43878.016,17741.80703139747
261150,43878.016,12779.774833531523
261151,43878.016,38950.68651011471
261152,43878.016,53930.002338259554
261153,43878.016,59152.79594157802
261154,43878.016,18107.578377708316
261155,43878.016,65017.41127116541
261156,43878.016,44206.18784719587
261157,43878.016,70637.1698262518
261158,43878.016,53215.37832394656
261159,43878.016,69261.74292695393
261160,43878.016,31549.82326910891
261161,43878.016,6259.013315853395
261162,43878.016,4987.887440957509
261163,43878.016,44453.90706265975
261164,43878.016,28157.48160019843
261165,43878.016,22907.165562986043
261166,43878.016,30125.093105653144
261167,43878.016,23654.642752058757
261168,43878.016,26089.63524740729
261169,43878.016,68799.48189793678
261170,43878.016,45753.65949214506
261171,43878.016,10759.839145606657
261172,43878.016,41172.39626614325
261173,43878.016,27069.078265152722
261174,43878.016,12114.91239360619
261175,43878.016,81248.11302359343
261176,43878.016,25634.464540197398
261177,43878.016,18914.95453655963
261178,43878.016,25142.610137198815
261179,43878.016,32441.48371714426
261180,43878.016,35230.57718762094
261181,43878.016,46221.46544481658
261182,43878.016,17510.472974879136
261183,43878.016,41455.656655888706
261184,43878.016,23183.400370461222
261185,43878.016,38403.426040352104
261186,43878.016,31841.43963272369
261187,43878.016,56610.40593218669
261188,43878.016,35786.17767706195
261189,43878.016,28420.976611862126
261190,43878.016,32812.35078801915
261191,43878.016,21364.79212500525
261192,43878.016,53006.371566710026
261193,43878.016,13695.955574686075
261194,43878.016,57581.57671308929
261195,43878.016,33076.96347642833
261196,43878.016,31250.44310548745
261197,43878.016,38174.656446207904
261198,43878.016,42188.264517222204
261199,43878.016,60591.27219606434
261200,43878.016,24270.055245599324
261201,43878.016,5492.009417751435
261202,43878.016,31059.68197898454
261203,43878.016,34647.969445514296
261204,43878.016,32027.31393756319
261205,43878.016,30854.408129541673
261206,43878.016,49349.49104486891
261207,43878.016,31590.322992416168
261208,43878.016,17786.41731070215
261209,43878.016,9458.544355358234
261210,43878.016,44608.90536477678
261211,43878.016,57681.05582209852
261212,43878.016,21800.977056113716
261213,43878.016,12578.807828883859
261214,43878.016,13238.061078426286
261215,43878.016,15375.844653856087
261216,43878.016,13455.202810556568
261217,43878.016,25374.8512133772
261218,43878.016,8167.936671084322
261219,43878.016,25615.36559625593
261220,43878.016,9705.302301999402
261221,43878.016,22034.887538302755
261222,43878.016,32604.91258554649
261223,43878.016,48949.076179041636
261224,43878.016,55274.219772430006
261225,43878.016,18631.69699384869
261226,43878.016,24166.744978521754
261227,43878.016,20639.784555568982
261228,43878.016,41778.508213544555
261229,43878.016,19862.05380824316
261230,43878.016,74013.12068216562
261231,43878.016,10339.311128219246
261232,43878.016,47103.80980068472
261233,43878.016,31881.818185715856
261234,43878.016,7598.361467709114
261235,43878.016,16413.22849252626
261236,43878.016,46841.10632771638
261237,43878.016,77565.45577264305
261238,43878.016,31631.400970252886
261239,43878.016,44961.12162468728
261240,43878.016,15517.632822645935
261241,43878.016,8457.286906451613
261242,43878.016,64463.68808788363
261243,43878.016,32494.167593845043
261244,43878.016,16428.022393851556
261245,43878.016,10694.497279044066
261246,43878.016,37428.5523843496
261247,43878.016,20337.042881783014
261248,43878.016,29642.56616888105
261249,43878.016,36445.18701682591
261250,43878.016,51064.06876413599
261251,43878.016,25642.44303011719
261252,43878.016,35875.79098453787
261253,43878.016,63646.08681310817
261254,43878.016,13162.05870646024
261255,43878.016,32718.6983023319
261256,43878.016,23594.715370203005
261257,43878.016,19127.636354194416
261258,43878.016,20172.864896613322
261259,43878.016,34537.84972914567
261260,43878.016,39992.50810616408
261261,43878.016,19186.946265623243
261262,43878.016,20686.70645355758
261263,43878.016,34911.23542217676
261264,43878.016,61583.28537028984
261265,43878.016,61686.17208343369
261266,43878.016,10307.376785091392
261267,43878.016,18256.473042867947
261268,43878.016,14249.384798740864
261269,43878.016,26296.93407869156
261270,43878.016,42555.61487226447
261271,43878.016,66079.07386693379
261272,43878.016,24406.231822059613
261273,43878.016,24200.24424389314
261274,43878.016,74855.13828419508
261275,43878.016,7475.878982923232
261276,43878.016,7808.699577407948
261277,43878.016,68643.25436701013
261278,43878.016,16096.919486787841
261279,43878.016,22421.825534491192
261280,43878.016,7451.334398106812
261281,43878.016,13080.504830528267
261282,43878.016,25911.857294868074
261283,43878.016,6047.996704032203
261284,43878.016,47888.86015243152
261285,43878.016,9700.965091340395
261286,43878.016,25304.76805716333
261287,43878.016,49414.75666969602
261288,43878.016,38073.322885087706
261289,43878.016,15243.084934419221
261290,43878.016,41384.342915075125
261291,43878.016,11165.800990167485
261292,43878.016,21727.041206703776
261293,43878.016,24804.713857693903
261294,43878.016,26088.196140463922
261295,43878.016,46064.350879156824
261296,43878.016,20895.688540229472
261297,43878.016,62784.79944754047
261298,43878.016,55161.864643932786
261299,43878.016,59293.2678788132
261300,43878.016,28373.48186451898
261301,43878.016,72449.47512461041
261302,43878.016,13679.847782686289
261303,43878.016,41962.856111629924
261304,43878.016,53583.93172981681
261305,43878.016,44985.4163538126
261306,43878.016,68098.15421964254
261307,43878.016,35789.65978680494
261308,43878.016,42972.35356488402
261309,43878.016,21027.838342699768
261310,43878.016,41648.367299357924
261311,43878.016,49906.99103922344
261312,43878.016,59727.38237388789
261313,43878.016,11102.25887494789
261314,43878.016,37543.57556423052
261315,43878.016,37553.524997369634
261316,43878.016,7581.179564058062
261317,43878.016,8533.93424908422
261318,43878.016,30786.654621903912
261319,43878.016,16457.75608610405
261320,43878.016,53820.71536373066
261321,43878.016,44650.17484078925
261322,43878.016,35756.887771060356
261323,43878.016,35275.9128864032
261324,43878.016,55002.61702628587
261325,43878.016,32911.402976845595
261326,43878.016,20566.741348501302
261327,43878.016,42299.92468405053
261328,43878.016,31601.348248098504
261329,43878.016,37825.003487371185
261330,43878.016,21645.73462433489
261331,43878.016,51081.453835505505
261332,43878.016,28874.355354991894
261333,43878.016,45448.893252810034
261334,43878.016,22381.272598659736
261335,43878.016,15299.415012700349
261336,43878.016,56360.377780926676
261337,43878.016,28267.22540648877
261338,43878.016,42266.47205300429
261339,43878.016,19220.93928167547
261340,43878.016,8964.701126990805
261341,43878.016,65503.59847703243
261342,43878.016,20717.49596857375
261343,43878.016,41006.96156718054
261344,43878.016,28307.02815947905
261345,43878.016,17514.38478463847
261346,43878.016,43356.69968067769
261347,43878.016,25021.68747537693
261348,43878.016,16489.386691978198
261349,43878.016,25985.103490538862
261350,43878.016,44271.13050549094
261351,43878.016,64849.04885128953
261352,43878.016,45599.988941274394
261353,43878.016,18634.87793325515
261354,43878.016,21850.65646486078
261355,43878.016,41403.34134510547
261356,43878.016,18115.789026753566
261357,43878.016,27025.91349720397
261358,43878.016,21717.397251402163
261359,43878.016,35709.85365426046
261360,43878.016,25686.946723009365
261361,43878.016,74641.19235741285
261362,43878.016,17322.58278293501
261363,43878.016,66923.54718007208
261364,43878.016,69164.79105193897
261365,43878.016,18981.91287491153
261366,43878.016,44081.74471004933
261367,43878.016,42294.166429911784
261368,43878.016,57407.46510840666
261369,43878.016,22384.61229724278
261370,43878.016,23951.58217084751
261371,43878.016,7655.440176294779
261372,43878.016,7901.020016312263
261373,43878.016,80883.93460437219
261374,43878.016,31140.742325613817
261375,43878.016,51748.41959209059
261376,43878.016,29168.46432807668
261377,43878.016,63194.60713046689
261378,43878.016,44493.23474608479
261379,43878.016,15455.884459139525
261380,43878.016,58819.64441906739
261381,43878.016,25714.360679979032
261382,43878.016,43530.23234923084
261383,43878.016,36233.40096372759
261384,43878.016,31991.89627732446
261385,43878.016,38388.94820723424
261386,43878.016,48827.523640367384
261387,43878.016,22676.89437488726
261388,43878.016,20684.98994151542
261389,43878.016,24985.716104065763
261390,43878.016,50523.855990646276
261391,43878.016,41961.10219531797
261392,43878.016,39750.72624947817
261393,43878.016,24630.019598105675
261394,43878.016,65344.82285477139
261395,43878.016,11621.176120196798
261396,43878.016,9035.14474432873
261397,43878.016,14848.703188456298
261398,43878.016,46684.80232283427
261399,43878.016,23049.316168736033
261400,43878.016,41627.97933460507
261401,43878.016,51591.207674363985
261402,43878.016,25895.41119066859
261403,43878.016,38272.00774098536
261404,43878.016,46086.94824336363
261405,43878.016,14688.680692945376
261406,43878.016,42780.596741732115
261407,43878.016,50146.96337060633
261408,43878.016,48491.008198249154
261409,43878.016,8008.955943343148
261410,43878.016,60929.815654399856
261411,43878.016,42877.67500914706
261412,43878.016,46412.86586984939
261413,43878.016,43511.90686511597
261414,43878.016,62226.08628874304
261415,43878.016,28407.171649488726
261416,43878.016,33885.83820480262
261417,43878.016,23048.321897131926
261418,43878.016,52955.3307566405
261419,43878.016,36802.92816329676
261420,43878.016,14309.354542421483
261421,43878.016,15453.959386068967
261422,43878.016,50079.751714665064
261423,43878.016,30711.669311407306
261424,43878.016,17056.15083428121
261425,43878.016,40694.074324160625
261426,43878.016,29979.509946741957
261427,43878.016,19961.972042189245
261428,43878.016,59822.57509996834
261429,43878.016,60566.40280263217
261430,43878.016,21990.400801733696
261431,43878.016,14801.32590516065
261432,43878.016,37780.82086710656
261433,43878.016,49786.01324714238
261434,43878.016,33820.839435215705
261435,43878.016,10194.381611284505
261436,43878.016,53711.28062586711
261437,43878.016,53736.922746171236
261438,43878.016,27205.276034283263
261439,43878.016,17575.609212339972
261440,43878.016,21183.906067471435
261441,43878.016,33137.13542399958
261442,43878.016,30143.195286799182
261443,43878.016,116626.80845121441
261444,43878.016,14697.790772418031
261445,43878.016,11533.338336700903
261446,43878.016,50014.44747000108
261447,43878.016,17458.55074572471
261448,43878.016,14487.062331097246
261449,43878.016,17665.59873246693
261450,43878.016,39085.1360340412
261451,43878.016,62231.40871306124
261452,43878.016,32795.73131598721
261453,43878.016,37754.96653615232
261454,43878.016,93752.69866066203
261455,43878.016,18800.20030571892
261456,43878.016,51753.85527453145
261457,43878.016,7911.041466857376
261458,43878.016,44862.542680097395
261459,43878.016,36662.94482523976
261460,43878.016,27143.48701099042
261461,43878.016,69396.4218800135
261462,43878.016,21343.627771905274
261463,43878.016,45130.14132692549
261464,43878.016,44292.25613453967
261465,43878.016,28215.10795122384
261466,43878.016,27667.123210393853
261467,43878.016,28557.52685493095
261468,43878.016,19218.48087283645
261469,43878.016,45973.27691695184
261470,43878.016,32703.675756683468
261471,43878.016,9823.906101032522
261472,43878.016,10884.66227514595
261473,43878.016,43722.80479826765
261474,43878.016,34371.54943127517
261475,43878.016,32713.137279898463
261476,43878.016,35872.67086553009
261477,43878.016,15683.690007446054
261478,43878.016,30075.290547740296
261479,43878.016,37371.96490494076
261480,43878.016,35647.54229766144
261481,43878.016,50955.20325080774
261482,43878.016,29010.93064389531
261483,43878.016,13214.1798457569
261484,43878.016,13496.69063405257
261485,43878.016,59774.06045232279
261486,43878.016,64001.090013310524
261487,43878.016,49172.61921529875
261488,43878.016,16821.00648769113
261489,43878.016,117114.74614129313
261490,43878.016,46939.24876064072
261491,43878.016,51508.44345648602
261492,43878.016,72022.57691391198
261493,43878.016,50725.54721507041
261494,43878.016,39439.02019061979
261495,43878.016,24068.383088297127
261496,43878.016,42162.12689071592
261497,43878.016,46965.59764677695
261498,43878.016,46975.5675691724
261499,43878.016,12389.791095445928
261500,43878.016,42387.331151353916
261501,43878.016,61375.84512952868
261502,43878.016,54045.50491582496
261503,43878.016,55552.331639036005
261504,43878.016,21367.003145297833
261505,43878.016,29085.337739609346
261506,43878.016,41439.1737097396
261507,43878.016,26110.192093701964
261508,43878.016,64960.691737255074
261509,43878.016,81527.39076536882
261510,43878.016,33283.11849639764
261511,43878.016,18447.271099631234
261512,43878.016,7841.866199306119
261513,43878.016,18207.08563628866
261514,43878.016,29702.33293595537
261515,43878.016,12940.027080992648
261516,43878.016,16836.144854573708
261517,43878.016,11390.998646400287
261518,43878.016,34171.502742395445
261519,43878.016,75515.56096463672
261520,43878.016,21786.65627726009
261521,43878.016,37367.45254129671
261522,43878.016,45652.226354269515
261523,43878.016,36869.442443888314
261524,43878.016,74823.11323965144
261525,43878.016,26283.502752121356
261526,43878.016,8684.845707902823
261527,43878.016,12356.353052156375
261528,43878.016,59267.27425199544
261529,43878.016,11912.796923275911
261530,43878.016,17847.411402235677
261531,43878.016,9156.028400792928
261532,43878.016,31998.751315971745
261533,43878.016,47026.76968664693
261534,43878.016,49342.19905971933
261535,43878.016,47828.95275922817
261536,43878.016,56176.14485026785
261537,43878.016,18721.186825904828
261538,43878.016,32739.59439344568
261539,43878.016,16154.738168895115
261540,43878.016,34627.2058665142
261541,43878.016,59694.241845000935
261542,43878.016,49581.53268560208
261543,43878.016,27483.286013845543
261544,43878.016,42963.756475384405
261545,43878.016,62123.87107346615
261546,43878.016,45608.614249801525
261547,43878.016,34084.32084605661
261548,43878.016,8093.61598108209
261549,43878.016,32668.339327656235
261550,43878.016,5858.134262622477
261551,43878.016,52154.471710014615
261552,43878.016,45942.06785920897
261553,43878.016,23546.309465897302
261554,43878.016,47718.57164080473
261555,43878.016,60076.553101836034
261556,43878.016,11393.824775451782
261557,43878.016,16840.010512658777
261558,43878.016,13744.692282836128
261559,43878.016,18447.87066319152
261560,43878.016,33672.77008528835
261561,43878.016,16517.878276649884
261562,43878.016,10505.459195060372
261563,43878.016,63028.92798973725
261564,43878.016,33453.304339500326
261565,43878.016,63913.87320916443
261566,43878.016,18149.65372798099
261567,43878.016,40066.97045878654
261568,43878.016,55762.557345659625
261569,43878.016,27914.51445582763
261570,43878.016,38846.25152469695
261571,43878.016,38089.02022028738
261572,43878.016,24508.771664091568
261573,43878.016,11222.906519913935
261574,43878.016,18061.81601443726
261575,43878.016,8720.937458978318
261576,43878.016,18151.793901423633
261577,43878.016,21843.07251877962
261578,43878.016,34668.301935717725
261579,43878.016,23430.28865976682
261580,43878.016,20117.07545571684
261581,43878.016,34623.96413279026
261582,43878.016,53407.24194296844
261583,43878.016,60356.39880373879
261584,43878.016,15674.319107270996
261585,43878.016,37074.33399727833
261586,43878.016,41376.75130824064
261587,43878.016,28949.65597041236
261588,43878.016,21269.294636556704
261589,43878.016,31939.007640981603
261590,43878.016,43789.8442744449
261591,43878.016,28681.84889067369
261592,43878.016,33472.86110669396
261593,43878.016,28820.42854791249
261594,43878.016,50607.364584779025
261595,43878.016,26248.411274282196
261596,43878.016,40451.28298273759
261597,43878.016,19650.801697672912
261598,43878.016,21095.496896877816
261599,43878.016,10067.615606032963
261600,43878.016,123105.3330970235
261601,43878.016,21488.87426210796
261602,43878.016,35019.08008541399
261603,43878.016,49150.84707362558
261604,43878.016,57272.41440965401
261605,43878.016,41400.811981337596
261606,43878.016,62063.547184106035
261607,43878.016,32346.023545451513
261608,43878.016,27090.54807771643
261609,43878.016,50551.03095800014
261610,43878.016,15161.388503294094
261611,43878.016,52827.11924047527
261612,43878.016,27796.328989584472
261613,43878.016,37910.7539253118
261614,43878.016,18835.5274345832
261615,43878.016,42412.14603917644
261616,43878.016,50988.95858719426
261617,43878.016,37072.130754490776
261618,43878.016,69245.82076706938
261619,43878.016,26163.44428145554
261620,43878.016,21718.53623042698
261621,43878.016,15347.811978129941
261622,43878.016,16042.616298528797
261623,43878.016,39820.028365633785
261624,43878.016,19655.578074255216
261625,43878.016,16184.172311782599
261626,43878.016,35489.37946928742
261627,43878.016,12322.521557491467
261628,43878.016,23516.399742578385
261629,43878.016,22946.50161572914
261630,43878.016,22816.2652486841
261631,43878.016,44390.484324673045
261632,43878.016,13666.273769361585
261633,43878.016,52576.072408614054
261634,43878.016,60505.449221509894
261635,43878.016,66910.34322371094
261636,43878.016,55214.363273046714
261637,43878.016,20621.54843275547
261638,43878.016,40815.180080857666
261639,43878.016,11654.839300760676
261640,43878.016,37736.692147911825
261641,43878.016,14259.116776614803
261642,43878.016,62379.427241710626
261643,43878.016,20077.713696261886
261644,43878.016,24563.57700152161
261645,43878.016,55339.33746689673
261646,43878.016,66281.0160961592
261647,43878.016,27810.67760797484
261648,43878.016,8664.082014972857
261649,43878.016,44955.81382271617
261650,43878.016,14773.474192688433
261651,43878.016,13971.736780641213
261652,43878.016,28255.14542725591
261653,43878.016,62538.66019485097
261654,43878.016,10712.98154660658
261655,43878.016,22018.362175796607
261656,43878.016,35817.49880468371
261657,43878.016,28814.553530062847
261658,43878.016,44508.73122772459
261659,43878.016,40379.34851612558
261660,43878.016,28252.605180249167
261661,43878.016,46281.27112031024
261662,43878.016,52511.22813522837
261663,43878.016,18568.47850980634
261664,43878.016,10145.57211117685
261665,43878.016,24814.543874728122
261666,43878.016,54064.090302775505
261667,43878.016,11061.534964553275
261668,43878.016,35978.98635175509
261669,43878.016,68083.41947090968
261670,43878.016,58783.2070735461
261671,43878.016,36220.197250762125
261672,43878.016,37895.14349911072
261673,43878.016,23874.621597194076
261674,43878.016,34716.17942118033
261675,43878.016,15383.784627602832
261676,43878.016,8584.202979699563
261677,43878.016,11793.43084677653
261678,43878.016,27315.617579048645
261679,43878.016,13396.087654030436
261680,43878.016,26127.038022966008
261681,43878.016,16487.822971248715
261682,43878.016,17305.27562282714
261683,43878.016,64915.05217954576
261684,43878.016,20102.41757879079
261685,43878.016,30428.764663143273
261686,43878.016,10929.74056507753
261687,43878.016,10618.889114442636
261688,43878.016,16897.024351353175
261689,43878.016,39840.50686513159
261690,43878.016,58688.35476973659
261691,43878.016,20333.69880247021
261692,43878.016,40330.21009467141
261693,43878.016,36523.87435943311
261694,43878.016,11673.641560413505
261695,43878.016,58050.77755214039
261696,43878.016,11447.138212365458
261697,43878.016,23715.38713518753
261698,43878.016,38243.979147387356
261699,43878.016,51732.88679506884
261700,43878.016,65605.17937699151
261701,43878.016,39133.450688252764
261702,43878.016,23021.34835087742
261703,43878.016,8913.360856725478
261704,43878.016,64946.951988818386
261705,43878.016,49901.52490124566
261706,43878.016,45373.716102228056
261707,43878.016,9366.966095319123
261708,43878.016,39026.68373654184
261709,43878.016,13706.171090372998
261710,43878.016,54371.540258536996
261711,43878.016,22028.45714889745
261712,43878.016,12780.551217603113
261713,43878.016,70528.39485603599
261714,43878.016,21038.686508548497
261715,43878.016,15487.167864647998
261716,43878.016,12374.004837219167
261717,43878.016,43028.83109533983
261718,43878.016,20557.37255638099
261719,43878.016,23664.02612456665
261720,43878.016,22441.19729870529
261721,43878.016,29914.076364896468
261722,43878.016,11771.910195339664
261723,43878.016,22251.092781210315
261724,43878.016,19971.28295025993
261725,43878.016,71109.05611590973
261726,43878.016,42357.15876433267
261727,43878.016,79102.20082780907
261728,43878.016,20783.23335004585
261729,43878.016,24367.702291513982
261730,43878.016,15274.089865159991
261731,43878.016,68226.85559088264
261732,43878.016,54954.39802856975
261733,43878.016,24277.82869246532
261734,43878.016,51449.29478219236
261735,43878.016,61013.7376026902
261736,43878.016,56005.68957666924
261737,43878.016,46915.39185949034
261738,43878.016,50437.30327356932
261739,43878.016,9298.675460238082
261740,43878.016,32894.54633187384
261741,43878.016,7094.426360835733
261742,43878.016,29868.488536933866
261743,43878.016,54703.75454512295
261744,43878.016,51266.64311910597
261745,43878.016,19394.124518609035
261746,43878.016,31507.724176348645
261747,43878.016,26401.472123319367
261748,43878.016,26210.847096313522
261749,43878.016,24386.85085335642
261750,43878.016,17468.372350675418
261751,43878.016,33836.62458336985
261752,43878.016,13881.287741769123
261753,43878.016,64257.2759015083
261754,43878.016,7767.753942453225
261755,43878.016,32918.15771282672
261756,43878.016,52847.18319868108
261757,43878.016,28579.578322816928
261758,43878.016,16189.948974988449
261759,43878.016,23735.50047552635
261760,43878.016,35718.163296126
261761,43878.016,17331.475820478656
261762,43878.016,24895.176383880298
261763,43878.016,48968.358945612315
261764,43878.016,32922.45149273383
261765,43878.016,46685.61901059826
261766,43878.016,8959.424463308007
261767,43878.016,39335.68402642556
261768,43878.016,46201.986359905924
261769,43878.016,19383.341434525508
261770,43878.016,61580.557392277566
261771,43878.016,44659.86619971226
261772,43878.016,40687.770093168656
261773,43878.016,42182.32470037852
261774,43878.016,55750.10898122521
261775,43878.016,43799.20057766133
261776,43878.016,78154.1384950259
261777,43878.016,12049.892864080217
261778,43878.016,17603.282441629555
261779,43878.016,38792.40917755803
261780,43878.016,10745.514541164443
261781,43878.016,33968.96638879056
261782,43878.016,32536.438332850845
261783,43878.016,58861.00903260771
261784,43878.016,45446.36672009221
261785,43878.016,14630.244727623243
261786,43878.016,27296.430838623306
261787,43878.016,20719.38788233818
261788,43878.016,65272.35757340857
261789,43878.016,13510.82081381521
261790,43878.016,13172.355550519243
261791,43878.016,28643.83259598128
261792,43878.016,8181.679209290836
261793,43878.016,59255.80715426527
261794,43878.016,54657.76510187243
261795,43878.016,52066.387836760674
261796,43878.016,48557.04681950334
261797,43878.016,27095.83922529416
261798,43878.016,52739.21018603734
261799,43878.016,49909.62862539756
261800,43878.016,40510.62601211918
261801,43878.016,17771.998661805606
261802,43878.016,76653.74801194706
261803,43878.016,35822.50938674428
261804,43878.016,24077.070596509646
261805,43878.016,63062.91451554573
261806,43878.016,45762.50144290786
261807,43878.016,38994.0708751929
261808,43878.016,16500.881807260652
261809,43878.016,5671.265764743869
261810,43878.016,73402.80117023514
261811,43878.016,17445.748669500757
261812,43878.016,35015.26280780899
261813,43878.016,41724.4486453775
261814,43878.016,21328.357989568634
261815,43878.016,41024.08009103296
261816,43878.016,49826.37604074181
261817,43878.016,43127.67406385607
261818,43878.016,23167.75109179751
261819,43878.016,37818.48424072636
261820,43878.016,33853.06272063831
261821,43878.016,10742.796763964998
261822,43878.016,32472.55804966693
261823,43878.016,25091.497888449183
261824,43878.016,15453.74591151447
261825,43878.016,61240.831144812946
261826,43878.016,18155.786138894353
261827,43878.016,51836.60307461933
261828,43878.016,13684.181712537731
261829,43878.016,37224.39277147048
261830,43878.016,34814.049439509596
261831,43878.016,28729.264049791054
261832,43878.016,21620.142170182153
261833,43878.016,13537.353834872722
261834,43878.016,15851.935859601648
261835,43878.016,18025.566656110226
261836,43878.016,13082.069795562846
261837,43878.016,63688.14279452506
261838,43878.016,22864.544253225693
261839,43878.016,15433.606028434693
261840,43878.016,58321.27217073488
261841,43878.016,20501.568064492672
261842,43878.016,56158.06152019571
261843,43878.016,38620.38610726019
261844,43878.016,62566.195438631425
261845,43878.016,27387.82514953251
261846,43878.016,50380.618271572625
261847,43878.016,57531.89510758397
261848,43878.016,24747.776827268597
261849,43878.016,27823.707962538894
261850,43878.016,13249.089094506933
261851,43878.016,13360.29025388881
261852,43878.016,24816.15137056142
261853,43878.016,16811.14983555267
261854,43878.016,7796.894482240555
261855,43878.016,11308.886526211945
261856,43878.016,43541.34972385296
261857,43878.016,19589.838975593622
261858,43878.016,33832.31004938333
261859,43878.016,23998.588458057264
261860,43878.016,19747.791267622797
261861,43878.016,64985.536950971196
261862,43878.016,6254.139911559662
261863,43878.016,28247.746634560066
261864,43878.016,12903.311375630119
261865,43878.016,41070.72167545756
261866,43878.016,26873.08329020095
261867,43878.016,56537.503123439856
261868,43878.016,57888.627943331754
261869,43878.016,34024.07739425422
261870,43878.016,19600.115582490776
261871,43878.016,17743.64115875455
261872,43878.016,28936.62445726952
261873,43878.016,21397.507003224637
261874,43878.016,46095.192374560516
261875,43878.016,42578.47607734298
261876,43878.016,31291.67137764667
261877,43878.016,15805.983162927243
261878,43878.016,32630.561975442557
261879,43878.016,24736.384776373412
261880,43878.016,23586.268320194977
261881,43878.016,40230.6453028462
261882,43878.016,37887.02543476899
261883,43878.016,37822.65118635081
261884,43878.016,51634.69399096274
261885,43878.016,16174.993975781046
261886,43878.016,34311.1557739236
261887,43878.016,116318.66386894336
261888,43878.016,32522.179410836776
261889,43878.016,48462.23683784786
261890,43878.016,20692.488540849357
261891,43878.016,35496.88149007161
261892,43878.016,33361.95735913567
261893,43878.016,35801.44261248943
261894,43878.016,21309.003865953804
261895,43878.016,8204.253195990712
261896,43878.016,37717.28185281672
261897,43878.016,35770.181845654995
261898,43878.016,31480.423743655043
261899,43878.016,33700.61193396232
261900,43878.016,35770.80401130553
261901,43878.016,65667.51928627904
261902,43878.016,14525.904957341698
261903,43878.016,48241.57870609871
261904,43878.016,10301.653845804301
261905,43878.016,36376.138810264485
261906,43878.016,35224.44374978107
261907,43878.016,40231.703856312415
261908,43878.016,21532.24724242868
261909,43878.016,14091.779991908013
261910,43878.016,33006.076915243684
261911,43878.016,30939.170796718627
261912,43878.016,17882.577706857122
261913,43878.016,7896.664201352338
261914,43878.016,29034.14843667611
261915,43878.016,18355.888076725027
261916,43878.016,50269.94988429609
261917,43878.016,57469.73812862829
261918,43878.016,35667.488534540396
261919,43878.016,16233.780478949644
261920,43878.016,50931.76134521779
261921,43878.016,24513.315675407568
261922,43878.016,28434.71585392519
261923,43878.016,79998.35931854033
261924,43878.016,77888.2591652699
261925,43878.016,47605.388870526534
261926,43878.016,38589.98747238398
261927,43878.016,11541.106992042382
261928,43878.016,59407.57833529438
261929,43878.016,27534.33131836571
261930,43878.016,52273.529119292914
261931,43878.016,57512.08019851564
261932,43878.016,48973.225653715795
261933,43878.016,14317.909421867853
261934,43878.016,20380.70582389475
261935,43878.016,33918.77256924158
261936,43878.016,17603.328755781033
261937,43878.016,73989.23608280535
261938,43878.016,38720.81960783056
261939,43878.016,17715.587854193374
261940,43878.016,53937.41235666674
261941,43878.016,25437.601266332276
261942,43878.016,43958.95665257535
261943,43878.016,34420.24001741879
261944,43878.016,28888.63326844257
261945,43878.016,47680.487652025164
261946,43878.016,44617.64185072172
261947,43878.016,7930.467229008038
261948,43878.016,30020.391472203988
261949,43878.016,33012.869770145815
261950,43878.016,25655.61399797598
261951,43878.016,65028.64850472014
261952,43878.016,20375.11698488542
261953,43878.016,29173.723598381865
261954,43878.016,38150.648085546854
261955,43878.016,15225.202121798911
261956,43878.016,28577.384247132628
261957,43878.016,51060.79681892805
261958,43878.016,10946.164926343416
261959,43878.016,36474.24686821546
261960,43878.016,43749.28428476615
261961,43878.016,59850.56617631925
261962,43878.016,16861.185378042665
261963,43878.016,49042.33376972985
261964,43878.016,25522.82266510352
261965,43878.016,30435.43888817933
261966,43878.016,59750.45240427486
261967,43878.016,80830.38141744102
261968,43878.016,46770.222603143855
261969,43878.016,32125.82374590546
261970,43878.016,12303.307221249044
261971,43878.016,57477.751275206865
261972,43878.016,35798.524855608564
261973,43878.016,22736.393289095657
261974,43878.016,17157.67406455587
261975,43878.016,35361.17404460991
261976,43878.016,11294.083471687767
261977,43878.016,6394.923129908501
261978,43878.016,8449.71502167731
261979,43878.016,40571.32587984218
261980,43878.016,36048.810381460076
261981,43878.016,8761.877614230785
261982,43878.016,11994.987788040757
261983,43878.016,29057.35420826849
261984,43878.016,25233.59794513362
261985,43878.016,28499.486206915324
261986,43878.016,33435.24184829121
261987,43878.016,25515.515976959654
261988,43878.016,45388.014330761354
261989,43878.016,24273.858404003073
261990,43878.016,52211.26955575218
261991,43878.016,47429.67073568779
261992,43878.016,23837.233734806272
261993,43878.016,61584.88006606798
261994,43878.016,47989.666811060415
261995,43878.016,67617.32405120555
261996,43878.016,60826.74971603606
261997,43878.016,60406.5687205008
261998,43878.016,72733.37101585041
261999,43878.016,36799.08265895256
262000,43878.016,37182.0865586815
262001,43878.016,69062.6122995751
262002,43878.016,56779.313495030605
262003,43878.016,48345.350700157105
262004,43878.016,15608.785478676109
262005,43878.016,48594.519555250576
262006,43878.016,19923.72466181007
262007,43878.016,17492.45330875376
262008,43878.016,10308.820946240032
262009,43878.016,9562.213719342262
262010,43878.016,13490.546493108726
262011,43878.016,14695.211913323088
262012,43878.016,28679.200283961403
262013,43878.016,55411.920628556705
262014,43878.016,43203.63740504776
262015,43878.016,49113.02093467679
262016,43878.016,51817.97248609941
262017,43878.016,61851.213516525066
262018,43878.016,43951.867959121555
262019,43878.016,31379.88110554805
262020,43878.016,24883.349797216903
262021,43878.016,60327.09079796251
262022,43878.016,24709.668959344977
262023,43878.016,54253.485577483494
262024,43878.016,27053.191471012433
262025,43878.016,23941.303643070918
262026,43878.016,7080.8491718269015
262027,43878.016,43823.78210293678
262028,43878.016,25209.45772007088
262029,43878.016,64918.805392461305
262030,43878.016,67659.18938712052
262031,43878.016,14193.007502321216
262032,43878.016,45082.506898902866
262033,43878.016,5427.973043461924
262034,43878.016,71404.49404651087
262035,43878.016,47014.28236235796
262036,43878.016,36441.50621604517
262037,43878.016,61803.919689463204
262038,43878.016,18584.179795806212
262039,43878.016,17174.745524002006
262040,43878.016,28939.56363297246
262041,43878.016,24191.34734871715
262042,43878.016,24834.971826487603
262043,43878.016,58085.902151620874
262044,43878.016,42895.53811109922
262045,43878.016,25287.03140819504
262046,43878.016,39398.06710724032
262047,43878.016,41356.124374556435
262048,43878.016,55314.75567254841
262049,43878.016,23347.191578764887
262050,43878.016,27049.937843814943
262051,43878.016,62490.780143121425
262052,43878.016,8955.975864413307
262053,43878.016,34989.37413904582
262054,43878.016,34491.993055871055
262055,43878.016,23350.383338280335
262056,43878.016,40175.90830987937
262057,43878.016,60271.19168249515
262058,43878.016,44576.4985678245
262059,43878.016,15587.157225471165
262060,43878.016,14328.351538825538
262061,43878.016,55575.102598515936
262062,43878.016,6303.715520956904
262063,43878.016,25864.47897892749
262064,43878.016,22475.518762567048
262065,43878.016,72233.5558037709
262066,43878.016,49575.24558169583
262067,43878.016,51665.19664883551
262068,43878.016,35191.53539919871
262069,43878.016,24275.65155434633
262070,43878.016,51567.47088832881
262071,43878.016,44088.368853129425
262072,43878.016,23292.12830439698
262073,43878.016,42105.1796623465
262074,43878.016,37254.81862804181
262075,43878.016,7555.708558750529
262076,43878.016,56795.74166572321
262077,43878.016,41043.44960621417
262078,43878.016,46001.33216156001
262079,43878.016,26730.00627067642
262080,43878.016,8704.169010653097
262081,43878.016,33089.35929598493
262082,43878.016,18349.5323714029
262083,43878.016,24775.447852796373
262084,43878.016,81570.21358019621
262085,43878.016,42951.99367015137
262086,43878.016,20211.624775162774
262087,43878.016,51475.64374225293
262088,43878.016,82093.00636692929
262089,43878.016,59515.71159041625
262090,43878.016,41465.14899786045
262091,43878.016,29177.875206400742
262092,43878.016,53511.57884563922
262093,43878.016,46047.04982281469
262094,43878.016,17969.38473727499
262095,43878.016,43291.82236420812
262096,43878.016,25000.116440840757
262097,43878.016,33724.93060352525
262098,43878.016,34123.702780744694
262099,43878.016,36991.214286701914
262100,43878.016,46736.108880965454
262101,43878.016,33169.45079840225
262102,43878.016,35942.20603403913
262103,43878.016,45249.01160149497
262104,43878.016,33066.77278030607
262105,43878.016,9822.16103134866
262106,43878.016,49180.531704416855
262107,43878.016,34730.475754695966
262108,43878.016,7474.939439265673
262109,43878.016,19329.83161205205
262110,43878.016,71444.93832465394
262111,43878.016,28354.19868131462
262112,43878.016,48862.8015396707
262113,43878.016,62360.62500392444
262114,43878.016,45568.009267471614
262115,43878.016,68276.82994440001
262116,43878.016,29018.138939473698
262117,43878.016,52877.94927697177
262118,43878.016,25915.229734220167
262119,43878.016,44816.00164491473
262120,43878.016,19626.562839054644
262121,43878.016,22917.255829228037
262122,43878.016,49116.52129908387
262123,43878.016,60275.882887388885
262124,43878.016,35023.06811635547
262125,43878.016,47726.49731086552
262126,43878.016,22229.67586392888
262127,43878.016,51216.56638324198
262128,43878.016,63750.76639965729
262129,43878.016,48749.40768963524
262130,43878.016,59111.251578967145
262131,43878.016,26896.573129958364
262132,43878.016,14905.739248066346
262133,43878.016,59077.65989507931
262134,43878.016,60141.670843422275
262135,43878.016,8025.377963126953
262136,43878.016,44749.92969982603
262137,43878.016,12620.346024386174
262138,43878.016,34973.77375371469
262139,43878.016,55070.3588196453
262140,43878.016,30763.470599760793
262141,43878.016,75369.2155998382
262142,43878.016,56983.608238356144
262143,43878.016,51039.317508881606
262144,43878.016,66593.40549015884
262145,43878.016,13725.456507134106
262146,43878.016,29402.327502440487
262147,43878.016,14164.599153517695
262148,43878.016,8157.842925823456
262149,43878.016,42678.0483735583
262150,43878.016,26600.193212513448
262151,43878.016,10033.280913275294
262152,43878.016,17139.162027939823
262153,43878.016,63936.91236339097
262154,43878.016,62629.66810508253
262155,43878.016,16729.782953846432
262156,43878.016,18539.174672254623
262157,43878.016,61657.479723958975
262158,43878.016,20013.464119162836
262159,43878.016,11436.995375260323
262160,43878.016,14669.3219441451
262161,43878.016,51232.32652918445
262162,43878.016,66308.97413245817
262163,43878.016,49201.728567346225
262164,43878.016,10768.830166205958
262165,43878.016,26661.231848788724
262166,43878.016,60821.92249393697
262167,43878.016,19051.07102917811
262168,43878.016,91367.12821266132
262169,43878.016,51979.23940867702
262170,43878.016,38488.919862436254
262171,43878.016,33564.69224428844
262172,43878.016,36459.173269921455
262173,43878.016,65051.86009501433
262174,43878.016,13270.163258157532
262175,43878.016,55828.83023217154
262176,43878.016,7912.6311819675275
262177,43878.016,67663.44341718333
262178,43878.016,42945.548262897035
262179,43878.016,29660.450328396448
262180,43878.016,14002.609377581224
262181,43878.016,10729.317111203432
262182,43878.016,16772.25819443989
262183,43878.016,58448.804874323054
262184,43878.016,25668.297976852333
262185,43878.016,21209.741602030845
262186,43878.016,82641.9832900986
262187,43878.016,54202.44934685823
262188,43878.016,32272.05351767763
262189,43878.016,47977.91798944017
262190,43878.016,51388.64093183919
262191,43878.016,35724.407199739166
262192,43878.016,19150.682365152657
262193,43878.016,52609.67563281228
262194,43878.016,27694.168065948495
262195,43878.016,51535.888708012935
262196,43878.016,53443.75294839246
262197,43878.016,64548.418532431046
262198,43878.016,26066.00692145992
262199,43878.016,20739.977520686756
262200,43878.016,74327.95754866497
262201,43878.016,77970.70650659516
262202,43878.016,44478.22177688141
262203,43878.016,41219.942437556325
262204,43878.016,42071.84578142059
262205,43878.016,59414.60479618891
262206,43878.016,66819.659581142
262207,43878.016,42391.37464651662
262208,43878.016,25757.536826993222
262209,43878.016,19892.26713236906
262210,43878.016,69913.3107938693
262211,43878.016,20656.066998167236
262212,43878.016,47396.690823634286
262213,43878.016,29912.92177136474
262214,43878.016,63805.43612246905
262215,43878.016,35562.04973054394
262216,43878.016,111692.6616763143
262217,43878.016,63475.6042854366
262218,43878.016,55707.93138222023
262219,43878.016,60660.055126766296
262220,43878.016,24341.27931798514
262221,43878.016,16533.313572960673
262222,43878.016,75275.7740961247
262223,43878.016,42467.48960904237
262224,43878.016,15110.888282329777
262225,43878.016,57643.41340962734
262226,43878.016,50373.63020913025
262227,43878.016,18414.62325584511
262228,43878.016,49787.14890239432
262229,43878.016,10690.02150016912
262230,43878.016,26462.343186779148
262231,43878.016,42832.67994145119
262232,43878.016,67347.35234818459
262233,43878.016,63333.37373597829
262234,43878.016,19134.620375024613
262235,43878.016,38652.05894846445
262236,43878.016,47617.75224458444
262237,43878.016,40841.2280388513
262238,43878.016,42854.36618748919
262239,43878.016,50512.19781046108
262240,43878.016,26317.179399990673
262241,43878.016,24835.80581425731
262242,43878.016,47042.71105243833
262243,43878.016,11804.876721178274
262244,43878.016,22255.00780618378
262245,43878.016,19475.014531102766
262246,43878.016,13505.409524466671
262247,43878.016,32356.63436879597
262248,43878.016,15885.98991214895
262249,43878.016,66675.5281974371
262250,43878.016,52919.25276497306
262251,43878.016,14044.831802132416
262252,43878.016,64523.96983198071
262253,43878.016,23518.468230154736
262254,43878.016,39172.80209519221
262255,43878.016,14094.331806295248
262256,43878.016,10835.08711297976
262257,43878.016,57602.75613282391
262258,43878.016,33693.87257384213
262259,43878.016,15127.262376490162
262260,43878.016,49349.23260748127
262261,43878.016,41996.644888559604
262262,43878.016,43208.113868811655
262263,43878.016,25132.85932229993
262264,43878.016,54909.952877230906
262265,43878.016,55921.42245040854
262266,43878.016,7511.337382984647
262267,43878.016,17125.252576312752
262268,43878.016,52960.89597189387
262269,43878.016,41194.33788920153
262270,43878.016,45149.72722616493
262271,43878.016,44587.10282994376
262272,43878.016,15551.938997063231
262273,43878.016,21787.265157168324
262274,43878.016,45724.15409036272
262275,43878.016,46289.39008255377
262276,43878.016,21603.430317361017
262277,43878.016,22166.881858009318
262278,43878.016,38404.344276903015
262279,43878.016,33977.9151501639
262280,43878.016,51503.418069401625
262281,43878.016,41135.22220779382
262282,43878.016,26240.046854439595
262283,43878.016,21370.46702147361
262284,43878.016,9403.353469000082
262285,43878.016,26915.20580683386
262286,43878.016,20467.901405476932
262287,43878.016,51569.031925352676
262288,43878.016,12682.036904414057
262289,43878.016,21197.729803847586
262290,43878.016,45389.74399996533
262291,43878.016,22366.555012496337
262292,43878.016,8399.778471758204
262293,43878.016,67805.56490989306
262294,43878.016,42322.056287736916
262295,43878.016,49682.67300494905
262296,43878.016,64278.83247588768
262297,43878.016,16121.112978990852
262298,43878.016,43175.955921003646
262299,43878.016,25408.37307910705
262300,43878.016,18485.074551706402
262301,43878.016,14170.123095376508
262302,43878.016,15982.026368407429
262303,43878.016,25904.269687381788
262304,43878.016,26469.79198264779
262305,43878.016,36230.380587492495
262306,43878.016,4343.909639180035
262307,43878.016,14455.748832859961
262308,43878.016,33695.313016773354
262309,43878.016,32610.57302377706
262310,43878.016,46552.03285385411
262311,43878.016,47228.057392486284
262312,43878.016,31505.05159029334
262313,43878.016,47126.878904840676
262314,43878.016,18801.854028513582
262315,43878.016,44049.55879406847
262316,43878.016,34320.07149661785
262317,43878.016,29977.899517456568
262318,43878.016,52371.38099728526
262319,43878.016,45077.35637676053
262320,43878.016,63102.37110388672
262321,43878.016,15035.749354157708
262322,43878.016,39663.83788947297
262323,43878.016,58098.93083761034
262324,43878.016,59449.71650169756
262325,43878.016,7505.2774123777
262326,43878.016,53585.43140037919
262327,43878.016,39060.91780067236
262328,43878.016,21758.01660812029
262329,43878.016,67326.03864837841
262330,43878.016,16311.267249346234
262331,43878.016,39121.979552730954
262332,43878.016,50331.12371101746
262333,43878.016,25759.48133147067
262334,43878.016,48738.02597579279
262335,43878.016,52514.78249169936
262336,43878.016,88261.96287900352
262337,43878.016,36088.95593376105
262338,43878.016,71671.02049111928
262339,43878.016,61498.31892679369
262340,43878.016,46376.82651907686
262341,43878.016,12681.071983965126
262342,43878.016,13431.353603474816
262343,43878.016,71539.55832133518
262344,43878.016,34682.88657561011
262345,43878.016,14444.580004577943
262346,43878.016,33869.83526881629
262347,43878.016,12043.927833586193
262348,43878.016,16256.71641194508
262349,43878.016,28548.131323075308
262350,43878.016,41466.73622164452
262351,43878.016,7960.358347606523
262352,43878.016,28747.94115346666
262353,43878.016,60156.64167946274
262354,43878.016,29613.5171427852
262355,43878.016,13198.641433583103
262356,43878.016,65982.63418131991
262357,43878.016,39377.660494660515
262358,43878.016,44084.41611341088
262359,43878.016,26055.777361572982
262360,43878.016,52820.26992303684
262361,43878.016,8632.212479862299
262362,43878.016,53472.81830030767
262363,43878.016,43376.22108387241
262364,43878.016,40153.39290422847
262365,43878.016,32269.48954001796
262366,43878.016,34428.93795620438
262367,43878.016,16928.324259113993
262368,43878.016,68630.10373279113
262369,43878.016,48481.011696670714
262370,43878.016,33407.142344379026
262371,43878.016,18107.455875395433
262372,43878.016,45905.230826818064
262373,43878.016,13091.563207806508
262374,43878.016,40935.63249962352
262375,43878.016,18280.0272955101
262376,43878.016,40439.14537030202
262377,43878.016,49381.21016948289
262378,43878.016,7758.057332405137
262379,43878.016,20756.53013859718
262380,43878.016,38367.146176203874
262381,43878.016,24171.775868264085
262382,43878.016,9155.763390822593
262383,43878.016,33711.49833951628
262384,43878.016,12767.402447817287
262385,43878.016,40164.22545183997
262386,43878.016,36857.387963534915
262387,43878.016,24448.306369126723
262388,43878.016,22516.881535766755
262389,43878.016,64082.18049522352
262390,43878.016,68861.50021693556
262391,43878.016,15412.836285084113
262392,43878.016,60031.29639203327
262393,43878.016,60554.630755727245
262394,43878.016,73964.21290418638
262395,43878.016,13193.3046030682
262396,43878.016,52248.94111590198
262397,43878.016,55301.999996949184
262398,43878.016,36116.94282235045
262399,43878.016,15076.279100653917
262400,43878.016,64455.462001522596
262401,43878.016,38666.715941746144
262402,43878.016,22848.376443107438
262403,43878.016,47639.64151894607
262404,43878.016,76805.3668687992
262405,43878.016,15328.194045121432
262406,43878.016,19035.32918723496
262407,43878.016,40541.07996379621
262408,43878.016,10958.611234780848
262409,43878.016,57863.82238101801
262410,43878.016,21157.00258152349
262411,43878.016,25565.156022547348
262412,43878.016,57061.40736260949
262413,43878.016,38213.203093891454
262414,43878.016,21566.895473483568
262415,43878.016,25271.15987154278
262416,43878.016,40133.80966355378
262417,43878.016,10979.530244893333
262418,43878.016,23513.549417559767
262419,43878.016,13782.591343932527
262420,43878.016,53286.6434261061
262421,43878.016,19367.262139347604
262422,43878.016,72529.06685385076
262423,43878.016,34267.49593898625
262424,43878.016,7308.679307315082
262425,43878.016,8485.684438329903
262426,43878.016,60547.263542739754
262427,43878.016,44291.0433115484
262428,43878.016,25586.490733168685
262429,43878.016,10853.720915828335
262430,43878.016,51079.21549233314
262431,43878.016,71513.0172510865
262432,43878.016,10515.062792958963
262433,43878.016,38323.0628506709
262434,43878.016,21513.508289068024
262435,43878.016,14056.544749499262
262436,43878.016,44147.650090605086
262437,43878.016,8725.859759655377
262438,43878.016,24680.46161463384
262439,43878.016,10516.052089792724
262440,43878.016,28438.21624457827
262441,43878.016,67810.5591744903
262442,43878.016,32429.575875425893
262443,43878.016,47038.70649624381
262444,43878.016,36595.720757887815
262445,43878.016,66160.57659412982
262446,43878.016,25438.51299651816
262447,43878.016,20736.166840847636
262448,43878.016,22200.362350954023
262449,43878.016,54128.862047610295
262450,43878.016,58977.39613787143
262451,43878.016,27764.023468208252
262452,43878.016,55736.12793349554
262453,43878.016,46526.021448206724
262454,43878.016,22617.63122802973
262455,43878.016,42397.104003849054
262456,43878.016,27608.846338383348
262457,43878.016,45826.870682564535
262458,43878.016,35599.55649951162
262459,43878.016,50720.07888811964
262460,43878.016,18287.33679973646
262461,43878.016,21337.28915300499
262462,43878.016,30264.834600994876
262463,43878.016,61653.135367400115
262464,43878.016,45682.8664433411
262465,43878.016,36337.652999454156
262466,43878.016,34555.18256816632
262467,43878.016,19654.7162028042
262468,43878.016,24039.59949397245
262469,43878.016,32286.628090078422
262470,43878.016,28717.418179504355
262471,43878.016,46910.31837748313
262472,43878.016,32912.173973302626
262473,43878.016,53825.01287999386
262474,43878.016,18007.957192797247
262475,43878.016,49431.045481571906
262476,43878.016,57179.540541123926
262477,43878.016,9019.783899679704
262478,43878.016,23633.605040940605
262479,43878.016,43162.86980305684
262480,43878.016,22469.561570603877
262481,43878.016,35052.15265769612
262482,43878.016,48100.48875208636
262483,43878.016,32637.730863929864
262484,43878.016,46105.069734428645
262485,43878.016,18853.823899224728
262486,43878.016,30792.644808618963
262487,43878.016,45807.159454308254
262488,43878.016,56588.537296005605
262489,43878.016,19256.415453670088
262490,43878.016,11181.088889590816
262491,43878.016,50624.886157551606
262492,43878.016,41758.89602773726
262493,43878.016,25345.80227247269
262494,43878.016,25443.447842190533
262495,43878.016,35706.38180238001
262496,43878.016,44119.02026969044
262497,43878.016,21786.54891466364
262498,43878.016,58699.20652670759
262499,43878.016,65570.3681952854
262500,43878.016,30142.78213897645
262501,43878.016,50139.70437250766
262502,43878.016,44654.49630980953
262503,43878.016,40407.301434886154
262504,43878.016,63279.34879005207
262505,43878.016,70678.71386670822
262506,43878.016,55291.111667585224
262507,43878.016,59097.27196379774
262508,43878.016,45593.918335921044
262509,43878.016,28306.30013732985
262510,43878.016,48488.99598709863
262511,43878.016,44883.39204177657
262512,43878.016,61252.53615408762
262513,43878.016,33926.60782218345
262514,43878.016,9924.27526071593
262515,43878.016,43765.328501158896
262516,43878.016,18613.309172611585
262517,43878.016,28936.909152768512
262518,43878.016,49318.07278269198
262519,43878.016,15221.50634250183
262520,43878.016,59997.99630187229
262521,43878.016,51323.64225712027
262522,43878.016,18405.94186683823
262523,43878.016,25365.409617857174
262524,43878.016,65663.49007509243
262525,43878.016,51221.758208482686
262526,43878.016,25912.808479149244
262527,43878.016,68112.70645824065
262528,43878.016,57015.35988963848
262529,43878.016,22234.93714465003
262530,43878.016,55274.82937122987
262531,43878.016,70105.59147138231
262532,43878.016,70244.05694382242
262533,43878.016,33643.09621168092
262534,43878.016,22966.273530576444
262535,43878.016,16908.662712120873
262536,43878.016,15163.020946416565
262537,43878.016,28154.380656392037
262538,43878.016,43570.474764657825
262539,43878.016,52936.313531997905
262540,43878.016,18651.27039887137
262541,43878.016,32991.12165064562
262542,43878.016,46530.54268855277
262543,43878.016,45504.13278733597
262544,43878.016,31736.48598792858
262545,43878.016,55959.125930753384
262546,43878.016,26399.017115456038
262547,43878.016,15258.373884416129
262548,43878.016,24623.078142047478
262549,43878.016,9612.330838166428
262550,43878.016,5714.893658990863
262551,43878.016,52586.799995004665
262552,43878.016,43937.374533270784
262553,43878.016,17081.19370374335
262554,43878.016,21144.5090833352
262555,43878.016,36488.022373393665
262556,43878.016,17754.961998230836
262557,43878.016,12191.335554289004
262558,43878.016,91165.01837312228
262559,43878.016,38856.2362599515
262560,43878.016,38953.58815608948
262561,43878.016,13805.703737960279
262562,43878.016,25294.06884520938
262563,43878.016,32863.95440676379
262564,43878.016,16103.050258035146
262565,43878.016,13429.621465947343
262566,43878.016,30031.030202653383
262567,43878.016,52719.44207672892
262568,43878.016,33894.31404880167
262569,43878.016,31924.283910144888
262570,43878.016,36963.32964956043
262571,43878.016,35824.08789019668
262572,43878.016,20122.62041557109
262573,43878.016,31689.32368239593
262574,43878.016,15296.040985028572
262575,43878.016,22368.307112549643
262576,43878.016,49966.49829075591
262577,43878.016,31290.694291590335
262578,43878.016,29563.49781490195
262579,43878.016,7420.91547240549
262580,43878.016,36677.462900953826
262581,43878.016,59447.222984967404
262582,43878.016,12027.98955460691
262583,43878.016,28309.641216334374
262584,43878.016,12303.404310727898
262585,43878.016,34141.689812559634
262586,43878.016,48511.7555154858
262587,43878.016,51593.872137829145
262588,43878.016,47532.48142428853
262589,43878.016,41196.16831966719
262590,43878.016,43456.42434363844
262591,43878.016,19903.96015983534
262592,43878.016,10302.03350078005
262593,43878.016,20404.003029040938
262594,43878.016,16317.002785742225
262595,43878.016,41501.799451810926
262596,43878.016,11194.442689496937
262597,43878.016,24420.33423630008
262598,43878.016,59395.436733724535
262599,43878.016,50766.27124670824
262600,43878.016,10764.120610076547
262601,43878.016,44772.99046708269
262602,43878.016,62039.02895404397
262603,43878.016,24037.45381290999
262604,43878.016,55674.97068192935
262605,43878.016,25415.333688816296
262606,43878.016,51080.37202280748
262607,43878.016,13107.559209979137
262608,43878.016,43005.44058295686
262609,43878.016,41427.136226615854
262610,43878.016,21446.947121287252
262611,43878.016,61091.59612898029
262612,43878.016,59340.88936991678
262613,43878.016,11393.066038063287
262614,43878.016,16163.785118723037
262615,43878.016,48343.49842134526
262616,43878.016,62905.24456219289
262617,43878.016,10685.34910532749
262618,43878.016,15419.359359907803
262619,43878.016,73276.40565267025
262620,43878.016,72822.84096273492
262621,43878.016,12886.90297704631
262622,43878.016,18571.24126926893
262623,43878.016,9952.608562897483
262624,43878.016,55472.991510713386
262625,43878.016,19878.12684457374
262626,43878.016,52235.9828475737
262627,43878.016,18424.492035233572
262628,43878.016,16586.58713384488
262629,43878.016,9893.437716072907
262630,43878.016,50745.78909832433
262631,43878.016,17177.785800096048
262632,43878.016,17259.63860694148
262633,43878.016,57264.200842747414
262634,43878.016,10142.544625666162
262635,43878.016,22384.34172288633
262636,43878.016,25000.61066279315
262637,43878.016,30473.867333905517
262638,43878.016,49352.57556842094
262639,43878.016,19473.844794734003
262640,43878.016,54446.18621686967
262641,43878.016,5795.753787226873
262642,43878.016,11534.323718104952
262643,43878.016,49878.01304585224
262644,43878.016,126506.02422888593
262645,43878.016,53225.593016400344
262646,43878.016,17990.072814011943
262647,43878.016,26714.91134932611
262648,43878.016,48939.07201942053
262649,43878.016,25584.569013418288
262650,43878.016,17390.535395937688
262651,43878.016,36889.38191262185
262652,43878.016,49567.88999847058
262653,43878.016,49355.48249171537
262654,43878.016,42861.76244885432
262655,43878.016,61551.72309013868
262656,43878.016,12264.372353911278
262657,43878.016,21054.790578378797
262658,43878.016,39817.22239614952
262659,43878.016,11321.65298070217
262660,43878.016,13931.585892481542
262661,43878.016,5593.863875541115
262662,43878.016,67611.96409741274
262663,43878.016,56676.61165037988
262664,43878.016,13326.267858929128
262665,43878.016,29149.842576947805
262666,43878.016,43676.34706977756
262667,43878.016,36410.61221476427
262668,43878.016,25913.960637979235
262669,43878.016,8830.47683546583
262670,43878.016,10668.413362946456
262671,43878.016,60516.96211754749
262672,43878.016,42978.76432555721
262673,43878.016,19567.465762933876
262674,43878.016,33709.809928975716
262675,43878.016,55244.543288618275
262676,43878.016,24955.895877419945
262677,43878.016,23304.94205148576
262678,43878.016,11736.988797546705
262679,43878.016,28004.15943294615
262680,43878.016,24467.933966698874
262681,43878.016,48256.04879915588
262682,43878.016,28190.37464271829
262683,43878.016,16202.985384241501
262684,43878.016,57490.02552270068
262685,43878.016,23993.94250923829
262686,43878.016,39991.56757903561
262687,43878.016,44333.97797110106
262688,43878.016,9415.063352041054
262689,43878.016,42487.04661569276
262690,43878.016,33524.70875990549
262691,43878.016,20407.79573667138
262692,43878.016,19765.1839293713
262693,43878.016,11445.913076983183
262694,43878.016,18423.429289119398
262695,43878.016,73382.58820071092
262696,43878.016,38790.44746698582
262697,43878.016,28481.657216930238
262698,43878.016,54047.99570874905
262699,43878.016,19844.62737321073
262700,43878.016,66241.76573023
262701,43878.016,7348.348049802431
262702,43878.016,29083.074106621974
262703,43878.016,51549.22450868092
262704,43878.016,12416.646088331627
262705,43878.016,22402.002459601303
262706,43878.016,15400.116124893744
262707,43878.016,18807.380056081576
262708,43878.016,58000.76403161738
262709,43878.016,19509.810808104565
262710,43878.016,56619.07396565787
262711,43878.016,52442.9233336635
262712,43878.016,81329.35995502566
262713,43878.016,42404.53286158419
262714,43878.016,43996.774385067656
262715,43878.016,46673.19842539671
262716,43878.016,25537.696071492584
262717,43878.016,39776.9499750461
262718,43878.016,22977.19033233281
262719,43878.016,79903.75317205086
262720,43878.016,22530.95741103108
262721,43878.016,68451.32524207655
262722,43878.016,47168.724424438675
262723,43878.016,10594.748920521632
262724,43878.016,29993.58551056332
262725,43878.016,25696.851842571312
262726,43878.016,30353.540284389
262727,43878.016,11822.633176079771
262728,43878.016,40103.32230505109
262729,43878.016,43124.233576049905
262730,43878.016,42235.7473731552
262731,43878.016,31231.50299944183
262732,43878.016,16015.112636729347
262733,43878.016,29102.83413850531
262734,43878.016,10164.320015400914
262735,43878.016,36152.98143430785
262736,43878.016,36525.15704900014
262737,43878.016,5793.607301917659
262738,43878.016,26547.19703125592
262739,43878.016,12149.329500127686
262740,43878.016,18230.06766556966
262741,43878.016,26084.071427771836
262742,43878.016,39922.86759235623
262743,43878.016,21701.204314179337
262744,43878.016,67417.95063170277
262745,43878.016,78167.9406310372
262746,43878.016,47227.496523050344
262747,43878.016,13865.353842453787
262748,43878.016,23829.11383572231
262749,43878.016,38973.28384174331
262750,43878.016,44361.279703057524
262751,43878.016,29713.444475648288
262752,43878.016,17928.627950767932
262753,43878.016,27341.336186032113
262754,43878.016,32691.77888025599
262755,43878.016,72581.5456501207
262756,43878.016,24039.868057391166
262757,43878.016,16913.237208185503
262758,43878.016,36099.18121827578
262759,43878.016,7024.7712083604565
262760,43878.016,23817.71218726131
262761,43878.016,58739.898928198025
262762,43878.016,21610.891139780742
262763,43878.016,57389.50673779226
262764,43878.016,29836.283916224435
262765,43878.016,13220.517089017094
262766,43878.016,48465.790296863895
262767,43878.016,17173.638579815542
262768,43878.016,63411.01757626994
262769,43878.016,34250.98059299638
262770,43878.016,41416.10960895753
262771,43878.016,59621.72020502451
262772,43878.016,53054.356384442435
262773,43878.016,23708.577017544467
262774,43878.016,46261.37334538066
262775,43878.016,50620.38472999077
262776,43878.016,41527.94791416486
262777,43878.016,7178.375927772839
262778,43878.016,43493.009777337276
262779,43878.016,21492.844159547833
262780,43878.016,38287.41727087277
262781,43878.016,42966.70545863289
262782,43878.016,13399.133752466472
262783,43878.016,10586.617224064472
262784,43878.016,46302.63297680351
262785,43878.016,44839.727764646595
262786,43878.016,43108.07096351075
262787,43878.016,55175.21706067851
262788,43878.016,41970.68678536905
262789,43878.016,10587.352861963522
262790,43878.016,48778.618248823484
262791,43878.016,66927.67048871174
262792,43878.016,14940.609792937074
262793,43878.016,33087.53596223604
262794,43878.016,57207.805542173104
262795,43878.016,18935.636950410786
262796,43878.016,31113.937269084698
262797,43878.016,91590.43449097278
262798,43878.016,57884.385299076836
262799,43878.016,44428.79228537162
262800,43878.016,13169.3212424231
262801,43878.016,18096.570310428655
262802,43878.016,32960.47986172538
262803,43878.016,9602.216050494433
262804,43878.016,62101.16748482798
262805,43878.016,27658.700728666896
262806,43878.016,30000.582159544305
262807,43878.016,14372.47991087692
262808,43878.016,68025.67356872247
262809,43878.016,7369.994381068756
262810,43878.016,42286.226619706475
262811,43878.016,16791.35793243802
262812,43878.016,10537.494915564086
262813,43878.016,36390.020008054875
262814,43878.016,57843.559227113896
262815,43878.016,19498.17516227541
262816,43878.016,43931.461643356946
262817,43878.016,18202.249337086392
262818,43878.016,55834.974569891456
262819,43878.016,29375.424171744755
262820,43878.016,40281.03720372055
262821,43878.016,30074.79626318765
262822,43878.016,41248.70909501006
262823,43878.016,21355.112368163293
262824,43878.016,22088.61850652542
262825,43878.016,29975.22334521827
262826,43878.016,28601.209946287065
262827,43878.016,46930.16073682153
262828,43878.016,42899.36852937894
262829,43878.016,58190.86825067741
262830,43878.016,34106.32542804654
262831,43878.016,26780.6427151814
262832,43878.016,54274.29875066483
262833,43878.016,7046.0689575023525
262834,43878.016,65529.90873404449
262835,43878.016,53090.05166031532
262836,43878.016,29606.352496249274
262837,43878.016,22737.070158166018
262838,43878.016,29022.114033667214
262839,43878.016,35796.21871047814
262840,43878.016,51168.29305785461
262841,43878.016,13078.096873248664
262842,43878.016,18001.21374977609
262843,43878.016,16156.815606840883
262844,43878.016,61790.92689888794
262845,43878.016,11852.313464231538
262846,43878.016,8716.321892466462
262847,43878.016,60665.953736891664
262848,43878.016,3039.6187713822283
262849,43878.016,34460.4311496758
262850,43878.016,7763.484268272513
262851,43878.016,33330.273048352115
262852,43878.016,35006.338719229374
262853,43878.016,20792.44825168459
262854,43878.016,73723.09406026265
262855,43878.016,12439.30429693364
262856,43878.016,11706.647408308496
262857,43878.016,35974.43959833158
262858,43878.016,16240.153305060992
262859,43878.016,25886.613155497682
262860,43878.016,38109.5018267661
262861,43878.016,9852.624965728983
262862,43878.016,32895.012740406535
262863,43878.016,11756.36452055613
262864,43878.016,19972.12560767393
262865,43878.016,29292.453873425937
262866,43878.016,47376.08416861843
262867,43878.016,43498.01137415372
262868,43878.016,38539.28315358301
262869,43878.016,46035.14646834119
262870,43878.016,52337.792656260535
262871,43878.016,42666.074323327484
262872,43878.016,43520.31683072815
262873,43878.016,28617.8439820672
262874,43878.016,11967.802187411944
262875,43878.016,28788.359295384427
262876,43878.016,36747.32903624306
262877,43878.016,11315.706625061364
262878,43878.016,26305.714319752486
262879,43878.016,35595.13024250675
262880,43878.016,79293.16395739533
262881,43878.016,17073.35439762072
262882,43878.016,25979.40903363781
262883,43878.016,47953.53956377164
262884,43878.016,49165.09799074969
262885,43878.016,11857.373825755509
262886,43878.016,15067.352632680972
262887,43878.016,15564.68690609081
262888,43878.016,40639.31343295899
262889,43878.016,33003.88925094258
262890,43878.016,55587.454061927194
262891,43878.016,33028.97647158554
262892,43878.016,13328.576537616013
262893,43878.016,18332.909062833274
262894,43878.016,60256.59182195849
262895,43878.016,72096.2311742025
262896,43878.016,18970.242665971073
262897,43878.016,31721.366908914923
262898,43878.016,9441.852404234016
262899,43878.016,45474.92688529205
262900,43878.016,45705.11602773876
262901,43878.016,28635.267256935585
262902,43878.016,10440.151323879654
262903,43878.016,48044.80139865799
262904,43878.016,39082.80150507162
262905,43878.016,59694.404705838
262906,43878.016,19063.669448741523
262907,43878.016,19121.722479300883
262908,43878.016,16505.06721134277
262909,43878.016,24326.43032444869
262910,43878.016,56502.319626715645
262911,43878.016,14180.309360210887
262912,43878.016,12178.118403748373
262913,43878.016,17188.352349872534
262914,43878.016,31359.46281182127
262915,43878.016,50071.49819828448
262916,43878.016,43067.85407548341
262917,43878.016,36826.451917543964
262918,43878.016,44743.00134543271
262919,43878.016,16834.169778088355
262920,43878.016,13211.111900100508
262921,43878.016,32477.7490245224
262922,43878.016,41273.00463916575
262923,43878.016,43356.00634107701
262924,43878.016,48471.51694090331
262925,43878.016,9619.661753687018
262926,43878.016,23768.199700412773
262927,43878.016,28423.9385315889
262928,43878.016,59805.84910705626
262929,43878.016,76082.9988856509
262930,43878.016,41316.71483661483
262931,43878.016,72447.33821901339
262932,43878.016,46563.646059805404
262933,43878.016,20816.566083238875
262934,43878.016,10036.687446013968
262935,43878.016,51184.580982622654
262936,43878.016,52520.01870518665
262937,43878.016,26369.937598135053
262938,43878.016,31768.68163601877
262939,43878.016,14638.377296779501
262940,43878.016,20324.690983872348
262941,43878.016,52896.92858024696
262942,43878.016,52228.936302420596
262943,43878.016,8882.479283816494
262944,43878.016,60857.665693252726
262945,43878.016,55328.63661431786
262946,43878.016,47444.70140978994
262947,43878.016,22867.70479349939
262948,43878.016,46347.01379845173
262949,43878.016,18229.765443235996
262950,43878.016,32354.918771404336
262951,43878.016,5369.157016921759
262952,43878.016,26580.725695238692
262953,43878.016,61922.52703104424
262954,43878.016,10655.838584049981
262955,43878.016,20314.539532656818
262956,43878.016,37799.85217494381
262957,43878.016,23737.713758362836
262958,43878.016,50754.246348380504
262959,43878.016,7995.472375196042
262960,43878.016,73438.7765333657
262961,43878.016,26059.585784128376
262962,43878.016,67681.46685728618
262963,43878.016,52972.97735560051
262964,43878.016,37322.87294166736
262965,43878.016,30185.19783243722
262966,43878.016,33399.58936770338
262967,43878.016,46681.39029159157
262968,43878.016,29557.700362568783
262969,43878.016,9178.346358817153
262970,43878.016,8772.723609846074
262971,43878.016,14445.41112441039
262972,43878.016,72551.48347821085
262973,43878.016,16272.945395106712
262974,43878.016,22039.08719072713
262975,43878.016,49730.286524011986
262976,43878.016,18528.077151950973
262977,43878.016,56097.78716229305
262978,43878.016,14707.129860271192
262979,43878.016,27205.221515835154
262980,43878.016,8023.655390446835
262981,43878.016,27195.71995688805
262982,43878.016,76757.55535572159
262983,43878.016,17308.18618584063
262984,43878.016,52060.95399930222
262985,43878.016,50333.24785546509
262986,43878.016,69354.61938819547
262987,43878.016,10390.69654294668
262988,43878.016,43564.145493710676
262989,43878.016,16095.836151702051
262990,43878.016,45440.77573645956
262991,43878.016,48987.471185868526
262992,43878.016,44376.89889346164
262993,43878.016,66366.11764291575
262994,43878.016,49177.29425971944
262995,43878.016,35222.41975245068
262996,43878.016,64361.736691527985
262997,43878.016,33740.530232500736
262998,43878.016,29699.413992820693
262999,43878.016,34587.953424049396
263000,43878.016,43575.14773030009
263001,43878.016,64219.9790476508
263002,43878.016,18377.8609942736
263003,43878.016,28730.922188088163
263004,43878.016,38254.65296167468
263005,43878.016,64438.696868237
263006,43878.016,73847.96761234503
263007,43878.016,40101.831392215696
263008,43878.016,54120.309797879556
263009,43878.016,71857.72172298479
263010,43878.016,19750.852615766224
263011,43878.016,14519.089354769467
263012,43878.016,16897.051796721655
263013,43878.016,19230.744867143305
263014,43878.016,55434.269135416056
263015,43878.016,46285.23375578633
263016,43878.016,28421.9257805438
263017,43878.016,34724.865938931645
263018,43878.016,11368.022718449152
263019,43878.016,24787.69750866976
263020,43878.016,55026.555855769184
263021,43878.016,9969.292643404206
263022,43878.016,54520.75361873471
263023,43878.016,55775.733926192304
263024,43878.016,32091.35397360416
263025,43878.016,32939.83030431252
263026,43878.016,17567.572569464046
263027,43878.016,35672.185957829504
263028,43878.016,29811.041209801915
263029,43878.016,14504.923740114276
263030,43878.016,55207.28008677381
263031,43878.016,55838.529833222696
263032,43878.016,62427.937635283866
263033,43878.016,21766.466698134605
263034,43878.016,64122.673953487276
263035,43878.016,13771.8486642507
263036,43878.016,10195.580182888087
263037,43878.016,35814.46702617692
263038,43878.016,14253.181949155285
263039,43878.016,31318.105634294443
263040,43878.016,61201.93571454492
263041,43878.016,37878.74752447682
263042,43878.016,12003.893383310566
263043,43878.016,25870.021027210638
263044,43878.016,15217.597998503923
263045,43878.016,57131.43016424595
263046,43878.016,30906.356915258926
263047,43878.016,21978.543767083116
263048,43878.016,26842.159550138953
263049,43878.016,6694.678581386252
263050,43878.016,15467.677715870483
263051,43878.016,10908.940857988491
263052,43878.016,14893.2172829537
263053,43878.016,13772.554041938916
263054,43878.016,38198.23909102978
263055,43878.016,8945.402468270102
263056,43878.016,24310.754898774416
263057,43878.016,23305.46150290803
263058,43878.016,20235.714383746435
263059,43878.016,61290.25268658527
263060,43878.016,50702.34258834601
263061,43878.016,19591.83372440302
263062,43878.016,10424.79478586465
263063,43878.016,20770.499798148045
263064,43878.016,60382.40825089254
263065,43878.016,52661.790573561775
263066,43878.016,15439.530433296866
263067,43878.016,24102.416384017015
263068,43878.016,60314.69821069176
263069,43878.016,12482.452057662735
263070,43878.016,41380.24043913613
263071,43878.016,25137.259691976942
263072,43878.016,38380.4397865179
263073,43878.016,25358.505532746945
263074,43878.016,18051.401927616
263075,43878.016,31311.14739800817
263076,43878.016,21961.234313566532
263077,43878.016,61216.03302461737
263078,43878.016,32302.128027888983
263079,43878.016,9331.17413180568
263080,43878.016,59641.33823757663
263081,43878.016,58433.97896659074
263082,43878.016,82212.21130880299
263083,43878.016,43223.28952446743
263084,43878.016,67146.81041445457
263085,43878.016,41210.767921794206
263086,43878.016,20981.394483602013
263087,43878.016,52112.72454318549
263088,43878.016,28260.571105747018
263089,43878.016,36912.01411072619
263090,43878.016,46639.016566595456
263091,43878.016,59419.73946551596
263092,43878.016,7176.587354203396
263093,43878.016,24339.823384818483
263094,43878.016,28461.493012206236
263095,43878.016,61294.21966902089
263096,43878.016,21159.477040426435
263097,43878.016,8871.322336979416
263098,43878.016,18676.964879324263
263099,43878.016,42871.03567101661
263100,43878.016,11147.374724339961
263101,43878.016,58819.85893547337
263102,43878.016,37880.0961556666
263103,43878.016,16523.48760207355
263104,43878.016,11939.06248495652
263105,43878.016,45191.838388789365
263106,43878.016,20146.531176191034
263107,43878.016,27974.79505052314
263108,43878.016,34758.34594266732
263109,43878.016,63409.341894666744
263110,43878.016,43434.78763446658
263111,43878.016,11360.907947519816
263112,43878.016,27627.401998737772
263113,43878.016,15343.951313086865
263114,43878.016,14930.396965846645
263115,43878.016,24966.332833590946
263116,43878.016,48911.96964038144
263117,43878.016,47125.241235772366
263118,43878.016,58108.603310321916
263119,43878.016,36498.63272283713
263120,43878.016,30679.320652659837
263121,43878.016,29621.149794375182
263122,43878.016,25665.93649570792
263123,43878.016,19638.130450649365
263124,43878.016,68757.18621102799
263125,43878.016,57148.23245255489
263126,43878.016,57074.467823000945
263127,43878.016,31828.956227843308
263128,43878.016,15195.564903727824
263129,43878.016,35050.66601136877
263130,43878.016,37548.087521707406
263131,43878.016,18598.470574843825
263132,43878.016,69286.31892712935
263133,43878.016,46475.87993008609
263134,43878.016,22003.676954858285
263135,43878.016,31127.111200416766
263136,43878.016,35362.31651100708
263137,43878.016,36680.17186585734
263138,43878.016,18221.64995694929
263139,43878.016,60204.67565297813
263140,43878.016,68687.46131734036
263141,43878.016,23874.295522044646
263142,43878.016,39376.17455340527
263143,43878.016,28686.559903450452
263144,43878.016,57489.09690297461
263145,43878.016,18827.371331150625
263146,43878.016,54267.04068458397
263147,43878.016,52095.31636648037
263148,43878.016,40587.87047411803
263149,43878.016,30177.73220417729
263150,43878.016,28557.018152934223
263151,43878.016,24961.428272172583
263152,43878.016,45525.11846642822
263153,43878.016,68024.5678722334
263154,43878.016,25888.670115220943
263155,43878.016,69441.8699909559
263156,43878.016,57628.32900806471
263157,43878.016,22169.183842165436
263158,43878.016,14136.10336733891
263159,43878.016,21796.18736533471
263160,43878.016,15572.556182193648
263161,43878.016,36554.45450421288
263162,43878.016,58030.78410626178
263163,43878.016,59395.45348096779
263164,43878.016,38692.114138329445
263165,43878.016,50608.70291591062
263166,43878.016,36464.789914504116
263167,43878.016,8021.788214560409
263168,43878.016,46835.13117082603
263169,43878.016,41727.70208943421
263170,43878.016,74402.48985481991
263171,43878.016,35907.25950388712
263172,43878.016,20881.025665523342
263173,43878.016,67696.75738144133
263174,43878.016,6565.35269083035
263175,43878.016,20231.83999705552
263176,43878.016,8595.46398382792
263177,43878.016,17493.91168860533
263178,43878.016,27856.8807544329
263179,43878.016,28784.183296959007
263180,43878.016,21576.5195962032
263181,43878.016,25429.99685862352
263182,43878.016,63175.90290613703
263183,43878.016,55393.345741206234
263184,43878.016,10499.99223737948
263185,43878.016,56987.854548097734
263186,43878.016,15215.21046123079
263187,43878.016,37941.37721488868
263188,43878.016,69690.6073834782
263189,43878.016,57482.566487776196
263190,43878.016,47438.77341487715
263191,43878.016,26434.91860106729
263192,43878.016,10554.93887306872
263193,43878.016,46777.109518779616
263194,43878.016,58232.57212025409
263195,43878.016,24726.62053476116
263196,43878.016,77664.05179683043
263197,43878.016,56701.105655262094
263198,43878.016,8913.93541228951
263199,43878.016,58721.285636437366
263200,43878.016,54206.467585387116
263201,43878.016,46265.358214826156
263202,43878.016,43962.58975763482
263203,43878.016,57518.054990256685
263204,43878.016,15037.14856571819
263205,43878.016,45720.62670116809
263206,43878.016,9744.73368207508
263207,43878.016,10654.454038451886
263208,43878.016,35560.76454479838
263209,43878.016,9483.731603240976
263210,43878.016,22513.30836253111
263211,43878.016,51888.54785704306
263212,43878.016,34544.327405800286
263213,43878.016,54389.67892127837
263214,43878.016,69374.8021302589
263215,43878.016,9880.627978067081
263216,43878.016,13613.536093299119
263217,43878.016,41587.045409201186
263218,43878.016,16521.745521429744
263219,43878.016,27650.468917225677
263220,43878.016,31850.275542499017
263221,43878.016,45006.72957325244
263222,43878.016,8714.166131976435
263223,43878.016,66852.00133482365
263224,43878.016,22636.75380395591
263225,43878.016,83409.80258986531
263226,43878.016,37926.88692409979
263227,43878.016,78568.67082406937
263228,43878.016,39641.67137344963
263229,43878.016,8900.24748154872
263230,43878.016,30929.777878195782
263231,43878.016,47818.537648133526
263232,43878.016,48796.00983476423
263233,43878.016,44835.96552976014
263234,43878.016,62266.71803674383
263235,43878.016,38057.980447667294
263236,43878.016,45655.329006117354
263237,43878.016,68521.08467285267
263238,43878.016,15670.195844568752
263239,43878.016,8599.345138934874
263240,43878.016,35460.708015781245
263241,43878.016,37823.02541657664
263242,43878.016,49754.78478228747
263243,43878.016,39134.021321359745
263244,43878.016,29542.615446961972
263245,43878.016,32887.77759050597
263246,43878.016,14015.493675992739
263247,43878.016,25797.48522976355
263248,43878.016,11462.412926599503
263249,43878.016,44435.264996566664
263250,43878.016,11129.839157128303
263251,43878.016,21188.80045798152
263252,43878.016,28494.96677159307
263253,43878.016,39179.97701892201
263254,43878.016,33842.13889389065
263255,43878.016,60495.26121471413
263256,43878.016,52303.389148407754
263257,43878.016,39856.44656805544
263258,43878.016,31703.375290733904
263259,43878.016,26439.400195924816
263260,43878.016,16173.930729321562
263261,43878.016,43855.41479241538
263262,43878.016,53354.562253182725
263263,43878.016,42799.21148382013
263264,43878.016,42093.83720875527
263265,43878.016,74986.40345900257
263266,43878.016,41923.45382048365
263267,43878.016,19750.194348909372
263268,43878.016,28160.112985938544
263269,43878.016,44612.21388431285
263270,43878.016,68647.84517955799
263271,43878.016,13674.13475466654
263272,43878.016,65142.17039771232
263273,43878.016,53814.624406621006
263274,43878.016,10079.42460584486
263275,43878.016,5836.386815463118
263276,43878.016,30920.63833653206
263277,43878.016,10710.699775279852
263278,43878.016,8968.192032551064
263279,43878.016,7055.165231627932
263280,43878.016,38540.743594555264
263281,43878.016,22422.022302346326
263282,43878.016,33633.432265333344
263283,43878.016,26514.200247534784
263284,43878.016,32049.211888005193
263285,43878.016,14035.933401910692
263286,43878.016,12248.600150841685
263287,43878.016,39837.370955750426
263288,43878.016,22213.36949375866
263289,43878.016,66946.04987142957
263290,43878.016,52301.85871314129
263291,43878.016,37650.570570912234
263292,43878.016,51797.55968607161
263293,43878.016,18387.050429867264
263294,43878.016,60188.992104860765
263295,43878.016,28294.823436490875
263296,43878.016,24847.06236404508
263297,43878.016,44801.30872066366
263298,43878.016,12180.788409856572
263299,43878.016,22174.3627898949
263300,43878.016,59954.77260777457
263301,43878.016,34051.764736056066
263302,43878.016,74369.19222412515
263303,43878.016,22287.73501876415
263304,43878.016,13956.74036071243
263305,43878.016,35051.081130873565
263306,43878.016,39109.86142653201
263307,43878.016,34939.70035955645
263308,43878.016,16023.560215237778
263309,43878.016,20236.64049180816
263310,43878.016,26995.376576380033
263311,43878.016,13811.557304489797
263312,43878.016,14977.247632046021
263313,43878.016,40530.225731870625
263314,43878.016,19485.309068320068
263315,43878.016,39386.84414586924
263316,43878.016,8638.376270406801
263317,43878.016,21435.04627918672
263318,43878.016,60766.50661361463
263319,43878.016,52997.401174668375
263320,43878.016,56855.9248444134
263321,43878.016,73024.2096802484
263322,43878.016,32732.598286706612
263323,43878.016,44211.27628319317
263324,43878.016,89516.79652143833
263325,43878.016,87365.35602365334
263326,43878.016,31763.36466440523
263327,43878.016,56954.931741378015
263328,43878.016,24018.334278234834
263329,43878.016,39461.89264871501
263330,43878.016,53336.260450838185
263331,43878.016,21169.039061557432
263332,43878.016,22501.501847599837
263333,43878.016,47154.76569465867
263334,43878.016,21634.513617568482
263335,43878.016,19157.274089227176
263336,43878.016,32092.176373084356
263337,43878.016,10500.249564529226
263338,43878.016,44053.79982524025
263339,43878.016,25592.361356630186
263340,43878.016,9860.881600225628
263341,43878.016,37604.03313697081
263342,43878.016,28967.3958582407
263343,43878.016,10879.4706806669
263344,43878.016,57451.07939150282
263345,43878.016,19178.694496085667
263346,43878.016,33038.263814935315
263347,43878.016,51033.578440179124
263348,43878.016,61978.801882863656
263349,43878.016,47484.445963091304
263350,43878.016,37283.02229549226
263351,43878.016,17108.241971040065
263352,43878.016,62093.84915802573
263353,43878.016,10449.637148946607
263354,43878.016,48976.51714732941
263355,43878.016,36180.65871029505
263356,43878.016,16879.02456147943
263357,43878.016,8206.239766105664
263358,43878.016,10292.42418552008
263359,43878.016,30605.305864655213
263360,43878.016,57309.773844096264
263361,43878.016,50156.47758270593
263362,43878.016,21643.84289271012
263363,43878.016,58679.86408675148
263364,43878.016,25519.407637735385
263365,43878.016,38157.10990663598
263366,43878.016,13704.741770578501
263367,43878.016,33855.432376825695
263368,43878.016,34209.53638035391
263369,43878.016,33180.74240313016
263370,43878.016,23966.112094731827
263371,43878.016,53056.52921340451
263372,43878.016,7852.958888068523
263373,43878.016,16032.913033467146
263374,43878.016,13783.72072957328
263375,43878.016,23726.030056634492
263376,43878.016,39088.40010446945
263377,43878.016,35169.50626435234
263378,43878.016,75004.55644521372
263379,43878.016,18818.461862274675
263380,43878.016,70301.8070065352
263381,43878.016,35679.559848424935
263382,43878.016,23673.735825868018
263383,43878.016,26854.7009782039
263384,43878.016,42111.72198924987
263385,43878.016,34683.379612497745
263386,43878.016,18240.62288866477
263387,43878.016,55009.760852133215
263388,43878.016,42842.29307494129
263389,43878.016,27185.893868798015
263390,43878.016,30966.88352625797
263391,43878.016,46502.469230331706
263392,43878.016,42046.15654050196
263393,43878.016,45735.21149929603
263394,43878.016,17123.2952715828
263395,43878.016,64161.51497519822
263396,43878.016,42727.25086722556
263397,43878.016,50564.51707938505
263398,43878.016,43639.40859200146
263399,43878.016,40705.92418148418
263400,43878.016,56339.24817087114
263401,43878.016,48092.38859246701
263402,43878.016,31081.256386247223
263403,43878.016,49854.23503360004
263404,43878.016,34441.229674410926
263405,43878.016,42743.45130959982
263406,43878.016,47183.11982908514
263407,43878.016,21968.057025786497
263408,43878.016,61841.76263690422
263409,43878.016,9189.95766288412
263410,43878.016,40866.77859561539
263411,43878.016,44044.665710568435
263412,43878.016,48223.452252799994
263413,43878.016,42578.09012711186
263414,43878.016,13520.991748061015
263415,43878.016,32117.81344645358
263416,43878.016,9755.655411564012
263417,43878.016,18274.45211687489
263418,43878.016,37165.34945082168
263419,43878.016,19719.805554832834
263420,43878.016,4702.205119006864
263421,43878.016,40772.6197105523
263422,43878.016,70558.68546984883
263423,43878.016,3397.5566678699247
263424,43878.016,45392.69838081256
263425,43878.016,44531.82377126163
263426,43878.016,58627.69365796159
263427,43878.016,20428.038992435035
263428,43878.016,23954.48964695359
263429,43878.016,13963.977781374213
263430,43878.016,3391.7043972895685
263431,43878.016,56439.94709306359
263432,43878.016,6866.558677889712
263433,43878.016,29604.778825014302
263434,43878.016,10216.621335746953
263435,43878.016,43789.31507275219
263436,43878.016,8866.350012639054
263437,43878.016,35308.01710106054
263438,43878.016,11748.542395893433
263439,43878.016,36526.66177190602
263440,43878.016,36053.928199439004
263441,43878.016,19207.62435702981
263442,43878.016,13023.081179407816
263443,43878.016,16904.37832490045
263444,43878.016,57576.354700091186
263445,43878.016,16506.086281648855
263446,43878.016,12016.702033574655
263447,43878.016,43655.687434864885
263448,43878.016,32616.190543090433
263449,43878.016,29619.86522249702
263450,43878.016,33463.00036658663
263451,43878.016,20761.14453105398
263452,43878.016,11378.278190474919
263453,43878.016,34811.447396161115
263454,43878.016,12451.562958421026
263455,43878.016,41489.86406060441
263456,43878.016,53972.49252478352
263457,43878.016,25281.245703222598
263458,43878.016,63926.98274264718
263459,43878.016,24387.238113527084
263460,43878.016,57904.473710697006
263461,43878.016,30670.31293811266
263462,43878.016,33956.658816208794
263463,43878.016,8712.382396320774
263464,43878.016,58484.5505395836
263465,43878.016,22832.72718571667
263466,43878.016,57993.21692098554
263467,43878.016,27912.952430150224
263468,43878.016,32092.60870234668
263469,43878.016,48371.93266989183
263470,43878.016,19298.802733601315
263471,43878.016,42417.80936127121
263472,43878.016,13637.151468954635
263473,43878.016,18087.944531431418
263474,43878.016,49593.34356046418
263475,43878.016,43216.21370691289
263476,43878.016,41224.573232200855
263477,43878.016,59694.32077293646
263478,43878.016,20607.06369517837
263479,43878.016,32028.829722997667
263480,43878.016,60323.77656788564
263481,43878.016,64625.05398874342
263482,43878.016,32066.478090501365
263483,43878.016,10561.078873873255
263484,43878.016,44021.80687457554
263485,43878.016,49076.587832077916
263486,43878.016,45299.18614707871
263487,43878.016,62622.36984621237
263488,43878.016,40582.19840903378
263489,43878.016,23612.771317774175
263490,43878.016,31280.606017147136
263491,43878.016,10279.848634440397
263492,43878.016,16870.225732229417
263493,43878.016,31656.79617859916
263494,43878.016,13239.378814176782
263495,43878.016,70402.6011729072
263496,43878.016,33513.91251607281
263497,43878.016,66240.99355390118
263498,43878.016,57806.116523967576
263499,43878.016,61124.1165449494
263500,43878.016,30848.39719433666
263501,43878.016,12112.55977197764
263502,43878.016,21317.391662413014
263503,43878.016,45909.30319021938
263504,43878.016,56281.82728832654
263505,43878.016,45739.55009658549
263506,43878.016,24973.986090384602
263507,43878.016,46367.23717746002
263508,43878.016,27028.798747741912
263509,43878.016,13879.062020069245
263510,43878.016,6572.590401794242
263511,43878.016,29504.68102953562
263512,43878.016,41811.21521670749
263513,43878.016,74643.67748115251
263514,43878.016,20049.202233748067
263515,43878.016,71611.03496788173
263516,43878.016,50757.00341057285
263517,43878.016,42438.76872885306
263518,43878.016,24259.095803110773
263519,43878.016,17984.05982101815
263520,43878.016,66952.99164263946
263521,43878.016,24048.690137449717
263522,43878.016,10948.891497741832
263523,43878.016,60991.95743861099
263524,43878.016,77907.26778512748
263525,43878.016,10155.941438809206
263526,43878.016,27138.349650107404
263527,43878.016,28234.558023863792
263528,43878.016,14463.78853320265
263529,43878.016,13856.633525459989
263530,43878.016,16918.944020404982
263531,43878.016,43600.94334399452
263532,43878.016,14022.111544632835
263533,43878.016,53815.585542645225
263534,43878.016,35990.00247105299
263535,43878.016,21108.761630086665
263536,43878.016,15473.987471856473
263537,43878.016,71279.62830063602
263538,43878.016,53263.100572893796
263539,43878.016,11350.40084323956
263540,43878.016,33177.52086724132
263541,43878.016,12562.357076910725
263542,43878.016,56698.6127208331
263543,43878.016,25340.60515108994
263544,43878.016,54713.497754443386
263545,43878.016,9108.245214744282
263546,43878.016,30687.9561614798
263547,43878.016,10571.160242111057
263548,43878.016,23622.737988878685
263549,43878.016,37551.978967962394
263550,43878.016,15646.810710523208
263551,43878.016,71046.74110377411
263552,43878.016,16727.868974419383
263553,43878.016,10223.815002675236
263554,43878.016,45074.61003404347
263555,43878.016,24852.80110297993
263556,43878.016,38254.95685778714
263557,43878.016,33910.19507739115
263558,43878.016,53798.28133661548
263559,43878.016,43553.807570318204
263560,43878.016,15013.100989790455
263561,43878.016,61709.05387580124
263562,43878.016,29745.505412310184
263563,43878.016,12684.709865524317
263564,43878.016,29876.15668280315
263565,43878.016,29997.077518744576
263566,43878.016,70481.47869798126
263567,43878.016,37616.63524957145
263568,43878.016,96359.31909385115
263569,43878.016,55617.55667212937
263570,43878.016,54701.37430848692
263571,43878.016,7877.586960500428
263572,43878.016,19951.425919965444
263573,43878.016,21513.635927940963
263574,43878.016,8867.972898519492
263575,43878.016,37808.30474494439
263576,43878.016,32103.699187182072
263577,43878.016,95942.81567551049
263578,43878.016,5855.476021516957
263579,43878.016,50601.259600238685
263580,43878.016,55077.64284495091
263581,43878.016,54188.440819852025
263582,43878.016,35530.666975307635
263583,43878.016,74772.77904908358
263584,43878.016,20659.761301545575
263585,43878.016,19111.048235274993
263586,43878.016,45753.77119375824
263587,43878.016,34088.528251658834
263588,43878.016,35253.7543127766
263589,43878.016,24745.11009803899
263590,43878.016,21598.783444757566
263591,43878.016,11660.180660514041
263592,43878.016,30643.440796200386
263593,43878.016,8122.163598402917
263594,43878.016,12194.494435750305
263595,43878.016,24430.717486149762
263596,43878.016,30054.857715036072
263597,43878.016,9301.607331632911
263598,43878.016,63042.811344575275
263599,43878.016,31202.075919402192
263600,43878.016,10188.276453417206
263601,43878.016,30354.447104303683
263602,43878.016,42600.75287570168
263603,43878.016,41727.16073532988
263604,43878.016,26201.507629994267
263605,43878.016,14607.126312886277
263606,43878.016,46441.14241297152
263607,43878.016,17271.443009320326
263608,43878.016,47006.14494292934
263609,43878.016,63006.26801358753
263610,43878.016,58447.76867622427
263611,43878.016,49506.23428328552
263612,43878.016,63156.77242593546
263613,43878.016,9843.592094294352
263614,43878.016,74632.54208906797
263615,43878.016,36087.27336279632
263616,43878.016,28828.711502281432
263617,43878.016,12413.155561413974
263618,43878.016,12788.684360990663
263619,43878.016,16416.640312091185
263620,43878.016,79125.09686674517
263621,43878.016,31251.36389217482
263622,43878.016,25003.342856562675
263623,43878.016,19281.501220795217
263624,43878.016,11215.695071144552
263625,43878.016,50112.15260673749
263626,43878.016,39916.1799405781
263627,43878.016,25920.001615598958
263628,43878.016,16352.66291685631
263629,43878.016,41961.90458188843
263630,43878.016,57977.48492725851
263631,43878.016,43501.8540163096
263632,43878.016,39574.68258782214
263633,43878.016,16565.485319373245
263634,43878.016,62402.57379183016
263635,43878.016,11635.54622029445
263636,43878.016,55510.68340449385
263637,43878.016,22449.85864014954
263638,43878.016,38055.831018105404
263639,43878.016,18469.442753128194
263640,43878.016,46681.778141877956
263641,43878.016,17449.186726877113
263642,43878.016,23476.338391371213
263643,43878.016,16939.521279489785
263644,43878.016,52109.369301500854
263645,43878.016,44431.14313855252
263646,43878.016,49648.71691457305
263647,43878.016,42533.39524574152
263648,43878.016,25750.315958636293
263649,43878.016,35221.17640800524
263650,43878.016,50178.577385624616
263651,43878.016,46854.78468492665
263652,43878.016,46501.42549183542
263653,43878.016,69765.40426948405
263654,43878.016,39905.01984710698
263655,43878.016,17485.314291933653
263656,43878.016,18913.893592684966
263657,43878.016,14347.177226028085
263658,43878.016,29925.024287696993
263659,43878.016,17211.07259602252
263660,43878.016,24311.792917048762
263661,43878.016,45627.96386271003
263662,43878.016,88121.58512521602
263663,43878.016,6683.287038904858
263664,43878.016,28867.116467703003
263665,43878.016,7561.190455636443
263666,43878.016,66243.81867398598
263667,43878.016,50314.637914475505
263668,43878.016,24401.831592920385
263669,43878.016,11148.900452531916
263670,43878.016,47856.53158128406
263671,43878.016,47273.449253516665
263672,43878.016,13409.282610052054
263673,43878.016,44904.56677565458
263674,43878.016,60300.586419263505
263675,43878.016,11741.216213712005
263676,43878.016,48437.07555826962
263677,43878.016,46831.725916502095
263678,43878.016,16800.814281675026
263679,43878.016,25101.230095838964
263680,43878.016,27713.65019621179
263681,43878.016,53175.247097931926
263682,43878.016,19979.952226864996
263683,43878.016,45054.281845723155
263684,43878.016,16522.637033719227
263685,43878.016,48664.82325116914
263686,43878.016,66374.6622076892
263687,43878.016,10177.318342919567
263688,43878.016,33935.2116368886
263689,43878.016,22759.913782784377
263690,43878.016,17055.058494112138
263691,43878.016,22165.52735465201
263692,43878.016,64642.66231249969
263693,43878.016,22890.449332252523
263694,43878.016,28876.811947196256
263695,43878.016,28036.926093192422
263696,43878.016,16439.988116186825
263697,43878.016,54824.14147401377
263698,43878.016,14456.191073483928
263699,43878.016,10740.497814304928
263700,43878.016,31123.683492529737
263701,43878.016,10552.248174322614
263702,43878.016,48624.54022884346
263703,43878.016,28428.88830707485
263704,43878.016,20304.661311999687
263705,43878.016,58615.367316658594
263706,43878.016,59801.51060167662
263707,43878.016,17432.296542054402
263708,43878.016,13389.87430844964
263709,43878.016,29506.20823429272
263710,43878.016,46016.40502506844
263711,43878.016,27619.27252524438
263712,43878.016,20560.49968257493
263713,43878.016,46890.71207876461
263714,43878.016,48081.54584627131
263715,43878.016,65181.66903392687
263716,43878.016,34680.832464177285
263717,43878.016,54733.36114443681
263718,43878.016,58574.40525764667
263719,43878.016,70848.24416490953
263720,43878.016,15383.078960788165
263721,43878.016,62787.987171238565
263722,43878.016,16442.33958134085
263723,43878.016,62218.101897643646
263724,43878.016,10947.586447365959
263725,43878.016,33702.25192914848
263726,43878.016,23955.752421189485
263727,43878.016,58227.37974554862
263728,43878.016,21572.614803949225
263729,43878.016,27937.284116780123
263730,43878.016,3899.9268492844562
263731,43878.016,8685.791229213073
263732,43878.016,56534.673143250926
263733,43878.016,26376.5821474355
263734,43878.016,70954.60400423003
263735,43878.016,16481.66657442982
263736,43878.016,34416.22541444775
263737,43878.016,50959.64405694092
263738,43878.016,30565.06109530093
263739,43878.016,14424.87525609194
263740,43878.016,54736.67239508326
263741,43878.016,51861.014323080664
263742,43878.016,47937.467322130506
263743,43878.016,19418.439911951817
263744,43878.016,23508.03417546284
263745,43878.016,19798.160856859024
263746,43878.016,14682.071736178268
263747,43878.016,10282.219694640831
263748,43878.016,52647.586250379536
263749,43878.016,18405.362892747315
263750,43878.016,18707.06845289328
263751,43878.016,57120.55389643505
263752,43878.016,12734.657052723456
263753,43878.016,22293.69005017562
263754,43878.016,34927.35577128167
263755,43878.016,21203.637156055906
263756,43878.016,40484.74728179018
263757,43878.016,37607.75800977918
263758,43878.016,28123.286858835676
263759,43878.016,57237.40617215613
263760,43878.016,28636.08141617694
263761,43878.016,15148.139802063202
263762,43878.016,71865.8948259777
263763,43878.016,17831.935173360536
263764,43878.016,14945.538895264152
263765,43878.016,43691.08386903827
263766,43878.016,42835.0931188877
263767,43878.016,47089.54841848941
263768,43878.016,11213.697302598344
263769,43878.016,26382.519997292475
263770,43878.016,17681.947399595618
263771,43878.016,16338.473238595105
263772,43878.016,16390.065722935193
263773,43878.016,58396.264003218974
263774,43878.016,14333.641060843926
263775,43878.016,52892.83814840782
263776,43878.016,38059.5890014832
263777,43878.016,46807.840421212524
263778,43878.016,39557.90937803695
263779,43878.016,17733.1332837072
263780,43878.016,8551.009732889004
263781,43878.016,49363.1704963654
263782,43878.016,25259.658154359557
263783,43878.016,7653.929031143208
263784,43878.016,39758.00625189334
263785,43878.016,63657.43022675054
263786,43878.016,23534.269722662266
263787,43878.016,59889.20164403109
263788,43878.016,97427.51017690307
263789,43878.016,61419.88020233824
263790,43878.016,10203.819655174755
263791,43878.016,37508.09927356251
263792,43878.016,30601.09947896957
263793,43878.016,64117.0345242308
263794,43878.016,25021.932082833202
263795,43878.016,8601.241855838452
263796,43878.016,15012.75005190318
263797,43878.016,3263.8818883003282
263798,43878.016,20304.540840907383
263799,43878.016,16626.686785688675
263800,43878.016,18586.663196175403
263801,43878.016,24271.424615539214
263802,43878.016,16988.172170334667
263803,43878.016,8551.85816255073
263804,43878.016,40665.18496834117
263805,43878.016,17610.812101249794
263806,43878.016,30926.78791277072
263807,43878.016,51431.18735005253
263808,43878.016,47633.85072083253
263809,43878.016,22852.002225719563
263810,43878.016,100089.99776392632
263811,43878.016,63193.219159005836
263812,43878.016,25551.97467776163
263813,43878.016,20607.90057949283
263814,43878.016,25628.210180112077
263815,43878.016,23952.945857967385
263816,43878.016,18269.657506692303
263817,43878.016,15911.961770381275
263818,43878.016,23416.652883186063
263819,43878.016,56256.10247245733
263820,43878.016,27804.434801147254
263821,43878.016,33350.60547328969
263822,43878.016,27197.346772816585
263823,43878.016,66831.31881005084
263824,43878.016,21835.501655236585
263825,43878.016,24524.703870780544
263826,43878.016,27333.36948962431
263827,43878.016,15923.474127975902
263828,43878.016,54003.57494259625
263829,43878.016,45816.38390437562
263830,43878.016,117189.71362116278
263831,43878.016,13578.118273361699
263832,43878.016,47530.76495777303
263833,43878.016,48885.20195779612
263834,43878.016,30819.081861256986
263835,43878.016,68132.83596951385
263836,43878.016,17174.380818861755
263837,43878.016,46664.233952575596
263838,43878.016,19232.340802677536
263839,43878.016,49051.43376493405
263840,43878.016,8551.051897885063
263841,43878.016,28343.82352192074
263842,43878.016,59210.73375309418
263843,43878.016,52937.93652278665
263844,43878.016,12240.621899430527
263845,43878.016,72986.20926186658
263846,43878.016,21254.874349363618
263847,43878.016,46190.698499470906
263848,43878.016,13506.649967148756
263849,43878.016,25484.56129991711
263850,43878.016,5791.207407240983
263851,43878.016,43006.644472641885
263852,43878.016,18139.846458625507
263853,43878.016,62286.27634714455
263854,43878.016,63633.45572122691
263855,43878.016,71273.57545056731
263856,43878.016,32632.93379765517
263857,43878.016,43205.24769776093
263858,43878.016,37054.99675238274
263859,43878.016,36809.5827367779
263860,43878.016,39076.110002303365
263861,43878.016,29170.811976378034
263862,43878.016,22914.04810496938
263863,43878.016,17550.550891317085
263864,43878.016,26104.42649294157
263865,43878.016,57365.81812903847
263866,43878.016,29133.487493266857
263867,43878.016,25430.561186242485
263868,43878.016,20950.074670472975
263869,43878.016,55006.63871915297
263870,43878.016,29978.94299682508
263871,43878.016,20270.015307750415
263872,43878.016,40744.25937844841
263873,43878.016,6328.98505230579
263874,43878.016,64674.72959791362
263875,43878.016,15475.11220978126
263876,43878.016,50967.30149852506
263877,43878.016,24082.194567968694
263878,43878.016,22690.359710907742
263879,43878.016,47570.239946986185
263880,43878.016,26657.601702596443
263881,43878.016,15713.030731798688
263882,43878.016,41388.54451133573
263883,43878.016,30957.62414286949
263884,43878.016,13110.81463554583
263885,43878.016,7973.420080398257
263886,43878.016,18961.07323049416
263887,43878.016,20123.229237138185
263888,43878.016,34035.19521524543
263889,43878.016,60900.42775094831
263890,43878.016,57066.11983435789
263891,43878.016,20415.822131417208
263892,43878.016,49008.05305449146
263893,43878.016,12359.989287664905
263894,43878.016,10058.050588268068
263895,43878.016,58239.68518451229
263896,43878.016,49933.816617022865
263897,43878.016,24150.911326266236
263898,43878.016,9127.50852142943
263899,43878.016,24350.885108935567
263900,43878.016,38241.37307458457
263901,43878.016,8337.597582497634
263902,43878.016,26047.618439310372
263903,43878.016,54388.98856318585
263904,43878.016,66642.04996170741
263905,43878.016,8951.388555194384
263906,43878.016,54139.64099667835
263907,43878.016,27802.599961349657
263908,43878.016,55849.177949646524
263909,43878.016,105833.12319370508
263910,43878.016,22545.76803334692
263911,43878.016,55492.31071221903
263912,43878.016,42083.62962681173
263913,43878.016,93697.26047643303
263914,43878.016,33006.16656731284
263915,43878.016,69005.06555713576
263916,43878.016,75058.58531824272
263917,43878.016,57842.30705662513
263918,43878.016,12472.657659956893
263919,43878.016,42513.564562032385
263920,43878.016,51906.803655538264
263921,43878.016,39757.34262224611
263922,43878.016,62160.93917015775
263923,43878.016,43397.30629814268
263924,43878.016,21461.0193806912
263925,43878.016,31971.062409755166
263926,43878.016,27105.836940530804
263927,43878.016,72576.41943173426
263928,43878.016,51233.99228284569
263929,43878.016,10224.189943928779
263930,43878.016,52613.262795147006
263931,43878.016,25114.9302525018
263932,43878.016,72888.86276314032
263933,43878.016,52089.212278746694
263934,43878.016,36284.74761077475
263935,43878.016,32162.137168193007
263936,43878.016,22772.5684028301
263937,43878.016,56781.99623256811
263938,43878.016,26192.25928855268
263939,43878.016,34925.74113007796
263940,43878.016,32711.661793971798
263941,43878.016,41961.78407745495
263942,43878.016,14644.137042925127
263943,43878.016,18279.507364606005
263944,43878.016,16961.07095449166
263945,43878.016,39925.09206033391
263946,43878.016,39501.112676232886
263947,43878.016,20589.230665828876
263948,43878.016,39112.74308124045
263949,43878.016,10153.23634614647
263950,43878.016,49339.60757534296
263951,43878.016,19206.6566769664
263952,43878.016,29974.030741887276
263953,43878.016,30659.44860400922
263954,43878.016,46101.77569909165
263955,43878.016,21844.662808059948
263956,43878.016,15371.105110221613
263957,43878.016,8243.35166110627
263958,43878.016,64376.02725534325
263959,43878.016,11552.41589996516
263960,43878.016,8650.76398878906
263961,43878.016,28947.732956900003
263962,43878.016,65613.99821315162
263963,43878.016,35992.25702008981
263964,43878.016,17047.187802019704
263965,43878.016,19495.329672483975
263966,43878.016,30614.35683477141
263967,43878.016,27338.685660563646
263968,43878.016,19990.429674040908
263969,43878.016,20748.9923330711
263970,43878.016,7532.390266465251
263971,43878.016,21360.045997256253
263972,43878.016,71920.49212517824
263973,43878.016,28551.7020835346
263974,43878.016,17771.566961809178
263975,43878.016,7316.563311689893
263976,43878.016,18863.284932126735
263977,43878.016,10169.868211652627
263978,43878.016,72576.28846478838
263979,43878.016,19521.660127760995
263980,43878.016,39881.870173146424
263981,43878.016,10530.632806626889
263982,43878.016,8548.48151479565
263983,43878.016,116629.42147992874
263984,43878.016,26777.15617483889
263985,43878.016,17470.16561170326
263986,43878.016,45107.78112254724
263987,43878.016,25107.209839008527
263988,43878.016,38449.117400930125
263989,43878.016,11876.758210485079
263990,43878.016,28635.880251402676
263991,43878.016,11936.397535682805
263992,43878.016,66049.71929017434
263993,43878.016,16883.471837113324
263994,43878.016,102068.54360142436
263995,43878.016,39521.803419722564
263996,43878.016,59780.116058586646
263997,43878.016,81340.67356565443
263998,43878.016,20676.192950254866
263999,43878.016,39601.0815414913
264000,43878.016,22486.335562186185
264001,43878.016,49414.36136487331
264002,43878.016,31151.734826660406
264003,43878.016,21376.081730935417
264004,43878.016,55354.92769609545
264005,43878.016,13571.307214772425
264006,43878.016,18025.48003752049
264007,43878.016,36239.818601725936
264008,43878.016,9065.157175456328
264009,43878.016,22398.358748511855
264010,43878.016,71103.04943202781
264011,43878.016,68204.4044410817
264012,43878.016,15825.675413003766
264013,43878.016,15063.402028698949
264014,43878.016,25853.985648534115
264015,43878.016,66284.44342047637
264016,43878.016,38734.02926449575
264017,43878.016,39470.70369059653
264018,43878.016,5824.555450034467
264019,43878.016,39259.129447292136
264020,43878.016,67869.44825871453
264021,43878.016,18814.220416187556
264022,43878.016,28942.310784791873
264023,43878.016,32150.68872258932
264024,43878.016,49612.95665092006
264025,43878.016,53920.637290978506
264026,43878.016,11773.927716289938
264027,43878.016,15706.118873289717
264028,43878.016,21830.193345536958
264029,43878.016,18392.41652001784
264030,43878.016,9323.930868184834
264031,43878.016,52900.92286316124
264032,43878.016,35679.71095887549
264033,43878.016,34742.26867930623
264034,43878.016,9244.08596944175
264035,43878.016,61011.44555100402
264036,43878.016,13617.794422613339
264037,43878.016,19521.991629989898
264038,43878.016,10742.456003433146
264039,43878.016,12169.451197261174
264040,43878.016,19655.75887278867
264041,43878.016,15376.968398473717
264042,43878.016,27828.335491349582
264043,43878.016,15547.098827576741
264044,43878.016,50288.06307499113
264045,43878.016,20740.108063604428
264046,43878.016,17456.3247549844
264047,43878.016,51486.4212444904
264048,43878.016,35457.21844158041
264049,43878.016,14605.307106978598
264050,43878.016,54677.66079512206
264051,43878.016,10105.934054247035
264052,43878.016,13247.177161647973
264053,43878.016,39731.40308742778
264054,43878.016,11704.298471007183
264055,43878.016,17343.59767914153
264056,43878.016,43266.15705978298
264057,43878.016,36663.78093151086
264058,43878.016,28894.294027227734
264059,43878.016,50176.13158625706
264060,43878.016,81080.24341005397
264061,43878.016,60755.59165121895
264062,43878.016,16896.75718985812
264063,43878.016,19835.35399364448
264064,43878.016,60010.193642907674
264065,43878.016,66094.10869634198
264066,43878.016,57419.05298957991
264067,43878.016,31374.203556600678
264068,43878.016,17715.677716715978
264069,43878.016,20639.243033837276
264070,43878.016,72190.05493920618
264071,43878.016,36059.28376040517
264072,43878.016,11992.214955303527
264073,43878.016,16173.546839608078
264074,43878.016,36127.58101285643
264075,43878.016,48973.40488171445
264076,43878.016,34106.775308139564
264077,43878.016,23506.707849593997
264078,43878.016,38683.86355713536
264079,43878.016,33745.422304003216
264080,43878.016,47901.17761196201
264081,43878.016,30394.729718143368
264082,43878.016,30536.180219208796
264083,43878.016,61557.83493783755
264084,43878.016,27915.150671439038
264085,43878.016,48278.392484988515
264086,43878.016,20015.31874591058
264087,43878.016,21327.14710427198
264088,43878.016,36352.1714514036
264089,43878.016,45690.27470864175
264090,43878.016,9359.681310497255
264091,43878.016,31002.015551375098
264092,43878.016,25058.11900715448
264093,43878.016,37409.95176847713
264094,43878.016,56465.69533588205
264095,43878.016,46795.13741957048
264096,43878.016,12338.139410835043
264097,43878.016,69111.24385528876
264098,43878.016,9940.72919087886
264099,43878.016,70278.74742209009
264100,43878.016,21554.85686286205
264101,43878.016,26075.412477311595
264102,43878.016,27975.840457136015
264103,43878.016,52472.63453041215
264104,43878.016,14084.262039625233
264105,43878.016,21685.07407131595
264106,43878.016,36886.95551791561
264107,43878.016,59595.51744053105
264108,43878.016,14060.155966183498
264109,43878.016,54229.69826772726
264110,43878.016,38610.437697582
264111,43878.016,8309.920931224404
264112,43878.016,40260.82217711251
264113,43878.016,34353.56263962503
264114,43878.016,24794.461318090343
264115,43878.016,39591.573068327074
264116,43878.016,21243.06032740172
264117,43878.016,22694.6084937264
264118,43878.016,69346.92293217583
264119,43878.016,21531.918450343735
264120,43878.016,11444.779787454736
264121,43878.016,33321.83327121158
264122,43878.016,37219.82052023993
264123,43878.016,13679.146321886426
264124,43878.016,30312.406028983005
264125,43878.016,15040.964939189591
264126,43878.016,49495.50466356804
264127,43878.016,50798.36087483916
264128,43878.016,37307.1674102365
264129,43878.016,8079.360953214416
264130,43878.016,72256.0128450106
264131,43878.016,61236.3338606334
264132,43878.016,62948.51188869984
264133,43878.016,49737.91494722396
264134,43878.016,7875.013684958593
264135,43878.016,34265.74322446625
264136,43878.016,31571.563888446533
264137,43878.016,15378.848891289741
264138,43878.016,7400.077245349297
264139,43878.016,41893.094817159596
264140,43878.016,25675.89938720474
264141,43878.016,71828.00646821942
264142,43878.016,26842.76505848537
264143,43878.016,10250.667639286814
264144,43878.016,38964.786308494135
264145,43878.016,23036.269733178637
264146,43878.016,25837.46586115522
264147,43878.016,9098.175474437983
264148,43878.016,53399.51296376807
264149,43878.016,24390.16277548006
264150,43878.016,30925.63379274776
264151,43878.016,13315.48678891982
264152,43878.016,7057.806099013043
264153,43878.016,28155.277858330523
264154,43878.016,8923.215495602744
264155,43878.016,26422.45282006481
264156,43878.016,52671.472483223195
264157,43878.016,15609.07795365273
264158,43878.016,27387.47206528004
264159,43878.016,33977.442331356324
264160,43878.016,46306.33366822598
264161,43878.016,43857.225987596634
264162,43878.016,17674.137514613216
264163,43878.016,68753.36260383774
264164,43878.016,39989.03495634304
264165,43878.016,51732.89522445952
264166,43878.016,35209.25552044895
264167,43878.016,20349.33123476388
264168,43878.016,65711.38346884558
264169,43878.016,67416.06643706356
264170,43878.016,46437.53029581266
264171,43878.016,30114.175472566647
264172,43878.016,33059.80390179156
264173,43878.016,25789.882995175172
264174,43878.016,40437.85540890375
264175,43878.016,11369.218579796496
264176,43878.016,67680.39390870878
264177,43878.016,48532.587392566595
264178,43878.016,11166.741859071279
264179,43878.016,5435.117422586136
264180,43878.016,72951.14502213345
264181,43878.016,27175.49691725748
264182,43878.016,12801.931544317084
264183,43878.016,16050.805294913142
264184,43878.016,64049.86363336694
264185,43878.016,35419.11111396812
264186,43878.016,15695.725603317478
264187,43878.016,54073.95911337031
264188,43878.016,33182.899100176626
264189,43878.016,44496.70590447279
264190,43878.016,60556.771102550236
264191,43878.016,27960.435808454742
264192,43878.016,20916.6740840984
264193,43878.016,73845.95402857508
264194,43878.016,29443.704213320878
264195,43878.016,6347.967392978213
264196,43878.016,68366.21960063418
264197,43878.016,30700.28341143752
264198,43878.016,22985.798473111736
264199,43878.016,19499.892274734473
264200,43878.016,66612.29270411319
264201,43878.016,56166.35324184926
264202,43878.016,19926.774539165275
264203,43878.016,17625.186611201192
264204,43878.016,20888.60491412623
264205,43878.016,43433.106515737905
264206,43878.016,41479.39273245866
264207,43878.016,76422.5149429106
264208,43878.016,13533.272222161446
264209,43878.016,62732.96988401594
264210,43878.016,6378.470512432163
264211,43878.016,49399.177832250374
264212,43878.016,19864.506973076423
264213,43878.016,56793.115664608726
264214,43878.016,38968.90564512584
264215,43878.016,9746.494921344301
264216,43878.016,27432.81127489345
264217,43878.016,61958.5149285958
264218,43878.016,67270.37647355426
264219,43878.016,27801.888048800356
264220,43878.016,3874.6760461251456
264221,43878.016,22455.601619212484
264222,43878.016,51717.70701291429
264223,43878.016,18881.607193727625
264224,43878.016,47510.59238290185
264225,43878.016,28569.7556218734
264226,43878.016,57041.75718539964
264227,43878.016,32013.353790384597
264228,43878.016,48502.944994404
264229,43878.016,54873.67062783612
264230,43878.016,9743.874822019057
264231,43878.016,47579.39294565502
264232,43878.016,27797.684711861773
264233,43878.016,53984.86889323998
264234,43878.016,7115.6602214014
264235,43878.016,63814.32206129019
264236,43878.016,81710.676512489
264237,43878.016,28261.244060361532
264238,43878.016,15837.393542758842
264239,43878.016,15974.2127526745
264240,43878.016,10314.869383951438
264241,43878.016,18189.493240730942
264242,43878.016,15086.463553391368
264243,43878.016,32644.165729936594
264244,43878.016,12885.49924665165
264245,43878.016,48211.707090097414
264246,43878.016,20195.813923434347
264247,43878.016,21915.245956588362
264248,43878.016,23344.501977600452
264249,43878.016,12387.43611249964
264250,43878.016,44549.099029557976
264251,43878.016,23098.07929404289
264252,43878.016,24949.90572492794
264253,43878.016,66686.02284434348
264254,43878.016,47335.00222960342
264255,43878.016,17643.328965762485
264256,43878.016,37351.72904710587
264257,43878.016,19707.484693485327
264258,43878.016,36923.371149092425
264259,43878.016,38637.16042402315
264260,43878.016,48824.753689249475
264261,43878.016,39065.75103910592
264262,43878.016,26906.107805905922
264263,43878.016,63871.029982496955
264264,43878.016,50917.05214196401
264265,43878.016,17241.0126252875
264266,43878.016,55218.44167900143
264267,43878.016,16646.812316965737
264268,43878.016,11544.289881522009
264269,43878.016,15441.160015613665
264270,43878.016,17725.47303238971
264271,43878.016,51327.805417647
264272,43878.016,36517.550326845165
264273,43878.016,42767.56284184658
264274,43878.016,72170.7150763317
264275,43878.016,47309.32089629134
264276,43878.016,31525.419828797603
264277,43878.016,32145.553721215194
264278,43878.016,71471.28171552745
264279,43878.016,28098.339660771213
264280,43878.016,54969.66222886152
264281,43878.016,28465.355899703325
264282,43878.016,14570.374597509164
264283,43878.016,20093.28176054856
264284,43878.016,28368.53002687336
264285,43878.016,37266.963712131444
264286,43878.016,34038.493933660335
264287,43878.016,16929.85034969441
264288,43878.016,26612.02593746417
264289,43878.016,27289.11059040766
264290,43878.016,34039.43480421103
264291,43878.016,44571.23039650638
264292,43878.016,12493.727874126307
264293,43878.016,38961.42077182812
264294,43878.016,12579.240199299002
264295,43878.016,13167.198817470009
264296,43878.016,32309.744118428436
264297,43878.016,49021.87755803004
264298,43878.016,12067.257683623153
264299,43878.016,33044.6015386353
264300,43878.016,26553.354821249515
264301,43878.016,15575.15212634497
264302,43878.016,50864.72844284947
264303,43878.016,21937.083056907708
264304,43878.016,59582.03205793754
264305,43878.016,55402.835078636104
264306,43878.016,32824.26475794114
264307,43878.016,17206.237604115122
264308,43878.016,20760.091117433203
264309,43878.016,9195.594513399214
264310,43878.016,24113.238867251494
264311,43878.016,27145.62649272212
264312,43878.016,12358.340416955378
264313,43878.016,20374.27889681015
264314,43878.016,41894.64799513652
264315,43878.016,35332.764804487204
264316,43878.016,9034.654234347365
264317,43878.016,21614.233434092388
264318,43878.016,56124.62353846989
264319,43878.016,36130.05330006251
264320,43878.016,54644.58611127365
264321,43878.016,68038.3156419699
264322,43878.016,12085.507229994078
264323,43878.016,40320.48343889466
264324,43878.016,34827.1437783837
264325,43878.016,41421.22022325059
264326,43878.016,52077.92607158841
264327,43878.016,43060.25324627382
264328,43878.016,8818.067147400776
264329,43878.016,28125.957034552088
264330,43878.016,17603.747683190417
264331,43878.016,23591.103913659328
264332,43878.016,11698.4714998527
264333,43878.016,67554.67725530894
264334,43878.016,19398.817215780207
264335,43878.016,38525.48821437686
264336,43878.016,9748.061497716648
264337,43878.016,80976.72236078852
264338,43878.016,11303.744314949712
264339,43878.016,49192.71412488534
264340,43878.016,10404.392826432728
264341,43878.016,17074.96550514018
264342,43878.016,44801.15176239823
264343,43878.016,30268.222913937592
264344,43878.016,4967.079481890319
264345,43878.016,25596.859250018813
264346,43878.016,13643.551409788606
264347,43878.016,44211.654888808436
264348,43878.016,59939.086190541835
264349,43878.016,34554.26752577909
264350,43878.016,17266.870555095444
264351,43878.016,58227.07723179
264352,43878.016,60045.10158443972
264353,43878.016,9071.741727998497
264354,43878.016,15446.9260161094
264355,43878.016,23576.64554589457
264356,43878.016,13719.461647214437
264357,43878.016,24972.81270082275
264358,43878.016,22303.971996412747
264359,43878.016,31520.028765400813
264360,43878.016,47849.46313522847
264361,43878.016,34449.091388042594
264362,43878.016,44982.39341195447
264363,43878.016,35278.81599592785
264364,43878.016,25783.174173976324
264365,43878.016,14710.762452046358
264366,43878.016,61461.32183302617
264367,43878.016,7010.494191571478
264368,43878.016,10576.204465093337
264369,43878.016,29657.857975772175
264370,43878.016,15561.546387552702
264371,43878.016,9043.219532713309
264372,43878.016,34640.19421468532
264373,43878.016,26744.066595934506
264374,43878.016,6771.450724832778
264375,43878.016,73193.89016758777
264376,43878.016,40667.127558669745
264377,43878.016,20661.1479751526
264378,43878.016,29826.806238046178
264379,43878.016,24701.890287490853
264380,43878.016,64963.99860609372
264381,43878.016,20026.087688041753
264382,43878.016,15654.693806471354
264383,43878.016,16306.298087811581
264384,43878.016,47518.192022760246
264385,43878.016,29180.338553140908
264386,43878.016,15176.166812373709
264387,43878.016,40368.894227488054
264388,43878.016,26910.742817810333
264389,43878.016,37242.09411535768
264390,43878.016,60920.901826529975
264391,43878.016,8687.90883412249
264392,43878.016,41037.19658716079
264393,43878.016,31641.85793816387
264394,43878.016,27493.7614878646
264395,43878.016,54064.09705652342
264396,43878.016,58384.79024696916
264397,43878.016,19724.994720104365
264398,43878.016,9956.856483819463
264399,43878.016,27440.598327428354
264400,43878.016,15694.589756954903
264401,43878.016,26636.426618956462
264402,43878.016,33654.4124261748
264403,43878.016,63666.60978103776
264404,43878.016,13405.999852304483
264405,43878.016,21044.611460418095
264406,43878.016,38635.8625194509
264407,43878.016,43889.05303115165
264408,43878.016,7155.113418875614
264409,43878.016,28878.76600902425
264410,43878.016,11293.263355554323
264411,43878.016,41748.72927255864
264412,43878.016,11187.948815560827
264413,43878.016,12187.7788446242
264414,43878.016,20134.303679489505
264415,43878.016,33308.77027183326
264416,43878.016,17082.017928339497
264417,43878.016,18574.50536107313
264418,43878.016,31024.384872387433
264419,43878.016,9420.37566881025
264420,43878.016,44160.56938974447
264421,43878.016,54173.330339338296
264422,43878.016,11450.252144509306
264423,43878.016,38218.858792527404
264424,43878.016,31730.068123525638
264425,43878.016,59037.73633728733
264426,43878.016,17015.112484297206
264427,43878.016,13906.978183923695
264428,43878.016,47244.45403340898
264429,43878.016,34984.331465251256
264430,43878.016,43886.03972346152
264431,43878.016,21407.619861533207
264432,43878.016,19140.97002150302
264433,43878.016,52883.116531181615
264434,43878.016,28252.16130488546
264435,43878.016,79090.68373477044
264436,43878.016,54831.51043182115
264437,43878.016,10909.177856124075
264438,43878.016,11015.805309745216
264439,43878.016,12052.773686607363
264440,43878.016,12910.917738235868
264441,43878.016,36888.99905079744
264442,43878.016,31344.383052150137
264443,43878.016,37647.22756554314
264444,43878.016,29679.584560666328
264445,43878.016,12082.673554062312
264446,43878.016,30633.662374652733
264447,43878.016,7350.39214699913
264448,43878.016,54249.65981150805
264449,43878.016,54654.07797149156
264450,43878.016,17298.6317857662
264451,43878.016,14115.77544562115
264452,43878.016,6138.678655553295
264453,43878.016,21428.933978021625
264454,43878.016,78812.1258735723
264455,43878.016,44835.33902788921
264456,43878.016,50490.17738119008
264457,43878.016,22320.81242390086
264458,43878.016,10797.495789496386
264459,43878.016,50486.37600383622
264460,43878.016,12903.047477443413
264461,43878.016,11900.366818017352
264462,43878.016,8504.511501904577
264463,43878.016,35588.50022469872
264464,43878.016,37556.246715973604
264465,43878.016,47546.083406527185
264466,43878.016,34815.59292604311
264467,43878.016,35129.14896474687
264468,43878.016,15747.811781059363
264469,43878.016,37763.45970613086
264470,43878.016,17480.762468113076
264471,43878.016,14749.37728072158
264472,43878.016,46921.07708646099
264473,43878.016,17093.14788969831
264474,43878.016,23549.439854385153
264475,43878.016,17762.092451916542
264476,43878.016,44939.451696101234
264477,43878.016,38390.09783183635
264478,43878.016,25252.16596180304
264479,43878.016,30008.684616960465
264480,43878.016,62433.94231651558
264481,43878.016,29787.87463463571
264482,43878.016,10096.923347905631
264483,43878.016,23379.490239168495
264484,43878.016,32529.401834419023
264485,43878.016,34953.061232221444
264486,43878.016,26687.34731736269
264487,43878.016,22703.845814340857
264488,43878.016,26073.57649635472
264489,43878.016,17313.763433420878
264490,43878.016,28867.85558732522
264491,43878.016,16935.82430077332
264492,43878.016,73938.00759845952
264493,43878.016,66910.88673659155
264494,43878.016,53224.752820572714
264495,43878.016,17476.077922550314
264496,43878.016,33655.008587442404
264497,43878.016,25415.342424689396
264498,43878.016,13626.498911790537
264499,43878.016,16536.452159599074
264500,43878.016,18754.616046408573
264501,43878.016,11413.908827002326
264502,43878.016,26230.017868367897
264503,43878.016,61768.29768892296
264504,43878.016,49750.6726628803
264505,43878.016,35075.803432395696
264506,43878.016,53206.15019946368
264507,43878.016,30308.717166590945
264508,43878.016,18839.08470300078
264509,43878.016,70555.18085737692
264510,43878.016,14701.204655175216
264511,43878.016,62500.42366737285
264512,43878.016,31276.87520343629
264513,43878.016,29115.946151564618
264514,43878.016,17540.93076281748
264515,43878.016,21106.61477776755
264516,43878.016,47555.56345580561
264517,43878.016,9712.394709581496
264518,43878.016,19143.357941551854
264519,43878.016,40585.87777706671
264520,43878.016,18898.9116650572
264521,43878.016,45937.89643303339
264522,43878.016,30132.263411489344
264523,43878.016,14014.660533143899
264524,43878.016,39622.08777803526
264525,43878.016,53269.31743241077
264526,43878.016,53157.27660451257
264527,43878.016,70300.95678418106
264528,43878.016,36383.76363254778
264529,43878.016,14188.337012963362
264530,43878.016,46159.70752062442
264531,43878.016,35462.80790985004
264532,43878.016,46866.8055311864
264533,43878.016,32511.358460664673
264534,43878.016,75395.8587088057
264535,43878.016,14160.69715855319
264536,43878.016,32168.992543359156
264537,43878.016,14003.04466500096
264538,43878.016,31776.968083240143
264539,43878.016,71080.67130689228
264540,43878.016,59441.12499503217
264541,43878.016,38718.06682674792
264542,43878.016,55441.95008108197
264543,43878.016,11511.935692426985
264544,43878.016,10356.17682971692
264545,43878.016,23036.014453222473
264546,43878.016,22413.21477037753
264547,43878.016,13393.772595485709
264548,43878.016,33087.06356807403
264549,43878.016,35806.30335503168
264550,43878.016,45027.243545236044
264551,43878.016,55953.13978121322
264552,43878.016,25187.486267002238
264553,43878.016,63536.0061633868
264554,43878.016,13467.029757053157
264555,43878.016,62171.75447417101
264556,43878.016,18231.04032370802
264557,43878.016,21362.095679232993
264558,43878.016,25506.438907469495
264559,43878.016,60493.80673910344
264560,43878.016,28609.11161667778
264561,43878.016,28680.013371402452
264562,43878.016,34092.17080561662
264563,43878.016,18098.729894275955
264564,43878.016,38768.99365967776
264565,43878.016,50882.66453397239
264566,43878.016,73762.49619020218
264567,43878.016,11026.110612448469
264568,43878.016,58340.183675514534
264569,43878.016,19800.556558066877
264570,43878.016,19885.087036681696
264571,43878.016,37763.010541045485
264572,43878.016,17390.70745700315
264573,43878.016,28503.59555721545
264574,43878.016,62540.938010943966
264575,43878.016,52371.2175726617
264576,43878.016,7477.519793711846
264577,43878.016,64736.63789817113
264578,43878.016,46320.09411263419
264579,43878.016,15152.64068169679
264580,43878.016,52678.20361719894
264581,43878.016,21164.29526754094
264582,43878.016,9033.318172516576
264583,43878.016,15604.376418577418
264584,43878.016,41224.54845533627
264585,43878.016,43000.596600279154
264586,43878.016,46610.123522861366
264587,43878.016,19650.80588124853
264588,43878.016,40408.2091335129
264589,43878.016,22150.679314638564
264590,43878.016,36293.95590998146
264591,43878.016,52303.63607111793
264592,43878.016,23399.48980227378
264593,43878.016,12738.691374008109
264594,43878.016,15563.712444116356
264595,43878.016,79149.20178321714
264596,43878.016,33256.77550011079
264597,43878.016,33021.26273998095
264598,43878.016,39576.56709157588
264599,43878.016,57341.895976776446
264600,43878.016,23158.799449786573
264601,43878.016,65674.03178473341
264602,43878.016,51277.138653586226
264603,43878.016,31778.563219602253
264604,43878.016,23560.185982645515
264605,43878.016,49213.602958087846
264606,43878.016,83503.35550964372
264607,43878.016,7691.793950729272
264608,43878.016,17407.813130146165
264609,43878.016,10428.79255387999
264610,43878.016,43116.45857218958
264611,43878.016,20337.3008577242
264612,43878.016,13404.88149145436
264613,43878.016,63300.52090145632
264614,43878.016,28212.492697597532
264615,43878.016,46094.676212738654
264616,43878.016,23288.801126438248
264617,43878.016,59212.00292813033
264618,43878.016,32266.04703007482
264619,43878.016,37866.13741493158
264620,43878.016,11226.041643836461
264621,43878.016,43068.542802239215
264622,43878.016,9481.519912762544
264623,43878.016,34895.27108051273
264624,43878.016,41738.70517831184
264625,43878.016,52796.266393686434
264626,43878.016,23044.4129847709
264627,43878.016,43686.045756111125
264628,43878.016,36937.058193543664
264629,43878.016,5650.246245422506
264630,43878.016,34546.69652939884
264631,43878.016,54681.39183430648
264632,43878.016,68552.62957333434
264633,43878.016,18730.060322334055
264634,43878.016,8409.170979850243
264635,43878.016,48003.19321863631
264636,43878.016,46608.762166465574
264637,43878.016,61637.44332299781
264638,43878.016,46046.03542159131
264639,43878.016,48176.1408344104
264640,43878.016,56290.73879818517
264641,43878.016,21391.866650612363
264642,43878.016,16693.799055288076
264643,43878.016,10284.319635894773
264644,43878.016,26240.074517799476
264645,43878.016,25729.61339207563
264646,43878.016,19264.48590193573
264647,43878.016,44131.80693385267
264648,43878.016,32549.114574012765
264649,43878.016,69127.63957276316
264650,43878.016,48467.89443201073
264651,43878.016,29688.165483920005
264652,43878.016,11838.134431841907
264653,43878.016,16538.28040956591
264654,43878.016,50348.08610288454
264655,43878.016,48018.95355284273
264656,43878.016,13246.063951927244
264657,43878.016,17076.109658361867
264658,43878.016,13806.69861030926
264659,43878.016,40832.63333096968
264660,43878.016,47521.06396762706
264661,43878.016,30053.510150533843
264662,43878.016,45753.91650554298
264663,43878.016,47288.5249202288
264664,43878.016,26129.760752356695
264665,43878.016,9135.076412228364
264666,43878.016,24381.746082094654
264667,43878.016,11696.648657616284
264668,43878.016,36683.71792819951
264669,43878.016,27408.132439074856
264670,43878.016,42053.76641653643
264671,43878.016,33316.47204432989
264672,43878.016,52654.780593714175
264673,43878.016,45311.350180214955
264674,43878.016,36899.38770814041
264675,43878.016,27856.48998284688
264676,43878.016,17595.02250544543
264677,43878.016,37853.34293038432
264678,43878.016,51136.449373790754
264679,43878.016,49046.602987070044
264680,43878.016,28104.656431569518
264681,43878.016,22122.533075230884
264682,43878.016,12750.905310098695
264683,43878.016,21217.926501227445
264684,43878.016,34741.13338197274
264685,43878.016,35384.72142096406
264686,43878.016,13247.528981484493
264687,43878.016,47538.40411763742
264688,43878.016,57183.07800360759
264689,43878.016,10597.715482991185
264690,43878.016,20954.710346689702
264691,43878.016,34425.40505584797
264692,43878.016,63121.653924546044
264693,43878.016,14874.90631375125
264694,43878.016,60531.87716589181
264695,43878.016,15913.898343521989
264696,43878.016,20125.271985832373
264697,43878.016,63799.21214385014
264698,43878.016,17372.527948342355
264699,43878.016,16497.806495480207
264700,43878.016,6939.152563392936
264701,43878.016,18815.815996215384
264702,43878.016,12292.895864543218
264703,43878.016,46053.568593446136
264704,43878.016,65473.87850600358
264705,43878.016,24997.934678354508
264706,43878.016,15890.057363986867
264707,43878.016,57046.48517314375
264708,43878.016,13346.72964240139
264709,43878.016,65229.73836628166
264710,43878.016,52159.52878400116
264711,43878.016,50692.08654459763
264712,43878.016,26613.206283145406
264713,43878.016,59285.71974145616
264714,43878.016,9699.136896457014
264715,43878.016,35042.54651556385
264716,43878.016,9836.393168752349
264717,43878.016,24354.69307806487
264718,43878.016,12136.004946325414
264719,43878.016,15191.106612126745
264720,43878.016,46950.9431727771
264721,43878.016,43235.43703026397
264722,43878.016,81420.76315858096
264723,43878.016,65337.38492532902
264724,43878.016,55088.44110427662
264725,43878.016,10326.930689623685
264726,43878.016,10479.02939060546
264727,43878.016,33864.61736742884
264728,43878.016,15774.66991637754
264729,43878.016,19305.68501983146
264730,43878.016,48026.30001783666
264731,43878.016,41477.446363293355
264732,43878.016,51049.55851866371
264733,43878.016,51320.14160581627
264734,43878.016,59122.85630572487
264735,43878.016,26948.586242048426
264736,43878.016,42402.512870575185
264737,43878.016,32719.49750952945
264738,43878.016,9479.830463846645
264739,43878.016,27522.026468622586
264740,43878.016,70586.68467241568
264741,43878.016,13353.001093662411
264742,43878.016,47416.660108446275
264743,43878.016,68667.65630692584
264744,43878.016,9730.399883444912
264745,43878.016,10623.770723371888
264746,43878.016,50219.67440718526
264747,43878.016,16402.867188203163
264748,43878.016,18086.010407331094
264749,43878.016,17295.49903270151
264750,43878.016,57022.54403238986
264751,43878.016,30084.89144763964
264752,43878.016,18094.626057186255
264753,43878.016,55989.37666140889
264754,43878.016,69604.04300691417
264755,43878.016,65235.12972178967
264756,43878.016,52919.73911184932
264757,43878.016,47848.14747431844
264758,43878.016,38051.408758782825
264759,43878.016,59911.449870121796
264760,43878.016,52975.64301547483
264761,43878.016,38935.64806811697
264762,43878.016,36655.197291678
264763,43878.016,56912.73831814441
264764,43878.016,46893.54860356367
264765,43878.016,29871.174761346792
264766,43878.016,44148.088868202845
264767,43878.016,59713.98174499045
264768,43878.016,22259.62520526369
264769,43878.016,39775.77180542941
264770,43878.016,13998.663864789927
264771,43878.016,38637.1298474917
264772,43878.016,79063.03068515364
264773,43878.016,42903.179333240434
264774,43878.016,65511.77946410575
264775,43878.016,43793.77657738005
264776,43878.016,11013.846245379314
264777,43878.016,16679.95185129565
264778,43878.016,35946.54283027216
264779,43878.016,70705.94613812806
264780,43878.016,7033.167764668179
264781,43878.016,37577.81484804484
264782,43878.016,19404.81603454334
264783,43878.016,13100.884867151011
264784,43878.016,30550.975905231404
264785,43878.016,30968.177931090304
264786,43878.016,12016.433431334
264787,43878.016,18442.941145181776
264788,43878.016,49382.61883230861
264789,43878.016,27694.67959261449
264790,43878.016,17284.244459265727
264791,43878.016,57259.52952213175
264792,43878.016,35446.98832567511
264793,43878.016,74638.48849374856
264794,43878.016,55735.54444877498
264795,43878.016,50765.96323424861
264796,43878.016,5740.626246521508
264797,43878.016,38606.74938566861
264798,43878.016,57242.87141913182
264799,43878.016,16048.135160673073
264800,43878.016,59843.93701906522
264801,43878.016,15243.317711594136
264802,43878.016,10166.881800190286
264803,43878.016,40503.167197785
264804,43878.016,20250.105644665466
264805,43878.016,46313.126985276474
264806,43878.016,33567.42412141767
264807,43878.016,21226.79065452151
264808,43878.016,25552.562377898957
264809,43878.016,46583.810149759214
264810,43878.016,23508.227697246242
264811,43878.016,38450.70402771553
264812,43878.016,20293.91558578568
264813,43878.016,54782.26501823462
264814,43878.016,69896.581734728
264815,43878.016,14872.193803046934
264816,43878.016,32567.750845442024
264817,43878.016,33394.77953224963
264818,43878.016,27387.456822315853
264819,43878.016,34502.55268329094
264820,43878.016,20748.219281736005
264821,43878.016,30087.3382189751
264822,43878.016,51829.28711367629
264823,43878.016,36946.26518195993
264824,43878.016,38476.22211220315
264825,43878.016,29955.53912207789
264826,43878.016,21116.460026243505
264827,43878.016,59159.422328869274
264828,43878.016,22910.463463711076
264829,43878.016,86054.77318294844
264830,43878.016,28511.688422373034
264831,43878.016,15838.656625420655
264832,43878.016,31371.82584731086
264833,43878.016,35232.64627391006
264834,43878.016,13643.198255641457
264835,43878.016,49496.37482215055
264836,43878.016,32877.42532762851
264837,43878.016,70871.42384107911
264838,43878.016,58505.74826715854
264839,43878.016,37963.28582792438
264840,43878.016,40067.29147566214
264841,43878.016,24758.867092690532
264842,43878.016,26337.944358439952
264843,43878.016,30349.930468269828
264844,43878.016,46892.2866501717
264845,43878.016,71160.99763387332
264846,43878.016,31691.21213153492
264847,43878.016,32316.04045910281
264848,43878.016,41366.252502167335
264849,43878.016,8317.548647586289
264850,43878.016,45226.062507295486
264851,43878.016,33813.9942297235
264852,43878.016,30731.376209856222
264853,43878.016,32050.216599356154
264854,43878.016,32365.80868163392
264855,43878.016,37431.02717961066
264856,43878.016,49931.08211354467
264857,43878.016,17807.07651899497
264858,43878.016,78556.12586537223
264859,43878.016,46622.5678005989
264860,43878.016,19735.832115885674
264861,43878.016,25363.18672093331
264862,43878.016,36280.48370693279
264863,43878.016,47253.502008845084
264864,43878.016,20199.974792229823
264865,43878.016,30933.75422715891
264866,43878.016,8558.696258374115
264867,43878.016,60518.54374643656
264868,43878.016,25748.240676438905
264869,43878.016,17957.695665551095
264870,43878.016,13996.431695296302
264871,43878.016,6979.491007873765
264872,43878.016,46700.25393335443
264873,43878.016,11470.75292977172
264874,43878.016,17490.436291765665
264875,43878.016,59573.18091418197
264876,43878.016,25535.99370314303
264877,43878.016,45361.05097910577
264878,43878.016,48758.693329082955
264879,43878.016,42172.022175560676
264880,43878.016,50885.206497338324
264881,43878.016,32076.68895704539
264882,43878.016,17483.573661936687
264883,43878.016,29184.364696945508
264884,43878.016,41988.43312811881
264885,43878.016,47910.80544272215
264886,43878.016,21116.221151230093
264887,43878.016,48725.11919119378
264888,43878.016,57573.907838732484
264889,43878.016,33826.6893739503
264890,43878.016,41183.97191416614
264891,43878.016,22689.06386409675
264892,43878.016,18748.288420535187
264893,43878.016,26477.05637471264
264894,43878.016,8518.529685237603
264895,43878.016,57094.405915125455
264896,43878.016,74453.52640692545
264897,43878.016,39621.86689444106
264898,43878.016,57341.58127790977
264899,43878.016,28362.523424228795
264900,43878.016,66167.67636554061
264901,43878.016,19325.88957869676
264902,43878.016,75193.32683207176
264903,43878.016,15545.323161596742
264904,43878.016,9157.804901522031
264905,43878.016,10239.915597125295
264906,43878.016,34499.487190844855
264907,43878.016,33809.01764966007
264908,43878.016,27275.879066459795
264909,43878.016,52279.050824758815
264910,43878.016,7331.577073614514
264911,43878.016,19341.905994025805
264912,43878.016,32775.69290864513
264913,43878.016,41229.619805813454
264914,43878.016,13372.002291543484
264915,43878.016,6248.644473801989
264916,43878.016,38457.35674848002
264917,43878.016,46843.01943528896
264918,43878.016,28073.16050927429
264919,43878.016,8950.968075701556
264920,43878.016,47188.62802696014
264921,43878.016,11866.605644142131
264922,43878.016,31105.23772024978
264923,43878.016,42539.78174568488
264924,43878.016,11639.21028089288
264925,43878.016,12367.043591878535
264926,43878.016,54302.040201774675
264927,43878.016,126938.8460161822
264928,43878.016,15000.681709979915
264929,43878.016,17949.71120108727
264930,43878.016,37396.793875751835
264931,43878.016,7097.770119800943
264932,43878.016,29872.1403460663
264933,43878.016,10912.121657767233
264934,43878.016,24650.952784261284
264935,43878.016,31147.957612337137
264936,43878.016,12982.549316061448
264937,43878.016,19156.829814055316
264938,43878.016,34173.99019319917
264939,43878.016,28574.099860869912
264940,43878.016,18946.4601429867
264941,43878.016,40212.27729731205
264942,43878.016,16472.47905555175
264943,43878.016,15185.05335811818
264944,43878.016,45676.99627545432
264945,43878.016,34194.760384090914
264946,43878.016,29935.82798388244
264947,43878.016,29759.54567018714
264948,43878.016,44808.784284492685
264949,43878.016,6283.6843758608775
264950,43878.016,50870.39849840609
264951,43878.016,14628.081187591686
264952,43878.016,35346.53587474883
264953,43878.016,21408.053596572867
264954,43878.016,26972.628961541872
264955,43878.016,54559.58310921513
264956,43878.016,25186.546205024864
264957,43878.016,54680.23682327812
264958,43878.016,54587.32374309109
264959,43878.016,30891.664311326862
264960,43878.016,53432.33437987515
264961,43878.016,84137.23142301
264962,43878.016,56964.693733063046
264963,43878.016,26860.213164572033
264964,43878.016,28677.674717409733
264965,43878.016,62578.40021738443
264966,43878.016,22723.082892680184
264967,43878.016,67080.13863571036
264968,43878.016,23252.30368760535
264969,43878.016,27104.194722965058
264970,43878.016,33977.71692552424
264971,43878.016,11176.749598665047
264972,43878.016,17036.16325779871
264973,43878.016,18076.64374377133
264974,43878.016,53324.467572988055
264975,43878.016,11869.968337478109
264976,43878.016,74885.13280574311
264977,43878.016,20719.721625129085
264978,43878.016,7356.218345987181
264979,43878.016,52195.323061995
264980,43878.016,18391.023545901906
264981,43878.016,16105.157666589956
264982,43878.016,24514.68401530925
264983,43878.016,8982.094411751477
264984,43878.016,6469.246115095907
264985,43878.016,44189.64236811377
264986,43878.016,25929.031445271896
264987,43878.016,56633.13454585136
264988,43878.016,31758.21246294344
264989,43878.016,54530.175370442295
264990,43878.016,29939.562106083165
264991,43878.016,17106.124006541708
264992,43878.016,31766.28130349023
264993,43878.016,16145.028451130176
264994,43878.016,37365.35500278109
264995,43878.016,38153.829432511164
264996,43878.016,46751.893800960184
264997,43878.016,27761.044148264824
264998,43878.016,10759.993119162807
264999,43878.016,26712.416164827013
265000,43878.016,22471.249154720386
265001,43878.016,21098.426853244855
265002,43878.016,13663.050029683654
265003,43878.016,18801.693457373894
265004,43878.016,47726.898517647234
265005,43878.016,27394.550670695065
265006,43878.016,43706.76427559402
265007,43878.016,21535.45557095395
265008,43878.016,62351.662296470924
265009,43878.016,27844.641311565072
265010,43878.016,42453.30182877812
265011,43878.016,12933.001334457844
265012,43878.016,28369.23945955422
265013,43878.016,18958.44413103825
265014,43878.016,20326.913270596342
265015,43878.016,32371.82268655903
265016,43878.016,24267.610521769122
265017,43878.016,9660.579428921841
265018,43878.016,20448.06198553671
265019,43878.016,42163.14933349028
265020,43878.016,28306.899423955343
265021,43878.016,33970.75901933715
265022,43878.016,32129.889028722882
265023,43878.016,34626.69197823992
265024,43878.016,8031.165552280395
265025,43878.016,19599.92799567477
265026,43878.016,58372.58988009273
265027,43878.016,11305.899001634487
265028,43878.016,15213.862890978939
265029,43878.016,44491.01621110483
265030,43878.016,66691.8495428296
265031,43878.016,45815.00533288915
265032,43878.016,28483.448808841582
265033,43878.016,57637.52363507547
265034,43878.016,50379.80184477014
265035,43878.016,53448.3213403535
265036,43878.016,26650.47426813751
265037,43878.016,48497.15889728264
265038,43878.016,48102.3090741867
265039,43878.016,34829.43492501446
265040,43878.016,5439.4341589546275
265041,43878.016,18956.183269709018
265042,43878.016,43742.8141870393
265043,43878.016,24549.24856967002
265044,43878.016,55697.99674807828
265045,43878.016,25169.371200986396
265046,43878.016,56514.74588645591
265047,43878.016,39028.49822886673
265048,43878.016,61916.586802101476
265049,43878.016,19037.16324738531
265050,43878.016,31524.70127042489
265051,43878.016,34786.51348006544
265052,43878.016,42204.99625243845
265053,43878.016,60081.15340420482
265054,43878.016,15279.358784334801
265055,43878.016,13116.264897130577
265056,43878.016,62953.79977428164
265057,43878.016,64364.1875537552
265058,43878.016,37521.257188027994
265059,43878.016,12711.05511775293
265060,43878.016,37124.61459359854
265061,43878.016,51852.12900023723
265062,43878.016,26949.554916266836
265063,43878.016,13143.088515259593
265064,43878.016,69543.57925159602
265065,43878.016,35133.99952768043
265066,43878.016,12733.162985106057
265067,43878.016,48552.902135424745
265068,43878.016,81165.4400427025
265069,43878.016,10976.448490871417
265070,43878.016,50955.71190466385
265071,43878.016,22968.86189596579
265072,43878.016,17428.590772729985
265073,43878.016,31495.194491210787
265074,43878.016,46893.50363776033
265075,43878.016,25318.574586484832
265076,43878.016,33144.31104308223
265077,43878.016,35092.561636522885
265078,43878.016,9093.837346316035
265079,43878.016,15611.94345310972
265080,43878.016,18042.07866848778
265081,43878.016,68441.6305790259
265082,43878.016,13665.501965655045
265083,43878.016,8354.545553071051
265084,43878.016,25475.84115684511
265085,43878.016,20463.43307446895
265086,43878.016,33224.36420054799
265087,43878.016,49999.235243925024
265088,43878.016,31079.547895219195
265089,43878.016,24103.23596288651
265090,43878.016,45872.68761432098
265091,43878.016,14192.854983441868
265092,43878.016,27678.872054074825
265093,43878.016,41652.90519488162
265094,43878.016,34504.54034911186
265095,43878.016,13636.594022093399
265096,43878.016,32875.92554560983
265097,43878.016,5501.135942005343
265098,43878.016,55233.45777604852
265099,43878.016,11383.108472091082
265100,43878.016,68282.10754657259
265101,43878.016,17007.261122235635
265102,43878.016,55689.20843600089
265103,43878.016,20617.12717131886
265104,43878.016,34713.17678832553
265105,43878.016,60341.57887324757
265106,43878.016,57108.252976983495
265107,43878.016,33662.54099705809
265108,43878.016,67461.56228920532
265109,43878.016,56251.736810875016
265110,43878.016,16678.589514764317
265111,43878.016,12665.712527088888
265112,43878.016,34065.657042756655
265113,43878.016,15402.157034048945
265114,43878.016,21333.025278032692
265115,43878.016,34881.26442015406
265116,43878.016,41409.70476494803
265117,43878.016,119872.69686432788
265118,43878.016,75434.1706657106
265119,43878.016,36921.819772641604
265120,43878.016,8115.388125140539
265121,43878.016,57881.86056123014
265122,43878.016,19198.0485480718
265123,43878.016,52274.09614874596
265124,43878.016,45829.545930646695
265125,43878.016,23799.125576607636
265126,43878.016,12447.677747522024
265127,43878.016,44259.684503588425
265128,43878.016,16300.155989243418
265129,43878.016,44131.59574266672
265130,43878.016,11891.887593900352
265131,43878.016,51820.97910302092
265132,43878.016,60141.39443723153
265133,43878.016,30834.192331145383
265134,43878.016,13517.55973942783
265135,43878.016,10857.797737433551
265136,43878.016,39921.7242232645
265137,43878.016,70004.38250620832
265138,43878.016,21326.167373137007
265139,43878.016,67104.41497649849
265140,43878.016,15173.363905807906
265141,43878.016,52536.5084358184
265142,43878.016,28687.110092523923
265143,43878.016,67231.59199222662
265144,43878.016,28053.686176375457
265145,43878.016,65683.54779275574
265146,43878.016,7182.949900811497
265147,43878.016,64771.99226828726
265148,43878.016,23196.42083563158
265149,43878.016,31711.46588090055
265150,43878.016,11093.413865768112
265151,43878.016,15086.455124592607
265152,43878.016,28436.753738847023
265153,43878.016,18610.108756608846
265154,43878.016,54197.16966944303
265155,43878.016,64089.80978426596
265156,43878.016,32963.12388455782
265157,43878.016,89942.48660298635
265158,43878.016,18259.17320858872
265159,43878.016,51767.63215158052
265160,43878.016,17737.95085607763
265161,43878.016,30098.310064072484
265162,43878.016,63479.176014394514
265163,43878.016,40232.73361846121
265164,43878.016,61310.72042124707
265165,43878.016,50208.59357908506
265166,43878.016,5916.4865643722005
265167,43878.016,90225.432916435
265168,43878.016,18576.177239593275
265169,43878.016,37699.48261821452
265170,43878.016,27868.625572575835
265171,43878.016,50670.290896999104
265172,43878.016,23659.75107376482
265173,43878.016,15327.18625616036
265174,43878.016,58745.29353408957
265175,43878.016,76944.59129050502
265176,43878.016,24269.498503367693
265177,43878.016,17767.096521846917
265178,43878.016,17344.85826241104
265179,43878.016,16102.079825110324
265180,43878.016,21198.933891319495
265181,43878.016,60031.00460712046
265182,43878.016,44071.93223985352
265183,43878.016,44460.91311830445
265184,43878.016,31796.621739354185
265185,43878.016,36331.11952090808
265186,43878.016,35506.89022241245
265187,43878.016,45866.87921656235
265188,43878.016,42262.92136533506
265189,43878.016,22381.41726381176
265190,43878.016,45405.95126978769
265191,43878.016,60025.900155493684
265192,43878.016,44558.06075320791
265193,43878.016,27795.714437578168
265194,43878.016,12645.136301178301
265195,43878.016,15113.246879909766
265196,43878.016,18419.38545108805
265197,43878.016,25307.813895425483
265198,43878.016,86523.10807178164
265199,43878.016,7159.766917289042
265200,43878.016,24439.63971258292
265201,43878.016,48126.880184158
265202,43878.016,7444.091102899575
265203,43878.016,58256.25693027861
265204,43878.016,62077.402028991724
265205,43878.016,65407.63698665976
265206,43878.016,10525.94543779617
265207,43878.016,42163.59070488174
265208,43878.016,14458.034424108877
265209,43878.016,76676.52939823669
265210,43878.016,37657.362710528956
265211,43878.016,24399.11038481139
265212,43878.016,27346.6667455296
265213,43878.016,33948.70419251931
265214,43878.016,11135.315162758798
265215,43878.016,74329.97890649278
265216,43878.016,34636.216146970044
265217,43878.016,33008.145826712214
265218,43878.016,50664.48429108234
265219,43878.016,49993.52278406903
265220,43878.016,11548.966842557496
265221,43878.016,39125.49293943586
265222,43878.016,27016.590529702527
265223,43878.016,57106.104418461226
265224,43878.016,14861.55989742111
265225,43878.016,8526.515746358113
265226,43878.016,23884.55409816734
265227,43878.016,48429.55545511011
265228,43878.016,23716.083916555443
265229,43878.016,30544.218849030036
265230,43878.016,17209.780020353028
265231,43878.016,32585.88690675915
265232,43878.016,39189.66790354572
265233,43878.016,27862.605017770773
265234,43878.016,23142.743829488638
265235,43878.016,19932.092025200105
265236,43878.016,40970.5781817982
265237,43878.016,15471.98045515084
265238,43878.016,64719.411513190185
265239,43878.016,25340.581260241754
265240,43878.016,63202.60055677864
265241,43878.016,43819.41199494003
265242,43878.016,28991.52084987098
265243,43878.016,23273.397535264718
265244,43878.016,71430.75454890856
265245,43878.016,64235.08917303694
265246,43878.016,18842.47647224517
265247,43878.016,31559.625862114943
265248,43878.016,19930.958871671606
265249,43878.016,36881.01577543012
265250,43878.016,50580.92927692498
265251,43878.016,112778.11066402531
265252,43878.016,15795.16428908505
265253,43878.016,59434.65307282187
265254,43878.016,13508.396930378163
265255,43878.016,15118.46400043089
265256,43878.016,35063.130944515826
265257,43878.016,17036.923186950386
265258,43878.016,69640.19780334104
265259,43878.016,43444.82580190995
265260,43878.016,39207.1333792055
265261,43878.016,53855.06996300831
265262,43878.016,25550.12737646626
265263,43878.016,20445.140119279913
265264,43878.016,30168.941396887705
265265,43878.016,48301.68484687663
265266,43878.016,47369.90300900906
265267,43878.016,15933.948174720512
265268,43878.016,42191.14238026143
265269,43878.016,28988.8490858953
265270,43878.016,12537.94190665001
265271,43878.016,30494.353191607697
265272,43878.016,59747.30620082836
265273,43878.016,28698.847841674065
265274,43878.016,51111.259664871424
265275,43878.016,35574.558561973754
265276,43878.016,18672.31843330611
265277,43878.016,32061.598744417868
265278,43878.016,32321.969179086344
265279,43878.016,73768.4061931591
265280,43878.016,40209.05700159091
265281,43878.016,52729.51465041871
265282,43878.016,18710.878949801165
265283,43878.016,77830.36226870901
265284,43878.016,52890.59767794071
265285,43878.016,19829.765311973868
265286,43878.016,9526.088422834735
265287,43878.016,9054.497286569995
265288,43878.016,28114.437109105893
265289,43878.016,36059.175592494525
265290,43878.016,55649.20814694037
265291,43878.016,49167.20314230788
265292,43878.016,18373.12711430873
265293,43878.016,13740.379966985516
265294,43878.016,20449.152133182677
265295,43878.016,53563.75107265561
265296,43878.016,11440.056265084884
265297,43878.016,15858.779129702938
265298,43878.016,40534.94818395882
265299,43878.016,94014.04684650933
265300,43878.016,30678.100481708112
265301,43878.016,20577.717343077766
265302,43878.016,115827.07257164676
265303,43878.016,63682.64699870692
265304,43878.016,20011.666463981783
265305,43878.016,25141.26450353088
265306,43878.016,19002.415933659526
265307,43878.016,32937.412613791326
265308,43878.016,13476.134931661416
265309,43878.016,48418.561341086686
265310,43878.016,67333.38756782585
265311,43878.016,34385.576970061076
265312,43878.016,29681.036701037854
265313,43878.016,37997.81840687959
265314,43878.016,32100.323760639345
265315,43878.016,66569.34677267751
265316,43878.016,12726.025896583134
265317,43878.016,9512.676145946863
265318,43878.016,20481.37932366742
265319,43878.016,7999.233091989095
265320,43878.016,14157.307559426517
265321,43878.016,18884.390450502007
265322,43878.016,26529.596574478866
265323,43878.016,42834.39328945671
265324,43878.016,67547.19745515064
265325,43878.016,11103.402474247827
265326,43878.016,29759.25666949178
265327,43878.016,17375.806601919317
265328,43878.016,9098.61422849764
265329,43878.016,23709.918260864873
265330,43878.016,28621.75726900855
265331,43878.016,33320.16245495507
265332,43878.016,12440.20779487726
265333,43878.016,74287.61772012072
265334,43878.016,50451.14977169521
265335,43878.016,61076.82308308101
265336,43878.016,39343.54675262023
265337,43878.016,26629.812802907618
265338,43878.016,11634.702804681134
265339,43878.016,57966.7659237909
265340,43878.016,8289.858065390503
265341,43878.016,64846.15499131679
265342,43878.016,21408.84198253118
265343,43878.016,55396.19965542403
265344,43878.016,8825.123950043486
265345,43878.016,26860.518565867227
265346,43878.016,20220.21489413354
265347,43878.016,54139.68827622833
265348,43878.016,48005.27950700581
265349,43878.016,9765.534833681339
265350,43878.016,6646.208831632903
265351,43878.016,17804.720263032872
265352,43878.016,51101.648329038464
265353,43878.016,10831.696542646036
265354,43878.016,11174.50051557022
265355,43878.016,38787.99532246873
265356,43878.016,49748.5789815978
265357,43878.016,24222.1425204053
265358,43878.016,70345.85933262561
265359,43878.016,64248.471391273066
265360,43878.016,13636.783355344523
265361,43878.016,42123.18099682887
265362,43878.016,17896.598523575576
265363,43878.016,16737.17811187638
265364,43878.016,12651.292500456033
265365,43878.016,36381.21727162531
265366,43878.016,26097.239155608862
265367,43878.016,69535.50945917782
265368,43878.016,16109.311845111406
265369,43878.016,48594.81313241305
265370,43878.016,69595.21900986656
265371,43878.016,11764.931940896955
265372,43878.016,29176.871314861917
265373,43878.016,23517.962057228113
265374,43878.016,9011.008557582592
265375,43878.016,42465.930956769
265376,43878.016,46428.777770992616
265377,43878.016,16136.325999357765
265378,43878.016,25458.389000018804
265379,43878.016,26264.465522026607
265380,43878.016,16773.07004461038
265381,43878.016,49598.39130534169
265382,43878.016,58780.800201731094
265383,43878.016,44962.72499668092
265384,43878.016,35829.67903348268
265385,43878.016,21158.965892210206
265386,43878.016,60024.1938264702
265387,43878.016,17880.37686365161
265388,43878.016,56195.630952950276
265389,43878.016,30562.921750401616
265390,43878.016,33319.971274822754
265391,43878.016,25736.432757822524
265392,43878.016,37082.522790976036
265393,43878.016,13577.426930379066
265394,43878.016,84384.14335128047
265395,43878.016,36672.2823410049
265396,43878.016,66945.20188009714
265397,43878.016,34304.154523702564
265398,43878.016,9414.83443188859
265399,43878.016,19161.876069374048
265400,43878.016,26562.67021924078
265401,43878.016,16123.097097331933
265402,43878.016,42679.406125433736
265403,43878.016,58232.59053695264
265404,43878.016,25826.153811920252
265405,43878.016,34121.18734027854
265406,43878.016,20070.60938938297
265407,43878.016,14510.667769356704
265408,43878.016,26653.380708305587
265409,43878.016,48248.68380382077
265410,43878.016,60577.10107558207
265411,43878.016,17688.801449288
265412,43878.016,16869.723291661172
265413,43878.016,22609.323146453844
265414,43878.016,46316.50776355639
265415,43878.016,19925.565800660213
265416,43878.016,11276.633611508505
265417,43878.016,15782.348033444754
265418,43878.016,62573.98199622887
265419,43878.016,17272.350763183367
265420,43878.016,37300.630227330446
265421,43878.016,75311.9167478197
265422,43878.016,26001.881908763196
265423,43878.016,34020.727526568066
265424,43878.016,39538.34936933068
265425,43878.016,34097.78073021753
265426,43878.016,54919.65444022445
265427,43878.016,34689.46790569438
265428,43878.016,16678.051922112976
265429,43878.016,34695.492747632
265430,43878.016,22601.02236023284
265431,43878.016,55614.21474335496
265432,43878.016,75015.64580553352
265433,43878.016,19291.77488038198
265434,43878.016,49778.367969436964
265435,43878.016,68141.35153980381
265436,43878.016,37465.043995047745
265437,43878.016,67950.99549786506
265438,43878.016,19911.890023833013
265439,43878.016,68035.66857036542
265440,43878.016,77847.13830718948
265441,43878.016,14281.392497114724
265442,43878.016,8346.330529908373
265443,43878.016,53377.28685243454
265444,43878.016,53587.59389249215
265445,43878.016,42683.402184678765
265446,43878.016,45399.749800166086
265447,43878.016,37671.18656728441
265448,43878.016,25552.893412299494
265449,43878.016,12798.301267618275
265450,43878.016,19818.7258805427
265451,43878.016,58989.48827006161
265452,43878.016,28630.114527767524
265453,43878.016,54752.31688710987
265454,43878.016,12900.445847311436
265455,43878.016,25056.171190118956
265456,43878.016,26623.3315302768
265457,43878.016,61647.73955516195
265458,43878.016,27588.274937139846
265459,43878.016,21689.46925776969
265460,43878.016,13915.698387740973
265461,43878.016,35082.40348285179
265462,43878.016,49723.09375648719
265463,43878.016,39742.02781203386
265464,43878.016,48999.34503367141
265465,43878.016,21873.44454023405
265466,43878.016,10848.934958982974
265467,43878.016,33596.00521032663
265468,43878.016,42994.507434886786
265469,43878.016,54279.47484590897
265470,43878.016,13685.60419861411
265471,43878.016,52870.13986156236
265472,43878.016,17510.83649162412
265473,43878.016,22850.180916906487
265474,43878.016,12477.21272733916
265475,43878.016,58304.74289849985
265476,43878.016,32728.024527816855
265477,43878.016,35736.71911702891
265478,43878.016,44021.428150765685
265479,43878.016,6845.79788178929
265480,43878.016,37135.21298076503
265481,43878.016,29663.307554577867
265482,43878.016,14458.00941405255
265483,43878.016,31340.274399998227
265484,43878.016,25457.47627742209
265485,43878.016,43634.516262356716
265486,43878.016,42826.43097205299
265487,43878.016,67681.9086898495
265488,43878.016,9295.920568783036
265489,43878.016,28863.804114096674
265490,43878.016,15969.540046899467
265491,43878.016,54265.05026391057
265492,43878.016,50709.45066943292
265493,43878.016,49605.205625545066
265494,43878.016,18482.76530620994
265495,43878.016,37405.552556001334
265496,43878.016,7771.538410758542
265497,43878.016,50194.64204562378
265498,43878.016,12488.083709852272
265499,43878.016,32577.460518464377
265500,43878.016,26426.346450893925
265501,43878.016,26827.119012399384
265502,43878.016,39006.81368084743
265503,43878.016,38649.61439556725
265504,43878.016,36956.811468615306
265505,43878.016,29598.455958423878
265506,43878.016,45020.50870992144
265507,43878.016,78318.81076925641
265508,43878.016,56313.65241885395
265509,43878.016,15633.025508586643
265510,43878.016,57565.91814776172
265511,43878.016,60746.27282309672
265512,43878.016,10755.14764716528
265513,43878.016,10859.344069636965
265514,43878.016,15635.251200384402
265515,43878.016,41285.26081356997
265516,43878.016,56639.274854118026
265517,43878.016,21523.03763664296
265518,43878.016,81502.56696068078
265519,43878.016,46830.02673054604
265520,43878.016,47028.94826382524
265521,43878.016,46708.13364438853
265522,43878.016,42966.60383348585
265523,43878.016,33867.58188683605
265524,43878.016,31521.368036176
265525,43878.016,46993.404553748165
265526,43878.016,32308.67375479821
265527,43878.016,53180.71040329541
265528,43878.016,49908.80774489552
265529,43878.016,42486.87929683434
265530,43878.016,23424.049476484946
265531,43878.016,33759.369393883426
265532,43878.016,58440.044074749065
265533,43878.016,35644.220268305595
265534,43878.016,38458.065661798544
265535,43878.016,26055.60001039437
265536,43878.016,19902.548526163966
265537,43878.016,50572.564297478624
265538,43878.016,29231.91344121194
265539,43878.016,10828.676577640766
265540,43878.016,42057.396497776776
265541,43878.016,32380.738026546707
265542,43878.016,55500.52468574226
265543,43878.016,41072.30616508523
265544,43878.016,51449.28148370793
265545,43878.016,19128.711392462745
265546,43878.016,17881.321398510794
265547,43878.016,32275.745877367164
265548,43878.016,26532.619890069345
265549,43878.016,21466.889804210492
265550,43878.016,48981.84839888437
265551,43878.016,45440.98785959157
265552,43878.016,37618.176720555
265553,43878.016,6832.72555816731
265554,43878.016,19193.06816628418
265555,43878.016,77000.9822451926
265556,43878.016,53305.10366355134
265557,43878.016,54830.13116617878
265558,43878.016,14496.805773280621
265559,43878.016,6063.685626567641
265560,43878.016,16282.759990671293
265561,43878.016,30861.963147943414
265562,43878.016,21667.819386928822
265563,43878.016,53977.68616745757
265564,43878.016,23944.901560172413
265565,43878.016,8000.277485635796
265566,43878.016,45027.310951096995
265567,43878.016,74482.59796474621
265568,43878.016,15832.493429117203
265569,43878.016,30106.896251901875
265570,43878.016,27404.432050261556
265571,43878.016,13290.34198640477
265572,43878.016,45591.79472476941
265573,43878.016,60962.693402258614
265574,43878.016,40002.29650138579
265575,43878.016,31810.571974982402
265576,43878.016,38388.94739069318
265577,43878.016,26797.218706058666
265578,43878.016,38551.54582344884
265579,43878.016,15597.193972847826
265580,43878.016,12273.936385324912
265581,43878.016,11985.816171176448
265582,43878.016,52405.89020289931
265583,43878.016,22573.90835312347
265584,43878.016,19801.712576159403
265585,43878.016,28483.86708441785
265586,43878.016,13702.127440811708
265587,43878.016,51076.05894443931
265588,43878.016,45045.753583770966
265589,43878.016,20148.313528067076
265590,43878.016,8828.993636724772
265591,43878.016,45287.44831869867
265592,43878.016,12915.883323965149
265593,43878.016,13450.119889578446
265594,43878.016,35684.00557225344
265595,43878.016,78836.84790854843
265596,43878.016,48516.78248766504
265597,43878.016,8896.084209188853
265598,43878.016,30959.139419095238
265599,43878.016,47967.45567717588
265600,43878.016,24399.53427995819
265601,43878.016,58124.03573128429
265602,43878.016,32725.26895908081
265603,43878.016,64436.36010445679
265604,43878.016,80777.04941689316
265605,43878.016,16330.257739227654
265606,43878.016,46618.69187145286
265607,43878.016,5343.570049874894
265608,43878.016,26135.70241117866
265609,43878.016,34079.05794964853
265610,43878.016,49000.016904583004
265611,43878.016,15199.56549018384
265612,43878.016,31553.748056645247
265613,43878.016,14907.513569176925
265614,43878.016,33725.25364267328
265615,43878.016,63064.09575396005
265616,43878.016,25361.35925742926
265617,43878.016,27868.62095652537
265618,43878.016,12085.517321640458
265619,43878.016,40871.316824791036
265620,43878.016,13454.518125258344
265621,43878.016,64170.832056329615
265622,43878.016,28562.786790247108
265623,43878.016,42079.52569270979
265624,43878.016,105169.97864836884
265625,43878.016,64432.19231502585
265626,43878.016,25551.91334188414
265627,43878.016,39722.522471961405
265628,43878.016,48168.62112535628
265629,43878.016,12657.97579336372
265630,43878.016,29204.34576252357
265631,43878.016,40628.514490032416
265632,43878.016,45153.01732412728
265633,43878.016,61991.33045167822
265634,43878.016,28670.656116091857
265635,43878.016,48416.761650172775
265636,43878.016,14662.726635370405
265637,43878.016,40874.51562866528
265638,43878.016,45567.86002859468
265639,43878.016,30852.101020052156
265640,43878.016,13963.820096413396
265641,43878.016,59610.21972845502
265642,43878.016,10143.901291444152
265643,43878.016,15464.334960108528
265644,43878.016,24185.073194298784
265645,43878.016,37293.57360083528
265646,43878.016,68547.74198076397
265647,43878.016,17266.294804782756
265648,43878.016,92684.90699250269
265649,43878.016,27900.290816077704
265650,43878.016,10587.557244938524
265651,43878.016,11601.659386896765
265652,43878.016,27606.219727053358
265653,43878.016,20127.178632450916
265654,43878.016,44557.569827316554
265655,43878.016,22656.278657462986
265656,43878.016,51300.06166882957
265657,43878.016,37428.7646740546
265658,43878.016,4297.765829455939
265659,43878.016,69596.16901492048
265660,43878.016,22050.14227357477
265661,43878.016,54070.248183564065
265662,43878.016,55094.17912610797
265663,43878.016,20576.129620885073
265664,43878.016,52497.17935714243
265665,43878.016,24303.486326474707
265666,43878.016,11471.60260860513
265667,43878.016,22114.857815472293
265668,43878.016,39077.127955873184
265669,43878.016,53901.58727099581
265670,43878.016,48605.60392520703
265671,43878.016,50107.426312405776
265672,43878.016,17948.98646259015
265673,43878.016,7498.361701180563
265674,43878.016,28996.74229436524
265675,43878.016,23694.839103704784
265676,43878.016,13149.367740785265
265677,43878.016,34095.43582276348
265678,43878.016,65424.59901135546
265679,43878.016,45829.60123661839
265680,43878.016,43393.1030797963
265681,43878.016,30649.751614618253
265682,43878.016,48431.897867341024
265683,43878.016,6450.922137367767
265684,43878.016,28435.596756594758
265685,43878.016,38280.18391311353
265686,43878.016,20046.328090450275
265687,43878.016,32862.34989869404
265688,43878.016,25946.009980943494
265689,43878.016,34105.217917576025
265690,43878.016,43331.645058712355
265691,43878.016,21689.419941209246
265692,43878.016,10227.883240072993
265693,43878.016,45109.852044525716
265694,43878.016,18658.187827944505
265695,43878.016,37734.40489240731
265696,43878.016,18623.740819726725
265697,43878.016,20660.780710982708
265698,43878.016,51620.931613386965
265699,43878.016,22832.197867080675
265700,43878.016,30053.19342595317
265701,43878.016,67088.24951687962
265702,43878.016,43216.38765418259
265703,43878.016,38967.23909521453
265704,43878.016,22011.724521527864
265705,43878.016,16387.763766926793
265706,43878.016,48929.361990069396
265707,43878.016,29773.541762287092
265708,43878.016,62216.792011754704
265709,43878.016,44804.74652162276
265710,43878.016,64561.119742640665
265711,43878.016,67311.07282798567
265712,43878.016,64291.665907460025
265713,43878.016,9180.858729616282
265714,43878.016,36542.97099103552
265715,43878.016,39270.288897275146
265716,43878.016,42453.2625976864
265717,43878.016,45660.79662837724
265718,43878.016,32811.73210420722
265719,43878.016,27337.28035820137
265720,43878.016,58228.98729580227
265721,43878.016,51747.88405718193
265722,43878.016,31032.634869603942
265723,43878.016,61557.755242894535
265724,43878.016,74379.77715698736
265725,43878.016,8822.98399241434
265726,43878.016,13066.103106915272
265727,43878.016,32590.390058945268
265728,43878.016,57437.377238422414
265729,43878.016,32129.82611335567
265730,43878.016,18515.73580293078
265731,43878.016,15357.390153069473
265732,43878.016,8061.7093659981065
265733,43878.016,10212.220299169703
265734,43878.016,45519.841118117656
265735,43878.016,22467.62983035746
265736,43878.016,38550.06018174803
265737,43878.016,38416.21393714024
265738,43878.016,14764.827053988045
265739,43878.016,76347.8518768709
265740,43878.016,51340.103217293436
265741,43878.016,25615.15660162009
265742,43878.016,24225.960974976115
265743,43878.016,50439.37414811952
265744,43878.016,24847.376727133214
265745,43878.016,53608.132189157826
265746,43878.016,14892.464023529825
265747,43878.016,15831.306729021338
265748,43878.016,49538.830281288305
265749,43878.016,32040.179345056742
265750,43878.016,23189.619208776287
265751,43878.016,50455.93344743004
265752,43878.016,42609.76008964391
265753,43878.016,14724.416128103092
265754,43878.016,63497.60817867519
265755,43878.016,14454.789331451155
265756,43878.016,57185.02962990802
265757,43878.016,34784.463151910044
265758,43878.016,17465.98599678629
265759,43878.016,25190.319764923042
265760,43878.016,20990.406346831987
265761,43878.016,54849.00091968342
265762,43878.016,19824.884135031512
265763,43878.016,8544.315594830628
265764,43878.016,49268.75855287325
265765,43878.016,47376.29046115906
265766,43878.016,9071.263001965217
265767,43878.016,53437.53232612863
265768,43878.016,46283.34277431542
265769,43878.016,48019.02186144501
265770,43878.016,51671.15241364828
265771,43878.016,11095.249024274732
265772,43878.016,6372.2999736916045
265773,43878.016,22268.61036249359
265774,43878.016,89687.25843000783
265775,43878.016,16718.196492760966
265776,43878.016,62478.7135757947
265777,43878.016,14353.603172823718
265778,43878.016,53366.4478757504
265779,43878.016,32452.504495719128
265780,43878.016,25569.10529703532
265781,43878.016,18371.67047673815
265782,43878.016,34822.46333371323
265783,43878.016,31649.231389039487
265784,43878.016,55937.706806190225
265785,43878.016,24828.47361524367
265786,43878.016,50518.61941725623
265787,43878.016,8782.680180854188
265788,43878.016,23626.964372245413
265789,43878.016,55091.236052079395
265790,43878.016,84878.97866247444
265791,43878.016,57116.697165574915
265792,43878.016,57655.55910494435
265793,43878.016,51819.93248970918
265794,43878.016,65274.44056076984
265795,43878.016,17223.89263465749
265796,43878.016,52227.39768632281
265797,43878.016,41825.94352469067
265798,43878.016,37681.00945187652
265799,43878.016,25702.395209105205
265800,43878.016,15635.151007041764
265801,43878.016,33362.38329195271
265802,43878.016,13679.97329403534
265803,43878.016,59067.516479504586
265804,43878.016,10011.84092725261
265805,43878.016,41134.24917365273
265806,43878.016,19231.978098079395
265807,43878.016,18013.20372489085
265808,43878.016,40345.30426444908
265809,43878.016,26078.982509623587
265810,43878.016,50663.78088398002
265811,43878.016,35016.04996160603
265812,43878.016,30833.255222954067
265813,43878.016,23331.424567240083
265814,43878.016,43644.070442048025
265815,43878.016,52090.43974434931
265816,43878.016,33800.526758782915
265817,43878.016,31047.25704734661
265818,43878.016,17277.287715761653
265819,43878.016,48706.25685061369
265820,43878.016,15636.462457156107
265821,43878.016,31636.81344286719
265822,43878.016,58694.238374412205
265823,43878.016,22584.58594801718
265824,43878.016,43965.87980198713
265825,43878.016,7513.707838283691
265826,43878.016,12024.682599445885
265827,43878.016,9402.162769399883
265828,43878.016,44482.046939458814
265829,43878.016,23868.558022814042
265830,43878.016,46913.96729715813
265831,43878.016,34634.16016839259
265832,43878.016,15789.054869563208
265833,43878.016,41452.60936379952
265834,43878.016,36738.17738852394
265835,43878.016,18967.660329819093
265836,43878.016,16767.81952940699
265837,43878.016,10059.118900505622
265838,43878.016,11130.63817908813
265839,43878.016,8997.01008926462
265840,43878.016,14595.388894749085
265841,43878.016,29034.326899168325
265842,43878.016,63970.37234461133
265843,43878.016,32608.23078762812
265844,43878.016,10996.726141965113
265845,43878.016,40671.5532216844
265846,43878.016,29824.750133633243
265847,43878.016,9551.045257630334
265848,43878.016,80630.95328742418
265849,43878.016,49959.8016179921
265850,43878.016,15654.633177832222
265851,43878.016,72770.2283417183
265852,43878.016,52399.37795912134
265853,43878.016,58395.44364285401
265854,43878.016,23133.237581275243
265855,43878.016,17684.993708968184
265856,43878.016,22838.783580733307
265857,43878.016,30896.694327799578
265858,43878.016,12934.37542440062
265859,43878.016,11066.759972261862
265860,43878.016,37603.60917747642
265861,43878.016,43877.93066550556
265862,43878.016,49356.03811577955
265863,43878.016,34278.264682523186
265864,43878.016,12116.13701819688
265865,43878.016,68434.58791790684
265866,43878.016,57416.307471868255
265867,43878.016,64632.201835616484
265868,43878.016,5246.760062483126
265869,43878.016,82803.70480885995
265870,43878.016,57894.91034260935
265871,43878.016,13330.781903895891
265872,43878.016,11592.433364813876
265873,43878.016,16554.2154314533
265874,43878.016,53212.09980847886
265875,43878.016,9789.401892122512
265876,43878.016,39228.44735876366
265877,43878.016,33154.91558796307
265878,43878.016,15324.498202973755
265879,43878.016,18686.731056165234
265880,43878.016,14356.038410448033
265881,43878.016,20451.94883394334
265882,43878.016,16556.496200347734
265883,43878.016,13338.211648381033
265884,43878.016,58777.457281769035
265885,43878.016,12957.744306081127
265886,43878.016,9879.959181726723
265887,43878.016,74997.24608239345
265888,43878.016,19729.174358978722
265889,43878.016,13762.723112553069
265890,43878.016,23235.996927382705
265891,43878.016,44548.43859094086
265892,43878.016,32435.935343263536
265893,43878.016,40308.01332339926
265894,43878.016,22704.89213195853
265895,43878.016,30847.1293511033
265896,43878.016,16441.108180218518
265897,43878.016,41514.51856356514
265898,43878.016,23939.31846604788
265899,43878.016,51619.4093404168
265900,43878.016,26456.739388793303
265901,43878.016,22643.483161038297
265902,43878.016,50217.1606246033
265903,43878.016,15364.518754702656
265904,43878.016,54035.971483882175
265905,43878.016,19672.325236245735
265906,43878.016,38783.55263195727
265907,43878.016,50711.77463373769
265908,43878.016,49282.898966536035
265909,43878.016,41142.706689857354
265910,43878.016,6517.640527248952
265911,43878.016,31535.674198731987
265912,43878.016,42175.40222065209
265913,43878.016,28785.888671595036
265914,43878.016,62108.104198566405
265915,43878.016,11529.907591842191
265916,43878.016,29689.668055331025
265917,43878.016,65469.7693017986
265918,43878.016,30697.34012946013
265919,43878.016,11536.757184415992
265920,43878.016,7118.934933447299
265921,43878.016,21988.978495647552
265922,43878.016,62758.60261313109
265923,43878.016,42453.319941737725
265924,43878.016,11224.639185253856
265925,43878.016,52360.74602485333
265926,43878.016,64325.64040555189
265927,43878.016,41356.86991594607
265928,43878.016,13790.372091469573
265929,43878.016,20842.32292511659
265930,43878.016,73414.81016226146
265931,43878.016,57106.08088004474
265932,43878.016,8178.7839410328415
265933,43878.016,21850.150149907746
265934,43878.016,55527.346986570796
265935,43878.016,23967.5773147718
265936,43878.016,18838.27649839827
265937,43878.016,21822.289250056194
265938,43878.016,65411.99011278898
265939,43878.016,23819.575108280707
265940,43878.016,13659.299828061874
265941,43878.016,55034.46286875881
265942,43878.016,25334.283791113085
265943,43878.016,42339.014568121434
265944,43878.016,39523.933816558194
265945,43878.016,33345.692261932374
265946,43878.016,39005.20720589888
265947,43878.016,10071.47182907422
265948,43878.016,23458.615899959535
265949,43878.016,20480.329120276958
265950,43878.016,9437.987656813488
265951,43878.016,36362.3851324414
265952,43878.016,31438.326303271802
265953,43878.016,48178.76664062959
265954,43878.016,20708.093659047183
265955,43878.016,33523.9460873942
265956,43878.016,30750.318521993944
265957,43878.016,34365.32793059552
265958,43878.016,44063.153936315146
265959,43878.016,17959.651437801793
265960,43878.016,46139.342910307794
265961,43878.016,34238.91837012663
265962,43878.016,63153.01320035377
265963,43878.016,59775.12156854539
265964,43878.016,51765.564908565764
265965,43878.016,12288.548886779856
265966,43878.016,20892.59910007943
265967,43878.016,12201.612134008366
265968,43878.016,48425.21277080031
265969,43878.016,63654.093894974394
265970,43878.016,75599.17807833127
265971,43878.016,42946.34208128157
265972,43878.016,14906.150250997398
265973,43878.016,46585.45573410186
265974,43878.016,44075.305503941774
265975,43878.016,26260.295173166945
265976,43878.016,65948.2568836756
265977,43878.016,31567.462790513968
265978,43878.016,39643.52139968993
265979,43878.016,17746.15824156145
265980,43878.016,32651.3124804097
265981,43878.016,14642.61856433793
265982,43878.016,27268.79860790219
265983,43878.016,64873.193544597765
265984,43878.016,31915.581780226697
265985,43878.016,9525.798012689793
265986,43878.016,37708.91503303639
265987,43878.016,25768.56540696111
265988,43878.016,31829.498838273892
265989,43878.016,76857.34334857017
265990,43878.016,18615.880524845026
265991,43878.016,46243.95266638124
265992,43878.016,33372.690148663576
265993,43878.016,56636.13906775038
265994,43878.016,14726.36757756544
265995,43878.016,24539.89195705516
265996,43878.016,62695.43325705657
265997,43878.016,36396.229954956754
265998,43878.016,20043.27768744062
265999,43878.016,13338.946949741961
266000,43878.016,30235.83734818947
266001,43878.016,32094.17142214926
266002,43878.016,51560.76995455423
266003,43878.016,21631.45435797424
266004,43878.016,6963.885658562581
266005,43878.016,23052.971229152183
266006,43878.016,57418.65180381712
266007,43878.016,49397.277074127276
266008,43878.016,60114.367451264974
266009,43878.016,19130.537055623892
266010,43878.016,43918.45510624719
266011,43878.016,18934.50242072379
266012,43878.016,20664.71635099223
266013,43878.016,63437.81615944828
266014,43878.016,29697.08691928775
266015,43878.016,20625.416553655297
266016,43878.016,18884.33925807637
266017,43878.016,11002.309152211285
266018,43878.016,55669.97269744572
266019,43878.016,50610.155640557925
266020,43878.016,13557.482550311834
266021,43878.016,19325.581562789506
266022,43878.016,43923.075586539686
266023,43878.016,31787.44298946076
266024,43878.016,47386.377272374724
266025,43878.016,41223.53613162969
266026,43878.016,36391.31945967895
266027,43878.016,44743.59410304199
266028,43878.016,14532.009610797564
266029,43878.016,49930.23628721428
266030,43878.016,21478.0273112431
266031,43878.016,63344.505015356015
266032,43878.016,52727.14865882741
266033,43878.016,28627.16703074978
266034,43878.016,39401.17283541189
266035,43878.016,29312.01060393529
266036,43878.016,55066.36243112647
266037,43878.016,28355.602019367685
266038,43878.016,36836.052179721555
266039,43878.016,8410.84701160642
266040,43878.016,17749.17786300724
266041,43878.016,63542.88485450924
266042,43878.016,48658.24038798704
266043,43878.016,41861.42293920171
266044,43878.016,35211.978349476536
266045,43878.016,53143.18642479267
266046,43878.016,12149.532062001084
266047,43878.016,53264.66372818718
266048,43878.016,46573.45363011466
266049,43878.016,52727.6873170021
266050,43878.016,25479.267396687872
266051,43878.016,31182.471354452147
266052,43878.016,40705.65633412037
266053,43878.016,58122.52336579992
266054,43878.016,55237.059874069564
266055,43878.016,41042.2061788965
266056,43878.016,54672.23799057318
266057,43878.016,59075.1949980054
266058,43878.016,61081.36561295026
266059,43878.016,49654.77787713835
266060,43878.016,29345.111051887245
266061,43878.016,26330.067947927284
266062,43878.016,19131.310290420035
266063,43878.016,49416.86838087872
266064,43878.016,55805.097360350264
266065,43878.016,35494.19357610365
266066,43878.016,22036.67275392998
266067,43878.016,71301.66720120411
266068,43878.016,6968.586120776836
266069,43878.016,30383.51389544654
266070,43878.016,28030.87841674829
266071,43878.016,40166.40151896344
266072,43878.016,36364.540425112726
266073,43878.016,5277.723686137411
266074,43878.016,47211.2201176869
266075,43878.016,11794.548991157806
266076,43878.016,59943.65158363249
266077,43878.016,4031.9122565138114
266078,43878.016,52372.38630929498
266079,43878.016,54662.052186590176
266080,43878.016,16071.107653660212
266081,43878.016,4216.126090068255
266082,43878.016,45606.88580981357
266083,43878.016,42475.18558187953
266084,43878.016,62115.16816281504
266085,43878.016,13080.289950094822
266086,43878.016,74035.52273458922
266087,43878.016,24299.772380938866
266088,43878.016,5146.767053384678
266089,43878.016,57002.0892891543
266090,43878.016,43934.17524240638
266091,43878.016,8701.694848261492
266092,43878.016,35374.20211263291
266093,43878.016,58672.2128730203
266094,43878.016,22720.618472037415
266095,43878.016,30318.851120026517
266096,43878.016,75652.78683731354
266097,43878.016,10571.902331604813
266098,43878.016,54587.08708914628
266099,43878.016,49847.571858956275
266100,43878.016,51749.22855972239
266101,43878.016,55048.429500189
266102,43878.016,9740.482299469426
266103,43878.016,11648.732798573888
266104,43878.016,40438.28607388671
266105,43878.016,28547.610568592194
266106,43878.016,52209.619377401374
266107,43878.016,55513.48935597769
266108,43878.016,75131.89540340562
266109,43878.016,15583.566155208417
266110,43878.016,53165.85635416967
266111,43878.016,61381.808450077435
266112,43878.016,63567.85761418046
266113,43878.016,9151.087009574381
266114,43878.016,39865.28016410933
266115,43878.016,32319.111610481927
266116,43878.016,25730.23826508928
266117,43878.016,24825.428284408623
266118,43878.016,16400.684007495573
266119,43878.016,32751.13182716674
266120,43878.016,22227.40624846694
266121,43878.016,11743.02842425864
266122,43878.016,30868.581861881354
266123,43878.016,27365.55205610762
266124,43878.016,32808.603101856854
266125,43878.016,12402.940244309895
266126,43878.016,21002.477829712832
266127,43878.016,12957.693552650813
266128,43878.016,37702.93219265921
266129,43878.016,57642.163099439604
266130,43878.016,48784.341551771926
266131,43878.016,53645.16392464597
266132,43878.016,50991.357787037494
266133,43878.016,42519.260046378055
266134,43878.016,39319.17158961241
266135,43878.016,14337.322790676346
266136,43878.016,33736.0198805548
266137,43878.016,10833.553062965388
266138,43878.016,12333.570566372198
266139,43878.016,39940.19350985614
266140,43878.016,119548.99225802379
266141,43878.016,51117.97595122054
266142,43878.016,37948.30100247638
266143,43878.016,14164.715319751378
266144,43878.016,14621.693026542996
266145,43878.016,37489.60238215667
266146,43878.016,62470.55288386139
266147,43878.016,17466.55462350932
266148,43878.016,52797.30193261139
266149,43878.016,29709.314640484437
266150,43878.016,19074.87444249398
266151,43878.016,16635.638116994305
266152,43878.016,40020.134468071235
266153,43878.016,61195.33267168117
266154,43878.016,46472.38172157186
266155,43878.016,45056.809410777285
266156,43878.016,62964.6681522927
266157,43878.016,7633.048281267702
266158,43878.016,18616.51672763366
266159,43878.016,47405.377713647205
266160,43878.016,15119.382547110967
266161,43878.016,23419.32035110865
266162,43878.016,70005.80830635587
266163,43878.016,38764.55341362389
266164,43878.016,14169.91736016629
266165,43878.016,5657.11349025012
266166,43878.016,59765.49353899515
266167,43878.016,30919.655824686757
266168,43878.016,27039.70708864893
266169,43878.016,32782.537486145906
266170,43878.016,59932.459978425584
266171,43878.016,49333.620801389254
266172,43878.016,11275.798277511665
266173,43878.016,43653.63388995078
266174,43878.016,23423.97860936591
266175,43878.016,42902.28054686868
266176,43878.016,62758.31366617984
266177,43878.016,30897.557157102172
266178,43878.016,67981.17171238062
266179,43878.016,10510.614163676782
266180,43878.016,28767.99793922481
266181,43878.016,56332.76435220338
266182,43878.016,12672.75994243126
266183,43878.016,11028.542709187193
266184,43878.016,13035.884314688563
266185,43878.016,23312.693362407448
266186,43878.016,17102.59004647242
266187,43878.016,27766.137613889965
266188,43878.016,52929.68668726331
266189,43878.016,27929.820144796624
266190,43878.016,34986.82140068835
266191,43878.016,45895.01860245948
266192,43878.016,67253.96477796312
266193,43878.016,48691.23582218587
266194,43878.016,25407.87423893538
266195,43878.016,11480.831490857066
266196,43878.016,17432.80788551734
266197,43878.016,67954.2947163555
266198,43878.016,29386.047547080543
266199,43878.016,46844.943086796244
266200,43878.016,26697.132813583266
266201,43878.016,33218.10614221793
266202,43878.016,24419.530875189368
266203,43878.016,31473.39815440713
266204,43878.016,23793.054813606384
266205,43878.016,16680.399892993213
266206,43878.016,82677.02625919637
266207,43878.016,4593.650750465333
266208,43878.016,58186.08718169446
266209,43878.016,42306.9122823636
266210,43878.016,8342.490272518156
266211,43878.016,10057.409575760435
266212,43878.016,51827.93041199568
266213,43878.016,12614.730806826166
266214,43878.016,9289.747081297011
266215,43878.016,36034.074698799785
266216,43878.016,33967.210614898555
266217,43878.016,33140.913922325046
266218,43878.016,62245.858902915716
266219,43878.016,66079.39165887664
266220,43878.016,63555.309437770644
266221,43878.016,39092.73085543545
266222,43878.016,20413.937876615546
266223,43878.016,20097.778900248373
266224,43878.016,21188.485321305936
266225,43878.016,11699.971869640212
266226,43878.016,48058.49637473768
266227,43878.016,42384.31378529999
266228,43878.016,31676.232039117156
266229,43878.016,62352.21185853601
266230,43878.016,35260.96134712022
266231,43878.016,61731.67149659063
266232,43878.016,11265.25474045427
266233,43878.016,20625.899977015328
266234,43878.016,40507.444613039894
266235,43878.016,26284.332376983082
266236,43878.016,16155.692117912904
266237,43878.016,30991.717327518585
266238,43878.016,38910.29976274427
266239,43878.016,50953.50737447014
266240,43878.016,51725.39676388357
266241,43878.016,29404.378951748073
266242,43878.016,39616.68093147087
266243,43878.016,23078.806964202722
266244,43878.016,15212.696487602967
266245,43878.016,18355.004961454404
266246,43878.016,17364.862480619126
266247,43878.016,40552.37220267557
266248,43878.016,23749.978894919765
266249,43878.016,11342.919777651286
266250,43878.016,52281.05656272418
266251,43878.016,44115.9731303378
266252,43878.016,11919.716726444818
266253,43878.016,27643.384001166374
266254,43878.016,11463.718658266393
266255,43878.016,14529.63756714505
266256,43878.016,38788.84083425046
266257,43878.016,69631.87727274078
266258,43878.016,32026.06994566658
266259,43878.016,49021.31180326791
266260,43878.016,48996.165461669356
266261,43878.016,26659.575135089173
266262,43878.016,12734.78122593636
266263,43878.016,6765.080635002934
266264,43878.016,22646.60828251178
266265,43878.016,6947.106235279277
266266,43878.016,33518.587275592654
266267,43878.016,62775.026598593766
266268,43878.016,13876.026180439529
266269,43878.016,22483.446341759438
266270,43878.016,47469.75923642923
266271,43878.016,31519.797832203483
266272,43878.016,49130.81236612779
266273,43878.016,37969.05441715793
266274,43878.016,28409.70375744567
266275,43878.016,12006.776452219821
266276,43878.016,31470.89908468828
266277,43878.016,11742.964538175516
266278,43878.016,11862.515421720062
266279,43878.016,28365.437936055932
266280,43878.016,53599.58059629126
266281,43878.016,28586.773295425097
266282,43878.016,26718.589320715022
266283,43878.016,9611.261420896568
266284,43878.016,71417.38846122281
266285,43878.016,22384.13140046473
266286,43878.016,18435.11227766656
266287,43878.016,34321.30760749855
266288,43878.016,43766.34538021173
266289,43878.016,23712.83959483642
266290,43878.016,50782.27115184859
266291,43878.016,86832.66794311273
266292,43878.016,57292.311019707675
266293,43878.016,60956.16965821803
266294,43878.016,30292.884740297377
266295,43878.016,31085.245875054436
266296,43878.016,17748.50592202852
266297,43878.016,38985.840953676794
266298,43878.016,7699.410072641888
266299,43878.016,97464.22210398388
266300,43878.016,15361.40300309043
266301,43878.016,14189.554114236997
266302,43878.016,50059.39753081847
266303,43878.016,41304.24288953173
266304,43878.016,52915.85891648844
266305,43878.016,24020.444437592974
266306,43878.016,41796.77316048116
266307,43878.016,44960.65766319663
266308,43878.016,12404.417923576846
266309,43878.016,61567.392381618614
266310,43878.016,22443.386625725998
266311,43878.016,85634.15132567877
266312,43878.016,22855.26197821352
266313,43878.016,24457.808737181127
266314,43878.016,59798.96066737906
266315,43878.016,11678.29888805129
266316,43878.016,33890.65573253862
266317,43878.016,47589.35799042122
266318,43878.016,26751.4652833434
266319,43878.016,12343.093691095233
266320,43878.016,19602.427320164395
266321,43878.016,35225.15795833466
266322,43878.016,63778.38348815872
266323,43878.016,30249.64929260658
266324,43878.016,17457.584698562267
266325,43878.016,31781.120660606444
266326,43878.016,10103.853592888354
266327,43878.016,63364.746248090385
266328,43878.016,15310.199326996773
266329,43878.016,42608.743083391244
266330,43878.016,6724.442803336268
266331,43878.016,17232.297859617855
266332,43878.016,12823.414126849793
266333,43878.016,21659.403389790743
266334,43878.016,17375.887653354977
266335,43878.016,30694.340157161747
266336,43878.016,74772.02575589754
266337,43878.016,34022.698683270864
266338,43878.016,52172.400126440836
266339,43878.016,39739.54861032602
266340,43878.016,43853.79884420433
266341,43878.016,60030.85975965909
266342,43878.016,26679.045980372724
266343,43878.016,48981.27485897649
266344,43878.016,41046.190483718216
266345,43878.016,43986.39445915768
266346,43878.016,36722.317394966245
266347,43878.016,53471.21887341162
266348,43878.016,28792.819649233756
266349,43878.016,44691.137263048004
266350,43878.016,12296.819409552187
266351,43878.016,65125.585896500146
266352,43878.016,31565.919574313826
266353,43878.016,65572.01942221566
266354,43878.016,23377.82547666719
266355,43878.016,56329.364687181645
266356,43878.016,70258.37902967965
266357,43878.016,60644.953300043904
266358,43878.016,38569.66631756233
266359,43878.016,17345.249027191392
266360,43878.016,66479.71369953958
266361,43878.016,49700.721714076935
266362,43878.016,24283.35518298238
266363,43878.016,9195.066013986732
266364,43878.016,25133.799021440554
266365,43878.016,48201.25090037596
266366,43878.016,29854.19708622816
266367,43878.016,18282.254429146775
266368,43878.016,24318.689339533594
266369,43878.016,80363.44739797975
266370,43878.016,12544.034125647815
266371,43878.016,45093.24108085122
266372,43878.016,17701.51015930522
266373,43878.016,42252.02701071943
266374,43878.016,18359.035192930416
266375,43878.016,41367.93941517694
266376,43878.016,40482.64776480604
266377,43878.016,56259.29422420649
266378,43878.016,52573.797153478896
266379,43878.016,45823.88968177228
266380,43878.016,23721.158773410258
266381,43878.016,70419.63807569616
266382,43878.016,18401.614058984287
266383,43878.016,57989.72388504738
266384,43878.016,39790.308015645816
266385,43878.016,50400.79754097399
266386,43878.016,74519.20201884417
266387,43878.016,47642.62448916939
266388,43878.016,54745.08607320146
266389,43878.016,35813.405036493925
266390,43878.016,18094.884300033955
266391,43878.016,22426.848484064692
266392,43878.016,54484.42231282288
266393,43878.016,51452.00200045681
266394,43878.016,41408.83008162553
266395,43878.016,18123.320886754216
266396,43878.016,61002.68576896184
266397,43878.016,13247.831487808993
266398,43878.016,9891.139096073319
266399,43878.016,15420.249296167585
266400,43878.016,14201.789256791826
266401,43878.016,34092.50583592623
266402,43878.016,66129.92994768647
266403,43878.016,12945.336992134224
266404,43878.016,54654.873890858566
266405,43878.016,58215.94464626838
266406,43878.016,31139.42906706148
266407,43878.016,28986.86261638489
266408,43878.016,13860.0994466693
266409,43878.016,22435.09471734244
266410,43878.016,33570.975430559985
266411,43878.016,37590.75586928407
266412,43878.016,40155.764108881194
266413,43878.016,43313.44910077106
266414,43878.016,58507.20149859443
266415,43878.016,15702.015320617551
266416,43878.016,43712.403822619395
266417,43878.016,20411.871792432456
266418,43878.016,35806.83940672068
266419,43878.016,45915.790029076605
266420,43878.016,25173.03196374527
266421,43878.016,43269.876022841316
266422,43878.016,31636.01906988914
266423,43878.016,43058.82899057326
266424,43878.016,54118.179248817774
266425,43878.016,41641.386164111966
266426,43878.016,43717.655052541224
266427,43878.016,10117.543254814136
266428,43878.016,66106.49436758108
266429,43878.016,11811.882496592334
266430,43878.016,12635.460423794335
266431,43878.016,48012.66835199168
266432,43878.016,23555.6210766115
266433,43878.016,13851.80544578875
266434,43878.016,38410.091195198125
266435,43878.016,81509.94303112592
266436,43878.016,23151.529335493415
266437,43878.016,44761.247925854186
266438,43878.016,43702.42439702177
266439,43878.016,28718.41192382436
266440,43878.016,16127.248359306266
266441,43878.016,17694.017134502006
266442,43878.016,32629.555488371065
266443,43878.016,26924.440962567387
266444,43878.016,26731.62384111236
266445,43878.016,9772.191980060461
266446,43878.016,51093.650514643756
266447,43878.016,92191.30958915419
266448,43878.016,50286.56153565106
266449,43878.016,28005.630178624324
266450,43878.016,6558.734533708985
266451,43878.016,63113.10008324288
266452,43878.016,46164.60476010972
266453,43878.016,26441.42454880479
266454,43878.016,18584.136284180066
266455,43878.016,30728.089026449416
266456,43878.016,25627.298804862836
266457,43878.016,50021.50463668261
266458,43878.016,58880.95575715531
266459,43878.016,7951.281372347591
266460,43878.016,14208.780642815136
266461,43878.016,35463.4083583474
266462,43878.016,50415.69309081899
266463,43878.016,47257.43512456514
266464,43878.016,78118.6858408547
266465,43878.016,20603.465210276856
266466,43878.016,17686.086879967916
266467,43878.016,21026.828717476135
266468,43878.016,9744.520118291879
266469,43878.016,64888.61531911134
266470,43878.016,28740.646317112674
266471,43878.016,67687.4769114847
266472,43878.016,27017.18724270197
266473,43878.016,46014.52307552512
266474,43878.016,56240.003902575765
266475,43878.016,62796.35266555113
266476,43878.016,8103.506964031667
266477,43878.016,71272.60667332615
266478,43878.016,6240.445219266897
266479,43878.016,74583.55520718386
266480,43878.016,39648.88551545165
266481,43878.016,70292.8160023179
266482,43878.016,21645.74270017066
266483,43878.016,55454.526797827886
266484,43878.016,14837.177314915174
266485,43878.016,38535.36232371219
266486,43878.016,11873.225620776535
266487,43878.016,38003.37643568577
266488,43878.016,45698.23364224898
266489,43878.016,27715.67221571082
266490,43878.016,50958.92523829997
266491,43878.016,40134.785283543875
266492,43878.016,24167.48072718251
266493,43878.016,25876.001502230913
266494,43878.016,26884.5233278555
266495,43878.016,35993.447634277974
266496,43878.016,37331.005723279915
266497,43878.016,11382.515527431839
266498,43878.016,11089.500868080931
266499,43878.016,49585.02106239285
266500,43878.016,15142.258193509299
266501,43878.016,40876.61829128344
266502,43878.016,55792.21589995205
266503,43878.016,67814.17141263801
266504,43878.016,30774.49011451572
266505,43878.016,32676.294961909574
266506,43878.016,45213.24905484109
266507,43878.016,61503.08271458224
266508,43878.016,39620.489781733144
266509,43878.016,6390.333586234244
266510,43878.016,59127.17784627003
266511,43878.016,53293.6339554437
266512,43878.016,31125.989803694487
266513,43878.016,25779.7172369234
266514,43878.016,19124.936488345407
266515,43878.016,13962.222196069217
266516,43878.016,50066.19049864198
266517,43878.016,8990.98450389825
266518,43878.016,23902.94389121956
266519,43878.016,14975.01592377937
266520,43878.016,20058.60307414593
266521,43878.016,49776.110110721165
266522,43878.016,43173.131574567604
266523,43878.016,43494.2333502282
266524,43878.016,30320.157927054963
266525,43878.016,64302.3713615617
266526,43878.016,64765.131705426305
266527,43878.016,51018.012732087394
266528,43878.016,6740.960000756682
266529,43878.016,16779.58228342935
266530,43878.016,31089.725701152965
266531,43878.016,5232.822887732501
266532,43878.016,7884.4175690623315
266533,43878.016,23821.73302405007
266534,43878.016,13529.188095405554
266535,43878.016,20189.572071352053
266536,43878.016,49368.78509089243
266537,43878.016,46304.51929168814
266538,43878.016,6157.6601678418
266539,43878.016,28578.027900852696
266540,43878.016,33091.439760927286
266541,43878.016,69951.68101708258
266542,43878.016,43281.63870527307
266543,43878.016,38821.92199113087
266544,43878.016,8449.218680727145
266545,43878.016,9401.03076735475
266546,43878.016,62143.1727381911
266547,43878.016,15492.914543846819
266548,43878.016,18494.82909466118
266549,43878.016,18942.130272711758
266550,43878.016,33915.77645254963
266551,43878.016,40423.57627151039
266552,43878.016,24182.22825866299
266553,43878.016,17671.98036778408
266554,43878.016,86545.42569557235
266555,43878.016,32324.185061015938
266556,43878.016,79546.33186137304
266557,43878.016,28615.688447858338
266558,43878.016,30039.392695488328
266559,43878.016,49324.78800427661
266560,43878.016,10883.18813879599
266561,43878.016,56901.03064251627
266562,43878.016,77739.737745871
266563,43878.016,23840.82537843873
266564,43878.016,21124.18715341168
266565,43878.016,116977.68593979611
266566,43878.016,44885.17406879329
266567,43878.016,78502.03708574592
266568,43878.016,43533.87081118609
266569,43878.016,11603.641482908472
266570,43878.016,22634.623104425806
266571,43878.016,16019.270610020074
266572,43878.016,50661.69768815798
266573,43878.016,30949.102366204937
266574,43878.016,45351.091293031524
266575,43878.016,15566.51915638006
266576,43878.016,21722.573380442474
266577,43878.016,29617.617593351835
266578,43878.016,76745.72953596612
266579,43878.016,11943.775293049663
266580,43878.016,62390.22072551676
266581,43878.016,29848.62132631988
266582,43878.016,21195.897341672073
266583,43878.016,14668.088635332766
266584,43878.016,16828.59957976025
266585,43878.016,37153.01294275675
266586,43878.016,8571.506175408655
266587,43878.016,54131.814890742244
266588,43878.016,30903.50729317647
266589,43878.016,37283.08162596133
266590,43878.016,57731.564568304384
266591,43878.016,49110.10202576998
266592,43878.016,39875.32448014363
266593,43878.016,52106.74626592112
266594,43878.016,52597.40504282583
266595,43878.016,48636.807852463564
266596,43878.016,9545.44709829661
266597,43878.016,37909.08742904126
266598,43878.016,10216.827573478857
266599,43878.016,43407.97839232597
266600,43878.016,51969.48432358514
266601,43878.016,14056.270615645322
266602,43878.016,8847.458602513412
266603,43878.016,29698.97125768078
266604,43878.016,53018.20721236564
266605,43878.016,15861.14803072653
266606,43878.016,27912.77305438254
266607,43878.016,8463.47399798457
266608,43878.016,51136.665710902926
266609,43878.016,61140.24633433304
266610,43878.016,52835.88085549504
266611,43878.016,62382.67167472973
266612,43878.016,69880.38017483846
266613,43878.016,37629.01188687765
266614,43878.016,40648.09241993334
266615,43878.016,9084.81951165116
266616,43878.016,30860.630533728745
266617,43878.016,40979.521956587356
266618,43878.016,33526.16304477232
266619,43878.016,32266.246515990213
266620,43878.016,54346.69589883859
266621,43878.016,67578.82624981785
266622,43878.016,33033.2593280793
266623,43878.016,11236.046770382703
266624,43878.016,18539.37178967526
266625,43878.016,51671.668841550934
266626,43878.016,60426.6821437645
266627,43878.016,20907.033422709836
266628,43878.016,67032.58551449112
266629,43878.016,29017.713536149673
266630,43878.016,69662.9619886432
266631,43878.016,7683.772958788594
266632,43878.016,42446.9226468608
266633,43878.016,52798.153434179505
266634,43878.016,47694.93387362947
266635,43878.016,13064.39921148523
266636,43878.016,47651.223802865876
266637,43878.016,4917.442943881405
266638,43878.016,62304.35351855519
266639,43878.016,29831.68653475414
266640,43878.016,37361.95474124695
266641,43878.016,60120.72982352975
266642,43878.016,64820.31957884735
266643,43878.016,37287.50138104079
266644,43878.016,51145.78202342639
266645,43878.016,30993.95618008527
266646,43878.016,36779.2756544547
266647,43878.016,18516.53207221125
266648,43878.016,55853.47122083532
266649,43878.016,32872.38734427989
266650,43878.016,36779.19934467471
266651,43878.016,20537.50181775671
266652,43878.016,70980.12153418465
266653,43878.016,36114.67036395729
266654,43878.016,16009.35024540736
266655,43878.016,47333.23000412236
266656,43878.016,15132.539336248352
266657,43878.016,47330.27603937914
266658,43878.016,36830.6431126804
266659,43878.016,40059.41951807042
266660,43878.016,43791.24111230615
266661,43878.016,36512.19391146323
266662,43878.016,30851.797720054463
266663,43878.016,19608.262244190242
266664,43878.016,26180.287327382506
266665,43878.016,29975.338625950208
266666,43878.016,56766.05269235274
266667,43878.016,48943.47183489641
266668,43878.016,22743.369459702284
266669,43878.016,68721.9177489644
266670,43878.016,51425.34683578332
266671,43878.016,9534.742125498937
266672,43878.016,12910.704039941464
266673,43878.016,60497.05673693692
266674,43878.016,19574.033328026093
266675,43878.016,67123.69928294767
266676,43878.016,8513.319019224813
266677,43878.016,37430.22342291529
266678,43878.016,36333.068010123934
266679,43878.016,11226.809242411715
266680,43878.016,41073.81667702868
266681,43878.016,55930.36118626464
266682,43878.016,50405.75635414685
266683,43878.016,17239.556299105065
266684,43878.016,10516.561701481582
266685,43878.016,79986.04234283847
266686,43878.016,67395.6913461525
266687,43878.016,19475.623046440905
266688,43878.016,55065.825971273924
266689,43878.016,9355.400600663248
266690,43878.016,35556.47762654577
266691,43878.016,24794.017374007042
266692,43878.016,21402.549185751304
266693,43878.016,30081.580132210038
266694,43878.016,27868.29461910439
266695,43878.016,11732.880550323276
266696,43878.016,13274.440556258005
266697,43878.016,35244.01479347322
266698,43878.016,11156.528934582268
266699,43878.016,19381.353101320863
266700,43878.016,53010.99068231812
266701,43878.016,12666.280696473976
266702,43878.016,47895.04301701543
266703,43878.016,52686.16656496018
266704,43878.016,46235.97137176438
266705,43878.016,31174.37728208181
266706,43878.016,16401.013013439937
266707,43878.016,54818.58479352104
266708,43878.016,23708.138866850182
266709,43878.016,4142.771096595571
266710,43878.016,56153.55134006088
266711,43878.016,34319.17364916523
266712,43878.016,41567.74367559131
266713,43878.016,61601.85611898434
266714,43878.016,46930.49130736228
266715,43878.016,50338.61832820445
266716,43878.016,26632.851767297798
266717,43878.016,57238.181197821825
266718,43878.016,60044.26545855437
266719,43878.016,20357.184914760153
266720,43878.016,14711.115072556524
266721,43878.016,44223.74186349885
266722,43878.016,50873.4491175975
266723,43878.016,37036.48742067407
266724,43878.016,52304.32431609576
266725,43878.016,52337.55426107909
266726,43878.016,32452.166330882905
266727,43878.016,46290.57000531797
266728,43878.016,34573.74026073915
266729,43878.016,22350.239486199873
266730,43878.016,72641.30793893886
266731,43878.016,34127.95741716084
266732,43878.016,11583.323231011294
266733,43878.016,11388.892735844132
266734,43878.016,54762.59023888034
266735,43878.016,16603.72901809927
266736,43878.016,10081.973139786485
266737,43878.016,62025.94818988069
266738,43878.016,73943.02543755315
266739,43878.016,52320.037497386045
266740,43878.016,27842.159356255503
266741,43878.016,31758.723513489385
266742,43878.016,64836.32329229792
266743,43878.016,33933.996531919525
266744,43878.016,55381.977126609614
266745,43878.016,13960.902012750586
266746,43878.016,26026.633078087587
266747,43878.016,36954.64809897987
266748,43878.016,10630.71331894469
266749,43878.016,46786.34502383145
266750,43878.016,20823.520941598003
266751,43878.016,18963.424223105954
266752,43878.016,50355.9198844719
266753,43878.016,33533.660967914046
266754,43878.016,15016.68476336623
266755,43878.016,20070.534675197225
266756,43878.016,8071.834093489214
266757,43878.016,50765.733191364976
266758,43878.016,39052.1805999698
266759,43878.016,27423.584053094102
266760,43878.016,35254.1507869752
266761,43878.016,47814.739373899516
266762,43878.016,37929.78041436427
266763,43878.016,7161.613839280302
266764,43878.016,38653.88417533037
266765,43878.016,35413.418755039915
266766,43878.016,9070.537877977451
266767,43878.016,7902.4296422550815
266768,43878.016,50038.83842281958
266769,43878.016,19914.204278354173
266770,43878.016,54802.53487097668
266771,43878.016,23257.40461295053
266772,43878.016,31417.0393165084
266773,43878.016,61376.29829938995
266774,43878.016,9928.175406493856
266775,43878.016,30817.69875388204
266776,43878.016,51667.90146832053
266777,43878.016,4510.50736814997
266778,43878.016,44304.88522918978
266779,43878.016,31277.989415196887
266780,43878.016,55145.9155831246
266781,43878.016,27408.279107849306
266782,43878.016,9706.09044368111
266783,43878.016,66976.18221418609
266784,43878.016,55849.627564609604
266785,43878.016,37226.53299408192
266786,43878.016,18350.427068185272
266787,43878.016,60224.76804571958
266788,43878.016,54613.67573180728
266789,43878.016,33934.57636678826
266790,43878.016,34222.93412545874
266791,43878.016,20099.77716251053
266792,43878.016,12174.475961016306
266793,43878.016,69697.80884539905
266794,43878.016,27018.902666982867
266795,43878.016,33723.69895979154
266796,43878.016,13613.635283972679
266797,43878.016,35653.60817289877
266798,43878.016,16020.710522499465
266799,43878.016,19485.155933439604
266800,43878.016,52003.57651368202
266801,43878.016,12947.905265839296
266802,43878.016,35194.5430673397
266803,43878.016,44677.546006098295
266804,43878.016,8162.203386416184
266805,43878.016,10615.205983454198
266806,43878.016,61421.937720675436
266807,43878.016,59054.138749549085
266808,43878.016,55808.30906460946
266809,43878.016,39796.49672517173
266810,43878.016,38642.2957787587
266811,43878.016,30911.86014732106
266812,43878.016,46071.87417394338
266813,43878.016,53161.42196034261
266814,43878.016,46323.28152059731
266815,43878.016,69413.46880137132
266816,43878.016,28537.886957449948
266817,43878.016,22760.74113546594
266818,43878.016,30174.187890775924
266819,43878.016,19855.750821461705
266820,43878.016,26537.329949485742
266821,43878.016,38283.40366889894
266822,43878.016,35412.13835556574
266823,43878.016,15715.25520322896
266824,43878.016,15794.959084618158
266825,43878.016,46810.88699653126
266826,43878.016,60312.87345692306
266827,43878.016,80668.37837932447
266828,43878.016,39391.08211275682
266829,43878.016,44154.941490709294
266830,43878.016,65889.58071772811
266831,43878.016,59117.08104098358
266832,43878.016,54994.739541163864
266833,43878.016,11433.054153403697
266834,43878.016,49776.848078218885
266835,43878.016,12872.09597074071
266836,43878.016,30186.081638411433
266837,43878.016,43066.92924733017
266838,43878.016,50427.24102425274
266839,43878.016,10678.725613218463
266840,43878.016,78269.8872836681
266841,43878.016,33503.28528942721
266842,43878.016,40920.66939863949
266843,43878.016,27575.744973964152
266844,43878.016,14642.170731478858
266845,43878.016,45321.46586104357
266846,43878.016,33103.87796145437
266847,43878.016,30736.085641839418
266848,43878.016,59080.47766528738
266849,43878.016,16894.520234411346
266850,43878.016,51984.97622127532
266851,43878.016,56356.177141152766
266852,43878.016,12444.079905662527
266853,43878.016,63655.763095557704
266854,43878.016,43915.55968538723
266855,43878.016,20763.373286213093
266856,43878.016,31800.65476979353
266857,43878.016,55744.752345009954
266858,43878.016,15388.523019311557
266859,43878.016,35688.21969703016
266860,43878.016,19338.06520705791
266861,43878.016,64358.34878276409
266862,43878.016,25634.04795099466
266863,43878.016,67925.51523989475
266864,43878.016,39991.93369208737
266865,43878.016,47429.055278309854
266866,43878.016,48387.15501382384
266867,43878.016,47078.68349429132
266868,43878.016,11974.144986196063
266869,43878.016,28024.02172824712
266870,43878.016,55108.02034979383
266871,43878.016,21139.668358914398
266872,43878.016,16775.189518775373
266873,43878.016,32264.959733222768
266874,43878.016,21901.892891389587
266875,43878.016,63822.38108202024
266876,43878.016,8642.167270549058
266877,43878.016,45022.272126820986
266878,43878.016,55383.45079107832
266879,43878.016,55010.15726816886
266880,43878.016,41278.9224127535
266881,43878.016,59328.05364492422
266882,43878.016,63800.38719953792
266883,43878.016,39494.566656793104
266884,43878.016,62583.30502787002
266885,43878.016,26952.18280580921
266886,43878.016,9038.16799992572
266887,43878.016,26086.869577993933
266888,43878.016,61017.661040237974
266889,43878.016,68696.25556080007
266890,43878.016,65280.47719831554
266891,43878.016,32005.29058332038
266892,43878.016,44632.92453203638
266893,43878.016,21371.651531706902
266894,43878.016,53965.3531367227
266895,43878.016,8297.411240820193
266896,43878.016,21182.335515935323
266897,43878.016,17077.675974399706
266898,43878.016,36193.222482310826
266899,43878.016,20162.577038605148
266900,43878.016,18794.166622565906
266901,43878.016,17922.02581240153
266902,43878.016,24884.040321578723
266903,43878.016,15613.931854300374
266904,43878.016,32420.851976273618
266905,43878.016,26638.386482533813
266906,43878.016,45022.52904941619
266907,43878.016,36237.28285650094
266908,43878.016,44454.52334636952
266909,43878.016,64208.53928969654
266910,43878.016,12156.044705207643
266911,43878.016,52861.173217569216
266912,43878.016,16507.07496648866
266913,43878.016,13412.573308259405
266914,43878.016,26993.772600267555
266915,43878.016,39953.31158508379
266916,43878.016,53584.66423300222
266917,43878.016,19190.18648640059
266918,43878.016,76536.55842608854
266919,43878.016,27434.53631542912
266920,43878.016,11447.116790073942
266921,43878.016,42669.071557026575
266922,43878.016,12848.733938814621
266923,43878.016,34621.60343426446
266924,43878.016,50501.22875345476
266925,43878.016,50383.531729379836
266926,43878.016,46716.23276400988
266927,43878.016,34899.56607003252
266928,43878.016,20722.32087874032
266929,43878.016,41053.25053209883
266930,43878.016,35457.50126109074
266931,43878.016,63562.63591465939
266932,43878.016,18303.393512500388
266933,43878.016,35180.21296638526
266934,43878.016,75081.66911503406
266935,43878.016,30259.264949421482
266936,43878.016,11841.137276010673
266937,43878.016,22257.298254293837
266938,43878.016,24687.674977968956
266939,43878.016,33178.55193061583
266940,43878.016,62435.95378483786
266941,43878.016,11196.404716483286
266942,43878.016,37033.35776134458
266943,43878.016,27407.54262794996
266944,43878.016,65254.060926854036
266945,43878.016,29828.246853257886
266946,43878.016,48313.03532670981
266947,43878.016,41781.24052085691
266948,43878.016,65285.16704452715
266949,43878.016,10507.358528411867
266950,43878.016,38314.7009744555
266951,43878.016,15899.070225173637
266952,43878.016,16203.902099529607
266953,43878.016,31027.738631970165
266954,43878.016,24750.79743517703
266955,43878.016,14553.689887773631
266956,43878.016,22306.305260536454
266957,43878.016,29698.67065103577
266958,43878.016,30901.648833831623
266959,43878.016,11790.210398223508
266960,43878.016,22590.02786803129
266961,43878.016,53692.7589578232
266962,43878.016,50189.74442505419
266963,43878.016,70800.38050420544
266964,43878.016,23647.464440711356
266965,43878.016,35239.80006640292
266966,43878.016,10185.132057097037
266967,43878.016,25527.403786537667
266968,43878.016,42361.33943743167
266969,43878.016,72182.6517891092
266970,43878.016,21392.485075106775
266971,43878.016,67448.48218716883
266972,43878.016,32544.419375874666
266973,43878.016,29387.48955172729
266974,43878.016,25522.44733053983
266975,43878.016,5686.121642854621
266976,43878.016,45106.673443930886
266977,43878.016,45402.39878408124
266978,43878.016,43717.2207823478
266979,43878.016,58864.63780987311
266980,43878.016,21618.611042023986
266981,43878.016,76440.71261260261
266982,43878.016,63675.383168977445
266983,43878.016,16855.769252171038
266984,43878.016,62983.76297689629
266985,43878.016,52170.76328818973
266986,43878.016,8459.92400265169
266987,43878.016,11138.949776698862
266988,43878.016,73300.83755085552
266989,43878.016,17991.019260709454
266990,43878.016,42319.87084185282
266991,43878.016,12751.826423218445
266992,43878.016,17487.325100639046
266993,43878.016,31410.78209875285
266994,43878.016,14424.033924904776
266995,43878.016,34387.47080609222
266996,43878.016,13390.759220653172
266997,43878.016,44980.056771639705
266998,43878.016,32582.45167631046
266999,43878.016,20548.61806016535
267000,43878.016,37733.43193440194
267001,43878.016,23582.118787842966
267002,43878.016,78178.32640766482
267003,43878.016,34421.15329703938
267004,43878.016,47385.91458164862
267005,43878.016,17962.55155006593
267006,43878.016,57184.2846409913
267007,43878.016,66894.82927342059
267008,43878.016,24455.979262172877
267009,43878.016,10078.071945591202
267010,43878.016,53251.9676794875
267011,43878.016,45241.5655453492
267012,43878.016,19868.707164096504
267013,43878.016,7330.604076385916
267014,43878.016,13166.850985742487
267015,43878.016,13480.270972636295
267016,43878.016,9365.773306339455
267017,43878.016,9322.815996613348
267018,43878.016,46340.19598758933
267019,43878.016,25414.592945052016
267020,43878.016,38364.62378365206
267021,43878.016,17699.865140632217
267022,43878.016,48370.752939244645
267023,43878.016,23570.418465726765
267024,43878.016,47307.641975932966
267025,43878.016,35110.76466057798
267026,43878.016,34920.2885023332
267027,43878.016,30040.03124210581
267028,43878.016,12296.205771239895
267029,43878.016,46673.997742462736
267030,43878.016,8765.850068102243
267031,43878.016,19936.341048877566
267032,43878.016,7295.970391313512
267033,43878.016,52634.500762661104
267034,43878.016,16232.144838488262
267035,43878.016,84975.55887543956
267036,43878.016,18402.168787473533
267037,43878.016,11621.687586720802
267038,43878.016,10954.466483477425
267039,43878.016,14977.369138911145
267040,43878.016,19227.370516489245
267041,43878.016,6545.009658723224
267042,43878.016,11371.905084476277
267043,43878.016,59204.991960448475
267044,43878.016,12282.946643534486
267045,43878.016,14926.343506493053
267046,43878.016,49229.85762710077
267047,43878.016,73062.30575292952
267048,43878.016,66894.06009267722
267049,43878.016,35646.739671809824
267050,43878.016,63445.520770388284
267051,43878.016,26596.851272685504
267052,43878.016,40680.83513680253
267053,43878.016,11056.128651448687
267054,43878.016,10651.118243550536
267055,43878.016,17108.251621340973
267056,43878.016,29703.234325402533
267057,43878.016,12497.868373999458
267058,43878.016,23147.99913447368
267059,43878.016,45460.99638075867
267060,43878.016,27503.35376964833
267061,43878.016,42197.01347689886
267062,43878.016,28856.038446036182
267063,43878.016,19987.817286267484
267064,43878.016,75353.34395749163
267065,43878.016,41824.548927512544
267066,43878.016,54107.04344712949
267067,43878.016,21819.977288592265
267068,43878.016,18104.621756647815
267069,43878.016,70641.31218881108
267070,43878.016,31781.813164960466
267071,43878.016,15207.666823359883
267072,43878.016,31503.4021762459
267073,43878.016,44955.212926563996
267074,43878.016,58050.72378670081
267075,43878.016,24636.125917244288
267076,43878.016,55316.02113177339
267077,43878.016,27622.444426823535
267078,43878.016,13862.486055400896
267079,43878.016,34012.04969699021
267080,43878.016,60391.26154737028
267081,43878.016,70920.63944495158
267082,43878.016,25454.475284462864
267083,43878.016,55773.37816119315
267084,43878.016,57594.784494651474
267085,43878.016,43404.80284339552
267086,43878.016,22902.394871492772
267087,43878.016,14736.742659963582
267088,43878.016,31045.961400356722
267089,43878.016,18510.317825625618
267090,43878.016,47516.57150269689
267091,43878.016,29700.58802668574
267092,43878.016,30614.041021899364
267093,43878.016,14171.918009361572
267094,43878.016,56438.04161791672
267095,43878.016,16020.051767557443
267096,43878.016,50556.3539815876
267097,43878.016,8447.688721536228
267098,43878.016,12584.907497350367
267099,43878.016,40393.17783552853
267100,43878.016,50819.758532863176
267101,43878.016,12658.669863984227
267102,43878.016,10193.646919151024
267103,43878.016,12359.14065225968
267104,43878.016,23163.262233446825
267105,43878.016,28595.620390476775
267106,43878.016,61215.52647487275
267107,43878.016,63357.76220040275
267108,43878.016,14180.444788146144
267109,43878.016,40593.52305074315
267110,43878.016,19218.42822805406
267111,43878.016,32076.47861344456
267112,43878.016,22647.005425894262
267113,43878.016,31821.18150469583
267114,43878.016,51874.05529681294
267115,43878.016,49345.1911180291
267116,43878.016,12238.113768410414
267117,43878.016,47039.06478437872
267118,43878.016,53509.46917682882
267119,43878.016,47704.18439676211
267120,43878.016,23361.62184231613
267121,43878.016,47725.028467835
267122,43878.016,6135.200657583445
267123,43878.016,11412.582447375458
267124,43878.016,62094.75265359142
267125,43878.016,17820.71489502326
267126,43878.016,22710.05081932535
267127,43878.016,18517.015677565185
267128,43878.016,46766.5656822942
267129,43878.016,9206.803370571823
267130,43878.016,57734.618133279626
267131,43878.016,52560.43676752393
267132,43878.016,22834.682554800856
267133,43878.016,37276.83569340337
267134,43878.016,28927.38100101728
267135,43878.016,62285.60140640512
267136,43878.016,46251.73459017685
267137,43878.016,69709.74242974923
267138,43878.016,27722.088427773087
267139,43878.016,11199.78663971933
267140,43878.016,19731.71471812228
267141,43878.016,23350.010907932567
267142,43878.016,50536.104214436105
267143,43878.016,37243.09013913587
267144,43878.016,31098.765338784833
267145,43878.016,23852.543879562243
267146,43878.016,61944.402594263534
267147,43878.016,9656.021442724537
267148,43878.016,37453.28508112334
267149,43878.016,40834.795252767544
267150,43878.016,16307.167588693443
267151,43878.016,41153.57471230243
267152,43878.016,14119.49409586714
267153,43878.016,9668.87158917511
267154,43878.016,14045.879578179021
267155,43878.016,8547.346480266118
267156,43878.016,29880.88326654335
267157,43878.016,57318.6958809715
267158,43878.016,51421.54715876015
267159,43878.016,34858.773574019426
267160,43878.016,54706.09527538234
267161,43878.016,40139.78821701337
267162,43878.016,37126.86317173236
267163,43878.016,72948.13361151729
267164,43878.016,30347.589528755616
267165,43878.016,20379.343091028863
267166,43878.016,11353.77963241633
267167,43878.016,14121.409606254769
267168,43878.016,64994.5650506615
267169,43878.016,29736.176008507202
267170,43878.016,40469.87834041669
267171,43878.016,37501.737410016074
267172,43878.016,10412.042399399052
267173,43878.016,41958.28575442812
267174,43878.016,41793.09908022452
267175,43878.016,68182.74353018569
267176,43878.016,72317.87397384616
267177,43878.016,41919.23284278854
267178,43878.016,55971.3057272118
267179,43878.016,58956.47685147774
267180,43878.016,57584.39398300867
267181,43878.016,23206.680528154822
267182,43878.016,33659.45858405904
267183,43878.016,11952.483694486988
267184,43878.016,8391.402848785845
267185,43878.016,45505.43934877121
267186,43878.016,53704.39526493094
267187,43878.016,71053.8524615296
267188,43878.016,11143.38907256674
267189,43878.016,23657.613311890724
267190,43878.016,44300.50054779524
267191,43878.016,17455.628191246047
267192,43878.016,48773.29811612854
267193,43878.016,14300.431089442043
267194,43878.016,36076.10429140486
267195,43878.016,10879.015696292563
267196,43878.016,44225.1387650053
267197,43878.016,34816.525177416894
267198,43878.016,24448.516706370527
267199,43878.016,16999.666239259288
267200,43878.016,41286.09340396145
267201,43878.016,48678.16586483969
267202,43878.016,35619.29329776189
267203,43878.016,40469.952948820486
267204,43878.016,28688.567986447575
267205,43878.016,56188.90868299967
267206,43878.016,14265.912079165397
267207,43878.016,24097.513990829862
267208,43878.016,38433.14467085482
267209,43878.016,71946.94961309091
267210,43878.016,36473.87858272879
267211,43878.016,18160.99139310338
267212,43878.016,23193.478395247996
267213,43878.016,18229.074921993284
267214,43878.016,10538.376072309651
267215,43878.016,43241.795510422584
267216,43878.016,11498.1087444165
267217,43878.016,17163.84209726736
267218,43878.016,44119.81318365142
267219,43878.016,24594.3316095572
267220,43878.016,43448.63896485176
267221,43878.016,25829.471816213532
267222,43878.016,45892.73929274046
267223,43878.016,66783.18253275537
267224,43878.016,11051.52416803681
267225,43878.016,53617.730549653796
267226,43878.016,57586.09444817947
267227,43878.016,27948.525746257917
267228,43878.016,23588.795147903853
267229,43878.016,18535.358192094405
267230,43878.016,56289.04275598857
267231,43878.016,25384.17927703187
267232,43878.016,51314.47465876996
267233,43878.016,53359.34921930206
267234,43878.016,23842.3625298693
267235,43878.016,38910.41701402271
267236,43878.016,50480.82495469354
267237,43878.016,61582.668384053584
267238,43878.016,38672.89394192653
267239,43878.016,42750.4647140735
267240,43878.016,22817.837654147617
267241,43878.016,22717.054335504206
267242,43878.016,16128.194061578755
267243,43878.016,8336.311518510605
267244,43878.016,16272.606572607749
267245,43878.016,8580.315008811536
267246,43878.016,35909.390589589064
267247,43878.016,55805.36610431429
267248,43878.016,46007.8877497939
267249,43878.016,26490.94212536693
267250,43878.016,52959.47671406615
267251,43878.016,64197.0107385748
267252,43878.016,15866.566464489146
267253,43878.016,12161.63634933112
267254,43878.016,19991.494121530242
267255,43878.016,36292.92300152742
267256,43878.016,51666.33694548545
267257,43878.016,35431.38629523819
267258,43878.016,20521.130895999508
267259,43878.016,55290.19954382704
267260,43878.016,11356.694176921697
267261,43878.016,64218.96769511034
267262,43878.016,42348.26477765655
267263,43878.016,42189.93045375402
267264,43878.016,72687.31355615305
267265,43878.016,6955.383158472725
267266,43878.016,41977.90125510052
267267,43878.016,12549.979167874095
267268,43878.016,27319.688943201807
267269,43878.016,26620.77923603794
267270,43878.016,69517.9986792061
267271,43878.016,26521.212824506496
267272,43878.016,46077.19981854829
267273,43878.016,31247.442951453817
267274,43878.016,23143.440939090167
267275,43878.016,44437.184618975465
267276,43878.016,73799.02741898202
267277,43878.016,36590.95935570783
267278,43878.016,19098.00854318701
267279,43878.016,23589.74706011067
267280,43878.016,10863.567607411416
267281,43878.016,49130.87126751469
267282,43878.016,12935.00475874414
267283,43878.016,6262.168227422621
267284,43878.016,11710.729226144675
267285,43878.016,59131.43964017219
267286,43878.016,52736.44096852949
267287,43878.016,29334.537471627875
267288,43878.016,42806.544889690944
267289,43878.016,31591.927961241465
267290,43878.016,58622.01116706533
267291,43878.016,18037.019685747855
267292,43878.016,20729.793672933498
267293,43878.016,18660.32846040946
267294,43878.016,49924.21832045918
267295,43878.016,24504.15451731966
267296,43878.016,20376.41586230363
267297,43878.016,77842.10399206106
267298,43878.016,31551.516769338723
267299,43878.016,53269.03381131759
267300,43878.016,31203.907804176684
267301,43878.016,8861.941965850805
267302,43878.016,39319.71849638739
267303,43878.016,54979.22432933076
267304,43878.016,60262.56005855661
267305,43878.016,14113.703664225806
267306,43878.016,6003.670139454921
267307,43878.016,13518.128208977227
267308,43878.016,28813.69042166049
267309,43878.016,17632.385951654935
267310,43878.016,58536.23156527632
267311,43878.016,52652.55633934814
267312,43878.016,27232.870731597148
267313,43878.016,47051.62865986249
267314,43878.016,45771.983780311246
267315,43878.016,46907.4495587669
267316,43878.016,67900.99879111658
267317,43878.016,13780.513462794635
267318,43878.016,58000.643785866894
267319,43878.016,23989.797965688824
267320,43878.016,52573.696116102175
267321,43878.016,20538.60876216747
267322,43878.016,34896.31758500961
267323,43878.016,35227.4770874987
267324,43878.016,20154.3389156606
267325,43878.016,31325.781211186586
267326,43878.016,14362.591356789106
267327,43878.016,54618.205513875524
267328,43878.016,11007.528452222952
267329,43878.016,56938.74665068732
267330,43878.016,57286.81671035253
267331,43878.016,33953.22807545551
267332,43878.016,40235.85506522779
267333,43878.016,7046.843300502364
267334,43878.016,35142.686096114405
267335,43878.016,29713.923713507735
267336,43878.016,55729.74132840468
267337,43878.016,52549.251611905616
267338,43878.016,10031.168743040367
267339,43878.016,33979.982817917145
267340,43878.016,56803.625963934566
267341,43878.016,33952.28693490919
267342,43878.016,14228.07301503495
267343,43878.016,27469.72432448645
267344,43878.016,20383.331390045285
267345,43878.016,66960.48075834215
267346,43878.016,10369.469535822025
267347,43878.016,59788.93271963809
267348,43878.016,59214.369047545704
267349,43878.016,10194.76855393876
267350,43878.016,28986.32478407188
267351,43878.016,51786.18592739291
267352,43878.016,20288.070863902867
267353,43878.016,29070.630694863226
267354,43878.016,13494.50626391179
267355,43878.016,31299.256248300306
267356,43878.016,39502.78846466046
267357,43878.016,72879.94591576754
267358,43878.016,15184.890081609463
267359,43878.016,33913.514969717304
267360,43878.016,7820.105959284819
267361,43878.016,11048.154971928669
267362,43878.016,20304.110103382627
267363,43878.016,59406.645167267634
267364,43878.016,18429.328672151696
267365,43878.016,12074.455617518805
267366,43878.016,9183.302759426708
267367,43878.016,57342.049835872116
267368,43878.016,12979.971747653
267369,43878.016,51750.39062876949
267370,43878.016,62182.17869755165
267371,43878.016,15192.518248701883
267372,43878.016,29491.863780253516
267373,43878.016,23003.09599375492
267374,43878.016,24403.325589048487
267375,43878.016,25997.78764495144
267376,43878.016,57505.358032208416
267377,43878.016,15793.422488182303
267378,43878.016,12848.985872165935
267379,43878.016,65469.707911489655
267380,43878.016,39570.959997558464
267381,43878.016,23940.46310068697
267382,43878.016,53070.24523303652
267383,43878.016,26903.667440240824
267384,43878.016,21813.741782844598
267385,43878.016,21450.79762726872
267386,43878.016,22414.39512987992
267387,43878.016,49160.19981020538
267388,43878.016,19436.812305880572
267389,43878.016,18234.865432122577
267390,43878.016,22038.809945575547
267391,43878.016,48610.46017300416
267392,43878.016,12998.133638623922
267393,43878.016,32053.473048972934
267394,43878.016,52259.40780015381
267395,43878.016,45221.95749786785
267396,43878.016,50066.191905077125
267397,43878.016,12717.394253065793
267398,43878.016,53268.639009432
267399,43878.016,19844.456184672745
267400,43878.016,35556.66852973973
267401,43878.016,34541.42646382906
267402,43878.016,87768.42798405876
267403,43878.016,21119.936088712682
267404,43878.016,39798.20236546728
267405,43878.016,23770.448500462353
267406,43878.016,19705.37493519676
267407,43878.016,24158.23906351388
267408,43878.016,41227.0513128731
267409,43878.016,41922.60018610839
267410,43878.016,34694.407925240615
267411,43878.016,41756.311542110096
267412,43878.016,62647.8946337995
267413,43878.016,54787.92281395807
267414,43878.016,10444.897165780665
267415,43878.016,67700.49121082992
267416,43878.016,29568.37768914011
267417,43878.016,12297.52934231363
267418,43878.016,6348.163330036078
267419,43878.016,21959.974125866316
267420,43878.016,21283.85265691747
267421,43878.016,40315.932246766766
267422,43878.016,57809.75965043897
267423,43878.016,15826.753690948331
267424,43878.016,43556.82204240357
267425,43878.016,39579.06553265129
267426,43878.016,19004.826658984526
267427,43878.016,56671.37501441201
267428,43878.016,54213.78901614135
267429,43878.016,12093.424719038563
267430,43878.016,19830.563830402753
267431,43878.016,42841.18303174072
267432,43878.016,45878.02123583485
267433,43878.016,13936.606633948852
267434,43878.016,13974.529079225878
267435,43878.016,39271.823450600335
267436,43878.016,38964.71484017933
267437,43878.016,20433.252854536426
267438,43878.016,44475.35653426283
267439,43878.016,33931.01383920071
267440,43878.016,14820.7463334169
267441,43878.016,39670.66771123697
267442,43878.016,36468.196690703684
267443,43878.016,32726.58919497965
267444,43878.016,15724.796538761271
267445,43878.016,12847.351357952764
267446,43878.016,47156.775826462734
267447,43878.016,17042.581229697196
267448,43878.016,18284.460632332517
267449,43878.016,42227.238754881815
267450,43878.016,42391.85712385692
267451,43878.016,51746.79693470437
267452,43878.016,58985.20147515498
267453,43878.016,53614.545014503376
267454,43878.016,29574.922720300805
267455,43878.016,34323.4823542757
267456,43878.016,28811.044963730434
267457,43878.016,20666.344464620455
267458,43878.016,50140.628975066014
267459,43878.016,61871.2352004474
267460,43878.016,12112.52220434646
267461,43878.016,20279.705607932734
267462,43878.016,15584.984145013535
267463,43878.016,31645.863673278163
267464,43878.016,21222.928652494465
267465,43878.016,5301.137872939494
267466,43878.016,17926.545856586858
267467,43878.016,14745.114160311045
267468,43878.016,30011.037506671528
267469,43878.016,48833.52178765102
267470,43878.016,53260.228812081
267471,43878.016,49862.68900073747
267472,43878.016,26973.349250834908
267473,43878.016,8871.697265122419
267474,43878.016,53918.439472727245
267475,43878.016,37058.22798818702
267476,43878.016,20310.188286611417
267477,43878.016,23271.31923807514
267478,43878.016,43122.01423511321
267479,43878.016,31712.45999483251
267480,43878.016,57210.96255225069
267481,43878.016,22325.127377068304
267482,43878.016,12159.59114635117
267483,43878.016,13873.682168719242
267484,43878.016,10088.970587675243
267485,43878.016,90459.43460248527
267486,43878.016,22492.32942128862
267487,43878.016,24768.028313346113
267488,43878.016,16666.205701301453
267489,43878.016,50699.369060903686
267490,43878.016,54269.23902065155
267491,43878.016,15930.79207891097
267492,43878.016,65164.91929120861
267493,43878.016,68115.27318479864
267494,43878.016,46547.27921866881
267495,43878.016,68773.81513670417
267496,43878.016,28460.22853091845
267497,43878.016,11226.82364052533
267498,43878.016,30789.3973891722
267499,43878.016,35033.82442753027
267500,43878.016,56686.75898636536
267501,43878.016,44440.04149798502
267502,43878.016,41521.01007242105
267503,43878.016,42549.48024499339
267504,43878.016,17281.36222125431
267505,43878.016,8484.542092038135
267506,43878.016,27712.067565211204
267507,43878.016,60600.406341667294
267508,43878.016,30037.771491613374
267509,43878.016,17204.341234576044
267510,43878.016,84678.60361050868
267511,43878.016,20837.970064734687
267512,43878.016,44125.35357450803
267513,43878.016,13741.63950734153
267514,43878.016,26277.62761155815
267515,43878.016,26705.306990575406
267516,43878.016,20818.10237638056
267517,43878.016,54301.23937141453
267518,43878.016,67475.98009698531
267519,43878.016,43453.042124395695
267520,43878.016,15327.944809831764
267521,43878.016,24616.097901002704
267522,43878.016,63938.34761835198
267523,43878.016,22989.002806816596
267524,43878.016,32941.4499190196
267525,43878.016,19293.27265193674
267526,43878.016,43359.77112762399
267527,43878.016,6847.724133945639
267528,43878.016,65169.23703550112
267529,43878.016,36268.138989316605
267530,43878.016,24594.582022372975
267531,43878.016,50069.90824155954
267532,43878.016,28903.416181102522
267533,43878.016,27916.82311152102
267534,43878.016,47105.742646989165
267535,43878.016,36954.43390647514
267536,43878.016,12255.24357686052
267537,43878.016,89332.06077909646
267538,43878.016,42086.42147531626
267539,43878.016,72922.59544183164
267540,43878.016,69119.50321931325
267541,43878.016,53235.71727377702
267542,43878.016,14529.919409493521
267543,43878.016,29013.3197361462
267544,43878.016,21743.813722897037
267545,43878.016,36384.27762056002
267546,43878.016,31838.995432487995
267547,43878.016,46832.61240403468
267548,43878.016,38911.07748420795
267549,43878.016,21587.30727468677
267550,43878.016,53922.25077149417
267551,43878.016,16926.490836741825
267552,43878.016,14126.25855988216
267553,43878.016,48009.25037829287
267554,43878.016,13153.462866212132
267555,43878.016,45569.11584722658
267556,43878.016,17949.9001977557
267557,43878.016,45683.39075070469
267558,43878.016,57694.90874751295
267559,43878.016,15776.600286000586
267560,43878.016,54300.97465242908
267561,43878.016,61829.91969250302
267562,43878.016,14468.662891316453
267563,43878.016,64094.2899491545
267564,43878.016,23138.5235954602
267565,43878.016,53927.97897293965
267566,43878.016,16407.36521013082
267567,43878.016,5110.99694476255
267568,43878.016,22929.165163916754
267569,43878.016,5480.719567952531
267570,43878.016,8552.033272706578
267571,43878.016,35862.25567396254
267572,43878.016,20411.62955015648
267573,43878.016,47374.03929811738
267574,43878.016,56871.720801589276
267575,43878.016,21228.315569543454
267576,43878.016,8242.175849804145
267577,43878.016,7509.920795288233
267578,43878.016,9437.572809894747
267579,43878.016,9572.854353914643
267580,43878.016,56501.75923861607
267581,43878.016,36669.54940031242
267582,43878.016,53313.50879918782
267583,43878.016,22403.770958827772
267584,43878.016,50557.96675351844
267585,43878.016,23591.638455645912
267586,43878.016,55854.0126785855
267587,43878.016,12128.817670151711
267588,43878.016,74906.06603339784
267589,43878.016,16380.43471128245
267590,43878.016,27975.316898261528
267591,43878.016,76534.81813574643
267592,43878.016,46637.871796900865
267593,43878.016,45588.9055733809
267594,43878.016,14857.50390912073
267595,43878.016,46694.20784848519
267596,43878.016,32853.8836018374
267597,43878.016,48011.15375589203
267598,43878.016,48427.95371385518
267599,43878.016,101572.52330991018
267600,43878.016,35639.06965206411
267601,43878.016,54693.31071817208
267602,43878.016,48212.487599667686
267603,43878.016,62959.504030959586
267604,43878.016,32405.214843341528
267605,43878.016,11198.268355148752
267606,43878.016,47614.278769443605
267607,43878.016,23169.533392718986
267608,43878.016,36977.081036393516
267609,43878.016,33162.02126994366
267610,43878.016,46798.40675816251
267611,43878.016,41508.82303130636
267612,43878.016,17878.73721043475
267613,43878.016,25012.044832395834
267614,43878.016,19375.753806692068
267615,43878.016,46812.92730123132
267616,43878.016,17649.86707471683
267617,43878.016,81444.54691106002
267618,43878.016,22462.98092513901
267619,43878.016,62302.786210572136
267620,43878.016,24773.24135814816
267621,43878.016,15519.715814337282
267622,43878.016,36360.482721100045
267623,43878.016,67793.60002114488
267624,43878.016,10883.05280672671
267625,43878.016,51166.30782244462
267626,43878.016,65739.46327016216
267627,43878.016,4435.627756294951
267628,43878.016,6555.5834516765735
267629,43878.016,6979.316277266979
267630,43878.016,14581.626633328904
267631,43878.016,6179.195522753778
267632,43878.016,19659.288657108726
267633,43878.016,47387.017761424366
267634,43878.016,43478.659820020875
267635,43878.016,39888.890213354614
267636,43878.016,10514.156524712604
267637,43878.016,68411.8778807988
267638,43878.016,19711.77419672352
267639,43878.016,51013.37410159892
267640,43878.016,15445.17847826872
267641,43878.016,70843.96536355937
267642,43878.016,57887.93587604805
267643,43878.016,19617.819715788286
267644,43878.016,50577.6745044714
267645,43878.016,56707.83201411063
267646,43878.016,56936.208170154336
267647,43878.016,40689.35539768085
267648,43878.016,111763.55013634686
267649,43878.016,56407.58511748607
267650,43878.016,26074.514047311797
267651,43878.016,51095.63413160366
267652,43878.016,51422.63067731324
267653,43878.016,10350.723015905893
267654,43878.016,60905.17312524423
267655,43878.016,6904.643770801201
267656,43878.016,25005.500727340892
267657,43878.016,68793.65858769312
267658,43878.016,46911.41454324059
267659,43878.016,13476.389404675947
267660,43878.016,10322.389253113748
267661,43878.016,16501.967205355104
267662,43878.016,29615.2694093169
267663,43878.016,26731.00974543153
267664,43878.016,14803.78009790632
267665,43878.016,12216.799226235938
267666,43878.016,19742.21220990005
267667,43878.016,35566.74813048663
267668,43878.016,34851.177602348806
267669,43878.016,30085.250125868002
267670,43878.016,22358.268738673494
267671,43878.016,44020.062655072965
267672,43878.016,35107.86166190831
267673,43878.016,18158.639209205496
267674,43878.016,23841.313463822444
267675,43878.016,22272.65964060927
267676,43878.016,59257.22763811599
267677,43878.016,43611.171130815565
267678,43878.016,68575.8583710335
267679,43878.016,31052.055191336534
267680,43878.016,24616.663682426188
267681,43878.016,15458.325450726084
267682,43878.016,66642.30134311886
267683,43878.016,45357.03173085005
267684,43878.016,46068.30301167809
267685,43878.016,71544.36499940655
267686,43878.016,57262.87943685848
267687,43878.016,11465.993533259129
267688,43878.016,48100.984740653344
267689,43878.016,50672.00667849775
267690,43878.016,50182.64191803564
267691,43878.016,40489.34637133335
267692,43878.016,51940.399962693155
267693,43878.016,8054.999042677891
267694,43878.016,8078.8900500962245
267695,43878.016,32453.932990445344
267696,43878.016,48295.0068775544
267697,43878.016,17576.495980927997
267698,43878.016,36319.56979721058
267699,43878.016,25847.80418245677
267700,43878.016,23877.77971713736
267701,43878.016,29380.834941100235
267702,43878.016,11959.762368014839
267703,43878.016,27427.453326038914
267704,43878.016,49120.79390075057
267705,43878.016,41149.04483280439
267706,43878.016,47428.025152735434
267707,43878.016,48986.95004169892
267708,43878.016,49456.64078743432
267709,43878.016,14962.19896907142
267710,43878.016,65065.00858112473
267711,43878.016,46373.304515860174
267712,43878.016,36091.47814048981
267713,43878.016,28829.618018221143
267714,43878.016,12526.413746896442
267715,43878.016,15249.182767129387
267716,43878.016,41717.00818053186
267717,43878.016,61944.15717951469
267718,43878.016,30867.970317987092
267719,43878.016,61290.532303222186
267720,43878.016,38157.97390824121
267721,43878.016,78499.51714621285
267722,43878.016,83308.16343966851
267723,43878.016,8620.877674736583
267724,43878.016,15722.044006555183
267725,43878.016,10600.530452688796
267726,43878.016,13532.61348994901
267727,43878.016,64294.4909846596
267728,43878.016,24105.959612416507
267729,43878.016,49956.20106824282
267730,43878.016,24731.18462071184
267731,43878.016,81044.44415435541
267732,43878.016,16586.38410860449
267733,43878.016,12890.41811595693
267734,43878.016,34600.32712594059
267735,43878.016,15788.898051987082
267736,43878.016,23684.13870916864
267737,43878.016,40297.057454514164
267738,43878.016,23944.457057736858
267739,43878.016,49185.133316604195
267740,43878.016,35053.71045328732
267741,43878.016,53873.80327079007
267742,43878.016,27163.196259785105
267743,43878.016,16976.418911111912
267744,43878.016,22520.199327442806
267745,43878.016,65498.359830030735
267746,43878.016,47367.11220715064
267747,43878.016,18210.56698679665
267748,43878.016,56580.49887256848
267749,43878.016,11344.869358207721
267750,43878.016,14134.53298871058
267751,43878.016,37941.31539125589
267752,43878.016,18483.176519575434
267753,43878.016,74687.87681961854
267754,43878.016,49776.44307780342
267755,43878.016,34023.170495650935
267756,43878.016,27354.743378022828
267757,43878.016,78633.9954993456
267758,43878.016,51198.784519783796
267759,43878.016,45660.12805104343
267760,43878.016,30535.529863474116
267761,43878.016,69970.91659959647
267762,43878.016,7845.729644365544
267763,43878.016,90840.14670760615
267764,43878.016,9552.838809017874
267765,43878.016,32693.652657632076
267766,43878.016,38485.65068753797
267767,43878.016,34837.21302620937
267768,43878.016,12782.679400846786
267769,43878.016,44544.90849818422
267770,43878.016,35385.76932622505
267771,43878.016,44458.34726116103
267772,43878.016,33050.107183043525
267773,43878.016,26901.07338440159
267774,43878.016,38955.22172473667
267775,43878.016,10539.387577692805
267776,43878.016,40874.78515413704
267777,43878.016,40365.22991766371
267778,43878.016,31646.720661254054
267779,43878.016,15139.757589034474
267780,43878.016,34584.34877330791
267781,43878.016,26177.392216235283
267782,43878.016,61760.27455476395
267783,43878.016,13874.210496021966
267784,43878.016,30555.580255533056
267785,43878.016,49802.3633117764
267786,43878.016,29082.252143756643
267787,43878.016,28369.578366024554
267788,43878.016,11573.421649601802
267789,43878.016,51817.54907167057
267790,43878.016,36698.24138760569
267791,43878.016,20956.98253439883
267792,43878.016,19873.677666486423
267793,43878.016,29667.461509444754
267794,43878.016,22334.299296206602
267795,43878.016,15676.769347901916
267796,43878.016,26063.83164206567
267797,43878.016,50855.26079756359
267798,43878.016,13924.225454426229
267799,43878.016,17705.08057825275
267800,43878.016,14507.293142546285
267801,43878.016,15992.51091647648
267802,43878.016,19583.110127021366
267803,43878.016,13805.03872215776
267804,43878.016,67207.89709281405
267805,43878.016,26942.03727629882
267806,43878.016,10752.243671517344
267807,43878.016,21184.294677664646
267808,43878.016,28127.385755018116
267809,43878.016,33465.74845457271
267810,43878.016,19564.17999961257
267811,43878.016,48526.24994729251
267812,43878.016,16796.153140300023
267813,43878.016,66133.35977572354
267814,43878.016,12716.608661924363
267815,43878.016,8425.499599319066
267816,43878.016,42755.20334768266
267817,43878.016,20798.039827273882
267818,43878.016,42410.439500614506
267819,43878.016,78461.80862292628
267820,43878.016,50324.28272115762
267821,43878.016,60623.148414961535
267822,43878.016,48679.43193376712
267823,43878.016,71213.35951373605
267824,43878.016,16371.622008367287
267825,43878.016,24744.115098440467
267826,43878.016,84575.49064112206
267827,43878.016,50881.35982191214
267828,43878.016,7890.124035144465
267829,43878.016,72406.96086713161
267830,43878.016,9886.886233879748
267831,43878.016,21678.596116217035
267832,43878.016,32711.756176963474
267833,43878.016,50212.4131086754
267834,43878.016,26155.715388998695
267835,43878.016,43208.64638545959
267836,43878.016,6985.417150514291
267837,43878.016,41941.15488498719
267838,43878.016,26436.70556556323
267839,43878.016,2841.56617023803
267840,43878.016,61804.95550284058
267841,43878.016,17288.01265631348
267842,43878.016,77846.206652678
267843,43878.016,13589.942407023167
267844,43878.016,21508.674310785143
267845,43878.016,38553.26282876082
267846,43878.016,18524.679566604547
267847,43878.016,15378.151127777282
267848,43878.016,54741.00257799984
267849,43878.016,7057.907345093493
267850,43878.016,15676.855924860061
267851,43878.016,22436.59848262283
267852,43878.016,29999.90797901582
267853,43878.016,15827.817843103796
267854,43878.016,57567.83871035595
267855,43878.016,27072.021883818776
267856,43878.016,68824.296176567
267857,43878.016,27088.442339372592
267858,43878.016,25603.38470780023
267859,43878.016,45391.67371282244
267860,43878.016,27363.09995653518
267861,43878.016,28581.065833191096
267862,43878.016,61101.55894430521
267863,43878.016,20556.949970502745
267864,43878.016,18012.592897450242
267865,43878.016,42823.10274808862
267866,43878.016,20729.242901769085
267867,43878.016,12171.775362869688
267868,43878.016,43309.25716315612
267869,43878.016,48221.49536495226
267870,43878.016,43374.629900829255
267871,43878.016,39786.068608992915
267872,43878.016,49458.884876270626
267873,43878.016,46316.90245614371
267874,43878.016,48583.74880142586
267875,43878.016,57143.346137775734
267876,43878.016,21255.445510935762
267877,43878.016,26119.788557824788
267878,43878.016,72133.14804091516
267879,43878.016,31073.95070203658
267880,43878.016,48248.42050596177
267881,43878.016,22203.28741690147
267882,43878.016,29200.893323175114
267883,43878.016,16162.325622023523
267884,43878.016,49448.36364352322
267885,43878.016,75233.95543258058
267886,43878.016,34528.826987290246
267887,43878.016,20745.971175645704
267888,43878.016,16425.014892413445
267889,43878.016,74686.10273088605
267890,43878.016,51603.34095777441
267891,43878.016,16686.222219963347
267892,43878.016,27938.638017115176
267893,43878.016,50806.89083188628
267894,43878.016,40977.90996534239
267895,43878.016,14610.583795260123
267896,43878.016,13004.628247372655
267897,43878.016,50801.89287573315
267898,43878.016,11501.812274293015
267899,43878.016,31943.217807019395
267900,43878.016,25552.174527788087
267901,43878.016,14850.43238941698
267902,43878.016,31456.887787987867
267903,43878.016,10688.948779347262
267904,43878.016,4971.692358362932
267905,43878.016,22177.955394351033
267906,43878.016,31182.44928439381
267907,43878.016,62807.365022253936
267908,43878.016,62303.42969160147
267909,43878.016,24838.174316812903
267910,43878.016,13333.15021991332
267911,43878.016,33902.07062436555
267912,43878.016,9443.241242567992
267913,43878.016,36013.14140734172
267914,43878.016,42518.11956856535
267915,43878.016,43718.52895701424
267916,43878.016,19528.339607962254
267917,43878.016,38152.76977567191
267918,43878.016,55233.1506058981
267919,43878.016,24249.234330224735
267920,43878.016,28330.68941032009
267921,43878.016,25518.533956955835
267922,43878.016,25650.36510370926
267923,43878.016,39677.899099434886
267924,43878.016,75852.2925412302
267925,43878.016,56287.2400436583
267926,43878.016,17963.13238772532
267927,43878.016,27740.101203769093
267928,43878.016,80936.33088932588
267929,43878.016,64057.625422793455
267930,43878.016,65154.66942524168
267931,43878.016,24079.755468932526
267932,43878.016,54698.92224297622
267933,43878.016,21964.452448514203
267934,43878.016,18672.09396451903
267935,43878.016,40618.52212442456
267936,43878.016,19333.902680890995
267937,43878.016,80365.83215275657
267938,43878.016,56516.47475585859
267939,43878.016,49686.167740748875
267940,43878.016,25826.8476978322
267941,43878.016,48193.06787174283
267942,43878.016,33739.93654668228
267943,43878.016,53397.38372105274
267944,43878.016,59039.85775936078
267945,43878.016,42528.32383975965
267946,43878.016,55283.79021026757
267947,43878.016,22331.532505492265
267948,43878.016,54028.97079944617
267949,43878.016,26945.081512528108
267950,43878.016,35750.04092742272
267951,43878.016,7405.044359250781
267952,43878.016,18565.649898755033
267953,43878.016,37769.049583889944
267954,43878.016,43489.44505894188
267955,43878.016,47077.47188829996
267956,43878.016,21845.89300539279
267957,43878.016,6139.782465481655
267958,43878.016,23253.75344605594
267959,43878.016,52580.34101744448
267960,43878.016,31697.186655271984
267961,43878.016,17291.154007493205
267962,43878.016,14551.243954490945
267963,43878.016,28246.597394640627
267964,43878.016,25292.618380594366
267965,43878.016,37685.43530885523
267966,43878.016,11741.343378689155
267967,43878.016,15689.43055906086
267968,43878.016,14063.549735731494
267969,43878.016,20421.1616408826
267970,43878.016,22832.69176709279
267971,43878.016,68388.618418149
267972,43878.016,48809.90774498584
267973,43878.016,53946.60555974733
267974,43878.016,42700.92501449022
267975,43878.016,76020.46922158019
267976,43878.016,45218.01464197576
267977,43878.016,18746.38408087847
267978,43878.016,33500.21939732726
267979,43878.016,34736.489052075056
267980,43878.016,51722.567940975976
267981,43878.016,38794.97351929011
267982,43878.016,21367.26511795412
267983,43878.016,14111.663814039639
267984,43878.016,53998.75504965328
267985,43878.016,40427.5609313328
267986,43878.016,12324.624849546013
267987,43878.016,55021.50917742181
267988,43878.016,68278.61500095349
267989,43878.016,31412.478207745862
267990,43878.016,37831.274594131144
267991,43878.016,51637.19891154588
267992,43878.016,62640.73280905682
267993,43878.016,73254.93526518991
267994,43878.016,36983.272864368984
267995,43878.016,7411.464237006445
267996,43878.016,7288.73536949942
267997,43878.016,48876.93366864099
267998,43878.016,10249.265916950575
267999,43878.016,28602.683952821077
268000,43878.016,37006.782109407606
268001,43878.016,45073.36838679464
268002,43878.016,35220.09738045776
268003,43878.016,30505.146363464333
268004,43878.016,18856.958426223806
268005,43878.016,30988.598894610943
268006,43878.016,44064.29908395662
268007,43878.016,27312.379503617016
268008,43878.016,15036.32760188845
268009,43878.016,67815.55607382853
268010,43878.016,8873.355055464192
268011,43878.016,42327.50245515587
268012,43878.016,7446.8331099949755
268013,43878.016,16993.525856515324
268014,43878.016,17523.38454847148
268015,43878.016,66344.29164477899
268016,43878.016,35680.02890904547
268017,43878.016,47854.112428285596
268018,43878.016,42731.55210554412
268019,43878.016,31951.735460968506
268020,43878.016,21127.10366613013
268021,43878.016,30489.458729572176
268022,43878.016,17099.00281786703
268023,43878.016,8078.954374852429
268024,43878.016,25927.349583717398
268025,43878.016,41084.55934278129
268026,43878.016,8660.031640745578
268027,43878.016,31939.001391448146
268028,43878.016,18389.708531471428
268029,43878.016,9559.083554242696
268030,43878.016,62529.20775370468
268031,43878.016,36801.04055957037
268032,43878.016,47419.03145615751
268033,43878.016,42602.66895512894
268034,43878.016,21927.1216635751
268035,43878.016,84710.28724120934
268036,43878.016,41556.56374727082
268037,43878.016,28646.474076378363
268038,43878.016,37550.32443401287
268039,43878.016,46897.03799923636
268040,43878.016,29543.430580931665
268041,43878.016,47165.101909076
268042,43878.016,13499.282501297057
268043,43878.016,12388.821520423528
268044,43878.016,32586.251520216083
268045,43878.016,29994.194071983937
268046,43878.016,39653.51185707741
268047,43878.016,61395.9342263995
268048,43878.016,24486.110595392696
268049,43878.016,16877.345340987384
268050,43878.016,51650.87853516329
268051,43878.016,16310.660113686035
268052,43878.016,38964.143386214266
268053,43878.016,28975.177937363973
268054,43878.016,21579.8054620817
268055,43878.016,51203.0882155354
268056,43878.016,18380.33746461432
268057,43878.016,24955.49841020393
268058,43878.016,20957.280381235032
268059,43878.016,34201.83265973725
268060,43878.016,28253.077975070857
268061,43878.016,45107.53532989611
268062,43878.016,20116.90736228458
268063,43878.016,43926.6785396347
268064,43878.016,39055.557425339146
268065,43878.016,47492.868487622625
268066,43878.016,57281.10645261458
268067,43878.016,36755.916516544516
268068,43878.016,42669.76865027197
268069,43878.016,11103.400595776966
268070,43878.016,73693.00616380932
268071,43878.016,57776.07389333324
268072,43878.016,42081.76334814797
268073,43878.016,5854.277531939086
268074,43878.016,77074.28389813272
268075,43878.016,56044.34227726638
268076,43878.016,19258.01936556445
268077,43878.016,52588.51589325629
268078,43878.016,31966.603048239536
268079,43878.016,52930.40417602605
268080,43878.016,54527.070950875815
268081,43878.016,9834.230442376189
268082,43878.016,21962.414501646963
268083,43878.016,71055.13414190261
268084,43878.016,57745.71400561641
268085,43878.016,53529.055954035786
268086,43878.016,38649.79021696974
268087,43878.016,13127.458729667731
268088,43878.016,32791.61506790465
268089,43878.016,24167.50014238264
268090,43878.016,46457.79083861332
268091,43878.016,29367.954514313464
268092,43878.016,15940.303672372222
268093,43878.016,54779.56307713627
268094,43878.016,28515.827224120778
268095,43878.016,38592.12173805549
268096,43878.016,33786.25568559222
268097,43878.016,113930.51295757091
268098,43878.016,27834.312778755324
268099,43878.016,33663.63988644995
268100,43878.016,31204.629291735262
268101,43878.016,56655.31249716159
268102,43878.016,59366.00467462411
268103,43878.016,62342.097910082404
268104,43878.016,45873.14456811283
268105,43878.016,57779.318203911236
268106,43878.016,24233.339007318886
268107,43878.016,43645.31686627871
268108,43878.016,58863.21755555892
268109,43878.016,51547.54541659584
268110,43878.016,36050.41017387414
268111,43878.016,49959.75357710253
268112,43878.016,21579.146269181027
268113,43878.016,24575.324147458206
268114,43878.016,13250.365674302908
268115,43878.016,42898.71684433567
268116,43878.016,57809.40290640459
268117,43878.016,52331.255264184874
268118,43878.016,38092.85382828115
268119,43878.016,87278.62420456705
268120,43878.016,14514.594406968023
268121,43878.016,10608.161501107597
268122,43878.016,66888.80948294017
268123,43878.016,37522.5670274696
268124,43878.016,48848.931258904195
268125,43878.016,25037.33048300839
268126,43878.016,40376.535231368616
268127,43878.016,54561.61772190664
268128,43878.016,24652.301983049565
268129,43878.016,59659.28436508214
268130,43878.016,27027.60579763927
268131,43878.016,18980.80050180242
268132,43878.016,40606.048317146604
268133,43878.016,46519.22108842525
268134,43878.016,42952.61101337327
268135,43878.016,34087.57978915585
268136,43878.016,33562.88542330498
268137,43878.016,54222.46476214235
268138,43878.016,37059.70571636174
268139,43878.016,20625.89924931375
268140,43878.016,9532.455757666368
268141,43878.016,40970.52150196223
268142,43878.016,22352.703918608273
268143,43878.016,51515.62214949637
268144,43878.016,9016.231943140147
268145,43878.016,38663.969397598725
268146,43878.016,35116.79989981478
268147,43878.016,52387.82629832299
268148,43878.016,42207.61081477803
268149,43878.016,13248.299563748258
268150,43878.016,26648.756595928848
268151,43878.016,15143.610694100296
268152,43878.016,25824.546326289634
268153,43878.016,46911.004476129056
268154,43878.016,44528.05538331848
268155,43878.016,6129.294009896373
268156,43878.016,21423.016562803645
268157,43878.016,10880.085103543286
268158,43878.016,50646.133603668226
268159,43878.016,34952.91366631716
268160,43878.016,53838.4974017363
268161,43878.016,16755.69301890313
268162,43878.016,27299.01035924277
268163,43878.016,62977.40481577536
268164,43878.016,37618.17317691122
268165,43878.016,23576.99888899753
268166,43878.016,7492.492107359773
268167,43878.016,16846.142435392307
268168,43878.016,23123.87339669376
268169,43878.016,22240.496528921663
268170,43878.016,58128.77341943544
268171,43878.016,33823.83079528674
268172,43878.016,9939.569931529404
268173,43878.016,37072.42078500165
268174,43878.016,50030.1661920924
268175,43878.016,39579.667011992104
268176,43878.016,6260.6346511828
268177,43878.016,72351.54191087896
268178,43878.016,13766.912440332253
268179,43878.016,9084.82429346081
268180,43878.016,58150.20090568481
268181,43878.016,33776.22319707659
268182,43878.016,32455.46740806844
268183,43878.016,24099.087425594316
268184,43878.016,29386.245266224178
268185,43878.016,59375.897091843784
268186,43878.016,46446.15379995259
268187,43878.016,19764.877251919734
268188,43878.016,50284.86597940795
268189,43878.016,32767.62542347338
268190,43878.016,71352.21745081403
268191,43878.016,19715.499730417956
268192,43878.016,13468.673287218222
268193,43878.016,39024.14210785535
268194,43878.016,73548.93264976406
268195,43878.016,12112.03892756439
268196,43878.016,39155.18848358698
268197,43878.016,58722.71036758808
268198,43878.016,27449.979852389264
268199,43878.016,29039.224301564886
268200,43878.016,15290.328923278852
268201,43878.016,26337.848718914942
268202,43878.016,67412.24598445075
268203,43878.016,48897.50113461259
268204,43878.016,54125.995426865105
268205,43878.016,28831.35838723546
268206,43878.016,20099.294131513572
268207,43878.016,10144.750134399044
268208,43878.016,17024.779196114046
268209,43878.016,41257.18562978519
268210,43878.016,33765.479865660636
268211,43878.016,65063.48973700326
268212,43878.016,16265.03857659413
268213,43878.016,32414.310219550553
268214,43878.016,51519.62023602857
268215,43878.016,61027.80093560963
268216,43878.016,36928.388486443735
268217,43878.016,18260.60719705955
268218,43878.016,18942.033398372274
268219,43878.016,8542.744291960393
268220,43878.016,59907.005413445375
268221,43878.016,65869.18513721309
268222,43878.016,14736.120203913031
268223,43878.016,14449.422373773796
268224,43878.016,25193.75855214564
268225,43878.016,61336.93641262053
268226,43878.016,22543.579042803718
268227,43878.016,8698.706757656722
268228,43878.016,49272.91714114084
268229,43878.016,68050.18706156149
268230,43878.016,46320.46864327073
268231,43878.016,26199.10453130023
268232,43878.016,20045.263237697418
268233,43878.016,47427.96816412276
268234,43878.016,41959.52103949587
268235,43878.016,17202.078316724896
268236,43878.016,28062.12067016632
268237,43878.016,65209.21966933322
268238,43878.016,9927.24424103533
268239,43878.016,29492.216521287395
268240,43878.016,30417.290611939727
268241,43878.016,8827.36247040949
268242,43878.016,60514.952374710076
268243,43878.016,45278.86663656098
268244,43878.016,41606.21481413777
268245,43878.016,41156.19382203808
268246,43878.016,10439.221744530661
268247,43878.016,15892.445925670638
268248,43878.016,45459.40233130076
268249,43878.016,63481.03127397072
268250,43878.016,21728.958627949723
268251,43878.016,18622.38784599252
268252,43878.016,11924.03320444795
268253,43878.016,31246.613197092072
268254,43878.016,35619.9412474731
268255,43878.016,65289.81730107293
268256,43878.016,19269.059919855066
268257,43878.016,11372.24212669674
268258,43878.016,9050.456255777646
268259,43878.016,63652.1405174333
268260,43878.016,9933.920583742693
268261,43878.016,68069.76322032344
268262,43878.016,49049.625286896255
268263,43878.016,31305.546781441506
268264,43878.016,40784.42568456632
268265,43878.016,59947.90322622317
268266,43878.016,13326.24288170573
268267,43878.016,38503.001075454355
268268,43878.016,85325.74836238752
268269,43878.016,13136.055786874113
268270,43878.016,59907.251369839716
268271,43878.016,64017.048164144486
268272,43878.016,13980.514744002763
268273,43878.016,49820.598894038354
268274,43878.016,9522.895793482396
268275,43878.016,68514.38094104355
268276,43878.016,70723.89562461722
268277,43878.016,18777.872736186866
268278,43878.016,15680.74773733853
268279,43878.016,55068.24938770163
268280,43878.016,22149.55864721978
268281,43878.016,49390.71022458186
268282,43878.016,37631.410145896756
268283,43878.016,24647.702435770872
268284,43878.016,11230.391759200362
268285,43878.016,38615.925010731735
268286,43878.016,24500.257708509504
268287,43878.016,13986.349151744245
268288,43878.016,44918.29874530947
268289,43878.016,6568.870159422759
268290,43878.016,48120.8566197783
268291,43878.016,11185.768717080837
268292,43878.016,54170.54546455568
268293,43878.016,65231.986521887244
268294,43878.016,14408.197653433666
268295,43878.016,24560.639749926824
268296,43878.016,22015.32378414355
268297,43878.016,61612.22691781482
268298,43878.016,23571.3365704109
268299,43878.016,27122.874257471365
268300,43878.016,36536.702442332666
268301,43878.016,36314.222696976765
268302,43878.016,10521.46073995811
268303,43878.016,21260.26337564274
268304,43878.016,39248.593819632406
268305,43878.016,33447.894476931026
268306,43878.016,24899.97869755161
268307,43878.016,29702.62799020034
268308,43878.016,24151.65009919651
268309,43878.016,14135.844491457772
268310,43878.016,14139.742348215093
268311,43878.016,11168.729961091216
268312,43878.016,18267.584667047726
268313,43878.016,10371.440637743446
268314,43878.016,21103.7365561704
268315,43878.016,8667.680163013754
268316,43878.016,15134.199046724063
268317,43878.016,38748.88078506158
268318,43878.016,18678.78677030435
268319,43878.016,64744.07702521324
268320,43878.016,56698.662995166305
268321,43878.016,9893.359976093412
268322,43878.016,28733.316924248287
268323,43878.016,9654.278238442937
268324,43878.016,57570.61001057961
268325,43878.016,7981.151017260257
268326,43878.016,55959.222989335634
268327,43878.016,24066.06805458663
268328,43878.016,48358.04349476393
268329,43878.016,32461.759910934983
268330,43878.016,35413.39940066491
268331,43878.016,57005.60127777285
268332,43878.016,30193.004411565627
268333,43878.016,29434.068817523228
268334,43878.016,48210.17367682688
268335,43878.016,31579.99164177642
268336,43878.016,51605.861543053565
268337,43878.016,58712.68740005708
268338,43878.016,7702.002104552255
268339,43878.016,29551.05906931564
268340,43878.016,52728.412104198556
268341,43878.016,51175.28255705036
268342,43878.016,51437.74708410165
268343,43878.016,41360.909067487635
268344,43878.016,61267.785140396474
268345,43878.016,53169.001783452135
268346,43878.016,48229.598822695865
268347,43878.016,74622.41331837769
268348,43878.016,18648.259058516647
268349,43878.016,9969.380152025415
268350,43878.016,38095.45198380575
268351,43878.016,52906.29757076336
268352,43878.016,64630.01617910985
268353,43878.016,11032.830468711214
268354,43878.016,21565.560926601287
268355,43878.016,24451.5969166673
268356,43878.016,69928.45364838313
268357,43878.016,17592.630373054224
268358,43878.016,49282.8503148242
268359,43878.016,16114.876998153872
268360,43878.016,35603.96523780556
268361,43878.016,9182.89848299805
268362,43878.016,36003.31933811131
268363,43878.016,8063.400752231924
268364,43878.016,67385.92355183497
268365,43878.016,31209.122935811403
268366,43878.016,64132.3457803745
268367,43878.016,30262.00968726714
268368,43878.016,59137.13493598522
268369,43878.016,35778.68632487949
268370,43878.016,12054.254383407915
268371,43878.016,35488.57035602815
268372,43878.016,52505.990411300874
268373,43878.016,29257.95351701901
268374,43878.016,30122.189308401794
268375,43878.016,49066.00437346614
268376,43878.016,59524.83098348177
268377,43878.016,48750.18913403606
268378,43878.016,12760.678559018435
268379,43878.016,19095.298843320397
268380,43878.016,39388.43013272357
268381,43878.016,30944.88355394567
268382,43878.016,12679.394680874539
268383,43878.016,37448.25511678489
268384,43878.016,17551.84603758701
268385,43878.016,61445.11418079969
268386,43878.016,27272.469090164614
268387,43878.016,35948.67223363577
268388,43878.016,26894.852057669297
268389,43878.016,28050.657619475634
268390,43878.016,20600.687096728638
268391,43878.016,37542.03295131113
268392,43878.016,36633.93465868393
268393,43878.016,19516.896395750467
268394,43878.016,37254.0543582546
268395,43878.016,32195.801612241827
268396,43878.016,8986.013629963074
268397,43878.016,15077.19296213902
268398,43878.016,39530.1765563509
268399,43878.016,48003.5467192486
268400,43878.016,22321.712799233446
268401,43878.016,23193.02327555908
268402,43878.016,14985.003835529991
268403,43878.016,29928.724313848277
268404,43878.016,14254.438017858261
268405,43878.016,16513.924674306345
268406,43878.016,41473.230813289505
268407,43878.016,37217.595537528934
268408,43878.016,30702.88473398896
268409,43878.016,59301.55689966711
268410,43878.016,27042.928173816017
268411,43878.016,66752.18564066563
268412,43878.016,49694.516520527235
268413,43878.016,7601.480917115277
268414,43878.016,34951.69178383352
268415,43878.016,27332.21157715865
268416,43878.016,69544.1850381488
268417,43878.016,8684.695759492768
268418,43878.016,25509.52785571576
268419,43878.016,24426.222019801655
268420,43878.016,18044.79552307528
268421,43878.016,42075.60652882693
268422,43878.016,53131.50879122392
268423,43878.016,32109.575810461753
268424,43878.016,8078.336736477965
268425,43878.016,26679.886163491596
268426,43878.016,65971.57610184723
268427,43878.016,62684.079962200325
268428,43878.016,27708.858512282044
268429,43878.016,27487.271617669663
268430,43878.016,21758.728044299096
268431,43878.016,72865.75092196315
268432,43878.016,45091.88480450244
268433,43878.016,18811.57491331755
268434,43878.016,43305.92669340075
268435,43878.016,71461.44834989613
268436,43878.016,49235.788404642684
268437,43878.016,14949.853771343222
268438,43878.016,16147.954593003218
268439,43878.016,15914.73897009791
268440,43878.016,37881.89832512395
268441,43878.016,45247.420986821795
268442,43878.016,66158.79552929752
268443,43878.016,15051.703479351898
268444,43878.016,26482.82019401257
268445,43878.016,67258.20274641839
268446,43878.016,25348.275284596737
268447,43878.016,17629.231433917877
268448,43878.016,14053.264684586857
268449,43878.016,34940.42424790666
268450,43878.016,30288.773779788957
268451,43878.016,8853.691081094665
268452,43878.016,7862.683929962297
268453,43878.016,42133.348199576765
268454,43878.016,14918.356991436856
268455,43878.016,4741.2645231951565
268456,43878.016,53274.10490290462
268457,43878.016,20761.477236593695
268458,43878.016,14241.496382974661
268459,43878.016,17366.38495664529
268460,43878.016,16032.401848377103
268461,43878.016,38898.17577512246
268462,43878.016,40291.03193079901
268463,43878.016,28289.609230172802
268464,43878.016,38998.2477317149
268465,43878.016,33594.646015033184
268466,43878.016,87520.16678602053
268467,43878.016,18848.29136701383
268468,43878.016,14785.382096133388
268469,43878.016,10401.1774543092
268470,43878.016,48878.78568784966
268471,43878.016,27329.6820963632
268472,43878.016,13448.871959171001
268473,43878.016,26514.531127423186
268474,43878.016,18528.94599967653
268475,43878.016,15349.23190801602
268476,43878.016,12741.6507086473
268477,43878.016,19077.930032863107
268478,43878.016,18781.048371934572
268479,43878.016,17961.02878897246
268480,43878.016,6181.924191646752
268481,43878.016,90065.77613711348
268482,43878.016,3691.522992038827
268483,43878.016,82029.86246766815
268484,43878.016,17889.35739541653
268485,43878.016,58769.28708936189
268486,43878.016,13074.322216435474
268487,43878.016,11979.58270076125
268488,43878.016,46234.59776404088
268489,43878.016,12997.598059811302
268490,43878.016,25352.67760831263
268491,43878.016,66577.32492527708
268492,43878.016,38563.89535642429
268493,43878.016,6528.02777425419
268494,43878.016,8100.794323557485
268495,43878.016,13361.651501905979
268496,43878.016,26191.08382614287
268497,43878.016,55809.40344379278
268498,43878.016,62176.28559093072
268499,43878.016,59886.009522841
268500,43878.016,39328.59557258131
268501,43878.016,47937.86589459623
268502,43878.016,28277.644602692995
268503,43878.016,18507.958039253146
268504,43878.016,11590.04652917264
268505,43878.016,43045.32008454693
268506,43878.016,35369.241950367825
268507,43878.016,10476.539168718959
268508,43878.016,32572.04054083592
268509,43878.016,26273.634692549665
268510,43878.016,15466.14014668061
268511,43878.016,7316.50325541836
268512,43878.016,8763.589709864318
268513,43878.016,15006.766617324558
268514,43878.016,16333.4887802019
268515,43878.016,12435.401475146788
268516,43878.016,53601.755126880365
268517,43878.016,87788.9627668047
268518,43878.016,19208.42535791551
268519,43878.016,6997.369471821294
268520,43878.016,17081.340949987636
268521,43878.016,16474.059469128475
268522,43878.016,43199.408760008715
268523,43878.016,40956.81209010032
268524,43878.016,37543.631207762555
268525,43878.016,39817.02813003691
268526,43878.016,35767.4769777703
268527,43878.016,44634.38279520976
268528,43878.016,57455.556496363264
268529,43878.016,41250.09966867612
268530,43878.016,8756.36581122152
268531,43878.016,51299.68469955975
268532,43878.016,42590.15304428345
268533,43878.016,50078.59652145355
268534,43878.016,15880.341164474039
268535,43878.016,24056.567213295788
268536,43878.016,53807.88255289645
268537,43878.016,57562.02200922116
268538,43878.016,16945.532944550156
268539,43878.016,9259.043564346743
268540,43878.016,77728.00398784823
268541,43878.016,16125.195529015966
268542,43878.016,62313.55058666789
268543,43878.016,23932.084925279698
268544,43878.016,47457.13090632897
268545,43878.016,56129.7986448842
268546,43878.016,11782.20100900161
268547,43878.016,8783.651684501883
268548,43878.016,25765.842299066717
268549,43878.016,30598.16523506712
268550,43878.016,28582.5671156394
268551,43878.016,11284.325380261791
268552,43878.016,22959.61101954741
268553,43878.016,14734.40486167381
268554,43878.016,44639.0436141674
268555,43878.016,15960.818021549967
268556,43878.016,43560.28442603938
268557,43878.016,11160.436580828427
268558,43878.016,47674.114094066106
268559,43878.016,47137.75298508647
268560,43878.016,78391.59152949597
268561,43878.016,15960.66507131118
268562,43878.016,38998.503748421455
268563,43878.016,51166.76297692936
268564,43878.016,28979.57125128524
268565,43878.016,43504.71806018629
268566,43878.016,39432.474263446726
268567,43878.016,30500.980721345742
268568,43878.016,64507.37484899273
268569,43878.016,12885.461312512349
268570,43878.016,20777.09915609135
268571,43878.016,30246.78273677107
268572,43878.016,16815.975076064504
268573,43878.016,11488.263237990961
268574,43878.016,9712.557184357785
268575,43878.016,45977.144246986674
268576,43878.016,49546.415664104905
268577,43878.016,17025.51534796514
268578,43878.016,58052.55337140231
268579,43878.016,61300.73421288817
268580,43878.016,49735.81446245671
268581,43878.016,31863.829895630122
268582,43878.016,14521.161700591494
268583,43878.016,45021.898564815565
268584,43878.016,52226.77857727171
268585,43878.016,35828.28532666656
268586,43878.016,9996.15192623136
268587,43878.016,62366.48257005066
268588,43878.016,16300.124381213143
268589,43878.016,54411.967329255705
268590,43878.016,55974.62538784419
268591,43878.016,13311.185372165955
268592,43878.016,11101.258818021613
268593,43878.016,26042.624909923168
268594,43878.016,50139.236693243096
268595,43878.016,50173.85178834237
268596,43878.016,18124.375248403787
268597,43878.016,40848.75613544804
268598,43878.016,22483.400587579672
268599,43878.016,34924.3085237101
268600,43878.016,43825.97547480623
268601,43878.016,55748.329343021294
268602,43878.016,16010.315137812786
268603,43878.016,8057.389542078463
268604,43878.016,9034.072578179308
268605,43878.016,31033.22500622174
268606,43878.016,39015.75890927227
268607,43878.016,19061.55393016354
268608,43878.016,28270.84137454491
268609,43878.016,40293.7417387482
268610,43878.016,21995.901335759463
268611,43878.016,15028.419869524438
268612,43878.016,14665.284610761475
268613,43878.016,39647.54605543693
268614,43878.016,22120.55920274742
268615,43878.016,36606.202232104326
268616,43878.016,57330.79318751417
268617,43878.016,62598.56678380931
268618,43878.016,9780.566540792091
268619,43878.016,18637.02860913187
268620,43878.016,14046.857329284252
268621,43878.016,30922.313967164468
268622,43878.016,25592.69099309666
268623,43878.016,20968.57799619247
268624,43878.016,48064.1281487378
268625,43878.016,11721.337767250623
268626,43878.016,35737.05448359834
268627,43878.016,40366.67677184662
268628,43878.016,74098.57246216861
268629,43878.016,52215.913720376324
268630,43878.016,71714.27688260135
268631,43878.016,46259.7348414897
268632,43878.016,25061.17509715506
268633,43878.016,66579.24894482094
268634,43878.016,47217.83631296436
268635,43878.016,49947.94902281803
268636,43878.016,9885.36347915661
268637,43878.016,52481.06510437597
268638,43878.016,44246.24135094931
268639,43878.016,22662.289014325877
268640,43878.016,28948.374559963766
268641,43878.016,8649.361323382693
268642,43878.016,9658.416307641342
268643,43878.016,32016.61593594441
268644,43878.016,27471.72884801538
268645,43878.016,46207.184285048876
268646,43878.016,8605.686594014865
268647,43878.016,29423.11566764342
268648,43878.016,22892.162706182313
268649,43878.016,44642.368090889926
268650,43878.016,12378.705969138755
268651,43878.016,16607.12134170522
268652,43878.016,25379.21107500363
268653,43878.016,14362.710505562893
268654,43878.016,14970.805632371415
268655,43878.016,11236.863832389929
268656,43878.016,66324.54813384998
268657,43878.016,54490.20209248603
268658,43878.016,11085.472235921396
268659,43878.016,82500.47883702409
268660,43878.016,20033.548380195047
268661,43878.016,72600.488928905
268662,43878.016,30518.068190675676
268663,43878.016,36644.65326637014
268664,43878.016,13942.604393720352
268665,43878.016,66981.15198759505
268666,43878.016,16895.810404234733
268667,43878.016,8758.073794464202
268668,43878.016,10226.746086403364
268669,43878.016,41181.87499453933
268670,43878.016,48362.12780395066
268671,43878.016,35365.3919640452
268672,43878.016,27350.921875208183
268673,43878.016,36260.14520304264
268674,43878.016,18261.296091883905
268675,43878.016,11231.135747717226
268676,43878.016,14750.132176452365
268677,43878.016,24786.911069783906
268678,43878.016,5127.747499574008
268679,43878.016,35330.72681409496
268680,43878.016,53709.41141352047
268681,43878.016,21973.07700234199
268682,43878.016,60518.04156988109
268683,43878.016,14617.349671979158
268684,43878.016,26924.062713686166
268685,43878.016,18931.67093708038
268686,43878.016,20471.037084732037
268687,43878.016,14683.924956134646
268688,43878.016,23329.60099850286
268689,43878.016,67179.45430114488
268690,43878.016,45603.12509334487
268691,43878.016,36607.09435554807
268692,43878.016,22214.575629473376
268693,43878.016,62869.81482566296
268694,43878.016,49088.095844486525
268695,43878.016,39013.3563522673
268696,43878.016,50494.51926770234
268697,43878.016,53607.90284309438
268698,43878.016,22581.599894351446
268699,43878.016,11271.228824032263
268700,43878.016,15467.959732360108
268701,43878.016,15211.964863717976
268702,43878.016,49811.31716725966
268703,43878.016,75872.17049549604
268704,43878.016,48373.32559398345
268705,43878.016,21963.364458665128
268706,43878.016,61734.96321327358
268707,43878.016,12104.639121480743
268708,43878.016,34378.027339334294
268709,43878.016,14012.085195859387
268710,43878.016,45948.57457598668
268711,43878.016,15284.061789557923
268712,43878.016,39566.63966488802
268713,43878.016,10461.654583785334
268714,43878.016,18083.74106069927
268715,43878.016,33995.48880588085
268716,43878.016,21160.34832445636
268717,43878.016,59050.06392395846
268718,43878.016,69233.80528537816
268719,43878.016,43728.75160431944
268720,43878.016,31233.17100138376
268721,43878.016,58290.368194036295
268722,43878.016,39759.1624604849
268723,43878.016,66738.47366178609
268724,43878.016,59129.507130548875
268725,43878.016,24580.608336872505
268726,43878.016,9622.801116165498
268727,43878.016,17782.804012058594
268728,43878.016,47259.93489795711
268729,43878.016,14943.840993360413
268730,43878.016,42659.39895345812
268731,43878.016,17847.969969162245
268732,43878.016,61374.173642423746
268733,43878.016,20165.04005770585
268734,43878.016,22140.87017796702
268735,43878.016,27581.717835082305
268736,43878.016,11629.838394487282
268737,43878.016,46460.18728537015
268738,43878.016,10753.761405627312
268739,43878.016,52543.27433775311
268740,43878.016,25060.15905945192
268741,43878.016,28423.097182220758
268742,43878.016,29294.816710707277
268743,43878.016,50995.67478997673
268744,43878.016,18628.17695187201
268745,43878.016,20631.633875248997
268746,43878.016,24459.604748637077
268747,43878.016,20235.403742037142
268748,43878.016,19467.264362968934
268749,43878.016,21050.852763333627
268750,43878.016,23422.26449457906
268751,43878.016,36589.26143428797
268752,43878.016,13543.011785015287
268753,43878.016,52874.18689046127
268754,43878.016,25411.89195171809
268755,43878.016,47351.405695756315
268756,43878.016,24436.782845453763
268757,43878.016,42861.10167244879
268758,43878.016,10832.728623659748
268759,43878.016,15677.593335408146
268760,43878.016,19935.763632367805
268761,43878.016,31683.62384072875
268762,43878.016,19456.188513988815
268763,43878.016,24765.08627687318
268764,43878.016,47638.64630650361
268765,43878.016,17203.08994043805
268766,43878.016,26112.30902518753
268767,43878.016,21912.75760544667
268768,43878.016,36457.669116166064
268769,43878.016,55536.258380072555
268770,43878.016,45864.56544964031
268771,43878.016,15050.84099505339
268772,43878.016,13169.008061582743
268773,43878.016,53947.961561583914
268774,43878.016,40628.149549234346
268775,43878.016,24739.886604930027
268776,43878.016,20133.782093565907
268777,43878.016,13690.965234447782
268778,43878.016,52442.495583301694
268779,43878.016,13995.085001956808
268780,43878.016,7904.106727510517
268781,43878.016,21566.2112559211
268782,43878.016,15757.22569895731
268783,43878.016,44876.12699240469
268784,43878.016,25807.894176545295
268785,43878.016,9999.482487353118
268786,43878.016,70975.79131808953
268787,43878.016,7589.292219802415
268788,43878.016,9455.133050336799
268789,43878.016,35926.34142786871
268790,43878.016,12940.106385532916
268791,43878.016,9586.77510532514
268792,43878.016,21278.660339274193
268793,43878.016,44625.745393394056
268794,43878.016,32636.002448585696
268795,43878.016,9016.985996278087
268796,43878.016,22278.480898553586
268797,43878.016,69692.93666790475
268798,43878.016,33238.969205879526
268799,43878.016,34854.25590650727
268800,43878.016,60395.53748577427
268801,43878.016,32133.106677866705
268802,43878.016,61834.51038340328
268803,43878.016,47805.41208148553
268804,43878.016,31025.740821271687
268805,43878.016,34183.19023777899
268806,43878.016,9207.950249931278
268807,43878.016,41537.41466032679
268808,43878.016,94661.44057095365
268809,43878.016,9289.500554546388
268810,43878.016,19163.303041790583
268811,43878.016,28535.03343183003
268812,43878.016,48550.65196091954
268813,43878.016,16049.311621327579
268814,43878.016,10541.734926748108
268815,43878.016,20395.27566843839
268816,43878.016,3210.570734569009
268817,43878.016,9974.498045060605
268818,43878.016,11937.455391286285
268819,43878.016,72179.90068569561
268820,43878.016,12255.001617129368
268821,43878.016,29338.787061655636
268822,43878.016,68426.2124221707
268823,43878.016,47600.57211012199
268824,43878.016,75619.07289777833
268825,43878.016,43004.10774231268
268826,43878.016,58119.0448493933
268827,43878.016,19275.644710764995
268828,43878.016,20120.11462219831
268829,43878.016,29304.496846075745
268830,43878.016,18199.409000191623
268831,43878.016,48954.74871713731
268832,43878.016,69963.248582189
268833,43878.016,62540.557224455
268834,43878.016,61289.40219837811
268835,43878.016,15823.609976546639
268836,43878.016,38353.11239392728
268837,43878.016,15463.506040865244
268838,43878.016,57442.7128753508
268839,43878.016,8717.565253904828
268840,43878.016,52648.30578068338
268841,43878.016,41114.63864782146
268842,43878.016,8436.381283277302
268843,43878.016,64756.55514364273
268844,43878.016,28947.97689338329
268845,43878.016,44587.66702539498
268846,43878.016,10390.595611009685
268847,43878.016,48493.51853858651
268848,43878.016,9752.024187417925
268849,43878.016,12108.004185234466
268850,43878.016,19513.09374728307
268851,43878.016,15515.329239328124
268852,43878.016,51207.04319663872
268853,43878.016,61916.950601345656
268854,43878.016,14278.029511467188
268855,43878.016,13577.652221285267
268856,43878.016,12626.649624094141
268857,43878.016,12180.726112343118
268858,43878.016,64268.745017304835
268859,43878.016,45864.043927065046
268860,43878.016,41597.16222111989
268861,43878.016,8360.445838662936
268862,43878.016,66616.1874747005
268863,43878.016,16086.240379369421
268864,43878.016,23579.680687495813
268865,43878.016,53451.70918903275
268866,43878.016,22093.471843199837
268867,43878.016,14271.933204890789
268868,43878.016,34883.30689979017
268869,43878.016,20184.77451383897
268870,43878.016,4405.89210927909
268871,43878.016,35143.84957932904
268872,43878.016,56000.01826015326
268873,43878.016,23944.384242615815
268874,43878.016,30605.03848190859
268875,43878.016,45086.44122198021
268876,43878.016,14236.704857779221
268877,43878.016,15490.499590065325
268878,43878.016,10791.297097731594
268879,43878.016,43478.23502500125
268880,43878.016,13073.1515792725
268881,43878.016,12972.422871663532
268882,43878.016,28154.972884796698
268883,43878.016,11188.990536457046
268884,43878.016,18808.03254259068
268885,43878.016,20892.54805774628
268886,43878.016,43489.12460274351
268887,43878.016,10412.726262672575
268888,43878.016,36439.05805284527
268889,43878.016,13107.363892249541
268890,43878.016,31298.89011709861
268891,43878.016,14562.803852002759
268892,43878.016,38806.27454078025
268893,43878.016,26114.094919388866
268894,43878.016,33151.64790811665
268895,43878.016,27235.768558475487
268896,43878.016,38148.35650709718
268897,43878.016,46050.909987197796
268898,43878.016,15118.409606664376
268899,43878.016,65637.00829677355
268900,43878.016,60133.2963565422
268901,43878.016,19265.71938623431
268902,43878.016,34916.62806170632
268903,43878.016,70052.01852404806
268904,43878.016,13353.258645884565
268905,43878.016,16934.46264201219
268906,43878.016,58005.02883809825
268907,43878.016,20645.188049562967
268908,43878.016,16866.391656411182
268909,43878.016,15378.926476019291
268910,43878.016,7572.863700393832
268911,43878.016,16225.268469106735
268912,43878.016,55965.2219850985
268913,43878.016,54936.885488075284
268914,43878.016,66614.31575719966
268915,43878.016,56157.09929217831
268916,43878.016,16738.03180681056
268917,43878.016,36330.43734737718
268918,43878.016,17462.310462167326
268919,43878.016,45147.92024113459
268920,43878.016,5640.959560787626
268921,43878.016,20320.238722512528
268922,43878.016,11402.114881668766
268923,43878.016,51311.42963497769
268924,43878.016,29237.426102157857
268925,43878.016,28321.570638215482
268926,43878.016,38783.910531930946
268927,43878.016,51814.736629624844
268928,43878.016,15787.096133620618
268929,43878.016,29925.659280388067
268930,43878.016,63169.66584586523
268931,43878.016,34791.90975187202
268932,43878.016,34687.4588558599
268933,43878.016,19379.595340589105
268934,43878.016,7335.730761926814
268935,43878.016,49257.017600825566
268936,43878.016,51794.83385711554
268937,43878.016,29263.665451783116
268938,43878.016,51039.3846382972
268939,43878.016,23528.176700075175
268940,43878.016,37766.97586580939
268941,43878.016,31184.75425610119
268942,43878.016,51670.40570631827
268943,43878.016,7698.486815449233
268944,43878.016,24927.90880975102
268945,43878.016,41166.06155362019
268946,43878.016,29404.79570383677
268947,43878.016,35512.36817201527
268948,43878.016,4569.182135092707
268949,43878.016,22314.645275802315
268950,43878.016,41629.531007176585
268951,43878.016,48092.6569766962
268952,43878.016,21512.56408390948
268953,43878.016,23260.420216531198
268954,43878.016,12764.32718306977
268955,43878.016,29200.443059794
268956,43878.016,35917.25698334338
268957,43878.016,16210.791930186939
268958,43878.016,25038.943164196593
268959,43878.016,71143.20894621914
268960,43878.016,25613.126112685706
268961,43878.016,35022.194517961994
268962,43878.016,28944.164302183402
268963,43878.016,28907.106943144285
268964,43878.016,32102.209665916114
268965,43878.016,62425.74935505572
268966,43878.016,24604.029221693236
268967,43878.016,42381.25236968289
268968,43878.016,56435.86943720499
268969,43878.016,65214.342833136405
268970,43878.016,17604.000478458263
268971,43878.016,56365.55316741981
268972,43878.016,71030.34826707045
268973,43878.016,34185.80331729731
268974,43878.016,44903.3541125748
268975,43878.016,67869.36311204586
268976,43878.016,52352.32638783048
268977,43878.016,6702.522120680739
268978,43878.016,40538.69226919443
268979,43878.016,5852.251111902352
268980,43878.016,13028.388685156793
268981,43878.016,16047.578243351996
268982,43878.016,46399.24952412066
268983,43878.016,23304.98496920331
268984,43878.016,34066.397037250434
268985,43878.016,12906.71250402659
268986,43878.016,35715.58012257178
268987,43878.016,26345.322145917427
268988,43878.016,17918.4468154451
268989,43878.016,52029.56294747009
268990,43878.016,45884.59203280415
268991,43878.016,49316.86751272482
268992,43878.016,58347.246623281295
268993,43878.016,17956.023195501217
268994,43878.016,27098.04898414967
268995,43878.016,6411.9917872420265
268996,43878.016,19916.90898413019
268997,43878.016,35129.33256947487
268998,43878.016,64355.76150751274
268999,43878.016,11660.104306328967
269000,43878.016,29411.06223371019
269001,43878.016,30372.76139308083
269002,43878.016,54811.771732335066
269003,43878.016,48249.7139818588
269004,43878.016,54774.06909857048
269005,43878.016,57242.19532449319
269006,43878.016,16290.727097752617
269007,43878.016,40004.51473085818
269008,43878.016,36883.933460025706
269009,43878.016,65894.21582860567
269010,43878.016,25782.86517395547
269011,43878.016,36731.18998387705
269012,43878.016,6653.666425464046
269013,43878.016,28816.598473427464
269014,43878.016,40873.58932140054
269015,43878.016,27226.800676659554
269016,43878.016,13089.052072525204
269017,43878.016,19331.63552225967
269018,43878.016,55949.29286392788
269019,43878.016,77073.83345928784
269020,43878.016,25154.98654544174
269021,43878.016,42295.99586767442
269022,43878.016,61013.443376988755
269023,43878.016,72939.18487986001
269024,43878.016,17232.045703116582
269025,43878.016,22304.018843684404
269026,43878.016,43500.19688127527
269027,43878.016,59333.55466804001
269028,43878.016,120838.63313961943
269029,43878.016,24969.970362300057
269030,43878.016,60024.590034652574
269031,43878.016,53589.72020074522
269032,43878.016,19702.424139586765
269033,43878.016,23194.565629753943
269034,43878.016,31731.624957725333
269035,43878.016,37738.25630168304
269036,43878.016,32274.88339118389
269037,43878.016,10860.86287794834
269038,43878.016,57044.54522221073
269039,43878.016,8998.15704832089
269040,43878.016,119157.87814584802
269041,43878.016,34087.137571826795
269042,43878.016,41065.830853267544
269043,43878.016,17936.75668281804
269044,43878.016,36147.29962100006
269045,43878.016,57537.77937156235
269046,43878.016,21209.279871138322
269047,43878.016,58443.07612381641
269048,43878.016,13515.39841709536
269049,43878.016,66903.16070508663
269050,43878.016,10126.617623729573
269051,43878.016,58650.538677437056
269052,43878.016,35107.51469104166
269053,43878.016,11946.439451259064
269054,43878.016,67033.23314964457
269055,43878.016,24679.779916847117
269056,43878.016,65203.50771156124
269057,43878.016,16950.58748111167
269058,43878.016,46076.66862925852
269059,43878.016,22163.637052548827
269060,43878.016,19041.298785308198
269061,43878.016,20439.56978368995
269062,43878.016,22791.416997555163
269063,43878.016,49101.59420343493
269064,43878.016,30554.655603176616
269065,43878.016,40978.23503926937
269066,43878.016,18244.68549517176
269067,43878.016,18616.83943941853
269068,43878.016,13359.689367108802
269069,43878.016,21364.682826579337
269070,43878.016,82799.7294474877
269071,43878.016,23267.50718532633
269072,43878.016,51573.27523475694
269073,43878.016,18967.490665715803
269074,43878.016,51494.97981252029
269075,43878.016,37806.5784840752
269076,43878.016,20667.577254985823
269077,43878.016,37704.77873987078
269078,43878.016,24226.472705087817
269079,43878.016,37282.547922312566
269080,43878.016,13379.898971255496
269081,43878.016,35894.52419850434
269082,43878.016,14135.33329627382
269083,43878.016,51953.20092565736
269084,43878.016,10366.469966247792
269085,43878.016,44518.33805996093
269086,43878.016,38666.39500891561
269087,43878.016,49137.24798927244
269088,43878.016,53619.51131134935
269089,43878.016,25727.463188943722
269090,43878.016,73115.41389974345
269091,43878.016,13682.540945822402
269092,43878.016,36396.71613797307
269093,43878.016,22545.088034910503
269094,43878.016,48055.26507233377
269095,43878.016,25256.358593187662
269096,43878.016,19700.297326662643
269097,43878.016,9664.517977923282
269098,43878.016,45517.28351507236
269099,43878.016,6611.343799893574
269100,43878.016,35979.07012651202
269101,43878.016,43667.50843708106
269102,43878.016,51689.196515902055
269103,43878.016,13182.60813398487
269104,43878.016,30809.519258433582
269105,43878.016,13534.351257909486
269106,43878.016,33904.90291877606
269107,43878.016,32611.438375014408
269108,43878.016,61718.9459249812
269109,43878.016,29687.35410133933
269110,43878.016,9972.764944341263
269111,43878.016,53649.22930647332
269112,43878.016,13518.606840748867
269113,43878.016,16738.8574584567
269114,43878.016,70192.13338236879
269115,43878.016,23078.15855234485
269116,43878.016,28115.63322960057
269117,43878.016,18456.65668198868
269118,43878.016,40276.66250280941
269119,43878.016,47682.01785698408
269120,43878.016,30760.1975525342
269121,43878.016,14364.944583848986
269122,43878.016,46405.66972489408
269123,43878.016,10203.307379946082
269124,43878.016,41215.678228571065
269125,43878.016,26395.55122228865
269126,43878.016,84634.0374481563
269127,43878.016,53193.10992854409
269128,43878.016,25127.431955911325
269129,43878.016,52238.1159833071
269130,43878.016,17847.653038445926
269131,43878.016,41084.99006942766
269132,43878.016,37213.950969838086
269133,43878.016,24884.0804996809
269134,43878.016,27395.724760932746
269135,43878.016,11023.769549049159
269136,43878.016,27198.019943828374
269137,43878.016,8431.14296931689
269138,43878.016,19347.657194822335
269139,43878.016,19662.73673410618
269140,43878.016,46040.815126789596
269141,43878.016,8991.974096051556
269142,43878.016,67714.20453046088
269143,43878.016,13612.195674008524
269144,43878.016,52626.14158042517
269145,43878.016,17773.906161346295
269146,43878.016,23058.444158857357
269147,43878.016,22685.45168779977
269148,43878.016,9190.283384621522
269149,43878.016,48718.09242854767
269150,43878.016,49213.3051628967
269151,43878.016,46990.7511084567
269152,43878.016,58784.42527551108
269153,43878.016,35838.92929615692
269154,43878.016,30361.926242234204
269155,43878.016,18727.165489121806
269156,43878.016,8551.73784853327
269157,43878.016,79801.18357831608
269158,43878.016,48955.12356487536
269159,43878.016,65556.45570534629
269160,43878.016,61517.03082559196
269161,43878.016,39284.01779959694
269162,43878.016,29202.862852267375
269163,43878.016,61343.34012891749
269164,43878.016,19488.093294712522
269165,43878.016,61997.763223648355
269166,43878.016,48498.172879108046
269167,43878.016,18219.84927523505
269168,43878.016,25467.672172452134
269169,43878.016,29347.045410716157
269170,43878.016,32128.119751537455
269171,43878.016,48345.07217267659
269172,43878.016,31184.202027118892
269173,43878.016,25675.933675616125
269174,43878.016,49002.600669836735
269175,43878.016,12629.095779114778
269176,43878.016,36952.45863601214
269177,43878.016,62666.74990580145
269178,43878.016,25829.71078181071
269179,43878.016,45491.30170465067
269180,43878.016,40646.35996121929
269181,43878.016,24300.81692860651
269182,43878.016,52544.29272959642
269183,43878.016,40437.671949999916
269184,43878.016,14300.799702546998
269185,43878.016,28912.536160633153
269186,43878.016,10897.640567738092
269187,43878.016,63541.08819413652
269188,43878.016,57692.813263063064
269189,43878.016,14995.715710912511
269190,43878.016,42360.27639018978
269191,43878.016,77055.15619974417
269192,43878.016,12256.308685123486
269193,43878.016,19355.4465869559
269194,43878.016,62840.83976830454
269195,43878.016,33963.34182443387
269196,43878.016,32565.911574356927
269197,43878.016,28921.759158287918
269198,43878.016,11159.001722881325
269199,43878.016,40507.535943255694
269200,43878.016,14951.353227600872
269201,43878.016,15068.167194613914
269202,43878.016,14034.448102928793
269203,43878.016,35134.12710084218
269204,43878.016,58911.54858939879
269205,43878.016,12583.002066270452
269206,43878.016,47277.83997261854
269207,43878.016,42696.03139361638
269208,43878.016,38405.297303554085
269209,43878.016,45678.457518910946
269210,43878.016,32275.908792923114
269211,43878.016,29836.53950551326
269212,43878.016,64347.96606290781
269213,43878.016,51850.987381710744
269214,43878.016,57281.31565035019
269215,43878.016,49998.26455897899
269216,43878.016,25814.664656365447
269217,43878.016,26156.052117795796
269218,43878.016,14442.392246497244
269219,43878.016,36638.040207375125
269220,43878.016,53524.341409605
269221,43878.016,9819.0567486053
269222,43878.016,62169.23313798703
269223,43878.016,48075.947989470056
269224,43878.016,59940.12088606081
269225,43878.016,38410.98865333827
269226,43878.016,18024.97934598493
269227,43878.016,32673.361148693755
269228,43878.016,41336.103114847225
269229,43878.016,47220.638930450994
269230,43878.016,51696.361511067844
269231,43878.016,20023.818051306018
269232,43878.016,51391.67968821827
269233,43878.016,18955.9986608453
269234,43878.016,76697.32380894899
269235,43878.016,64931.180774199136
269236,43878.016,48172.45277857582
269237,43878.016,11743.271474650317
269238,43878.016,62266.316048966175
269239,43878.016,32189.822924506912
269240,43878.016,61949.46785699431
269241,43878.016,29101.99211465273
269242,43878.016,30797.58988104004
269243,43878.016,53969.915244426615
269244,43878.016,12662.685043596384
269245,43878.016,24917.877602282944
269246,43878.016,48495.58215406042
269247,43878.016,13078.435483377902
269248,43878.016,46321.85090178626
269249,43878.016,42560.95445962175
269250,43878.016,73935.34122271382
269251,43878.016,21260.619413938195
269252,43878.016,52637.28574597814
269253,43878.016,36720.84647947857
269254,43878.016,28437.67229589608
269255,43878.016,76198.40293349516
269256,43878.016,26513.10529867717
269257,43878.016,22392.931869176493
269258,43878.016,43745.57871439803
269259,43878.016,7449.440642106745
269260,43878.016,36877.00304912298
269261,43878.016,5606.490098835384
269262,43878.016,28928.288702169815
269263,43878.016,12739.851091268352
269264,43878.016,9798.859829658411
269265,43878.016,63290.3861117181
269266,43878.016,46209.90702831108
269267,43878.016,8250.915007435247
269268,43878.016,65804.02703221167
269269,43878.016,45429.997111037555
269270,43878.016,65989.50026836165
269271,43878.016,60703.12674087531
269272,43878.016,29390.144167021175
269273,43878.016,41447.29006845669
269274,43878.016,9773.805071865727
269275,43878.016,46699.76891929083
269276,43878.016,44580.229231901634
269277,43878.016,64412.51550952892
269278,43878.016,30141.327916177186
269279,43878.016,19381.024671433966
269280,43878.016,39856.776458236665
269281,43878.016,20806.363859077792
269282,43878.016,15414.64047837649
269283,43878.016,58111.86661001929
269284,43878.016,77574.28889633666
269285,43878.016,57596.69197043069
269286,43878.016,27338.362728791086
269287,43878.016,33740.25959869905
269288,43878.016,19955.937019058834
269289,43878.016,67695.40822858692
269290,43878.016,19523.76842186594
269291,43878.016,3212.8087631001836
269292,43878.016,26039.727216811894
269293,43878.016,19805.866770195193
269294,43878.016,21165.74778906902
269295,43878.016,49837.664095362954
269296,43878.016,52741.059853407656
269297,43878.016,34462.40739713457
269298,43878.016,37474.429517387645
269299,43878.016,51808.008846584176
269300,43878.016,31454.313266407906
269301,43878.016,40137.13364702901
269302,43878.016,17113.162199495655
269303,43878.016,11514.742245548103
269304,43878.016,17228.017216137203
269305,43878.016,52789.68954417956
269306,43878.016,17361.92153098603
269307,43878.016,37502.476502777856
269308,43878.016,26875.769337231934
269309,43878.016,47728.91974999825
269310,43878.016,43461.06373752894
269311,43878.016,45273.560827650435
269312,43878.016,26834.755485154234
269313,43878.016,26861.7160648215
269314,43878.016,50404.10645439839
269315,43878.016,47930.48473541384
269316,43878.016,88040.61557934864
269317,43878.016,47867.68033247851
269318,43878.016,34362.09005381701
269319,43878.016,34169.27015964274
269320,43878.016,9289.353567270284
269321,43878.016,45761.877132659494
269322,43878.016,35946.39786361703
269323,43878.016,14433.577863256953
269324,43878.016,12381.9336018437
269325,43878.016,19560.037226793167
269326,43878.016,16428.910178413265
269327,43878.016,61194.48828760652
269328,43878.016,23985.3146463696
269329,43878.016,49508.856238142034
269330,43878.016,47854.01123014485
269331,43878.016,11476.411993967495
269332,43878.016,53627.36935346796
269333,43878.016,39041.32874782238
269334,43878.016,104007.66709384146
269335,43878.016,7605.218429908301
269336,43878.016,46968.340510868264
269337,43878.016,33374.78675046672
269338,43878.016,35502.61377831261
269339,43878.016,60939.700590272645
269340,43878.016,9513.371796063953
269341,43878.016,68927.7082740459
269342,43878.016,62472.38768028796
269343,43878.016,46240.34708065213
269344,43878.016,52197.37232537709
269345,43878.016,27051.918972118394
269346,43878.016,11850.571158814764
269347,43878.016,9782.288200064131
269348,43878.016,17830.32675881767
269349,43878.016,37011.00509485428
269350,43878.016,48455.08168557505
269351,43878.016,24045.144408221782
269352,43878.016,34031.35489610166
269353,43878.016,38418.88841044974
269354,43878.016,5407.074339143652
269355,43878.016,11614.190480754249
269356,43878.016,8573.101765918174
269357,43878.016,55457.15374168097
269358,43878.016,19895.300680580858
269359,43878.016,27467.073326954123
269360,43878.016,16703.363494656507
269361,43878.016,17305.745756283784
269362,43878.016,9180.370736625324
269363,43878.016,39706.47221036182
269364,43878.016,76270.20643497974
269365,43878.016,40881.307084460175
269366,43878.016,30405.677184619828
269367,43878.016,27310.28916209379
269368,43878.016,54592.3490949863
269369,43878.016,50552.09597479511
269370,43878.016,41659.04066922072
269371,43878.016,58909.94691811328
269372,43878.016,59417.09746364588
269373,43878.016,20059.592634850196
269374,43878.016,18334.527504504527
269375,43878.016,38025.17388358948
269376,43878.016,50203.71847692447
269377,43878.016,20483.90787488483
269378,43878.016,79454.63441244636
269379,43878.016,22277.96860720689
269380,43878.016,24266.624096203337
269381,43878.016,52834.82674419887
269382,43878.016,10101.445301443837
269383,43878.016,5227.226053314796
269384,43878.016,66995.27948179987
269385,43878.016,58751.01419698655
269386,43878.016,26743.204859214984
269387,43878.016,50767.37889187696
269388,43878.016,12308.172186026392
269389,43878.016,62869.40282446213
269390,43878.016,106412.20044955779
269391,43878.016,84799.85476643634
269392,43878.016,61766.54260317928
269393,43878.016,60643.99045542522
269394,43878.016,41759.19486386391
269395,43878.016,42045.79981796213
269396,43878.016,16120.386302872792
269397,43878.016,43265.30764016206
269398,43878.016,25100.40548659938
269399,43878.016,20833.847655329515
269400,43878.016,9057.425406453167
269401,43878.016,43968.76200400265
269402,43878.016,73424.11762994845
269403,43878.016,6891.9725041140955
269404,43878.016,52328.18258280034
269405,43878.016,8063.263013279568
269406,43878.016,63009.265966465166
269407,43878.016,43729.662479710016
269408,43878.016,47689.40029481041
269409,43878.016,56783.55763644191
269410,43878.016,11180.865466765565
269411,43878.016,27605.72282599113
269412,43878.016,13743.47864428136
269413,43878.016,30112.18313539957
269414,43878.016,43200.96580216393
269415,43878.016,45964.88131734991
269416,43878.016,18344.21760042742
269417,43878.016,38878.56471706398
269418,43878.016,59206.57730674864
269419,43878.016,46923.03501638721
269420,43878.016,39607.45871667854
269421,43878.016,29015.63667172529
269422,43878.016,14257.903560790404
269423,43878.016,44519.16416240827
269424,43878.016,43545.33616347206
269425,43878.016,46362.918609566426
269426,43878.016,59555.543937502945
269427,43878.016,26718.941534566344
269428,43878.016,23843.00566919662
269429,43878.016,27130.440912153954
269430,43878.016,35297.888490493184
269431,43878.016,16920.105783848096
269432,43878.016,63346.81698334828
269433,43878.016,45736.67035117487
269434,43878.016,21291.21487060715
269435,43878.016,11636.900967727901
269436,43878.016,32129.774498886683
269437,43878.016,76290.71097896087
269438,43878.016,7486.022136807537
269439,43878.016,47457.71814123936
269440,43878.016,23593.247335475568
269441,43878.016,48243.3706454922
269442,43878.016,35431.771852614474
269443,43878.016,43626.094203276465
269444,43878.016,43164.601567060156
269445,43878.016,56511.07822628983
269446,43878.016,17734.84554181325
269447,43878.016,26121.070182173058
269448,43878.016,16349.10127422117
269449,43878.016,65613.9319449355
269450,43878.016,17186.718541708855
269451,43878.016,39109.572354054544
269452,43878.016,29812.8526378116
269453,43878.016,56818.98490055866
269454,43878.016,38273.40324211093
269455,43878.016,57269.39312206781
269456,43878.016,31479.14556576957
269457,43878.016,23161.974294134772
269458,43878.016,31216.90868400454
269459,43878.016,11713.913128205668
269460,43878.016,51559.64458078828
269461,43878.016,20900.878741975124
269462,43878.016,29701.08444683678
269463,43878.016,34843.20340291875
269464,43878.016,34870.47911420965
269465,43878.016,51952.346759328255
269466,43878.016,59028.72440687861
269467,43878.016,42448.61573234295
269468,43878.016,66625.64159658122
269469,43878.016,41778.63118465142
269470,43878.016,55804.585437586116
269471,43878.016,21204.369929790395
269472,43878.016,15305.251287576404
269473,43878.016,25740.137830052747
269474,43878.016,46512.7154637256
269475,43878.016,19717.246376751733
269476,43878.016,26514.42782170436
269477,43878.016,15383.507811285594
269478,43878.016,51621.33855949558
269479,43878.016,34562.8546717476
269480,43878.016,53693.93338002594
269481,43878.016,34505.23101770514
269482,43878.016,31810.924422496973
269483,43878.016,63324.41443117744
269484,43878.016,11398.002564375034
269485,43878.016,12926.215901483807
269486,43878.016,37566.47629431665
269487,43878.016,50977.18183220282
269488,43878.016,21487.915051191747
269489,43878.016,68773.2106759633
269490,43878.016,52243.15960077273
269491,43878.016,45168.16084450604
269492,43878.016,35558.394219344664
269493,43878.016,31228.746407432493
269494,43878.016,16150.264920723199
269495,43878.016,18382.62218526724
269496,43878.016,46364.47112036611
269497,43878.016,60842.640727812744
269498,43878.016,43882.70971936018
269499,43878.016,41447.853125934904
269500,43878.016,30835.772883935824
269501,43878.016,30855.301661412926
269502,43878.016,7004.079446044894
269503,43878.016,80890.58437432743
269504,43878.016,28189.744689547188
269505,43878.016,34864.555082588
269506,43878.016,38927.15372962599
269507,43878.016,45423.55524666425
269508,43878.016,27287.089494413278
269509,43878.016,74035.86768697939
269510,43878.016,10259.891597603868
269511,43878.016,12556.643171866184
269512,43878.016,29242.223970427556
269513,43878.016,24095.5554779117
269514,43878.016,14218.674037037072
269515,43878.016,25160.528242682773
269516,43878.016,35734.71788517589
269517,43878.016,32580.004384777403
269518,43878.016,31046.440798192216
269519,43878.016,17807.887340738936
269520,43878.016,29912.507529338618
269521,43878.016,24752.195749554125
269522,43878.016,26122.34864498379
269523,43878.016,33422.65379699656
269524,43878.016,53108.06745106843
269525,43878.016,9084.781347630767
269526,43878.016,33974.8081607172
269527,43878.016,24945.015761939732
269528,43878.016,9732.856493987863
269529,43878.016,51846.50823787813
269530,43878.016,31847.38476055439
269531,43878.016,17395.31352736839
269532,43878.016,26115.12214528561
269533,43878.016,55226.201446828956
269534,43878.016,8292.495810632996
269535,43878.016,72498.3004933742
269536,43878.016,24693.547008612346
269537,43878.016,17468.346598193482
269538,43878.016,44124.71026706251
269539,43878.016,39030.74347971828
269540,43878.016,70971.65681064593
269541,43878.016,74203.30514295002
269542,43878.016,22042.697004595066
269543,43878.016,6781.277458997411
269544,43878.016,23681.182934695542
269545,43878.016,16838.14347438254
269546,43878.016,12968.752465301868
269547,43878.016,67313.61994824414
269548,43878.016,61578.26939356839
269549,43878.016,42339.12846903648
269550,43878.016,67764.06031348056
269551,43878.016,20115.55398964646
269552,43878.016,7883.771866262017
269553,43878.016,52876.41998933991
269554,43878.016,19578.180450844357
269555,43878.016,34525.762033517356
269556,43878.016,7933.799312193451
269557,43878.016,54109.40908864118
269558,43878.016,53940.85144958993
269559,43878.016,40566.83173046999
269560,43878.016,5622.498535483518
269561,43878.016,59759.287642532065
269562,43878.016,13510.846103348078
269563,43878.016,8823.00562981989
269564,43878.016,10378.44101613913
269565,43878.016,35445.684052965764
269566,43878.016,28462.09928975574
269567,43878.016,23982.503532005983
269568,43878.016,19805.445296679776
269569,43878.016,54426.89971123654
269570,43878.016,17163.902557669142
269571,43878.016,56222.26581145834
269572,43878.016,43377.85124884258
269573,43878.016,13369.419656064469
269574,43878.016,59655.512997724574
269575,43878.016,28715.137334211227
269576,43878.016,9377.511336754953
269577,43878.016,16977.931372657917
269578,43878.016,28525.659878150902
269579,43878.016,50285.23593494725
269580,43878.016,28821.056783982673
269581,43878.016,31008.718097462723
269582,43878.016,61779.27646710665
269583,43878.016,9137.131933878934
269584,43878.016,32802.31469072561
269585,43878.016,14907.146970745684
269586,43878.016,25409.592194985184
269587,43878.016,18808.547476459626
269588,43878.016,26672.19562896272
269589,43878.016,22465.26727388612
269590,43878.016,75717.64301952338
269591,43878.016,18352.636850161485
269592,43878.016,11688.4422717928
269593,43878.016,22589.122283488923
269594,43878.016,35716.451838130015
269595,43878.016,10345.916204260146
269596,43878.016,49324.139845841884
269597,43878.016,30755.982264825012
269598,43878.016,41879.467069989354
269599,43878.016,39053.61235232585
269600,43878.016,14096.900290993817
269601,43878.016,46830.54062931159
269602,43878.016,53951.77599735305
269603,43878.016,13919.666968750877
269604,43878.016,43220.69677437432
269605,43878.016,53583.80547253834
269606,43878.016,28546.54767785579
269607,43878.016,56048.01180195197
269608,43878.016,36014.61619261368
269609,43878.016,67544.92727660669
269610,43878.016,50015.65945770871
269611,43878.016,57399.5858576525
269612,43878.016,18749.47931157047
269613,43878.016,46430.558091617335
269614,43878.016,51187.40206086305
269615,43878.016,20236.286038708276
269616,43878.016,18702.818383412294
269617,43878.016,62111.37203356885
269618,43878.016,11492.84294506618
269619,43878.016,50717.41971729482
269620,43878.016,35770.287878793286
269621,43878.016,9019.240586633832
269622,43878.016,28222.42514783288
269623,43878.016,44690.49802495395
269624,43878.016,43602.757024883555
269625,43878.016,57957.343393017334
269626,43878.016,13215.5006939731
269627,43878.016,54872.60505847036
269628,43878.016,11155.764238845588
269629,43878.016,4472.610364037025
269630,43878.016,69434.59023131157
269631,43878.016,73435.79832456005
269632,43878.016,9256.174224237608
269633,43878.016,33857.08492271766
269634,43878.016,17582.47390634464
269635,43878.016,49073.41052373745
269636,43878.016,28494.368163127234
269637,43878.016,48368.509894116505
269638,43878.016,17697.261900056015
269639,43878.016,9748.608997472815
269640,43878.016,39591.53070107367
269641,43878.016,41794.77049338975
269642,43878.016,19773.904895052405
269643,43878.016,46115.42022805432
269644,43878.016,29677.921922783094
269645,43878.016,9274.378329736197
269646,43878.016,54145.19351992702
269647,43878.016,98055.09887899162
269648,43878.016,10835.648057246102
269649,43878.016,11654.665938188913
269650,43878.016,11889.569707678587
269651,43878.016,37508.595191243156
269652,43878.016,45876.565760896
269653,43878.016,6701.654088908395
269654,43878.016,47939.79042200874
269655,43878.016,15118.253389978503
269656,43878.016,48302.91984984543
269657,43878.016,33353.964489830585
269658,43878.016,9079.268516286422
269659,43878.016,19900.896829302455
269660,43878.016,35994.9513345783
269661,43878.016,33861.07695290956
269662,43878.016,51444.92357733649
269663,43878.016,30867.32944672245
269664,43878.016,55852.4428555337
269665,43878.016,43067.22636378206
269666,43878.016,44578.25157459989
269667,43878.016,9223.00060356511
269668,43878.016,19163.476200800007
269669,43878.016,71156.50909615017
269670,43878.016,21487.623610624363
269671,43878.016,37185.76849682714
269672,43878.016,31618.628792420568
269673,43878.016,7582.406497697422
269674,43878.016,43020.96577883782
269675,43878.016,33544.32548891975
269676,43878.016,41198.78981843253
269677,43878.016,18429.098514694215
269678,43878.016,52313.2878620268
269679,43878.016,23008.433834059186
269680,43878.016,62256.804173448356
269681,43878.016,13828.345400632197
269682,43878.016,43349.91945597242
269683,43878.016,33704.55129067735
269684,43878.016,32943.03669344826
269685,43878.016,60696.114669822535
269686,43878.016,20214.151332135592
269687,43878.016,62296.60170770525
269688,43878.016,18571.36938308078
269689,43878.016,52796.43348458734
269690,43878.016,4973.949049010415
269691,43878.016,26267.0912307715
269692,43878.016,45834.88229394889
269693,43878.016,16336.134759336366
269694,43878.016,12119.759471294014
269695,43878.016,57944.66614064446
269696,43878.016,34708.955039327804
269697,43878.016,21965.223112744516
269698,43878.016,6752.585261878345
269699,43878.016,49011.338387516094
269700,43878.016,11091.462634234502
269701,43878.016,43877.17003021951
269702,43878.016,13142.95748257192
269703,43878.016,25837.865942490756
269704,43878.016,18459.104604026583
269705,43878.016,22846.22013372436
269706,43878.016,34737.193414881374
269707,43878.016,67154.55023062338
269708,43878.016,63738.20618159266
269709,43878.016,33905.720782833676
269710,43878.016,9544.845130065783
269711,43878.016,25391.208290841314
269712,43878.016,19421.661409520897
269713,43878.016,14025.72523908971
269714,43878.016,30953.71023721554
269715,43878.016,59777.47515208971
269716,43878.016,55585.03493596462
269717,43878.016,34706.51002017109
269718,43878.016,12061.953126211563
269719,43878.016,8019.704087211887
269720,43878.016,64732.69082513396
269721,43878.016,64942.190552673834
269722,43878.016,13968.186508139821
269723,43878.016,16053.365945248253
269724,43878.016,22323.762041274415
269725,43878.016,14321.647142826409
269726,43878.016,67546.8162066536
269727,43878.016,41352.918388391045
269728,43878.016,17451.80506819142
269729,43878.016,11589.342175196474
269730,43878.016,33303.113153576174
269731,43878.016,10225.176409375079
269732,43878.016,26734.483210108552
269733,43878.016,43177.79688813231
269734,43878.016,18103.442922571798
269735,43878.016,18362.878912836248
269736,43878.016,10041.140157741465
269737,43878.016,42083.49021516923
269738,43878.016,63390.60844980126
269739,43878.016,18234.139374901384
269740,43878.016,18898.707406934318
269741,43878.016,15643.638834506688
269742,43878.016,10408.928998573536
269743,43878.016,38668.37203021954
269744,43878.016,42536.61799651159
269745,43878.016,59431.532275431666
269746,43878.016,41806.008123554224
269747,43878.016,10004.297479404087
269748,43878.016,23030.885981370644
269749,43878.016,91333.1684589973
269750,43878.016,19606.89360796025
269751,43878.016,41883.30304355644
269752,43878.016,40332.3493969451
269753,43878.016,58164.19774600662
269754,43878.016,40832.30289313607
269755,43878.016,42693.361292247006
269756,43878.016,42798.539808864916
269757,43878.016,10135.633412707308
269758,43878.016,14504.105458784037
269759,43878.016,24071.285548243504
269760,43878.016,65008.173519121294
269761,43878.016,30288.571988187326
269762,43878.016,15433.903700654222
269763,43878.016,51727.49789159784
269764,43878.016,65151.063549547755
269765,43878.016,17501.097578326255
269766,43878.016,11842.510080595395
269767,43878.016,67031.46772362114
269768,43878.016,62212.174560700594
269769,43878.016,45582.20416532044
269770,43878.016,31947.453373559725
269771,43878.016,37859.11466327232
269772,43878.016,28225.957818740826
269773,43878.016,24015.40275461319
269774,43878.016,22560.81676622526
269775,43878.016,8569.379828600757
269776,43878.016,27706.06898833164
269777,43878.016,33963.90400855784
269778,43878.016,40309.666400928676
269779,43878.016,31921.8965366511
269780,43878.016,45863.50587317988
269781,43878.016,50241.47453769602
269782,43878.016,17961.739705127842
269783,43878.016,30118.190355974948
269784,43878.016,31260.746363180577
269785,43878.016,29543.185633970843
269786,43878.016,36849.74597894838
269787,43878.016,18753.36299586115
269788,43878.016,25601.625720422737
269789,43878.016,8054.446442647814
269790,43878.016,24696.20105356691
269791,43878.016,23162.48520432031
269792,43878.016,49508.69533942505
269793,43878.016,17524.802826408948
269794,43878.016,8469.373145829199
269795,43878.016,22496.859996294254
269796,43878.016,25803.897275406063
269797,43878.016,47192.46598347377
269798,43878.016,47582.751490564435
269799,43878.016,10191.184583416569
269800,43878.016,25540.629578909775
269801,43878.016,17023.586397741936
269802,43878.016,7082.08414416736
269803,43878.016,75160.15844968286
269804,43878.016,11621.93101311835
269805,43878.016,15761.897467752851
269806,43878.016,74158.66070874273
269807,43878.016,12953.953030730756
269808,43878.016,50474.175459506274
269809,43878.016,90713.99186904563
269810,43878.016,50621.680434221336
269811,43878.016,32313.384720949314
269812,43878.016,44812.633257174726
269813,43878.016,51478.41978563414
269814,43878.016,36484.465661687704
269815,43878.016,54130.285948013225
269816,43878.016,66400.76451479063
269817,43878.016,41960.02926425585
269818,43878.016,64347.96712099992
269819,43878.016,26020.417809622406
269820,43878.016,37463.58527551886
269821,43878.016,23762.739381833817
269822,43878.016,12427.27010529975
269823,43878.016,12850.614778550525
269824,43878.016,46117.70379248147
269825,43878.016,43471.92454251526
269826,43878.016,50464.90711350532
269827,43878.016,41542.212724099285
269828,43878.016,20202.494454317526
269829,43878.016,6694.790349170732
269830,43878.016,23100.437912647758
269831,43878.016,52169.87165971448
269832,43878.016,62577.39128598224
269833,43878.016,40273.59164625745
269834,43878.016,11593.325791150965
269835,43878.016,39270.112262931994
269836,43878.016,34084.859772861455
269837,43878.016,49416.575626649676
269838,43878.016,35764.550659822795
269839,43878.016,13189.709407240944
269840,43878.016,13003.657341187947
269841,43878.016,66535.69136811163
269842,43878.016,19664.8526000656
269843,43878.016,55965.91437904953
269844,43878.016,59500.599414872246
269845,43878.016,35388.915022744906
269846,43878.016,15735.470584584147
269847,43878.016,46699.74741154851
269848,43878.016,29019.96913712298
269849,43878.016,14672.01335429542
269850,43878.016,20210.139106013663
269851,43878.016,75185.2275677019
269852,43878.016,23594.221672616197
269853,43878.016,37625.92696777309
269854,43878.016,30202.784169468
269855,43878.016,48008.39715659861
269856,43878.016,42004.9745045784
269857,43878.016,30410.874589075847
269858,43878.016,14440.330069018233
269859,43878.016,28520.435803841458
269860,43878.016,8142.636512711803
269861,43878.016,37169.064861942505
269862,43878.016,41975.41723947957
269863,43878.016,75961.18309807997
269864,43878.016,13380.413069615579
269865,43878.016,34042.76265584339
269866,43878.016,68876.83011071043
269867,43878.016,24018.5390080128
269868,43878.016,26678.02923427582
269869,43878.016,26462.57291494858
269870,43878.016,63713.66833512236
269871,43878.016,39791.651477946485
269872,43878.016,27572.52745133919
269873,43878.016,57833.71317785382
269874,43878.016,22292.015356283617
269875,43878.016,70724.57155693279
269876,43878.016,29736.484075832916
269877,43878.016,23614.21852386129
269878,43878.016,51633.26659687044
269879,43878.016,38704.58022724195
269880,43878.016,57051.37817830236
269881,43878.016,32688.61097992057
269882,43878.016,12059.173321892647
269883,43878.016,57780.446512266884
269884,43878.016,7393.6387754995585
269885,43878.016,15502.310121650085
269886,43878.016,51072.04235635551
269887,43878.016,36891.58715310418
269888,43878.016,54612.00094068471
269889,43878.016,21035.20976445204
269890,43878.016,57485.30924315842
269891,43878.016,51721.76233316903
269892,43878.016,66260.7770579943
269893,43878.016,7589.643957234049
269894,43878.016,63408.094217521066
269895,43878.016,19461.118114359993
269896,43878.016,10068.492550586081
269897,43878.016,37654.77394775959
269898,43878.016,75084.7554530029
269899,43878.016,57581.24031971864
269900,43878.016,8989.288638785496
269901,43878.016,38439.68052011935
269902,43878.016,30452.256379323993
269903,43878.016,36790.59543979378
269904,43878.016,77968.53608684296
269905,43878.016,20500.790015771272
269906,43878.016,16687.91023517149
269907,43878.016,43150.34447346743
269908,43878.016,48264.23615151975
269909,43878.016,19297.956004289303
269910,43878.016,19951.744976561527
269911,43878.016,59855.66982382429
269912,43878.016,19445.550561015603
269913,43878.016,42018.86074038948
269914,43878.016,58768.095302303904
269915,43878.016,59676.78013202276
269916,43878.016,65753.66947145281
269917,43878.016,32654.37509290862
269918,43878.016,30307.396661229308
269919,43878.016,23915.428418821557
269920,43878.016,21199.07024154466
269921,43878.016,50161.3405765838
269922,43878.016,49608.07082977184
269923,43878.016,20367.430720975273
269924,43878.016,6316.385529847692
269925,43878.016,31482.059102631345
269926,43878.016,25777.325410142686
269927,43878.016,61503.55258791686
269928,43878.016,45601.43927488037
269929,43878.016,30470.792639911244
269930,43878.016,17082.697578553547
269931,43878.016,13926.08328748318
269932,43878.016,20265.31175618915
269933,43878.016,12355.370379471797
269934,43878.016,54498.05866718046
269935,43878.016,31117.994238799998
269936,43878.016,6971.188934460001
269937,43878.016,49314.63552575576
269938,43878.016,22190.347110386894
269939,43878.016,63730.87862991917
269940,43878.016,37717.383482374295
269941,43878.016,62453.84131045085
269942,43878.016,25188.175105339727
269943,43878.016,41519.17947114764
269944,43878.016,43212.86683129284
269945,43878.016,47684.68930507768
269946,43878.016,15807.59005620139
269947,43878.016,59978.85056803043
269948,43878.016,38196.634080032556
269949,43878.016,48620.705889132434
269950,43878.016,40439.23129103205
269951,43878.016,21164.160161582247
269952,43878.016,21756.292098516493
269953,43878.016,39879.44629319058
269954,43878.016,8001.115820131356
269955,43878.016,19453.65054406814
269956,43878.016,23294.732026230402
269957,43878.016,35587.75345735987
269958,43878.016,59299.18228844316
269959,43878.016,54089.788691123504
269960,43878.016,15882.175568453042
269961,43878.016,24905.97507202508
269962,43878.016,12943.704915214452
269963,43878.016,44386.050978897256
269964,43878.016,61435.336085957424
269965,43878.016,38702.748762174815
269966,43878.016,13999.636777638761
269967,43878.016,35364.9292745434
269968,43878.016,16538.719140256817
269969,43878.016,30506.0161591169
269970,43878.016,11324.175296144547
269971,43878.016,46750.13150787658
269972,43878.016,21814.929774883436
269973,43878.016,87631.28790961347
269974,43878.016,11069.541933690944
269975,43878.016,36224.18141172961
269976,43878.016,18765.30756664682
269977,43878.016,7669.525941302654
269978,43878.016,6090.8727736552555
269979,43878.016,44713.4518923616
269980,43878.016,29079.269667182132
269981,43878.016,29491.579269367856
269982,43878.016,18044.518168643357
269983,43878.016,16367.740436572974
269984,43878.016,57888.11417821212
269985,43878.016,53454.76416666909
269986,43878.016,44831.10048399566
269987,43878.016,48928.80995942194
269988,43878.016,50501.53481795461
269989,43878.016,31224.873903913416
269990,43878.016,16928.396490442374
269991,43878.016,11533.124603732815
269992,43878.016,42451.260658536616
269993,43878.016,26579.659075288993
269994,43878.016,56699.26229100698
269995,43878.016,49935.90485759684
269996,43878.016,55647.08412130446
269997,43878.016,10631.007479587843
269998,43878.016,41139.7424569191
269999,43878.016,30820.26752601937
270000,43878.016,61825.41571809223
270001,43878.016,54107.21052417617
270002,43878.016,47002.671358712585
270003,43878.016,25230.753936277164
270004,43878.016,45846.595621810535
270005,43878.016,8666.760155064047
270006,43878.016,28469.233352977124
270007,43878.016,36155.97090237293
270008,43878.016,42323.11147872323
270009,43878.016,49932.08475855833
270010,43878.016,58823.52789059
270011,43878.016,33015.02031370705
270012,43878.016,39407.53569439698
270013,43878.016,66893.40919458464
270014,43878.016,45704.05979819838
270015,43878.016,36004.74267425493
270016,43878.016,47758.97821451518
270017,43878.016,7688.077213752527
270018,43878.016,39854.26283506885
270019,43878.016,37501.14797184207
270020,43878.016,42111.61135675237
270021,43878.016,58516.62136488818
270022,43878.016,66114.6185768873
270023,43878.016,27913.03854992227
270024,43878.016,39190.074061875275
270025,43878.016,12408.801365414545
270026,43878.016,6614.478733509447
270027,43878.016,25767.80370994219
270028,43878.016,39501.93852666833
270029,43878.016,31008.827635826146
270030,43878.016,14398.615704619366
270031,43878.016,22312.367327361528
270032,43878.016,12216.68593290085
270033,43878.016,32906.360122162914
270034,43878.016,16167.198927757716
270035,43878.016,4807.650307586449
270036,43878.016,50529.66945005599
270037,43878.016,11486.717568518417
270038,43878.016,51773.35096177949
270039,43878.016,16750.127535961383
270040,43878.016,11600.474769420425
270041,43878.016,64928.348077199356
270042,43878.016,15728.979273372466
270043,43878.016,28596.53391902705
270044,43878.016,44703.51357562248
270045,43878.016,29193.962194919528
270046,43878.016,37979.92532572957
270047,43878.016,22274.92156111858
270048,43878.016,26486.76141124268
270049,43878.016,18369.455679306386
270050,43878.016,33955.587600064355
270051,43878.016,37506.718702156475
270052,43878.016,13870.682750984226
270053,43878.016,43254.13974273862
270054,43878.016,11770.320955296764
270055,43878.016,48300.37921822824
270056,43878.016,60817.7881013595
270057,43878.016,60547.42642647763
270058,43878.016,69945.02920844576
270059,43878.016,50253.154492345486
270060,43878.016,43476.39529636484
270061,43878.016,47335.025426925706
270062,43878.016,39577.717005150305
270063,43878.016,8922.369747315244
270064,43878.016,23887.2711688895
270065,43878.016,19879.31638784183
270066,43878.016,38169.70099753903
270067,43878.016,57785.107946526085
270068,43878.016,37792.99068609138
270069,43878.016,52078.36785812483
270070,43878.016,16542.26492370344
270071,43878.016,12497.553368784636
270072,43878.016,25090.941936277875
270073,43878.016,29657.077683794854
270074,43878.016,11611.256241852172
270075,43878.016,41107.071101309775
270076,43878.016,19327.349553990454
270077,43878.016,33525.15019014888
270078,43878.016,22039.76830598855
270079,43878.016,17031.562984588734
270080,43878.016,20624.991699672373
270081,43878.016,23970.657121787466
270082,43878.016,17843.229475020027
270083,43878.016,53771.40680419193
270084,43878.016,29725.735251078167
270085,43878.016,66034.686908228
270086,43878.016,52764.58781863963
270087,43878.016,44913.08030443936
270088,43878.016,13184.676869780205
270089,43878.016,16867.62508166332
270090,43878.016,54504.2876475708
270091,43878.016,17472.528892651877
270092,43878.016,64741.76406913055
270093,43878.016,24831.610901651093
270094,43878.016,31253.40326279053
270095,43878.016,14016.539930852077
270096,43878.016,40388.698685761236
270097,43878.016,18829.191970022966
270098,43878.016,17749.4804620113
270099,43878.016,13973.6423555538
270100,43878.016,10429.963150409174
270101,43878.016,32713.431868871226
270102,43878.016,20576.580109703806
270103,43878.016,51003.45351934701
270104,43878.016,12847.336159339273
270105,43878.016,18502.918844106753
270106,43878.016,22209.018794988668
270107,43878.016,25120.556220756414
270108,43878.016,36199.75941387434
270109,43878.016,13445.588892040947
270110,43878.016,82740.58565404835
270111,43878.016,8645.193530867606
270112,43878.016,16331.217199102453
270113,43878.016,16021.448420296254
270114,43878.016,17429.533616354693
270115,43878.016,19882.083136713674
270116,43878.016,37585.29040380134
270117,43878.016,47015.18419089107
270118,43878.016,27475.526854739197
270119,43878.016,22863.787711897563
270120,43878.016,43415.02578754421
270121,43878.016,22665.82154213872
270122,43878.016,58499.99796665482
270123,43878.016,28598.90202557688
270124,43878.016,37063.61607037725
270125,43878.016,19771.456131097628
270126,43878.016,19413.907222951042
270127,43878.016,61073.94231885917
270128,43878.016,10827.303937917497
270129,43878.016,30424.97577165793
270130,43878.016,76477.60451053592
270131,43878.016,23638.206824855188
270132,43878.016,46811.01094006565
270133,43878.016,46962.73669671234
270134,43878.016,34470.698766467336
270135,43878.016,41934.16539217573
270136,43878.016,49218.57456690792
270137,43878.016,47997.55298399469
270138,43878.016,28716.217962061182
270139,43878.016,19632.01323659804
270140,43878.016,15371.384448416376
270141,43878.016,51774.94510050849
270142,43878.016,25307.844777799917
270143,43878.016,17698.3328401476
270144,43878.016,84581.66448548273
270145,43878.016,60267.989666248715
270146,43878.016,30546.141789716377
270147,43878.016,50228.887993488046
270148,43878.016,17412.538550336267
270149,43878.016,40749.967081550676
270150,43878.016,17395.805746086327
270151,43878.016,24876.65446617093
270152,43878.016,43843.30917149302
270153,43878.016,49648.21146403283
270154,43878.016,17243.596810862913
270155,43878.016,62084.59173413469
270156,43878.016,40897.59508440908
270157,43878.016,24262.79788854286
270158,43878.016,44322.99476064886
270159,43878.016,34277.27383875799
270160,43878.016,34642.284318716636
270161,43878.016,6855.800122164419
270162,43878.016,19460.63399712405
270163,43878.016,43590.19353598923
270164,43878.016,20355.40688348613
270165,43878.016,10103.45795086283
270166,43878.016,9056.794181071851
270167,43878.016,44353.350789082266
270168,43878.016,21935.835017760925
270169,43878.016,26673.317403524747
270170,43878.016,14781.534961478514
270171,43878.016,9599.783411700057
270172,43878.016,8003.23545384972
270173,43878.016,38025.04052217666
270174,43878.016,18256.782049773617
270175,43878.016,57635.70195443929
270176,43878.016,48937.232585913625
270177,43878.016,19135.5617982317
270178,43878.016,32433.095526547168
270179,43878.016,40398.16146716846
270180,43878.016,29369.039545044914
270181,43878.016,5657.200467174574
270182,43878.016,53834.762694719575
270183,43878.016,13305.741914212165
270184,43878.016,46361.766036201276
270185,43878.016,10705.306895472018
270186,43878.016,65265.06602973797
270187,43878.016,7901.129436528544
270188,43878.016,77324.67635272852
270189,43878.016,51176.81179559493
270190,43878.016,44559.97721402286
270191,43878.016,23135.348449866666
270192,43878.016,37870.84252463897
270193,43878.016,41657.45677525769
270194,43878.016,4699.349127996575
270195,43878.016,16450.7706968487
270196,43878.016,32940.3799288893
270197,43878.016,36379.36773649656
270198,43878.016,47152.060130920014
270199,43878.016,14837.136961056414
270200,43878.016,48860.475577073594
270201,43878.016,11083.743553737362
270202,43878.016,38068.82425116035
270203,43878.016,15969.153630339253
270204,43878.016,21938.020007223906
270205,43878.016,36390.698132201374
270206,43878.016,9608.291574299908
270207,43878.016,26127.15801215646
270208,43878.016,63545.94692833172
270209,43878.016,31287.786026106773
270210,43878.016,12577.405546237771
270211,43878.016,35812.826338065955
270212,43878.016,34575.3827717551
270213,43878.016,66885.10361983687
270214,43878.016,29369.579595379182
270215,43878.016,22775.160706470102
270216,43878.016,19479.309418151
270217,43878.016,48370.24143583573
270218,43878.016,41788.45193302533
270219,43878.016,11056.647270694222
270220,43878.016,33234.44749723978
270221,43878.016,19220.34178341669
270222,43878.016,55752.6155459788
270223,43878.016,35780.90028640263
270224,43878.016,55618.87933589732
270225,43878.016,48030.03335101794
270226,43878.016,52268.64187604494
270227,43878.016,30678.6977451744
270228,43878.016,25308.585051682792
270229,43878.016,48735.100911510206
270230,43878.016,15557.81409061734
270231,43878.016,39890.33336623811
270232,43878.016,77211.92793179685
270233,43878.016,43011.049214871506
270234,43878.016,61971.71775745975
270235,43878.016,22766.269281725443
270236,43878.016,70497.5346840732
270237,43878.016,30708.450009497406
270238,43878.016,18375.623244390456
270239,43878.016,37285.244426342564
270240,43878.016,12860.130235722696
270241,43878.016,70724.44864869365
270242,43878.016,52944.66982197718
270243,43878.016,26080.947356627734
270244,43878.016,18834.918285359498
270245,43878.016,97963.79310379154
270246,43878.016,16195.587643155059
270247,43878.016,20760.698802064027
270248,43878.016,17718.697078906738
270249,43878.016,43874.475371981425
270250,43878.016,52154.29346989883
270251,43878.016,39324.81869471417
270252,43878.016,27697.56874267184
270253,43878.016,15211.000309488352
270254,43878.016,33905.80828318425
270255,43878.016,13829.272971489076
270256,43878.016,54948.29215456326
270257,43878.016,45671.78217519309
270258,43878.016,14771.977953665837
270259,43878.016,16031.03954519575
270260,43878.016,17826.431041229363
270261,43878.016,52588.11344103231
270262,43878.016,19630.529645094484
270263,43878.016,13931.414307528672
270264,43878.016,69503.34774792951
270265,43878.016,31890.598618206597
270266,43878.016,69211.02066173425
270267,43878.016,9350.001839728679
270268,43878.016,32453.03103767199
270269,43878.016,58178.90723112313
270270,43878.016,20447.514309494985
270271,43878.016,19673.87083178912
270272,43878.016,43189.953548811434
270273,43878.016,24101.680167573126
270274,43878.016,42175.408251288536
270275,43878.016,5467.023889963058
270276,43878.016,6934.777343844011
270277,43878.016,42295.440547863676
270278,43878.016,31779.93167435564
270279,43878.016,19177.865108536884
270280,43878.016,13615.803647626899
270281,43878.016,38588.10747246373
270282,43878.016,2929.5493714197305
270283,43878.016,27824.039940193714
270284,43878.016,11851.69829642478
270285,43878.016,35195.399881612895
270286,43878.016,17222.15538278249
270287,43878.016,43578.959353540864
270288,43878.016,47255.77013584109
270289,43878.016,29037.22115407939
270290,43878.016,33567.839679648525
270291,43878.016,44042.259204617345
270292,43878.016,25554.682985012674
270293,43878.016,46211.96420651918
270294,43878.016,25180.623843198468
270295,43878.016,44779.311356675025
270296,43878.016,23001.469870632274
270297,43878.016,59461.75126870584
270298,43878.016,17843.395800531416
270299,43878.016,52578.133505007274
270300,43878.016,24261.969481666783
270301,43878.016,46354.2692124376
270302,43878.016,46388.48775787221
270303,43878.016,27535.90019785488
270304,43878.016,60074.011220019194
270305,43878.016,21223.563837528745
270306,43878.016,22780.86649330352
270307,43878.016,37886.631882291906
270308,43878.016,58869.91813869651
270309,43878.016,21828.396027168743
270310,43878.016,12227.265306559922
270311,43878.016,13655.62144933356
270312,43878.016,42199.88018726405
270313,43878.016,36609.18784576926
270314,43878.016,30350.564224505535
270315,43878.016,67876.45550564239
270316,43878.016,12789.009203543957
270317,43878.016,54864.00733621869
270318,43878.016,33219.138040211685
270319,43878.016,45350.6874667158
270320,43878.016,42034.62541351994
270321,43878.016,18543.876855460145
270322,43878.016,27467.381821157433
270323,43878.016,46947.82379295696
270324,43878.016,5727.319833996419
270325,43878.016,111334.63151303753
270326,43878.016,66837.12218226575
270327,43878.016,22803.780594510914
270328,43878.016,39593.238620419266
270329,43878.016,11953.938446653441
270330,43878.016,6976.141356206377
270331,43878.016,15438.486988985256
270332,43878.016,71700.62213237022
270333,43878.016,22472.63793114538
270334,43878.016,26928.645728713156
270335,43878.016,45572.71137203441
270336,43878.016,11784.522251213708
270337,43878.016,30125.774023958384
270338,43878.016,57000.227737767775
270339,43878.016,38404.92144347453
270340,43878.016,38211.89971216173
270341,43878.016,18768.803007365084
270342,43878.016,59284.74614724652
270343,43878.016,39026.66903455516
270344,43878.016,19758.988009655088
270345,43878.016,30891.953080314463
270346,43878.016,45657.15607971446
270347,43878.016,52250.80270855189
270348,43878.016,65811.31863607882
270349,43878.016,13662.075131471931
270350,43878.016,40183.699335735124
270351,43878.016,51364.443006973524
270352,43878.016,32260.143716820523
270353,43878.016,57167.25531134782
270354,43878.016,21304.05268297948
270355,43878.016,70003.29590829612
270356,43878.016,19552.52342027062
270357,43878.016,36176.75556794376
270358,43878.016,25796.751489492257
270359,43878.016,65094.03061307649
270360,43878.016,43888.680948326844
270361,43878.016,48543.667650442876
270362,43878.016,58953.82304149145
270363,43878.016,59347.78895080072
270364,43878.016,36232.2221420149
270365,43878.016,26759.098189415425
270366,43878.016,31720.368128205213
270367,43878.016,11990.046846194176
270368,43878.016,56513.69827698421
270369,43878.016,6475.800800626878
270370,43878.016,36766.79623012498
270371,43878.016,46352.246610004615
270372,43878.016,45132.158471776376
270373,43878.016,19311.7757474045
270374,43878.016,25535.54162907521
270375,43878.016,46701.45761233799
270376,43878.016,47974.81261127425
270377,43878.016,39873.73065523303
270378,43878.016,61862.73403861459
270379,43878.016,57873.06324177362
270380,43878.016,31064.76625178761
270381,43878.016,52350.93467450894
270382,43878.016,11292.16599831188
270383,43878.016,33403.14703665001
270384,43878.016,37229.009865986896
270385,43878.016,33946.710412496956
270386,43878.016,84462.69493279667
270387,43878.016,19356.00492633377
270388,43878.016,33217.86840877418
270389,43878.016,49977.27913889946
270390,43878.016,15682.344369917051
270391,43878.016,19845.012049047586
270392,43878.016,68741.21449156165
270393,43878.016,31588.098591188937
270394,43878.016,23221.587972737772
270395,43878.016,10656.67296393814
270396,43878.016,40724.173825960104
270397,43878.016,15257.074591170503
270398,43878.016,52736.76085100534
270399,43878.016,37274.16569421542
270400,43878.016,63465.97706952963
270401,43878.016,66615.52022116815
270402,43878.016,44097.570216590546
270403,43878.016,56633.58425605034
270404,43878.016,13252.837873531638
270405,43878.016,30032.049896109642
270406,43878.016,18067.41932198535
270407,43878.016,69539.66476978252
270408,43878.016,25176.459530469114
270409,43878.016,14348.299481004407
270410,43878.016,48480.85424717586
270411,43878.016,60910.10749627787
270412,43878.016,56808.875560796085
270413,43878.016,48557.99667280352
270414,43878.016,34992.439003059255
270415,43878.016,35645.48742946158
270416,43878.016,23501.97520423763
270417,43878.016,51895.26838583716
270418,43878.016,22703.18770152689
270419,43878.016,26109.446280620272
270420,43878.016,9050.045436454571
270421,43878.016,75058.85903235305
270422,43878.016,22123.901289225094
270423,43878.016,60210.18566472473
270424,43878.016,22500.317015239354
270425,43878.016,13163.006066963238
270426,43878.016,42791.22904470986
270427,43878.016,56222.596108048536
270428,43878.016,48428.97818497055
270429,43878.016,31012.484734373742
270430,43878.016,21476.741426303393
270431,43878.016,30389.692418868482
270432,43878.016,9390.363326218194
270433,43878.016,30512.90906006272
270434,43878.016,37402.13853225351
270435,43878.016,36513.85240701916
270436,43878.016,40037.659216657645
270437,43878.016,12518.581603623676
270438,43878.016,52919.466263439244
270439,43878.016,43922.96706230083
270440,43878.016,63534.693492422484
270441,43878.016,15191.634918810158
270442,43878.016,32416.076219966646
270443,43878.016,46871.945153636574
270444,43878.016,34486.54403959467
270445,43878.016,67504.6054544483
270446,43878.016,18722.794386429516
270447,43878.016,27656.156061199046
270448,43878.016,14150.840471008572
270449,43878.016,38931.856503023235
270450,43878.016,22367.713037969592
270451,43878.016,33744.92534726462
270452,43878.016,28068.174313771902
270453,43878.016,66139.09243434394
270454,43878.016,4287.74199278549
270455,43878.016,9196.22433541915
270456,43878.016,29936.499379825163
270457,43878.016,58640.98905168303
270458,43878.016,30200.409553611487
270459,43878.016,10716.155859949193
270460,43878.016,74659.23075258087
270461,43878.016,9340.74312574862
270462,43878.016,47031.30504373011
270463,43878.016,38844.213155010766
270464,43878.016,13259.26071287991
270465,43878.016,55720.51704191347
270466,43878.016,7105.904003852796
270467,43878.016,52832.89588128133
270468,43878.016,28742.898307571617
270469,43878.016,17867.004177790866
270470,43878.016,20160.932904901376
270471,43878.016,46535.81373640604
270472,43878.016,57937.72806402159
270473,43878.016,50665.53429470939
270474,43878.016,62993.99192079257
270475,43878.016,47306.0634083054
270476,43878.016,26865.199003042817
270477,43878.016,21036.88227485641
270478,43878.016,51234.86021655578
270479,43878.016,74279.65524379496
270480,43878.016,51202.58611170553
270481,43878.016,33187.20410815001
270482,43878.016,50032.81424046183
270483,43878.016,36930.879718333854
270484,43878.016,11694.51449424787
270485,43878.016,15748.111086514122
270486,43878.016,10452.87574503071
270487,43878.016,35246.87897726886
270488,43878.016,50763.95060643855
270489,43878.016,39194.065035000254
270490,43878.016,16671.91401150541
270491,43878.016,56765.57846358989
270492,43878.016,18553.361526363962
270493,43878.016,10781.130899991294
270494,43878.016,46605.15958775054
270495,43878.016,17081.40207939592
270496,43878.016,34168.59220352303
270497,43878.016,31118.18728626185
270498,43878.016,37318.89237940056
270499,43878.016,33058.214949261805
270500,43878.016,9404.748371511396
270501,43878.016,18349.947114800958
270502,43878.016,70565.7188791319
270503,43878.016,16829.25580552117
270504,43878.016,51076.624610327686
270505,43878.016,43633.761511226905
270506,43878.016,25834.540696403838
270507,43878.016,24863.580455297233
270508,43878.016,55700.299410912965
270509,43878.016,31040.17303437737
270510,43878.016,50722.14067100036
270511,43878.016,53241.474020356
270512,43878.016,10830.268887061135
270513,43878.016,14634.233156023434
270514,43878.016,100765.08464290544
270515,43878.016,7009.166502698195
270516,43878.016,7386.104880582454
270517,43878.016,44057.56753770291
270518,43878.016,38355.41180502294
270519,43878.016,16827.99196187179
270520,43878.016,44958.824934950455
270521,43878.016,9946.320061795368
270522,43878.016,8630.333021105302
270523,43878.016,25831.683019492408
270524,43878.016,10911.395663303343
270525,43878.016,14727.36006748368
270526,43878.016,26679.498493627212
270527,43878.016,25483.155537371204
270528,43878.016,15686.794215841608
270529,43878.016,38634.383169592205
270530,43878.016,52982.51736211875
270531,43878.016,49680.966632924865
270532,43878.016,8782.798252763336
270533,43878.016,37184.35349214384
270534,43878.016,56650.46050897715
270535,43878.016,30685.78992188239
270536,43878.016,29231.172377671577
270537,43878.016,45000.81698502906
270538,43878.016,23890.73777135602
270539,43878.016,38520.20366328559
270540,43878.016,31107.60776244159
270541,43878.016,17313.308359931692
270542,43878.016,24528.181423690065
270543,43878.016,37827.09196737361
270544,43878.016,11705.265636457007
270545,43878.016,15486.716158419884
270546,43878.016,36060.23862558506
270547,43878.016,51587.119007444744
270548,43878.016,11903.799182673494
270549,43878.016,29825.709247378414
270550,43878.016,13365.036097146967
270551,43878.016,53085.6606000338
270552,43878.016,29124.02694421509
270553,43878.016,50440.79358011801
270554,43878.016,66083.27415999677
270555,43878.016,34978.822674639225
270556,43878.016,44867.43907706252
270557,43878.016,11849.567296223158
270558,43878.016,62715.88522851042
270559,43878.016,24957.12085408281
270560,43878.016,22559.088915648364
270561,43878.016,52896.59467522744
270562,43878.016,12559.179534345867
270563,43878.016,26676.422263543336
270564,43878.016,39168.4817023195
270565,43878.016,8793.434522552998
270566,43878.016,13496.617366326513
270567,43878.016,42499.06942150198
270568,43878.016,39078.28894991647
270569,43878.016,48951.29045510279
270570,43878.016,45453.546910675286
270571,43878.016,9078.903223046866
270572,43878.016,13120.451469545615
270573,43878.016,59575.755855081276
270574,43878.016,24346.11834007694
270575,43878.016,71232.55977283794
270576,43878.016,19184.15448196484
270577,43878.016,6245.181051621132
270578,43878.016,17357.719220918312
270579,43878.016,17121.58579426613
270580,43878.016,68119.28588833331
270581,43878.016,13023.288289342347
270582,43878.016,6043.062712808285
270583,43878.016,28387.71215136569
270584,43878.016,21900.820168179565
270585,43878.016,76438.26942663638
270586,43878.016,88537.71069393684
270587,43878.016,11488.026806403885
270588,43878.016,51164.55622443455
270589,43878.016,22546.157172860905
270590,43878.016,45592.66571218196
270591,43878.016,48618.14275413235
270592,43878.016,21625.964603302662
270593,43878.016,33094.69912238531
270594,43878.016,20291.05121367989
270595,43878.016,7271.893665218971
270596,43878.016,14378.2709482678
270597,43878.016,20108.251750343647
270598,43878.016,47772.823753979406
270599,43878.016,65044.98468733826
270600,43878.016,9295.375959578538
270601,43878.016,82645.13215458707
270602,43878.016,85366.53792511893
270603,43878.016,53915.71466341257
270604,43878.016,33258.40065213888
270605,43878.016,11300.858841351033
270606,43878.016,10133.907063201159
270607,43878.016,30130.990391473624
270608,43878.016,24262.413542417522
270609,43878.016,47198.78666024779
270610,43878.016,52043.713420680935
270611,43878.016,82076.27741376677
270612,43878.016,59365.84535415898
270613,43878.016,29794.62038945054
270614,43878.016,60482.027698681886
270615,43878.016,7244.881116269711
270616,43878.016,53371.68290388083
270617,43878.016,57504.48613780989
270618,43878.016,19587.35609614341
270619,43878.016,10683.112587855989
270620,43878.016,22947.63965469263
270621,43878.016,40482.57738751921
270622,43878.016,46856.22244453534
270623,43878.016,47141.32775344293
270624,43878.016,15230.675347258632
270625,43878.016,41194.06497933143
270626,43878.016,36299.21483143832
270627,43878.016,16144.618944223006
270628,43878.016,39046.2029310444
270629,43878.016,23483.285488833593
270630,43878.016,48908.9317419882
270631,43878.016,34887.87220530517
270632,43878.016,32511.118885459422
270633,43878.016,44174.05193735897
270634,43878.016,41864.03813573674
270635,43878.016,37462.818804034876
270636,43878.016,5670.274556267134
270637,43878.016,16953.59621357237
270638,43878.016,81314.62474615125
270639,43878.016,57904.83181024542
270640,43878.016,20107.92412041513
270641,43878.016,63115.44541253467
270642,43878.016,16354.850098848514
270643,43878.016,11657.55653080965
270644,43878.016,10093.275374199164
270645,43878.016,47712.2666204991
270646,43878.016,59792.09188702752
270647,43878.016,20415.272231615836
270648,43878.016,61819.15644174559
270649,43878.016,19207.001828551936
270650,43878.016,20725.553210192826
270651,43878.016,27074.497898437578
270652,43878.016,42966.96861559399
270653,43878.016,7293.167243279992
270654,43878.016,28326.887694398785
270655,43878.016,46173.321087208824
270656,43878.016,9069.474034253019
270657,43878.016,4770.245677208326
270658,43878.016,18562.770199669107
270659,43878.016,17046.725149938004
270660,43878.016,51216.87660684585
270661,43878.016,33736.849918027496
270662,43878.016,55884.683597465526
270663,43878.016,87617.8519487554
270664,43878.016,7561.047494946207
270665,43878.016,40136.44265242557
270666,43878.016,60709.301447289705
270667,43878.016,43758.30654564348
270668,43878.016,7285.398604202777
270669,43878.016,19177.59742953428
270670,43878.016,47525.88829796054
270671,43878.016,15167.274202541026
270672,43878.016,33322.60539346546
270673,43878.016,30414.081709648854
270674,43878.016,12506.436366501031
270675,43878.016,29391.573426672712
270676,43878.016,38088.13584905898
270677,43878.016,38843.13453185233
270678,43878.016,17296.89866580656
270679,43878.016,19251.178338722464
270680,43878.016,20366.62646365055
270681,43878.016,26813.10431312114
270682,43878.016,45104.05715829067
270683,43878.016,72078.86907615363
270684,43878.016,27851.319007436643
270685,43878.016,42024.376019684794
270686,43878.016,62960.518512604314
270687,43878.016,27948.946341536808
270688,43878.016,52986.46648458182
270689,43878.016,21477.248916047152
270690,43878.016,31314.37790472336
270691,43878.016,23638.369736741904
270692,43878.016,21847.832423930864
270693,43878.016,41279.7991261701
270694,43878.016,34022.396935060584
270695,43878.016,24492.49765097274
270696,43878.016,33418.61350426265
270697,43878.016,6510.5178985414705
270698,43878.016,23926.79630485342
270699,43878.016,43462.39733634668
270700,43878.016,58087.30998242344
270701,43878.016,16795.946791245486
270702,43878.016,8361.614823954083
270703,43878.016,41989.56954202929
270704,43878.016,55085.97135467376
270705,43878.016,29973.956869029676
270706,43878.016,14005.786774913306
270707,43878.016,63633.42890892493
270708,43878.016,11270.366341792464
270709,43878.016,39968.30190843742
270710,43878.016,12781.41538278215
270711,43878.016,16292.224969018853
270712,43878.016,47000.98251440865
270713,43878.016,80949.76532443805
270714,43878.016,12235.052033446724
270715,43878.016,51633.03142732057
270716,43878.016,92061.29428194695
270717,43878.016,37799.70095735082
270718,43878.016,30039.080774381153
270719,43878.016,75148.70301704126
270720,43878.016,53543.0852964587
270721,43878.016,48674.152285710305
270722,43878.016,42251.41931194522
270723,43878.016,26404.172304979347
270724,43878.016,29395.2483299248
270725,43878.016,64891.97760499679
270726,43878.016,21963.478723162436
270727,43878.016,40947.92391036228
270728,43878.016,22242.337723987843
270729,43878.016,63613.35684878319
270730,43878.016,14628.336122975737
270731,43878.016,15945.838850268286
270732,43878.016,29812.022883586804
270733,43878.016,80952.80951987
270734,43878.016,17885.58188145145
270735,43878.016,54947.96811695468
270736,43878.016,25654.272333056262
270737,43878.016,55857.76865599308
270738,43878.016,27801.076551699214
270739,43878.016,44447.81104798549
270740,43878.016,61955.26920646389
270741,43878.016,32689.60716140315
270742,43878.016,14506.81133305529
270743,43878.016,37323.20838751815
270744,43878.016,20784.02318120389
270745,43878.016,15629.03607166107
270746,43878.016,58733.99956600965
270747,43878.016,25473.61788235176
270748,43878.016,18832.57242464165
270749,43878.016,45664.88512208117
270750,43878.016,27595.393179324095
270751,43878.016,33774.10876470502
270752,43878.016,3499.813698261328
270753,43878.016,27298.676053344134
270754,43878.016,42109.318839394495
270755,43878.016,26460.46062746809
270756,43878.016,34596.97139986012
270757,43878.016,20931.54968307104
270758,43878.016,20355.753935645957
270759,43878.016,27449.34816300248
270760,43878.016,49042.98722913804
270761,43878.016,38531.53296439739
270762,43878.016,41868.72732726648
270763,43878.016,51872.19268522612
270764,43878.016,8471.62855523367
270765,43878.016,64583.36286139755
270766,43878.016,7497.140917738787
270767,43878.016,9720.22445254272
270768,43878.016,13165.85289882443
270769,43878.016,25017.476146981273
270770,43878.016,43440.5819668651
270771,43878.016,29551.200726369603
270772,43878.016,18194.48598181295
270773,43878.016,20555.980644836756
270774,43878.016,6692.926891428786
270775,43878.016,54616.032697882685
270776,43878.016,51721.675423780966
270777,43878.016,9764.80552239133
270778,43878.016,31238.51544723359
270779,43878.016,52728.0265272279
270780,43878.016,26522.17134900908
270781,43878.016,26229.568561930682
270782,43878.016,64535.46839539561
270783,43878.016,46795.072020899395
270784,43878.016,23876.64225324364
270785,43878.016,17779.313429783542
270786,43878.016,58679.48438429808
270787,43878.016,29523.297469765563
270788,43878.016,8342.680781446246
270789,43878.016,30016.716201128238
270790,43878.016,46199.483400628655
270791,43878.016,5591.71728973072
270792,43878.016,8796.12527242536
270793,43878.016,40190.371315569166
270794,43878.016,44901.16228369306
270795,43878.016,20020.695935692336
270796,43878.016,32044.46955892635
270797,43878.016,32989.7943758895
270798,43878.016,10020.296107368104
270799,43878.016,44111.079434763255
270800,43878.016,37062.86642450176
270801,43878.016,32426.551979239957
270802,43878.016,14601.913162890856
270803,43878.016,10549.383580360613
270804,43878.016,17332.82238617113
270805,43878.016,61641.94984109589
270806,43878.016,31952.55659282487
270807,43878.016,48679.7696507714
270808,43878.016,3864.5722572954774
270809,43878.016,13191.978377894595
270810,43878.016,25958.601810981785
270811,43878.016,6649.136400640287
270812,43878.016,12147.36603336123
270813,43878.016,15914.97936691189
270814,43878.016,31173.978194612348
270815,43878.016,48993.982975856234
270816,43878.016,53304.690818995114
270817,43878.016,48023.41025061923
270818,43878.016,22257.118016362027
270819,43878.016,31401.883663142522
270820,43878.016,16346.857596358741
270821,43878.016,31372.24831178722
270822,43878.016,27086.631272219594
270823,43878.016,65545.28406966804
270824,43878.016,25041.105693680427
270825,43878.016,60316.28808253103
270826,43878.016,10141.935296318778
270827,43878.016,14275.645003586587
270828,43878.016,12204.674382824373
270829,43878.016,11566.290525967115
270830,43878.016,34750.45692617962
270831,43878.016,21258.671542651027
270832,43878.016,24359.054862863533
270833,43878.016,22530.299308089583
270834,43878.016,19640.857176043122
270835,43878.016,9457.875261177762
270836,43878.016,30885.201333865127
270837,43878.016,86953.8474666012
270838,43878.016,30409.294785339363
270839,43878.016,31270.328675089015
270840,43878.016,66919.2110073967
270841,43878.016,8309.626248122613
270842,43878.016,46041.51733271562
270843,43878.016,20192.550772134702
270844,43878.016,53715.562161580885
270845,43878.016,57028.03625985708
270846,43878.016,43365.76894523231
270847,43878.016,32934.59587629236
270848,43878.016,87172.44311391715
270849,43878.016,27243.934027108047
270850,43878.016,49252.16567619444
270851,43878.016,56634.17384525364
270852,43878.016,69384.9286313512
270853,43878.016,43430.392213496816
270854,43878.016,31597.00108126208
270855,43878.016,20738.296021919505
270856,43878.016,26941.904380478532
270857,43878.016,24702.501686362637
270858,43878.016,27258.81110245919
270859,43878.016,12229.252569489303
270860,43878.016,18958.367098229264
270861,43878.016,41783.58541180045
270862,43878.016,53713.902172127484
270863,43878.016,118167.80866665528
270864,43878.016,19748.63739824291
270865,43878.016,9693.519388465058
270866,43878.016,40391.260725034685
270867,43878.016,37540.03469702506
270868,43878.016,10065.933232152654
270869,43878.016,49863.975342327925
270870,43878.016,26822.077005126594
270871,43878.016,50257.86928572395
270872,43878.016,52288.32932347328
270873,43878.016,79118.49273201427
270874,43878.016,37083.17688925206
270875,43878.016,48455.22492717555
270876,43878.016,15183.372020025246
270877,43878.016,39799.926712267894
270878,43878.016,50504.80278341182
270879,43878.016,28278.633675141773
270880,43878.016,53796.903468930795
270881,43878.016,12084.860631090558
270882,43878.016,53841.723389097526
270883,43878.016,5925.360950475819
270884,43878.016,77541.02384513506
270885,43878.016,60806.58064355091
270886,43878.016,57305.343237668094
270887,43878.016,35317.69263266116
270888,43878.016,30410.79094905429
270889,43878.016,17153.260807502
270890,43878.016,51260.84825800474
270891,43878.016,42415.91960809072
270892,43878.016,11430.07900872418
270893,43878.016,26165.987878373886
270894,43878.016,63915.20944216172
270895,43878.016,61603.57064685387
270896,43878.016,15509.020630851905
270897,43878.016,46862.12309371252
270898,43878.016,15810.638795437359
270899,43878.016,58520.19303655588
270900,43878.016,41781.51618648835
270901,43878.016,12897.841275265144
270902,43878.016,46149.99201097603
270903,43878.016,17411.410089209752
270904,43878.016,5889.280397623157
270905,43878.016,16198.089079890156
270906,43878.016,21315.9041025703
270907,43878.016,37350.38247702389
270908,43878.016,85246.469788893
270909,43878.016,15816.253134077791
270910,43878.016,55848.304897673275
270911,43878.016,38610.471820133855
270912,43878.016,10459.862114419695
270913,43878.016,26846.14117613137
270914,43878.016,45717.101040351925
270915,43878.016,17786.773672952677
270916,43878.016,27939.98572890129
270917,43878.016,21227.35925162196
270918,43878.016,49059.95381072368
270919,43878.016,48943.492743351075
270920,43878.016,59009.478894237305
270921,43878.016,53909.378643588534
270922,43878.016,48260.036768136706
270923,43878.016,51939.13486897258
270924,43878.016,61875.802192713454
270925,43878.016,13912.981219763069
270926,43878.016,22764.76023536621
270927,43878.016,36951.32390398546
270928,43878.016,51168.558800420695
270929,43878.016,38516.12246781859
270930,43878.016,71570.01381588636
270931,43878.016,37293.79824913017
270932,43878.016,10399.130374920622
270933,43878.016,18535.45206507744
270934,43878.016,10967.136751053793
270935,43878.016,51280.947334487275
270936,43878.016,7543.19873248035
270937,43878.016,38408.2629511482
270938,43878.016,46802.83065921748
270939,43878.016,52297.88041261669
270940,43878.016,15166.581984454207
270941,43878.016,8649.652269675118
270942,43878.016,74643.0755807119
270943,43878.016,38511.48585310318
270944,43878.016,43290.0445523904
270945,43878.016,48567.96140290183
270946,43878.016,13033.463987701809
270947,43878.016,44733.088529072505
270948,43878.016,44647.175472163784
270949,43878.016,13508.717503016565
270950,43878.016,5844.673543910813
270951,43878.016,8530.61231602641
270952,43878.016,75374.79786355446
270953,43878.016,63920.5324094778
270954,43878.016,47354.26510010273
270955,43878.016,54707.50852917057
270956,43878.016,38597.083260135274
270957,43878.016,25609.877343066753
270958,43878.016,38499.230877836555
270959,43878.016,53797.976058416214
270960,43878.016,56350.2963103731
270961,43878.016,18074.6208619379
270962,43878.016,29567.339057547077
270963,43878.016,10702.718942868294
270964,43878.016,76348.20495096408
270965,43878.016,42291.7511911979
270966,43878.016,21596.73720265781
270967,43878.016,60854.60329860581
270968,43878.016,65041.93068411426
270969,43878.016,62289.51769153538
270970,43878.016,11943.100359049995
270971,43878.016,54883.67473394907
270972,43878.016,45368.95266322965
270973,43878.016,33890.489036139494
270974,43878.016,35564.61821156554
270975,43878.016,48915.3095485998
270976,43878.016,11904.407924489662
270977,43878.016,48884.727895804026
270978,43878.016,73997.81985273838
270979,43878.016,20305.7960840455
270980,43878.016,43161.21694208848
270981,43878.016,9316.31814810559
270982,43878.016,70964.67532809293
270983,43878.016,37736.31300182798
270984,43878.016,13495.630694289226
270985,43878.016,26780.09864051379
270986,43878.016,53932.801899760634
270987,43878.016,70001.03064582181
270988,43878.016,7256.3853701358685
270989,43878.016,19552.34642778292
270990,43878.016,44030.204756240615
270991,43878.016,21296.548780304605
270992,43878.016,47467.195374690935
270993,43878.016,56845.39211828445
270994,43878.016,15263.481472880796
270995,43878.016,30189.242571495823
270996,43878.016,15930.587256874674
270997,43878.016,10122.54920137023
270998,43878.016,60277.08973729277
270999,43878.016,51238.50884541201
271000,43878.016,65590.96632296944
271001,43878.016,15805.667789051833
271002,43878.016,8587.905792395524
271003,43878.016,32481.190331409303
271004,43878.016,16607.104990423024
271005,43878.016,30851.875792753784
271006,43878.016,50299.6132977516
271007,43878.016,36946.5067907109
271008,43878.016,12577.462731892341
271009,43878.016,72964.9780866844
271010,43878.016,47268.00079207497
271011,43878.016,23033.40317635016
271012,43878.016,9308.027039020191
271013,43878.016,2497.533864841713
271014,43878.016,27709.126700605615
271015,43878.016,11826.019478083017
271016,43878.016,20700.678865716895
271017,43878.016,27960.558718719938
271018,43878.016,16805.589156467962
271019,43878.016,19371.426405978593
271020,43878.016,26838.39089471225
271021,43878.016,31947.21010116555
271022,43878.016,34983.20009771389
271023,43878.016,13516.838713946197
271024,43878.016,56055.67095314459
271025,43878.016,63418.61144667732
271026,43878.016,9324.594620434713
271027,43878.016,70618.08598253825
271028,43878.016,33552.549596335935
271029,43878.016,32186.32951559248
271030,43878.016,27441.68761003232
271031,43878.016,82880.52074085105
271032,43878.016,43698.759196339684
271033,43878.016,28532.417244773915
271034,43878.016,49230.718902815024
271035,43878.016,74574.29709964451
271036,43878.016,11078.750241521248
271037,43878.016,26507.29376700266
271038,43878.016,19617.710413442055
271039,43878.016,32770.83738022452
271040,43878.016,46804.193329883965
271041,43878.016,21879.910445263
271042,43878.016,57030.865026084386
271043,43878.016,19179.580272173684
271044,43878.016,11319.290773115603
271045,43878.016,17466.782322916297
271046,43878.016,45998.42402417138
271047,43878.016,39059.17707705596
271048,43878.016,32213.565044899184
271049,43878.016,59633.45089836002
271050,43878.016,47989.25416103191
271051,43878.016,37073.820069937996
271052,43878.016,58140.270444678594
271053,43878.016,18166.210441128154
271054,43878.016,58788.420080886746
271055,43878.016,21176.9694153623
271056,43878.016,29645.18872408392
271057,43878.016,50548.49422478954
271058,43878.016,21493.676228958095
271059,43878.016,41713.63802202118
271060,43878.016,49749.23343379048
271061,43878.016,48560.022311936016
271062,43878.016,11577.74069099867
271063,43878.016,17048.552723147986
271064,43878.016,28122.25703455809
271065,43878.016,6013.58555551181
271066,43878.016,25207.639649705554
271067,43878.016,10442.133837535726
271068,43878.016,12207.069098993596
271069,43878.016,41525.40144164731
271070,43878.016,61799.95710246323
271071,43878.016,29352.33047058037
271072,43878.016,48432.562816149235
271073,43878.016,36400.849692078526
271074,43878.016,62705.19083864343
271075,43878.016,61520.45922208202
271076,43878.016,10765.029088240643
271077,43878.016,33513.237111458555
271078,43878.016,30836.84939271617
271079,43878.016,54285.184801128795
271080,43878.016,11915.23637652432
271081,43878.016,12354.838768130367
271082,43878.016,62526.61640118193
271083,43878.016,53698.345503355384
271084,43878.016,49183.2303457974
271085,43878.016,35663.708106068516
271086,43878.016,23340.353476724504
271087,43878.016,64879.52468284908
271088,43878.016,40314.62416013284
271089,43878.016,70638.73119547067
271090,43878.016,14678.192408972873
271091,43878.016,87406.65876851125
271092,43878.016,28771.03178646251
271093,43878.016,63905.75039043504
271094,43878.016,32944.084580373725
271095,43878.016,10750.12263664054
271096,43878.016,43240.176693282294
271097,43878.016,31487.581313345316
271098,43878.016,71540.60425675711
271099,43878.016,27850.717710467972
271100,43878.016,56050.1513031058
271101,43878.016,15969.215301389255
271102,43878.016,15372.008127993879
271103,43878.016,10425.79744386708
271104,43878.016,40364.07572587021
271105,43878.016,18225.221786016522
271106,43878.016,19110.99013816041
271107,43878.016,61181.11150584707
271108,43878.016,73681.547353074
271109,43878.016,46959.672337506396
271110,43878.016,49234.098773196056
271111,43878.016,48788.647841177655
271112,43878.016,5584.992731172881
271113,43878.016,59694.656520508586
271114,43878.016,40554.01251989846
271115,43878.016,35434.74465926916
271116,43878.016,12705.304628051548
271117,43878.016,33840.01049930922
271118,43878.016,35500.64604722497
271119,43878.016,19639.026179905904
271120,43878.016,63915.748084657964
271121,43878.016,41116.77434103518
271122,43878.016,49898.41320062136
271123,43878.016,44365.215345652185
271124,43878.016,62910.79294320363
271125,43878.016,16326.485474995034
271126,43878.016,45029.524202885754
271127,43878.016,59025.65507152362
271128,43878.016,34381.14098224429
271129,43878.016,56288.452550895956
271130,43878.016,16386.5297567943
271131,43878.016,47723.89994221945
271132,43878.016,7320.7965821252155
271133,43878.016,37708.93536156468
271134,43878.016,52492.76363822541
271135,43878.016,37722.90607314144
271136,43878.016,28842.30861834136
271137,43878.016,59958.540428581604
271138,43878.016,20184.11636287374
271139,43878.016,83205.74381487415
271140,43878.016,7522.67563116172
271141,43878.016,49528.45241218662
271142,43878.016,23302.46506182217
271143,43878.016,31974.601116121314
271144,43878.016,32424.56782233496
271145,43878.016,31225.864953073233
271146,43878.016,15429.860498076223
271147,43878.016,36498.8204950446
271148,43878.016,53070.9369267474
271149,43878.016,15593.552674588836
271150,43878.016,19186.88210029173
271151,43878.016,37062.148817297435
271152,43878.016,20438.31846231569
271153,43878.016,57495.367875107135
271154,43878.016,31836.7544206296
271155,43878.016,62833.904386416914
271156,43878.016,10064.70713237319
271157,43878.016,18744.786544411225
271158,43878.016,7028.446035502708
271159,43878.016,60044.838539345015
271160,43878.016,6942.98426907239
271161,43878.016,36927.255452297846
271162,43878.016,32272.600157092733
271163,43878.016,21708.740715135333
271164,43878.016,26617.71129852634
271165,43878.016,45979.3490347714
271166,43878.016,33533.67603502374
271167,43878.016,42779.498712497094
271168,43878.016,56373.9139320516
271169,43878.016,53246.659315885896
271170,43878.016,22437.711935246705
271171,43878.016,16977.509736944485
271172,43878.016,32432.07136528389
271173,43878.016,9379.049898920437
271174,43878.016,30765.96716861659
271175,43878.016,53685.62408986491
271176,43878.016,21034.103510737285
271177,43878.016,13046.362830197531
271178,43878.016,29674.75545471887
271179,43878.016,27579.840724173824
271180,43878.016,36822.03647002135
271181,43878.016,47856.69048169767
271182,43878.016,19769.248977189745
271183,43878.016,29015.478229186698
271184,43878.016,9841.873450735402
271185,43878.016,43728.87820226415
271186,43878.016,22712.06654086145
271187,43878.016,31275.878903566965
271188,43878.016,66348.94291189319
271189,43878.016,21202.46782706593
271190,43878.016,8751.756443312861
271191,43878.016,24835.566145137596
271192,43878.016,12821.463633547895
271193,43878.016,58860.36990497442
271194,43878.016,26251.087304653087
271195,43878.016,8583.06946209698
271196,43878.016,45721.94248537616
271197,43878.016,23594.623950636058
271198,43878.016,62567.964868894516
271199,43878.016,22051.05405243025
271200,43878.016,35099.09584965731
271201,43878.016,46786.967845604035
271202,43878.016,17608.490247455233
271203,43878.016,28344.642851816116
271204,43878.016,27515.584473631934
271205,43878.016,84578.52347106718
271206,43878.016,58579.64185279382
271207,43878.016,15141.386657206735
271208,43878.016,14386.842613207551
271209,43878.016,64893.50560992232
271210,43878.016,46955.006407172674
271211,43878.016,51206.37294488216
271212,43878.016,56949.20602328027
271213,43878.016,36062.299568322065
271214,43878.016,36664.47641149741
271215,43878.016,23360.82946772012
271216,43878.016,34246.35510147733
271217,43878.016,27652.63866771316
271218,43878.016,38362.79720729912
271219,43878.016,8666.74832928157
271220,43878.016,29902.052017839993
271221,43878.016,57572.00656976874
271222,43878.016,44335.91646885294
271223,43878.016,22016.028617937336
271224,43878.016,40512.80973213581
271225,43878.016,26240.28577300645
271226,43878.016,40542.03539009631
271227,43878.016,75041.58517425359
271228,43878.016,10825.685313863132
271229,43878.016,71464.79049887638
271230,43878.016,26999.682714026974
271231,43878.016,30359.8495374373
271232,43878.016,17238.0634952859
271233,43878.016,80044.90012484165
271234,43878.016,100632.11598893441
271235,43878.016,19916.213915658118
271236,43878.016,15547.801794330626
271237,43878.016,57947.340116541585
271238,43878.016,33183.36866328781
271239,43878.016,21074.32841608219
271240,43878.016,21817.4976406163
271241,43878.016,30007.34274366735
271242,43878.016,17254.879204913675
271243,43878.016,57981.83135122435
271244,43878.016,14493.341122918702
271245,43878.016,39735.29034215623
271246,43878.016,48188.38598306544
271247,43878.016,35524.39903214151
271248,43878.016,21960.880431897604
271249,43878.016,58831.39873920971
271250,43878.016,61398.45557536917
271251,43878.016,15359.030327286397
271252,43878.016,11618.342864962631
271253,43878.016,39602.6239277813
271254,43878.016,33723.13594368101
271255,43878.016,32185.397264759835
271256,43878.016,20940.871748722904
271257,43878.016,11895.408829774049
271258,43878.016,86084.1660295537
271259,43878.016,10441.092009116952
271260,43878.016,15698.876124190421
271261,43878.016,57398.85878290125
271262,43878.016,45320.38994910602
271263,43878.016,28425.38444578608
271264,43878.016,82966.50998534777
271265,43878.016,8701.517857003546
271266,43878.016,51931.22750492752
271267,43878.016,23837.37859346962
271268,43878.016,6491.537743370773
271269,43878.016,80935.13862915053
271270,43878.016,24519.7813384019
271271,43878.016,22305.456887762848
271272,43878.016,28411.109928883237
271273,43878.016,79614.97270445946
271274,43878.016,27732.68534473088
271275,43878.016,36280.47444470538
271276,43878.016,41578.807088808004
271277,43878.016,12340.364841039209
271278,43878.016,9427.154664109981
271279,43878.016,68963.90092070098
271280,43878.016,19081.50583513211
271281,43878.016,56332.66451702111
271282,43878.016,36773.33474495257
271283,43878.016,26979.02091812624
271284,43878.016,50816.32994822142
271285,43878.016,48477.09608945422
271286,43878.016,23484.416059128478
271287,43878.016,26953.49601914727
271288,43878.016,43818.271498725895
271289,43878.016,25530.865152968305
271290,43878.016,11412.83201109901
271291,43878.016,38000.55292276881
271292,43878.016,41230.6685304727
271293,43878.016,41222.813504290105
271294,43878.016,40341.94677248819
271295,43878.016,11614.308041605942
271296,43878.016,22899.803847756597
271297,43878.016,8712.241285169914
271298,43878.016,74843.23827656818
271299,43878.016,61292.15159522808
271300,43878.016,36695.963279720796
271301,43878.016,61604.33697678216
271302,43878.016,43081.13978312068
271303,43878.016,11736.196753673257
271304,43878.016,15633.09662237162
271305,43878.016,56161.873827715914
271306,43878.016,47774.56544966433
271307,43878.016,41787.806265282714
271308,43878.016,68759.21912200858
271309,43878.016,11556.543319659095
271310,43878.016,64558.596840139704
271311,43878.016,38090.20865161191
271312,43878.016,14216.5005626387
271313,43878.016,53630.95330946181
271314,43878.016,17068.7886820253
271315,43878.016,58847.831959294934
271316,43878.016,8932.613346145068
271317,43878.016,44811.800909782185
271318,43878.016,75610.0172967088
271319,43878.016,15270.629554070536
271320,43878.016,22565.509179791814
271321,43878.016,39831.97577271517
271322,43878.016,37495.922024439424
271323,43878.016,48449.72049574953
271324,43878.016,21953.924293862656
271325,43878.016,21215.15879388624
271326,43878.016,15467.158308999598
271327,43878.016,20670.692123598204
271328,43878.016,6778.8622336501585
271329,43878.016,22153.07472756496
271330,43878.016,13340.339861031545
271331,43878.016,29317.337638136967
271332,43878.016,47657.457331362435
271333,43878.016,34649.449726937106
271334,43878.016,61216.9886641234
271335,43878.016,36430.83742279067
271336,43878.016,64207.1946006158
271337,43878.016,46329.20998641475
271338,43878.016,49337.887181616185
271339,43878.016,41136.167958050224
271340,43878.016,24015.38581456342
271341,43878.016,45373.64107571439
271342,43878.016,22205.983584717236
271343,43878.016,46320.094259272
271344,43878.016,48352.88805765162
271345,43878.016,12974.713721695454
271346,43878.016,69371.77213093633
271347,43878.016,24960.06552343342
271348,43878.016,28881.768346232882
271349,43878.016,44518.52135633942
271350,43878.016,44249.28877388513
271351,43878.016,5693.497932041726
271352,43878.016,11933.91568503646
271353,43878.016,36380.099535606205
271354,43878.016,23339.72660748463
271355,43878.016,56954.061613698424
271356,43878.016,86199.39570742623
271357,43878.016,63087.0299656009
271358,43878.016,42290.68974883925
271359,43878.016,64787.054126210816
271360,43878.016,12243.502733047737
271361,43878.016,15049.578091279514
271362,43878.016,18358.067222292535
271363,43878.016,14224.911664152185
271364,43878.016,64361.38074555985
271365,43878.016,53747.88875481726
271366,43878.016,15842.932825777392
271367,43878.016,21223.846655395646
271368,43878.016,5829.824939515758
271369,43878.016,51193.27167389748
271370,43878.016,52035.909829290096
271371,43878.016,13302.94616600485
271372,43878.016,44072.08292823455
271373,43878.016,16618.499762605337
271374,43878.016,15524.086106673407
271375,43878.016,39893.5490511228
271376,43878.016,11357.27789633684
271377,43878.016,23362.704250915962
271378,43878.016,23355.688394983325
271379,43878.016,11182.576033212137
271380,43878.016,14416.382276544802
271381,43878.016,62790.28424502458
271382,43878.016,38809.5588275747
271383,43878.016,45451.00339543894
271384,43878.016,46652.22015262719
271385,43878.016,27667.78058881284
271386,43878.016,36813.4357756461
271387,43878.016,32784.25271762697
271388,43878.016,19556.57821185573
271389,43878.016,37139.181784601125
271390,43878.016,45605.785625537355
271391,43878.016,9741.496657377964
271392,43878.016,29607.347536860238
271393,43878.016,50924.46898293688
271394,43878.016,21896.70608783328
271395,43878.016,9616.399654547151
271396,43878.016,20627.84960356681
271397,43878.016,38128.021998243385
271398,43878.016,35504.357004220146
271399,43878.016,53046.367806201415
271400,43878.016,10195.426962541234
271401,43878.016,46186.28358596988
271402,43878.016,51582.851175706994
271403,43878.016,25919.989108162034
271404,43878.016,26500.599411002495
271405,43878.016,66844.71542477241
271406,43878.016,34081.34370951771
271407,43878.016,52056.28789415028
271408,43878.016,40708.94598111867
271409,43878.016,33999.55425099395
271410,43878.016,40406.07064826999
271411,43878.016,9715.82193747971
271412,43878.016,44658.40748766348
271413,43878.016,24760.669876076045
271414,43878.016,42945.26790544163
271415,43878.016,44829.76704163422
271416,43878.016,77685.81067727867
271417,43878.016,73582.32263691036
271418,43878.016,62289.59585549858
271419,43878.016,37269.79839670989
271420,43878.016,25175.97315781084
271421,43878.016,9290.687839307433
271422,43878.016,76946.24006036854
271423,43878.016,54724.97271237184
271424,43878.016,57403.56589518588
271425,43878.016,46921.477132970875
271426,43878.016,11844.661004390107
271427,43878.016,23082.17727204988
271428,43878.016,9469.119638220236
271429,43878.016,26356.49623063462
271430,43878.016,20658.261788512707
271431,43878.016,36919.891059346155
271432,43878.016,42737.93699008938
271433,43878.016,6924.5253583045
271434,43878.016,25801.878719766813
271435,43878.016,7111.667663200952
271436,43878.016,7015.392446335548
271437,43878.016,9309.614127621378
271438,43878.016,14125.790187984061
271439,43878.016,32556.726868007616
271440,43878.016,42878.82691316826
271441,43878.016,38260.121554416386
271442,43878.016,23860.713766458997
271443,43878.016,11690.295519056477
271444,43878.016,9821.907878407177
271445,43878.016,64647.665835703636
271446,43878.016,32919.371019302016
271447,43878.016,37223.62092883696
271448,43878.016,6501.148368182447
271449,43878.016,37448.906716876685
271450,43878.016,44224.85790909105
271451,43878.016,38759.621032436466
271452,43878.016,14003.360074973813
271453,43878.016,21804.879380164642
271454,43878.016,57184.126560485
271455,43878.016,90734.6682112005
271456,43878.016,46442.17978916018
271457,43878.016,44251.212938151024
271458,43878.016,34517.55420597579
271459,43878.016,31293.892061318682
271460,43878.016,4664.633769882916
271461,43878.016,25136.297369964963
271462,43878.016,60388.92649279499
271463,43878.016,25599.518969589903
271464,43878.016,7261.848525921644
271465,43878.016,9881.076792253534
271466,43878.016,48396.44308343234
271467,43878.016,54016.14817312674
271468,43878.016,21984.120996869977
271469,43878.016,57798.224656321836
271470,43878.016,8970.15816853041
271471,43878.016,43072.80222800453
271472,43878.016,29601.835211146175
271473,43878.016,13383.760795495204
271474,43878.016,26896.664236716046
271475,43878.016,28358.337059169404
271476,43878.016,14305.889679155183
271477,43878.016,29233.443617409004
271478,43878.016,56355.06604904522
271479,43878.016,10728.49455310253
271480,43878.016,10134.808994049803
271481,43878.016,45590.59909377073
271482,43878.016,16561.773947211714
271483,43878.016,19562.113644911846
271484,43878.016,7350.024886293551
271485,43878.016,40024.04575140114
271486,43878.016,31541.30165401087
271487,43878.016,72495.29810486472
271488,43878.016,19418.658647130025
271489,43878.016,5945.374664095907
271490,43878.016,54424.65756344354
271491,43878.016,35125.588333331536
271492,43878.016,39580.30871833327
271493,43878.016,38539.115836428675
271494,43878.016,16967.92513141944
271495,43878.016,53702.37006905118
271496,43878.016,9561.40627926006
271497,43878.016,20820.02613324754
271498,43878.016,70653.72767868062
271499,43878.016,43176.771521631075
271500,43878.016,29242.873399157303
271501,43878.016,26702.2537276636
271502,43878.016,57494.153356497605
271503,43878.016,13493.183926142005
271504,43878.016,33806.36821729366
271505,43878.016,55018.59927071925
271506,43878.016,59791.542178494965
271507,43878.016,18794.37997574472
271508,43878.016,24788.307345334408
271509,43878.016,26870.20450914523
271510,43878.016,44929.220833517415
271511,43878.016,47755.9479055264
271512,43878.016,36993.906635502586
271513,43878.016,56193.92819900545
271514,43878.016,23652.007860377777
271515,43878.016,36844.42502918343
271516,43878.016,31500.198766873982
271517,43878.016,25821.263923135906
271518,43878.016,26572.988638346087
271519,43878.016,35069.01179365772
271520,43878.016,36619.7033780847
271521,43878.016,24904.028708656817
271522,43878.016,33653.89357466934
271523,43878.016,34580.46449344364
271524,43878.016,76291.61325049367
271525,43878.016,47250.088647504555
271526,43878.016,46939.031402153574
271527,43878.016,12121.75214770232
271528,43878.016,14458.851820903574
271529,43878.016,66557.33009975056
271530,43878.016,18475.08746958408
271531,43878.016,8034.849167350468
271532,43878.016,43590.65804840868
271533,43878.016,38695.86744019999
271534,43878.016,29772.567234281345
271535,43878.016,47770.52137884078
271536,43878.016,32442.85761597873
271537,43878.016,25204.769241285372
271538,43878.016,15425.221150692572
271539,43878.016,17765.43078442425
271540,43878.016,37192.5235859488
271541,43878.016,46167.15789988531
271542,43878.016,26127.289654999084
271543,43878.016,37325.358101860606
271544,43878.016,25511.659859171457
271545,43878.016,32214.459186148142
271546,43878.016,29672.96326996555
271547,43878.016,53787.28755030444
271548,43878.016,50591.23489453206
271549,43878.016,36128.79356358844
271550,43878.016,17956.79379261076
271551,43878.016,44033.96193819616
271552,43878.016,28366.70245565718
271553,43878.016,22874.048530489457
271554,43878.016,48614.540923287466
271555,43878.016,43270.071793894174
271556,43878.016,57088.198891650885
271557,43878.016,49432.98959867665
271558,43878.016,32526.71985406999
271559,43878.016,31867.96352554046
271560,43878.016,9124.136546661937
271561,43878.016,47949.48919659349
271562,43878.016,31876.68019197721
271563,43878.016,17293.367482128717
271564,43878.016,21689.968744927683
271565,43878.016,37118.82792073956
271566,43878.016,13929.484590015993
271567,43878.016,7920.898744500424
271568,43878.016,19949.16347337827
271569,43878.016,19597.645788412236
271570,43878.016,41504.09469596515
271571,43878.016,20117.856942629976
271572,43878.016,4283.3904007854335
271573,43878.016,76424.75195798626
271574,43878.016,43312.51886273901
271575,43878.016,11045.388498907576
271576,43878.016,30193.734840632093
271577,43878.016,39291.99037910686
271578,43878.016,52577.964786972094
271579,43878.016,25533.883341790777
271580,43878.016,27712.346241273863
271581,43878.016,50225.799440711715
271582,43878.016,54652.85791801781
271583,43878.016,20573.54135448128
271584,43878.016,75338.85456837784
271585,43878.016,52007.54529278711
271586,43878.016,46461.93643552754
271587,43878.016,34746.06287569911
271588,43878.016,41677.54207271919
271589,43878.016,15592.325701376867
271590,43878.016,8612.062663627301
271591,43878.016,63228.750088445086
271592,43878.016,55769.77799279234
271593,43878.016,19891.96673847902
271594,43878.016,49757.089930958704
271595,43878.016,13394.815616368161
271596,43878.016,23111.694254633687
271597,43878.016,57478.89209396354
271598,43878.016,73707.16797611477
271599,43878.016,54865.01122045292
271600,43878.016,32806.55242466575
271601,43878.016,40086.51099074638
271602,43878.016,48566.14868010374
271603,43878.016,62563.866772302805
271604,43878.016,27422.156523625876
271605,43878.016,54138.92199103567
271606,43878.016,54203.45040090204
271607,43878.016,46317.547254170626
271608,43878.016,31998.17623882525
271609,43878.016,68840.44385374688
271610,43878.016,44448.035850663706
271611,43878.016,49540.21964322878
271612,43878.016,52058.03417201306
271613,43878.016,25521.34912734453
271614,43878.016,27723.91734700753
271615,43878.016,14830.768623121245
271616,43878.016,52982.75216589579
271617,43878.016,32752.083714340108
271618,43878.016,9386.011610973279
271619,43878.016,12252.776617564135
271620,43878.016,58430.27700624076
271621,43878.016,15090.294472492538
271622,43878.016,41789.156051282516
271623,43878.016,30676.21446949093
271624,43878.016,32049.612912049128
271625,43878.016,8846.651638968913
271626,43878.016,14280.531347073256
271627,43878.016,28233.388461866296
271628,43878.016,46104.23685696737
271629,43878.016,20773.94674508887
271630,43878.016,49632.597068484596
271631,43878.016,51795.835739335605
271632,43878.016,39293.944652969796
271633,43878.016,10397.30652277412
271634,43878.016,38840.73406229245
271635,43878.016,19609.090028233706
271636,43878.016,32297.091303709527
271637,43878.016,24494.341361580864
271638,43878.016,21044.610008138756
271639,43878.016,23031.739764963666
271640,43878.016,9043.921096283182
271641,43878.016,7380.490214570917
271642,43878.016,26580.641974516253
271643,43878.016,14231.448405426961
271644,43878.016,22236.115914900824
271645,43878.016,15138.83668510256
271646,43878.016,44965.72427596121
271647,43878.016,46469.11943695596
271648,43878.016,7228.303269348932
271649,43878.016,8798.145033891502
271650,43878.016,26557.878191831573
271651,43878.016,25770.98341097021
271652,43878.016,58620.330058472646
271653,43878.016,24407.630449998844
271654,43878.016,17191.12114481181
271655,43878.016,26961.049630658115
271656,43878.016,38497.209008792175
271657,43878.016,25870.773695539432
271658,43878.016,59228.35297484371
271659,43878.016,24451.196449623923
271660,43878.016,9002.533375031126
271661,43878.016,22937.688454544998
271662,43878.016,9165.573134507202
271663,43878.016,48791.37878610697
271664,43878.016,30982.016102576905
271665,43878.016,41033.86616683993
271666,43878.016,62859.6524700749
271667,43878.016,30429.08790526321
271668,43878.016,27549.172925227496
271669,43878.016,18825.319418314888
271670,43878.016,19021.68119680169
271671,43878.016,37339.21436376265
271672,43878.016,42272.40805287225
271673,43878.016,51579.360228668025
271674,43878.016,34498.2995005443
271675,43878.016,4335.331675572253
271676,43878.016,5791.195420504402
271677,43878.016,72049.27498803733
271678,43878.016,61614.23286771007
271679,43878.016,22229.606524821796
271680,43878.016,48302.3208713167
271681,43878.016,81034.67349505717
271682,43878.016,82141.62739474652
271683,43878.016,15461.074221000761
271684,43878.016,24425.423041610076
271685,43878.016,45197.720119138925
271686,43878.016,9162.59317846919
271687,43878.016,24364.872239682354
271688,43878.016,19217.32656316168
271689,43878.016,10831.969739183234
271690,43878.016,58694.53466966405
271691,43878.016,55553.16758215458
271692,43878.016,33413.34727245529
271693,43878.016,46428.67344274864
271694,43878.016,49775.166009867826
271695,43878.016,43430.92946092771
271696,43878.016,12462.280407982604
271697,43878.016,69370.08406045263
271698,43878.016,46406.49389784946
271699,43878.016,62599.01292403396
271700,43878.016,16026.413461136935
271701,43878.016,8215.78690205822
271702,43878.016,11654.749025148261
271703,43878.016,38944.535840235236
271704,43878.016,54985.70067875712
271705,43878.016,20145.42924744628
271706,43878.016,18746.542493091998
271707,43878.016,11623.429408388381
271708,43878.016,55570.80434422358
271709,43878.016,45048.73072138248
271710,43878.016,8894.852778328768
271711,43878.016,34575.629508132486
271712,43878.016,25965.83857730109
271713,43878.016,32675.158275492016
271714,43878.016,42299.49097399053
271715,43878.016,33203.69450184023
271716,43878.016,53019.116130656774
271717,43878.016,45058.1809594473
271718,43878.016,32702.285490921415
271719,43878.016,15858.011757649001
271720,43878.016,8977.20706643748
271721,43878.016,46172.42143978877
271722,43878.016,16789.903599575777
271723,43878.016,56262.090490785384
271724,43878.016,12262.10491841478
271725,43878.016,16554.505718780285
271726,43878.016,14194.056464243155
271727,43878.016,33807.23867715798
271728,43878.016,22326.233156549657
271729,43878.016,15280.118331010412
271730,43878.016,33874.85772087226
271731,43878.016,3721.5302768453776
271732,43878.016,34604.828353091376
271733,43878.016,21563.78087272527
271734,43878.016,48748.34404216045
271735,43878.016,8851.243361588848
271736,43878.016,22595.57430139938
271737,43878.016,5825.882823724289
271738,43878.016,25971.52747022825
271739,43878.016,35336.890156292
271740,43878.016,17623.504018724176
271741,43878.016,52989.76277166764
271742,43878.016,39285.99863590514
271743,43878.016,46586.83312874849
271744,43878.016,32009.44097818526
271745,43878.016,17092.53278905738
271746,43878.016,31747.15251986339
271747,43878.016,40829.311258534115
271748,43878.016,37594.03069607903
271749,43878.016,51309.60553609571
271750,43878.016,46733.09631628031
271751,43878.016,47554.43218595751
271752,43878.016,44562.669689811686
271753,43878.016,48619.371247218965
271754,43878.016,65358.97621582767
271755,43878.016,42588.762790176945
271756,43878.016,57064.23461700915
271757,43878.016,13579.07851217866
271758,43878.016,117628.51521552584
271759,43878.016,15634.048375781973
271760,43878.016,12011.526089607783
271761,43878.016,51474.462911421404
271762,43878.016,38928.18060283797
271763,43878.016,29405.209216306663
271764,43878.016,19989.603404237227
271765,43878.016,22426.914241951687
271766,43878.016,54354.054584156765
271767,43878.016,36786.28970750447
271768,43878.016,26722.663464087444
271769,43878.016,19902.85004912133
271770,43878.016,31052.128370526152
271771,43878.016,33172.08678947879
271772,43878.016,56202.76356443568
271773,43878.016,63792.23928853954
271774,43878.016,41891.791958169655
271775,43878.016,13031.131115793343
271776,43878.016,60725.94678554496
271777,43878.016,67546.14825111187
271778,43878.016,9060.484419228891
271779,43878.016,12006.031908193188
271780,43878.016,63564.907614509124
271781,43878.016,52145.1686805686
271782,43878.016,54963.41771703504
271783,43878.016,23050.7441485088
271784,43878.016,31233.394340440525
271785,43878.016,25576.281236788305
271786,43878.016,38028.54516144022
271787,43878.016,8270.531322019076
271788,43878.016,11506.354636550906
271789,43878.016,35661.687625424536
271790,43878.016,61281.32578278685
271791,43878.016,71145.39129021448
271792,43878.016,11191.910906357907
271793,43878.016,17661.011197609172
271794,43878.016,35715.40309450313
271795,43878.016,28969.51871384943
271796,43878.016,37281.83692393501
271797,43878.016,9468.665326085305
271798,43878.016,39209.841134858565
271799,43878.016,16311.553802537159
271800,43878.016,59136.31511335141
271801,43878.016,50089.741682526386
271802,43878.016,39631.05386053872
271803,43878.016,30454.16266843255
271804,43878.016,16653.480403308276
271805,43878.016,45753.54504410979
271806,43878.016,61130.179209044225
271807,43878.016,40027.65272159545
271808,43878.016,47178.29302604311
271809,43878.016,17340.378117522196
271810,43878.016,49515.294912921134
271811,43878.016,13417.36174860815
271812,43878.016,12075.73207273784
271813,43878.016,25123.86966875853
271814,43878.016,8847.203239564973
271815,43878.016,31401.424349846915
271816,43878.016,47829.71880613022
271817,43878.016,18550.448914982364
271818,43878.016,34143.89380404652
271819,43878.016,25689.204775490507
271820,43878.016,48389.21476035172
271821,43878.016,31746.628213651544
271822,43878.016,30019.955258116097
271823,43878.016,29690.708246673956
271824,43878.016,19437.83761929777
271825,43878.016,19557.438323758553
271826,43878.016,47266.78640271353
271827,43878.016,16866.747123670626
271828,43878.016,44879.71473293287
271829,43878.016,38173.80667846256
271830,43878.016,14400.117591894757
271831,43878.016,90301.54352338205
271832,43878.016,19954.482782257142
271833,43878.016,31013.60862002388
271834,43878.016,16677.346604882696
271835,43878.016,61820.06028870344
271836,43878.016,46561.6556970906
271837,43878.016,54623.89165310098
271838,43878.016,46558.40550121384
271839,43878.016,31344.73015777176
271840,43878.016,55786.1130150732
271841,43878.016,52563.505433154874
271842,43878.016,22743.03633599979
271843,43878.016,67825.17924748689
271844,43878.016,62076.31181916727
271845,43878.016,21770.874101431124
271846,43878.016,19296.614998329977
271847,43878.016,5955.061652140457
271848,43878.016,38762.74762111072
271849,43878.016,44945.56625345981
271850,43878.016,34935.19713399756
271851,43878.016,27227.10011671799
271852,43878.016,20057.944364288414
271853,43878.016,14242.062492575751
271854,43878.016,43961.05521062461
271855,43878.016,29537.616279381098
271856,43878.016,65240.329261864455
271857,43878.016,63338.81986507819
271858,43878.016,41839.068735321285
271859,43878.016,26727.55100663711
271860,43878.016,36529.20602981746
271861,43878.016,15592.844349422236
271862,43878.016,52482.66383487857
271863,43878.016,55018.73100074776
271864,43878.016,45497.53693279883
271865,43878.016,40780.25677757596
271866,43878.016,24391.317212978338
271867,43878.016,42366.36946130158
271868,43878.016,22549.74627724682
271869,43878.016,21462.317879780774
271870,43878.016,54210.55364498685
271871,43878.016,63332.43246019759
271872,43878.016,23220.141766704113
271873,43878.016,14972.604278297973
271874,43878.016,44178.36079237965
271875,43878.016,22275.491389884737
271876,43878.016,16227.808330758116
271877,43878.016,54847.8068183096
271878,43878.016,15658.54683730552
271879,43878.016,10486.09567972502
271880,43878.016,35228.01978966057
271881,43878.016,50889.23975684093
271882,43878.016,21357.056839485293
271883,43878.016,16005.63630711798
271884,43878.016,31628.694569880838
271885,43878.016,46408.71953478221
271886,43878.016,17602.039399706988
271887,43878.016,54398.76594842602
271888,43878.016,20942.778002075578
271889,43878.016,15357.80769747821
271890,43878.016,31589.46877559867
271891,43878.016,66719.5541708866
271892,43878.016,13947.189764353627
271893,43878.016,35765.05669565898
271894,43878.016,25050.192383202797
271895,43878.016,11398.203997516739
271896,43878.016,19683.4680529279
271897,43878.016,20626.870867775648
271898,43878.016,20740.134715719374
271899,43878.016,19202.756930706357
271900,43878.016,16416.876039380066
271901,43878.016,10736.149710618387
271902,43878.016,17364.73827010218
271903,43878.016,17419.191700809406
271904,43878.016,12165.872375497207
271905,43878.016,10821.886848680731
271906,43878.016,54064.48564518082
271907,43878.016,9916.92802803869
271908,43878.016,11103.077337144428
271909,43878.016,43069.733516701504
271910,43878.016,50311.177290754415
271911,43878.016,44904.07059004335
271912,43878.016,12225.338407376914
271913,43878.016,49762.38303736659
271914,43878.016,26780.543647767878
271915,43878.016,17452.383283614567
271916,43878.016,11582.888185974609
271917,43878.016,48722.29270101272
271918,43878.016,61936.47804989788
271919,43878.016,21270.565456224347
271920,43878.016,36572.75737136808
271921,43878.016,70404.13688321678
271922,43878.016,23708.849301742815
271923,43878.016,42722.69178475132
271924,43878.016,14889.321601464284
271925,43878.016,64783.59153031904
271926,43878.016,82835.43398647099
271927,43878.016,13026.565782761892
271928,43878.016,48313.27434475521
271929,43878.016,42873.60346481445
271930,43878.016,34133.90790459348
271931,43878.016,67527.8924643791
271932,43878.016,12347.20570885882
271933,43878.016,11948.191671927316
271934,43878.016,10770.714376450158
271935,43878.016,24138.012395957514
271936,43878.016,29012.667164174527
271937,43878.016,47845.50552021243
271938,43878.016,15852.301435439076
271939,43878.016,21729.586270114054
271940,43878.016,39356.7426951207
271941,43878.016,26527.63880596991
271942,43878.016,19653.37149370796
271943,43878.016,59231.31124753331
271944,43878.016,19342.151634489222
271945,43878.016,55183.67361064781
271946,43878.016,36434.602963603924
271947,43878.016,9842.574374894182
271948,43878.016,49136.86051062129
271949,43878.016,8539.607954897527
271950,43878.016,17492.510552076787
271951,43878.016,12351.955257058757
271952,43878.016,32866.689329540706
271953,43878.016,19669.029770330733
271954,43878.016,47041.55140555032
271955,43878.016,41997.04158300227
271956,43878.016,16206.656842064489
271957,43878.016,4116.134341236631
271958,43878.016,31231.765662511792
271959,43878.016,17600.980952757498
271960,43878.016,13036.92473136067
271961,43878.016,58814.527502903016
271962,43878.016,32911.67317156766
271963,43878.016,10728.573515739705
271964,43878.016,19216.939410500076
271965,43878.016,61464.524812016105
271966,43878.016,23212.854635054187
271967,43878.016,28549.59869473889
271968,43878.016,40333.00509297225
271969,43878.016,40975.64056459639
271970,43878.016,31701.890814966668
271971,43878.016,57468.59572650786
271972,43878.016,57532.72343492516
271973,43878.016,51830.84952852121
271974,43878.016,15718.579136379294
271975,43878.016,62699.30977614957
271976,43878.016,42683.1250917888
271977,43878.016,42902.384035879564
271978,43878.016,26846.0277019183
271979,43878.016,7918.033305795666
271980,43878.016,33889.9896803991
271981,43878.016,35705.52948479672
271982,43878.016,11806.418554986545
271983,43878.016,21851.208106689926
271984,43878.016,57155.00175527761
271985,43878.016,16359.733865675249
271986,43878.016,56429.97980990217
271987,43878.016,38259.02536826692
271988,43878.016,13101.338632599934
271989,43878.016,33640.60663178097
271990,43878.016,25597.432154556464
271991,43878.016,11282.803410596916
271992,43878.016,31093.78639603062
271993,43878.016,32780.918659012954
271994,43878.016,44841.225252612516
271995,43878.016,30151.358903530665
271996,43878.016,48365.50536824318
271997,43878.016,23736.37002550525
271998,43878.016,31893.260758086333
271999,43878.016,11272.396605262762
272000,43878.016,13649.038465402102
272001,43878.016,27761.041596332605
272002,43878.016,10585.198222928495
272003,43878.016,12821.859298272733
272004,43878.016,49119.46810079117
272005,43878.016,47208.047807220784
272006,43878.016,45447.2756510909
272007,43878.016,63394.3748430659
272008,43878.016,47971.271151718494
272009,43878.016,19420.05959226518
272010,43878.016,28782.187686021894
272011,43878.016,41107.661886333306
272012,43878.016,30415.780093298592
272013,43878.016,47286.52767166642
272014,43878.016,62094.9917872298
272015,43878.016,63201.049673179
272016,43878.016,46637.72137222512
272017,43878.016,15266.534770377624
272018,43878.016,20269.5118550175
272019,43878.016,47085.2514625707
272020,43878.016,39702.23193609882
272021,43878.016,17784.57132660514
272022,43878.016,18800.669510243457
272023,43878.016,34368.835157943075
272024,43878.016,26253.402783826376
272025,43878.016,30350.366819760937
272026,43878.016,9825.85398444335
272027,43878.016,23791.60245205307
272028,43878.016,34797.90866041204
272029,43878.016,24952.711850477175
272030,43878.016,68716.34765281448
272031,43878.016,23885.84892419057
272032,43878.016,21518.037242867165
272033,43878.016,65602.803667344
272034,43878.016,7094.412219256998
272035,43878.016,47517.91791759877
272036,43878.016,8551.383600491145
272037,43878.016,53404.88547993675
272038,43878.016,9852.689069706614
272039,43878.016,45562.74627353844
272040,43878.016,18726.14576237143
272041,43878.016,48877.22960094258
272042,43878.016,28581.07483172076
272043,43878.016,24822.39086675806
272044,43878.016,68983.47604062711
272045,43878.016,24081.16042936452
272046,43878.016,15551.125059905578
272047,43878.016,58084.01847279167
272048,43878.016,38013.422825933936
272049,43878.016,26697.022336673403
272050,43878.016,53299.257217681545
272051,43878.016,20475.004474403842
272052,43878.016,72565.8664351464
272053,43878.016,44264.489686280875
272054,43878.016,12445.415903703228
272055,43878.016,51636.0630485613
272056,43878.016,28747.71510038128
272057,43878.016,50830.088400150584
272058,43878.016,33921.20620051202
272059,43878.016,24961.62536593301
272060,43878.016,58556.916620851516
272061,43878.016,50117.121728731654
272062,43878.016,26172.118918769924
272063,43878.016,18572.459344994484
272064,43878.016,51255.545092041844
272065,43878.016,29002.634636206418
272066,43878.016,12017.75175520467
272067,43878.016,26519.056693396313
272068,43878.016,26849.452906889594
272069,43878.016,18466.63717491743
272070,43878.016,17942.170656195245
272071,43878.016,34095.70476078575
272072,43878.016,49801.50698876833
272073,43878.016,53806.83711769526
272074,43878.016,63669.269996354255
272075,43878.016,36382.32047169022
272076,43878.016,52478.880178631145
272077,43878.016,41664.3536392976
272078,43878.016,15577.657594655402
272079,43878.016,36193.1411190273
272080,43878.016,14510.365950446105
272081,43878.016,21214.190142978743
272082,43878.016,9480.253487133123
272083,43878.016,62340.15029303508
272084,43878.016,68328.80952609098
272085,43878.016,4699.489821124289
272086,43878.016,37404.852297348596
272087,43878.016,19758.934818364727
272088,43878.016,19891.05171583306
272089,43878.016,8008.8378273056705
272090,43878.016,19634.869290748597
272091,43878.016,64368.19735379852
272092,43878.016,16144.14990552713
272093,43878.016,20901.91265758788
272094,43878.016,34463.39696602194
272095,43878.016,21492.765585477075
272096,43878.016,24569.773035664515
272097,43878.016,21390.92481901551
272098,43878.016,12048.883553194999
272099,43878.016,56511.948528685556
272100,43878.016,23168.764093639358
272101,43878.016,22018.97282262621
272102,43878.016,18140.137315572727
272103,43878.016,46561.852169941354
272104,43878.016,5663.506089078454
272105,43878.016,19575.11675438467
272106,43878.016,27051.50390767897
272107,43878.016,42047.80933715588
272108,43878.016,29005.80056946808
272109,43878.016,11287.350985113126
272110,43878.016,77825.3166102566
272111,43878.016,43156.01894571878
272112,43878.016,41222.96063280082
272113,43878.016,18857.637455802353
272114,43878.016,22511.712929771962
272115,43878.016,9843.606762502752
272116,43878.016,19056.09797983671
272117,43878.016,42618.45962180589
272118,43878.016,21726.574096245997
272119,43878.016,9842.148860016416
272120,43878.016,10925.89735515762
272121,43878.016,11836.618076310964
272122,43878.016,25837.58401196416
272123,43878.016,21568.49098643824
272124,43878.016,47167.1500860906
272125,43878.016,96864.88192920234
272126,43878.016,16891.280310744434
272127,43878.016,51894.23614420594
272128,43878.016,34776.186157723554
272129,43878.016,61083.78587680314
272130,43878.016,38588.79425834099
272131,43878.016,37454.22441466847
272132,43878.016,19241.656824748356
272133,43878.016,19081.32539679346
272134,43878.016,17223.922705165623
272135,43878.016,32896.68066193234
272136,43878.016,47888.865298285615
272137,43878.016,37735.11988652869
272138,43878.016,46195.69504187951
272139,43878.016,11183.25773707631
272140,43878.016,25702.66771088403
272141,43878.016,25186.191342786995
272142,43878.016,64242.15537984705
272143,43878.016,35347.63119450544
272144,43878.016,37295.878515890916
272145,43878.016,10826.6526882859
272146,43878.016,17506.13670954557
272147,43878.016,33535.8730664886
272148,43878.016,31343.6449673778
272149,43878.016,15843.868665744974
272150,43878.016,70626.30281973032
272151,43878.016,30672.176646159794
272152,43878.016,43235.88744746706
272153,43878.016,15510.698063144668
272154,43878.016,53003.47626602446
272155,43878.016,33112.55433856202
272156,43878.016,31609.344531250383
272157,43878.016,9649.053698850556
272158,43878.016,34251.25561445474
272159,43878.016,13839.881453845863
272160,43878.016,58769.245653084676
272161,43878.016,21500.920714016167
272162,43878.016,63958.483154960035
272163,43878.016,67613.52247105975
272164,43878.016,37367.67980696307
272165,43878.016,22955.629790443192
272166,43878.016,38193.51833954392
272167,43878.016,36863.14140954737
272168,43878.016,53777.40394095731
272169,43878.016,29177.91281144219
272170,43878.016,59644.269401298494
272171,43878.016,36547.898256529574
272172,43878.016,21982.872220576817
272173,43878.016,42936.122707869974
272174,43878.016,8319.944186050849
272175,43878.016,63018.92228958829
272176,43878.016,81891.75868702744
272177,43878.016,17886.132788642273
272178,43878.016,21847.30875623565
272179,43878.016,30002.72657663257
272180,43878.016,45175.69656070539
272181,43878.016,22618.959791094796
272182,43878.016,57962.70776793138
272183,43878.016,23633.975758721197
272184,43878.016,26280.965208070986
272185,43878.016,54960.83374062697
272186,43878.016,32428.073837068456
272187,43878.016,49334.115664591234
272188,43878.016,39819.934222723656
272189,43878.016,52838.7225777993
272190,43878.016,42269.253400669375
272191,43878.016,32169.66163025856
272192,43878.016,60318.110544839205
272193,43878.016,21985.115373154975
272194,43878.016,10253.241612769607
272195,43878.016,37499.88661342998
272196,43878.016,28696.417106443845
272197,43878.016,21400.220299283224
272198,43878.016,59754.39657044795
272199,43878.016,5489.130822965051
272200,43878.016,19647.42780989881
272201,43878.016,33981.67390347056
272202,43878.016,60083.39319783243
272203,43878.016,53030.39054517607
272204,43878.016,18747.179988143027
272205,43878.016,29414.68680930874
272206,43878.016,33146.99232599743
272207,43878.016,56157.85358481171
272208,43878.016,61891.49700971819
272209,43878.016,11833.372976533938
272210,43878.016,58584.30236912369
272211,43878.016,30988.10465919567
272212,43878.016,53087.79746938263
272213,43878.016,25544.705497146762
272214,43878.016,36988.19215643074
272215,43878.016,23388.47036797197
272216,43878.016,54150.76633362528
272217,43878.016,35951.63851874062
272218,43878.016,37677.4115432291
272219,43878.016,17371.066213203372
272220,43878.016,45330.025656367405
272221,43878.016,7297.199232168929
272222,43878.016,52393.46202595851
272223,43878.016,11588.730557157878
272224,43878.016,45288.47419835422
272225,43878.016,27168.919827499667
272226,43878.016,15190.475420048888
272227,43878.016,11362.874396178078
272228,43878.016,12746.577158389558
272229,43878.016,14582.754946591145
272230,43878.016,40100.75026894852
272231,43878.016,23423.699729901215
272232,43878.016,8764.610119938574
272233,43878.016,7486.203778140163
272234,43878.016,49683.88388821446
272235,43878.016,47070.321765001245
272236,43878.016,53562.17588144116
272237,43878.016,26131.58906681159
272238,43878.016,23092.49439827737
272239,43878.016,15633.928194349988
272240,43878.016,49069.13833189159
272241,43878.016,55685.16539771706
272242,43878.016,9238.271833488456
272243,43878.016,9894.141766194807
272244,43878.016,25207.13069969009
272245,43878.016,19412.046625264746
272246,43878.016,67383.55472985611
272247,43878.016,11286.934340378704
272248,43878.016,62431.11676132138
272249,43878.016,74413.7490145279
272250,43878.016,37500.18690093912
272251,43878.016,32906.80548434253
272252,43878.016,16386.852065675335
272253,43878.016,30670.39434742144
272254,43878.016,78844.64432528695
272255,43878.016,14354.25076767099
272256,43878.016,59157.17195334728
272257,43878.016,34345.74275486814
272258,43878.016,41732.25482821093
272259,43878.016,57663.7056247225
272260,43878.016,74716.54050762832
272261,43878.016,20666.427882098524
272262,43878.016,8934.335701731643
272263,43878.016,18351.16361464565
272264,43878.016,29533.080658535277
272265,43878.016,20920.011733985313
272266,43878.016,52330.24457530168
272267,43878.016,11110.318644447545
272268,43878.016,43070.987919807514
272269,43878.016,53939.15062971733
272270,43878.016,12131.621558502371
272271,43878.016,18837.83658732443
272272,43878.016,51840.84785474918
272273,43878.016,48208.46082417212
272274,43878.016,20049.27028861886
272275,43878.016,21035.499865326394
272276,43878.016,74534.60305951606
272277,43878.016,35342.602848044546
272278,43878.016,43697.19472779172
272279,43878.016,6038.610780987899
272280,43878.016,25991.109307691404
272281,43878.016,53574.05080658499
272282,43878.016,41439.2825610535
272283,43878.016,36321.609857258
272284,43878.016,13362.669960489813
272285,43878.016,55178.77456366105
272286,43878.016,36609.33247871393
272287,43878.016,16599.215514191557
272288,43878.016,20477.381299554032
272289,43878.016,55571.17358341555
272290,43878.016,48042.88942650977
272291,43878.016,29920.636596977405
272292,43878.016,14059.447213429465
272293,43878.016,16840.07685449183
272294,43878.016,36245.55047585649
272295,43878.016,18183.678779928137
272296,43878.016,10190.731259458182
272297,43878.016,60046.88358809533
272298,43878.016,60477.501055017
272299,43878.016,26206.719699932884
272300,43878.016,51743.53325984574
272301,43878.016,32826.742836139434
272302,43878.016,31793.300850771266
272303,43878.016,43156.04978994171
272304,43878.016,9187.133847848667
272305,43878.016,59822.75781063951
272306,43878.016,39752.66899189636
272307,43878.016,32955.23700877831
272308,43878.016,29177.89391218541
272309,43878.016,30547.216522927207
272310,43878.016,9749.291402426266
272311,43878.016,62071.53125685267
272312,43878.016,36966.484359442285
272313,43878.016,30455.832173634542
272314,43878.016,44736.39575415714
272315,43878.016,68549.04610514564
272316,43878.016,22883.633723596762
272317,43878.016,56736.871356904456
272318,43878.016,14209.324723391725
272319,43878.016,34168.73425068044
272320,43878.016,24170.523824680527
272321,43878.016,7363.809904559961
272322,43878.016,18480.059858398432
272323,43878.016,19264.367969012786
272324,43878.016,32563.445529319702
272325,43878.016,43111.3010430254
272326,43878.016,20467.180068839647
272327,43878.016,42638.20821970926
272328,43878.016,25791.216702706995
272329,43878.016,55053.924651076064
272330,43878.016,35226.99337656268
272331,43878.016,17957.32298198616
272332,43878.016,10396.65805504463
272333,43878.016,91458.51070533616
272334,43878.016,13913.300912254113
272335,43878.016,65956.73694252103
272336,43878.016,25853.797179449637
272337,43878.016,20187.3747891351
272338,43878.016,13386.666028994945
272339,43878.016,33988.41776678622
272340,43878.016,6162.816234782332
272341,43878.016,10604.916100128825
272342,43878.016,19754.849764265866
272343,43878.016,41352.94973625048
272344,43878.016,56232.63089201849
272345,43878.016,38468.92500662363
272346,43878.016,38111.609632646236
272347,43878.016,67266.08728603409
272348,43878.016,58644.348438935835
272349,43878.016,46648.51753004695
272350,43878.016,8062.186928542455
272351,43878.016,23137.207265199533
272352,43878.016,42023.49598728619
272353,43878.016,14200.877318894332
272354,43878.016,62792.95333343004
272355,43878.016,48878.416809120674
272356,43878.016,25028.110525492848
272357,43878.016,79952.17485305286
272358,43878.016,62728.39251211801
272359,43878.016,47480.55294323464
272360,43878.016,25286.49320624305
272361,43878.016,21224.411028855317
272362,43878.016,47115.40625778706
272363,43878.016,31176.823651694012
272364,43878.016,56700.620165057146
272365,43878.016,11257.346836821507
272366,43878.016,36052.929661585804
272367,43878.016,14254.228539293443
272368,43878.016,50820.694398129235
272369,43878.016,50238.38516758928
272370,43878.016,20467.70804639271
272371,43878.016,74803.5016295208
272372,43878.016,31937.07936307654
272373,43878.016,19311.81145825217
272374,43878.016,58806.30566496453
272375,43878.016,56436.27181074331
272376,43878.016,28371.556732943296
272377,43878.016,39708.69384537513
272378,43878.016,35202.8613928924
272379,43878.016,16333.017327985894
272380,43878.016,16694.088928278517
272381,43878.016,60291.05373213414
272382,43878.016,9967.884326947538
272383,43878.016,38529.35710944331
272384,43878.016,9033.999799364345
272385,43878.016,12486.704183421401
272386,43878.016,32551.579390113944
272387,43878.016,27640.544772153316
272388,43878.016,16377.693402932267
272389,43878.016,31023.441926299212
272390,43878.016,18974.94107314886
272391,43878.016,60954.10635980806
272392,43878.016,17952.642455991383
272393,43878.016,55314.428589441006
272394,43878.016,53098.14602406052
272395,43878.016,48486.83378047224
272396,43878.016,43455.59341328081
272397,43878.016,24575.857658080113
272398,43878.016,48325.8447434314
272399,43878.016,52791.65246985543
272400,43878.016,65062.336846696075
272401,43878.016,63864.94320609858
272402,43878.016,53047.702648026025
272403,43878.016,19048.27762601937
272404,43878.016,71348.64559594092
272405,43878.016,15382.370758875906
272406,43878.016,39405.35516736251
272407,43878.016,28329.3955562776
272408,43878.016,59884.58421782618
272409,43878.016,17898.976198797314
272410,43878.016,7041.2342103616875
272411,43878.016,50371.40131195499
272412,43878.016,55676.832127232476
272413,43878.016,61229.911857928375
272414,43878.016,47234.31940436059
272415,43878.016,46100.77197864215
272416,43878.016,29001.50875453025
272417,43878.016,19076.446022846303
272418,43878.016,47223.634636092844
272419,43878.016,54229.38813811027
272420,43878.016,21909.84452775623
272421,43878.016,37688.584911941995
272422,43878.016,10485.344494761575
272423,43878.016,32863.63880953062
272424,43878.016,8377.883481833882
272425,43878.016,16757.493219655575
272426,43878.016,38680.235339825376
272427,43878.016,25828.0076687036
272428,43878.016,35153.557307018375
272429,43878.016,48533.43160394573
272430,43878.016,14698.18766561346
272431,43878.016,17684.398393863434
272432,43878.016,12265.568750966218
272433,43878.016,53778.06982584238
272434,43878.016,52204.95453372421
272435,43878.016,106327.2222340516
272436,43878.016,33044.500365935215
272437,43878.016,51989.70346019609
272438,43878.016,30472.435610986446
272439,43878.016,49802.60060053314
272440,43878.016,10400.484046153264
272441,43878.016,36381.32981648729
272442,43878.016,33597.84308640419
272443,43878.016,65313.25698674794
272444,43878.016,30065.933325831174
272445,43878.016,14109.47696376534
272446,43878.016,28459.999706020368
272447,43878.016,41148.17483710945
272448,43878.016,59765.77510379957
272449,43878.016,9541.618351174804
272450,43878.016,26726.535117150805
272451,43878.016,7148.652268343894
272452,43878.016,9428.118702238362
272453,43878.016,21143.90287748769
272454,43878.016,5598.307140651416
272455,43878.016,38987.28234786145
272456,43878.016,22379.226136908783
272457,43878.016,30731.333428136993
272458,43878.016,46035.62077091684
272459,43878.016,34421.269895812686
272460,43878.016,47998.46457171372
272461,43878.016,52037.523048354466
272462,43878.016,76968.8821598437
272463,43878.016,4960.108758230368
272464,43878.016,45203.74482469135
272465,43878.016,44008.82073090353
272466,43878.016,15575.605846112903
272467,43878.016,22384.463880117422
272468,43878.016,6346.250894185255
272469,43878.016,39534.26590940187
272470,43878.016,13145.340037994807
272471,43878.016,29772.165723773134
272472,43878.016,50914.65587464318
272473,43878.016,20384.62865310329
272474,43878.016,26160.655206740845
272475,43878.016,25785.3263072018
272476,43878.016,19460.10678788144
272477,43878.016,57619.69614662465
272478,43878.016,42240.47754369706
272479,43878.016,32980.96115621401
272480,43878.016,51822.40073524389
272481,43878.016,15662.273171224168
272482,43878.016,28811.690961702
272483,43878.016,49522.396148581014
272484,43878.016,11207.430217973628
272485,43878.016,51587.39833865452
272486,43878.016,19202.08172980906
272487,43878.016,57396.35921360136
272488,43878.016,11077.057002872038
272489,43878.016,53154.39659453941
272490,43878.016,56093.876908838116
272491,43878.016,39360.54387319089
272492,43878.016,47478.68793724357
272493,43878.016,4570.629052610859
272494,43878.016,45832.63186531889
272495,43878.016,38162.302672503414
272496,43878.016,9062.763024586611
272497,43878.016,14364.876415118322
272498,43878.016,20887.148594113987
272499,43878.016,10658.461940794215
272500,43878.016,56318.929336365356
272501,43878.016,66265.19752669774
272502,43878.016,43505.729916555196
272503,43878.016,29222.27929900276
272504,43878.016,7672.077717631985
272505,43878.016,32165.602661427103
272506,43878.016,39116.927117996536
272507,43878.016,16657.16211836364
272508,43878.016,24102.013812829282
272509,43878.016,41968.479705515885
272510,43878.016,32387.019843962542
272511,43878.016,22112.156605997043
272512,43878.016,53169.61700719515
272513,43878.016,76304.47192277016
272514,43878.016,11319.97869112929
272515,43878.016,38637.371032997624
272516,43878.016,65588.01556597138
272517,43878.016,44824.701292790916
272518,43878.016,12229.323461142572
272519,43878.016,68000.35449046816
272520,43878.016,11236.160075938064
272521,43878.016,47544.679372515544
272522,43878.016,43122.90121593399
272523,43878.016,29919.01038191715
272524,43878.016,23743.49372292716
272525,43878.016,25493.748678854423
272526,43878.016,43015.62531936531
272527,43878.016,37093.59033714106
272528,43878.016,32624.96709939828
272529,43878.016,43866.39239183481
272530,43878.016,12016.73905773973
272531,43878.016,74639.2677633438
272532,43878.016,35840.242088891086
272533,43878.016,38889.996225496456
272534,43878.016,56917.365239601604
272535,43878.016,31211.21781927082
272536,43878.016,55213.47163874891
272537,43878.016,61432.90212422742
272538,43878.016,48372.127957157514
272539,43878.016,22254.736854855877
272540,43878.016,31975.1754241462
272541,43878.016,33462.07613114212
272542,43878.016,33344.46984936556
272543,43878.016,47487.28528131787
272544,43878.016,14198.98894833279
272545,43878.016,50270.2186224768
272546,43878.016,62690.99507971236
272547,43878.016,41225.44489195992
272548,43878.016,21957.715600824355
272549,43878.016,10092.90985677558
272550,43878.016,67013.88231387822
272551,43878.016,11733.013715783218
272552,43878.016,31615.36208415666
272553,43878.016,52474.35100133133
272554,43878.016,17647.27399223489
272555,43878.016,11530.605187563173
272556,43878.016,12217.431307248662
272557,43878.016,42890.306437482686
272558,43878.016,41517.45477776992
272559,43878.016,11533.598839557384
272560,43878.016,25434.241823652785
272561,43878.016,10847.082484173676
272562,43878.016,49605.57727315334
272563,43878.016,65091.98283301778
272564,43878.016,9439.037676544565
272565,43878.016,30340.456356171435
272566,43878.016,29736.867105691686
272567,43878.016,10810.650397927115
272568,43878.016,11814.605100671672
272569,43878.016,44864.48767358624
272570,43878.016,25101.851214258644
272571,43878.016,28317.376457668495
272572,43878.016,46729.6227917279
272573,43878.016,36456.651443108385
272574,43878.016,17195.713973969447
272575,43878.016,58858.31266202535
272576,43878.016,10278.014955580853
272577,43878.016,55669.396617948114
272578,43878.016,16420.581498586114
272579,43878.016,37854.6082903465
272580,43878.016,32328.811714711246
272581,43878.016,19127.40631128948
272582,43878.016,14169.081815746818
272583,43878.016,48981.66880253314
272584,43878.016,17954.518305886068
272585,43878.016,14610.086400002998
272586,43878.016,56881.17483907422
272587,43878.016,45413.62429604604
272588,43878.016,53434.11785170522
272589,43878.016,10516.129313968937
272590,43878.016,29920.278457500546
272591,43878.016,18735.970732858248
272592,43878.016,38318.87354442715
272593,43878.016,25151.772502926146
272594,43878.016,29890.96197514812
272595,43878.016,7655.767402288696
272596,43878.016,16655.589760072537
272597,43878.016,34011.395344157674
272598,43878.016,64924.88932607856
272599,43878.016,50899.49820339995
272600,43878.016,42319.16099029971
272601,43878.016,67123.93663232485
272602,43878.016,77038.48494662695
272603,43878.016,42569.54327276974
272604,43878.016,35718.37505169087
272605,43878.016,60857.66251472816
272606,43878.016,42929.93691170921
272607,43878.016,54395.990192631034
272608,43878.016,41001.21999350065
272609,43878.016,54702.988776288425
272610,43878.016,42103.606668433975
272611,43878.016,53860.113555212825
272612,43878.016,32697.016127679668
272613,43878.016,41705.660155392776
272614,43878.016,15864.791761816781
272615,43878.016,27643.680636439763
272616,43878.016,56213.272943275406
272617,43878.016,28064.830028319324
272618,43878.016,30608.868262919957
272619,43878.016,14799.677972262662
272620,43878.016,12438.77907334643
272621,43878.016,42613.19021320156
272622,43878.016,46631.328744397615
272623,43878.016,37314.25936386467
272624,43878.016,13790.397556804732
272625,43878.016,19231.10736522762
272626,43878.016,53573.05971549736
272627,43878.016,52956.746342715094
272628,43878.016,15651.62905238247
272629,43878.016,57930.682670820126
272630,43878.016,29457.801460787752
272631,43878.016,34015.979281905486
272632,43878.016,24872.731586885788
272633,43878.016,41715.68163217511
272634,43878.016,54056.621290366755
272635,43878.016,17573.531037846053
272636,43878.016,40667.27797825934
272637,43878.016,54626.16053847272
272638,43878.016,10720.923114221385
272639,43878.016,79023.54888208015
272640,43878.016,18412.654105671274
272641,43878.016,19837.824045123427
272642,43878.016,48038.332993282755
272643,43878.016,11637.834592978945
272644,43878.016,17219.75157223377
272645,43878.016,31968.848060585457
272646,43878.016,12088.846571213173
272647,43878.016,35339.75541365717
272648,43878.016,21350.54355784223
272649,43878.016,55914.766503030056
272650,43878.016,20111.131380160856
272651,43878.016,61071.60781524835
272652,43878.016,21217.437215636175
272653,43878.016,10021.422491279522
272654,43878.016,49668.48027624833
272655,43878.016,51178.700133159255
272656,43878.016,12223.254015025628
272657,43878.016,14875.031908508829
272658,43878.016,53329.13438950963
272659,43878.016,14400.70556819096
272660,43878.016,41608.244777529006
272661,43878.016,31407.029912185455
272662,43878.016,53261.57982176537
272663,43878.016,64163.36348108758
272664,43878.016,3607.5466179112036
272665,43878.016,25471.40564533346
272666,43878.016,38806.56740525171
272667,43878.016,25658.014312770254
272668,43878.016,18985.15780900655
272669,43878.016,33717.46652640551
272670,43878.016,38765.65839018827
272671,43878.016,37497.15247800299
272672,43878.016,50970.17656088501
272673,43878.016,48526.01100240996
272674,43878.016,29284.50896562774
272675,43878.016,49544.391533557886
272676,43878.016,17437.381512745545
272677,43878.016,21979.34025646328
272678,43878.016,12489.162687145032
272679,43878.016,26800.072438471947
272680,43878.016,10404.632836871524
272681,43878.016,37823.22475969065
272682,43878.016,19018.47508113348
272683,43878.016,15210.611200276899
272684,43878.016,45536.04631420127
272685,43878.016,17882.52938822056
272686,43878.016,18009.765060862992
272687,43878.016,28108.427824418755
272688,43878.016,37275.81356655921
272689,43878.016,28393.57815005079
272690,43878.016,50864.26463460211
272691,43878.016,42027.67552278308
272692,43878.016,58419.065919373956
272693,43878.016,6982.868000931485
272694,43878.016,47135.35568446914
272695,43878.016,41776.23729651745
272696,43878.016,119571.62101435647
272697,43878.016,37148.690534103254
272698,43878.016,48527.190529581945
272699,43878.016,8430.291637483375
272700,43878.016,29231.84760516245
272701,43878.016,23536.779976848127
272702,43878.016,72198.41023696211
272703,43878.016,18969.756141644903
272704,43878.016,43745.063064205286
272705,43878.016,31699.58861273783
272706,43878.016,42684.24003561581
272707,43878.016,34863.48921413079
272708,43878.016,15338.595461814828
272709,43878.016,20141.877560197732
272710,43878.016,36062.81475397296
272711,43878.016,14640.604409837077
272712,43878.016,19488.333900812515
272713,43878.016,52610.74634644612
272714,43878.016,31362.839293143516
272715,43878.016,47327.94865359899
272716,43878.016,13506.453706839424
272717,43878.016,69953.91382361948
272718,43878.016,20497.168647454007
272719,43878.016,45358.542884861614
272720,43878.016,52167.63115986157
272721,43878.016,39374.448256767355
272722,43878.016,26097.328070142055
272723,43878.016,13108.12614401549
272724,43878.016,46524.98692130149
272725,43878.016,24680.12465659414
272726,43878.016,12350.765797467324
272727,43878.016,39720.13224829232
272728,43878.016,41439.876392787846
272729,43878.016,35975.77293138596
272730,43878.016,50937.15670059466
272731,43878.016,43645.763517240885
272732,43878.016,33201.70297669754
272733,43878.016,80826.87422997093
272734,43878.016,30595.585845586495
272735,43878.016,4782.71381409153
272736,43878.016,38383.82742513546
272737,43878.016,20800.854213057537
272738,43878.016,20212.12648822486
272739,43878.016,58379.1563152641
272740,43878.016,44181.12259191652
272741,43878.016,59017.36969074142
272742,43878.016,25001.26484882733
272743,43878.016,18944.52666358056
272744,43878.016,63954.87000119134
272745,43878.016,72497.15907622127
272746,43878.016,25991.444137595143
272747,43878.016,68537.78482613774
272748,43878.016,47194.505435807114
272749,43878.016,35491.763267098264
272750,43878.016,30110.57418203741
272751,43878.016,8512.170946226735
272752,43878.016,14675.422362536678
272753,43878.016,31911.317556262326
272754,43878.016,59329.76049134289
272755,43878.016,14243.084362872909
272756,43878.016,60347.66105809876
272757,43878.016,17720.475649627304
272758,43878.016,56721.95513338585
272759,43878.016,34225.28292921205
272760,43878.016,40552.84335997609
272761,43878.016,18641.031509692028
272762,43878.016,55314.651219683234
272763,43878.016,17941.99136759564
272764,43878.016,19040.329324825827
272765,43878.016,12293.605258333379
272766,43878.016,53414.94006777603
272767,43878.016,52658.61040142516
272768,43878.016,36922.46817838648
272769,43878.016,11493.745332595081
272770,43878.016,44073.21142765131
272771,43878.016,54451.07676632208
272772,43878.016,20393.752523605155
272773,43878.016,9819.525244095761
272774,43878.016,65717.71809091707
272775,43878.016,91977.03383224992
272776,43878.016,36256.30453720897
272777,43878.016,30375.58638967232
272778,43878.016,46414.76272051476
272779,43878.016,30242.84878603678
272780,43878.016,30208.53223945957
272781,43878.016,34017.45214834563
272782,43878.016,44208.64768097896
272783,43878.016,53436.02477427263
272784,43878.016,47928.91140695523
272785,43878.016,32921.64746930194
272786,43878.016,73646.91079483347
272787,43878.016,31527.298644245275
272788,43878.016,8901.47489666118
272789,43878.016,30986.896106575357
272790,43878.016,40199.71667354621
272791,43878.016,15001.590708832498
272792,43878.016,31298.929558035252
272793,43878.016,17492.91913415619
272794,43878.016,30428.00195876883
272795,43878.016,40017.92677222525
272796,43878.016,35696.95203739885
272797,43878.016,62261.62981388953
272798,43878.016,51570.946613075495
272799,43878.016,27510.601933805014
272800,43878.016,54924.15964348401
272801,43878.016,38401.129002411544
272802,43878.016,16569.3609209586
272803,43878.016,18823.86273716894
272804,43878.016,32825.77940275232
272805,43878.016,60398.58809398196
272806,43878.016,15909.41657189485
272807,43878.016,14909.724802033039
272808,43878.016,76891.3729614249
272809,43878.016,23941.855633333973
272810,43878.016,30475.95288760987
272811,43878.016,72371.30471062592
272812,43878.016,29886.94063248194
272813,43878.016,10037.32745320853
272814,43878.016,55290.72227670656
272815,43878.016,39477.55999460354
272816,43878.016,25035.442605659944
272817,43878.016,40845.91243758669
272818,43878.016,23718.15370025853
272819,43878.016,36609.11806884597
272820,43878.016,32598.71010277512
272821,43878.016,22757.856979476284
272822,43878.016,40505.40162622599
272823,43878.016,42698.278480482004
272824,43878.016,15651.399521479885
272825,43878.016,32027.560329801254
272826,43878.016,35570.72019998216
272827,43878.016,34427.5547567339
272828,43878.016,35069.571639002206
272829,43878.016,35599.492539282975
272830,43878.016,13121.421506717661
272831,43878.016,24650.95330989483
272832,43878.016,27889.928137554663
272833,43878.016,48997.69697681015
272834,43878.016,33919.72637043649
272835,43878.016,32751.60709678556
272836,43878.016,49261.70361636848
272837,43878.016,34811.20249302487
272838,43878.016,71344.77579302953
272839,43878.016,26608.02068484766
272840,43878.016,52897.167368108545
272841,43878.016,50932.71669610824
272842,43878.016,6273.722380251497
272843,43878.016,50109.98076499412
272844,43878.016,15630.733336292651
272845,43878.016,18347.58975925638
272846,43878.016,30021.559750826847
272847,43878.016,24821.487238835314
272848,43878.016,26347.75340746266
272849,43878.016,54992.793311004294
272850,43878.016,19853.74692583214
272851,43878.016,6564.320615687433
272852,43878.016,10629.529938208269
272853,43878.016,42261.02948432331
272854,43878.016,31444.554309722254
272855,43878.016,21134.69038590575
272856,43878.016,68608.32143286556
272857,43878.016,54830.890504842544
272858,43878.016,13195.85895489325
272859,43878.016,55819.16923986494
272860,43878.016,49414.58339275683
272861,43878.016,32995.06571501022
272862,43878.016,39694.38154393599
272863,43878.016,10484.560010144127
272864,43878.016,39393.10262827685
272865,43878.016,29881.072590531716
272866,43878.016,57468.19364801761
272867,43878.016,21708.18335766419
272868,43878.016,58237.176514462255
272869,43878.016,30299.009460140725
272870,43878.016,37108.30016122779
272871,43878.016,11527.067923526325
272872,43878.016,53490.846524744156
272873,43878.016,32210.19717220942
272874,43878.016,28234.01282933128
272875,43878.016,34320.09186341905
272876,43878.016,41101.90835446333
272877,43878.016,33978.10447015471
272878,43878.016,34448.57099880557
272879,43878.016,28786.241081942706
272880,43878.016,11651.634068932373
272881,43878.016,49187.082132771175
272882,43878.016,16883.12258055471
272883,43878.016,10787.141383452801
272884,43878.016,20918.96983317808
272885,43878.016,10085.707656270439
272886,43878.016,16973.074359964958
272887,43878.016,25699.531572768352
272888,43878.016,62538.04774203383
272889,43878.016,46757.40467366606
272890,43878.016,45782.070265202085
272891,43878.016,35478.9339043652
272892,43878.016,56283.03481897012
272893,43878.016,52634.547294762575
272894,43878.016,62002.38948686345
272895,43878.016,37927.459693189834
272896,43878.016,14031.500658507419
272897,43878.016,43886.702737641164
272898,43878.016,55196.17725960017
272899,43878.016,9938.819827244992
272900,43878.016,27968.576586687785
272901,43878.016,57911.59558771626
272902,43878.016,36105.89181188703
272903,43878.016,48879.24453142242
272904,43878.016,41647.07311129923
272905,43878.016,10802.101321229607
272906,43878.016,44817.34364967275
272907,43878.016,11708.790089050792
272908,43878.016,21112.316290696253
272909,43878.016,12578.063755340498
272910,43878.016,56749.27464301648
272911,43878.016,52046.3695310587
272912,43878.016,55908.831768875665
272913,43878.016,36384.00310566472
272914,43878.016,43458.27909206247
272915,43878.016,35514.315400607884
272916,43878.016,57822.91146117304
272917,43878.016,64540.57631826611
272918,43878.016,61004.85292733922
272919,43878.016,33525.356881167856
272920,43878.016,21977.31496268411
272921,43878.016,9080.424268128536
272922,43878.016,62484.73398101448
272923,43878.016,34521.51032508454
272924,43878.016,29454.447181454154
272925,43878.016,35821.82238711601
272926,43878.016,13329.175043894795
272927,43878.016,63558.32349441853
272928,43878.016,13700.881049999149
272929,43878.016,39943.27241515134
272930,43878.016,14934.35302936418
272931,43878.016,44418.03894666138
272932,43878.016,59509.267116309566
272933,43878.016,34719.031309131824
272934,43878.016,25851.996521429533
272935,43878.016,80361.04974605939
272936,43878.016,32655.87940818958
272937,43878.016,56116.84420394092
272938,43878.016,24468.292551739072
272939,43878.016,17459.704116691202
272940,43878.016,9091.774595182036
272941,43878.016,26573.558196064798
272942,43878.016,14456.385400269937
272943,43878.016,51652.605585989004
272944,43878.016,9432.937750365207
272945,43878.016,22393.0296755332
272946,43878.016,36578.58834917084
272947,43878.016,23211.973688415874
272948,43878.016,50357.25338766657
272949,43878.016,9648.22661769635
272950,43878.016,40367.99724982325
272951,43878.016,46359.883387934286
272952,43878.016,30460.404976906742
272953,43878.016,37092.232233692936
272954,43878.016,15798.764232243344
272955,43878.016,41468.065766527565
272956,43878.016,22066.2163202451
272957,43878.016,19518.708386258295
272958,43878.016,10584.746188343506
272959,43878.016,32110.87518787128
272960,43878.016,7122.746108055215
272961,43878.016,36697.20918847984
272962,43878.016,96575.95325347822
272963,43878.016,43740.35453513891
272964,43878.016,25126.274063231667
272965,43878.016,53770.42197229345
272966,43878.016,16496.99920687514
272967,43878.016,21168.568005570676
272968,43878.016,67641.73161001115
272969,43878.016,18896.02246804637
272970,43878.016,33471.70226432761
272971,43878.016,36636.813917979605
272972,43878.016,51177.0361572709
272973,43878.016,57051.569861303076
272974,43878.016,10398.749857640514
272975,43878.016,19995.747451706964
272976,43878.016,54085.333459365946
272977,43878.016,44015.3984846977
272978,43878.016,44279.15040776134
272979,43878.016,30643.834581000734
272980,43878.016,56854.567828235944
272981,43878.016,15344.228552876903
272982,43878.016,29553.23192020991
272983,43878.016,61741.1746727858
272984,43878.016,40074.0638307507
272985,43878.016,89628.89866536265
272986,43878.016,34698.073415067185
272987,43878.016,20458.586546506074
272988,43878.016,48248.67998229155
272989,43878.016,8746.344039250165
272990,43878.016,6009.062188493396
272991,43878.016,30743.8849873038
272992,43878.016,16015.322738551018
272993,43878.016,22910.793438427863
272994,43878.016,53410.801035567056
272995,43878.016,52643.442022788164
272996,43878.016,20045.135784297963
272997,43878.016,50319.16695490998
272998,43878.016,18444.393582409437
272999,43878.016,9970.718473915074
273000,43878.016,40060.6377238897
273001,43878.016,28408.066091258162
273002,43878.016,56110.19867115818
273003,43878.016,49244.715428453695
273004,43878.016,45866.328156092306
273005,43878.016,74658.78892123327
273006,43878.016,25550.729227678134
273007,43878.016,42762.529285854696
273008,43878.016,16211.641393815386
273009,43878.016,49586.40759846143
273010,43878.016,46420.43032467696
273011,43878.016,28237.280572321688
273012,43878.016,17969.407429925206
273013,43878.016,56602.81797601252
273014,43878.016,11079.815996654113
273015,43878.016,71914.64258389706
273016,43878.016,16391.406052643022
273017,43878.016,56139.104906824876
273018,43878.016,60063.89954068
273019,43878.016,62304.61940060901
273020,43878.016,64700.741540914256
273021,43878.016,23877.344184766735
273022,43878.016,12534.704806853584
273023,43878.016,12385.287723415802
273024,43878.016,38580.7115229167
273025,43878.016,35283.17123023588
273026,43878.016,13625.707668935027
273027,43878.016,25287.64590688646
273028,43878.016,53750.10346560064
273029,43878.016,52250.69991766132
273030,43878.016,30813.83447368462
273031,43878.016,31894.133548333073
273032,43878.016,16894.499472459513
273033,43878.016,17156.31886904504
273034,43878.016,33765.05213326356
273035,43878.016,54376.11122746039
273036,43878.016,18397.438765099214
273037,43878.016,40630.27854752065
273038,43878.016,19488.7609886314
273039,43878.016,52963.789252597715
273040,43878.016,15320.796507882069
273041,43878.016,9973.97414266375
273042,43878.016,39952.477332938586
273043,43878.016,45063.637834503934
273044,43878.016,31076.423894228607
273045,43878.016,8206.36774996567
273046,43878.016,52811.14274097724
273047,43878.016,19180.11040451593
273048,43878.016,18814.072070145667
273049,43878.016,43493.66599396742
273050,43878.016,62616.150922605746
273051,43878.016,38443.64631150758
273052,43878.016,37944.70692312848
273053,43878.016,72511.96325825938
273054,43878.016,27238.09377389602
273055,43878.016,49336.99900867203
273056,43878.016,35683.27265576754
273057,43878.016,43721.54076120959
273058,43878.016,48004.80439023736
273059,43878.016,34232.814163566996
273060,43878.016,49186.028453824874
273061,43878.016,25325.610467293103
273062,43878.016,12545.395014741334
273063,43878.016,28393.64835612731
273064,43878.016,38767.17485752864
273065,43878.016,81139.38094721876
273066,43878.016,17701.206752040423
273067,43878.016,30746.40246879306
273068,43878.016,40143.87967631292
273069,43878.016,69420.2931528264
273070,43878.016,36608.89283745739
273071,43878.016,61442.74910932185
273072,43878.016,14103.74934466499
273073,43878.016,11014.912901534915
273074,43878.016,54659.68093805575
273075,43878.016,17742.675906856213
273076,43878.016,14452.548276583679
273077,43878.016,41214.58347177627
273078,43878.016,14999.477115834123
273079,43878.016,12025.0627537026
273080,43878.016,18423.483945908163
273081,43878.016,62531.75421975666
273082,43878.016,22608.97279382806
273083,43878.016,23391.741718254507
273084,43878.016,44971.07244865815
273085,43878.016,12813.289305542123
273086,43878.016,24501.198440841996
273087,43878.016,13958.983932186331
273088,43878.016,40548.143668843804
273089,43878.016,38484.25461038017
273090,43878.016,10948.431530508626
273091,43878.016,11633.835959853475
273092,43878.016,6076.523794892908
273093,43878.016,46421.57639921783
273094,43878.016,14829.586182425623
273095,43878.016,67957.12354364911
273096,43878.016,36832.69591671287
273097,43878.016,28831.865287534147
273098,43878.016,43596.80310249767
273099,43878.016,50672.9889501984
273100,43878.016,21414.59174980524
273101,43878.016,43501.391840937446
273102,43878.016,50876.31484883846
273103,43878.016,62225.71746806079
273104,43878.016,17528.516841944216
273105,43878.016,18406.731285312
273106,43878.016,44680.38206549841
273107,43878.016,63217.26892319242
273108,43878.016,14101.149231177165
273109,43878.016,62211.01500131933
273110,43878.016,25031.935262377
273111,43878.016,24714.334463948995
273112,43878.016,48999.65928992469
273113,43878.016,18583.611326656755
273114,43878.016,33733.364761955694
273115,43878.016,41000.51637724642
273116,43878.016,39412.81601500596
273117,43878.016,34997.530829179384
273118,43878.016,59115.325925692
273119,43878.016,53209.66530115958
273120,43878.016,12601.163732322502
273121,43878.016,22159.272672540803
273122,43878.016,16599.937535330253
273123,43878.016,55506.59955547321
273124,43878.016,23777.79791585669
273125,43878.016,64453.116342715424
273126,43878.016,7867.23798447713
273127,43878.016,27498.118020160597
273128,43878.016,4487.756975437888
273129,43878.016,17675.16151846158
273130,43878.016,13857.882334774984
273131,43878.016,50833.58172174764
273132,43878.016,27344.56580967015
273133,43878.016,31035.64209194212
273134,43878.016,68152.04993572722
273135,43878.016,32720.433950514507
273136,43878.016,42011.67252110082
273137,43878.016,28107.695669321332
273138,43878.016,59837.47185928699
273139,43878.016,63430.36068123021
273140,43878.016,63395.22488389649
273141,43878.016,19243.014135742596
273142,43878.016,10970.822907081163
273143,43878.016,42515.37954838781
273144,43878.016,12902.943975374987
273145,43878.016,56335.52765090669
273146,43878.016,60834.42802936438
273147,43878.016,45378.94678068835
273148,43878.016,23953.210182686737
273149,43878.016,55449.03996700423
273150,43878.016,56794.2212990143
273151,43878.016,58976.811207275154
273152,43878.016,76321.09143587002
273153,43878.016,46771.7215238768
273154,43878.016,53012.14852409114
273155,43878.016,44790.66445656915
273156,43878.016,24014.27655015511
273157,43878.016,58377.86292016192
273158,43878.016,31651.954899058517
273159,43878.016,31681.98560087969
273160,43878.016,40641.28100350915
273161,43878.016,19727.806990374065
273162,43878.016,19794.227572503303
273163,43878.016,50235.091041734944
273164,43878.016,8811.990187708852
273165,43878.016,64122.85024963409
273166,43878.016,54252.88901982985
273167,43878.016,29053.478785055235
273168,43878.016,24684.884326749692
273169,43878.016,58073.45918564917
273170,43878.016,14294.784256530165
273171,43878.016,20358.748660907622
273172,43878.016,12993.43713976042
273173,43878.016,43292.591741270226
273174,43878.016,19976.438931793044
273175,43878.016,20215.593435715327
273176,43878.016,38314.698572604946
273177,43878.016,31051.56365696335
273178,43878.016,16200.682101266713
273179,43878.016,12222.008747107215
273180,43878.016,63428.79850237249
273181,43878.016,10632.869673959243
273182,43878.016,72169.50790182308
273183,43878.016,38086.75453860468
273184,43878.016,15080.328023405109
273185,43878.016,26925.312937161034
273186,43878.016,13563.275372340031
273187,43878.016,19228.82252390756
273188,43878.016,24568.64754158443
273189,43878.016,43541.85464054472
273190,43878.016,51820.517271170655
273191,43878.016,19838.1450597315
273192,43878.016,13444.892382598022
273193,43878.016,39499.18800713895
273194,43878.016,52628.37209469716
273195,43878.016,47462.816681334334
273196,43878.016,21357.46472333321
273197,43878.016,5011.158261820547
273198,43878.016,45858.498829609285
273199,43878.016,53196.800953372556
273200,43878.016,54308.53238048824
273201,43878.016,18607.687030791763
273202,43878.016,17330.005674160173
273203,43878.016,13564.699017652272
273204,43878.016,6492.614682728592
273205,43878.016,16225.278495334285
273206,43878.016,47739.00914563161
273207,43878.016,32886.84802164433
273208,43878.016,7956.669794260917
273209,43878.016,21289.109255605756
273210,43878.016,12125.956602063758
273211,43878.016,42659.369111146916
273212,43878.016,10772.427245210072
273213,43878.016,46801.816492192826
273214,43878.016,86023.31779370882
273215,43878.016,10599.645161259014
273216,43878.016,13781.992781532006
273217,43878.016,36820.85952052262
273218,43878.016,39244.0166036316
273219,43878.016,13808.390932472275
273220,43878.016,35355.429997185325
273221,43878.016,29417.531223512833
273222,43878.016,17486.49945716921
273223,43878.016,42684.456021105405
273224,43878.016,20669.326687022258
273225,43878.016,33943.95935790827
273226,43878.016,23518.633477402163
273227,43878.016,21805.799371165067
273228,43878.016,12096.285435671318
273229,43878.016,28692.324343731456
273230,43878.016,37259.15659458674
273231,43878.016,14972.499564742877
273232,43878.016,58751.5430544505
273233,43878.016,14142.398358016559
273234,43878.016,82128.69653464784
273235,43878.016,7090.564374638345
273236,43878.016,50656.73598786559
273237,43878.016,17052.396245190947
273238,43878.016,48989.30369187248
273239,43878.016,53786.01610569866
273240,43878.016,36975.76203677295
273241,43878.016,23460.389880142266
273242,43878.016,49885.133134354415
273243,43878.016,110795.72398410412
273244,43878.016,46989.3208681975
273245,43878.016,73119.28254600498
273246,43878.016,26340.313908596407
273247,43878.016,23995.79002305914
273248,43878.016,31742.292777812152
273249,43878.016,25366.37252857177
273250,43878.016,36744.76385054494
273251,43878.016,41401.47525149307
273252,43878.016,33468.51373138698
273253,43878.016,10331.25687632402
273254,43878.016,52430.80009914237
273255,43878.016,26719.84295903137
273256,43878.016,29626.165663778578
273257,43878.016,38207.47806087629
273258,43878.016,45449.442592923464
273259,43878.016,27333.592717825573
273260,43878.016,29613.525280859983
273261,43878.016,19492.892675246094
273262,43878.016,8363.447851622264
273263,43878.016,35665.706799491425
273264,43878.016,45304.57986372267
273265,43878.016,28393.441241408043
273266,43878.016,49973.62214977195
273267,43878.016,34556.81258088633
273268,43878.016,49551.545501466535
273269,43878.016,54078.89649910005
273270,43878.016,61192.60604591018
273271,43878.016,29543.12097392762
273272,43878.016,7541.004365401492
273273,43878.016,13222.98674101787
273274,43878.016,24129.674699912495
273275,43878.016,14099.48513210287
273276,43878.016,8356.844267198625
273277,43878.016,52029.08807682957
273278,43878.016,20447.597342968376
273279,43878.016,56764.595858804125
273280,43878.016,16324.610474520412
273281,43878.016,26146.433261036225
273282,43878.016,42607.40132642616
273283,43878.016,40953.02938672791
273284,43878.016,47384.54492262802
273285,43878.016,72804.50436560239
273286,43878.016,20200.082795652674
273287,43878.016,29946.818530552053
273288,43878.016,6689.248659744461
273289,43878.016,19626.711221399866
273290,43878.016,31961.32372185354
273291,43878.016,25090.043763976202
273292,43878.016,47771.60815822567
273293,43878.016,28931.776185753773
273294,43878.016,34958.447487642334
273295,43878.016,45958.19081947716
273296,43878.016,18210.351620298923
273297,43878.016,118687.52990706562
273298,43878.016,49515.2671907222
273299,43878.016,21775.913436477076
273300,43878.016,40215.9444107869
273301,43878.016,18710.731476220593
273302,43878.016,31273.68235768486
273303,43878.016,7109.240548514644
273304,43878.016,30828.529894298463
273305,43878.016,48535.39415447574
273306,43878.016,32665.64585962535
273307,43878.016,56002.37866749429
273308,43878.016,18779.862197006543
273309,43878.016,27846.651707410285
273310,43878.016,9872.334311093322
273311,43878.016,42581.61898113322
273312,43878.016,29671.66389430113
273313,43878.016,13086.323562949925
273314,43878.016,32368.19219758133
273315,43878.016,42060.600295708704
273316,43878.016,52422.53262616302
273317,43878.016,12920.190856501336
273318,43878.016,29687.622879738214
273319,43878.016,6021.135582965523
273320,43878.016,31959.491300563728
273321,43878.016,35581.73942927109
273322,43878.016,49424.22200353869
273323,43878.016,25184.42391411008
273324,43878.016,50744.647319111726
273325,43878.016,19216.533773588653
273326,43878.016,41857.79356549844
273327,43878.016,29965.9077578029
273328,43878.016,30315.22890352702
273329,43878.016,66677.99971891861
273330,43878.016,39845.038594685895
273331,43878.016,41099.840322326
273332,43878.016,38506.983140944896
273333,43878.016,50011.86484775419
273334,43878.016,26267.925527316496
273335,43878.016,35863.90554381778
273336,43878.016,9573.226503027374
273337,43878.016,42848.405002622414
273338,43878.016,27136.843692535535
273339,43878.016,16330.255073772223
273340,43878.016,24468.749588239523
273341,43878.016,24183.18818597183
273342,43878.016,7603.76324286076
273343,43878.016,8114.748837074636
273344,43878.016,47353.60379185883
273345,43878.016,10300.504549181413
273346,43878.016,51965.209082734546
273347,43878.016,24049.8545706449
273348,43878.016,49501.3074983855
273349,43878.016,45325.17567204915
273350,43878.016,29990.79322455822
273351,43878.016,8129.7202625580885
273352,43878.016,44935.04579691183
273353,43878.016,46565.41380218659
273354,43878.016,66577.32043371844
273355,43878.016,69792.27129009822
273356,43878.016,46855.27740770007
273357,43878.016,57077.745999307386
273358,43878.016,11129.582709312821
273359,43878.016,58935.06919850846
273360,43878.016,19565.113323008896
273361,43878.016,12722.948397481414
273362,43878.016,45912.8396548893
273363,43878.016,52546.26225682474
273364,43878.016,54617.42272789889
273365,43878.016,33295.94385179119
273366,43878.016,57471.23252437575
273367,43878.016,7101.220047817796
273368,43878.016,80195.96164712212
273369,43878.016,36761.14082672883
273370,43878.016,40938.93451109397
273371,43878.016,47831.59506326213
273372,43878.016,56997.06299829735
273373,43878.016,17437.793755231254
273374,43878.016,43060.04844051877
273375,43878.016,60218.72271174592
273376,43878.016,33669.59016286264
273377,43878.016,54235.97340655146
273378,43878.016,36525.07252540259
273379,43878.016,19987.46629858946
273380,43878.016,52129.029960704225
273381,43878.016,6192.977449909438
273382,43878.016,3050.507209512771
273383,43878.016,21700.634051012392
273384,43878.016,62968.31851052304
273385,43878.016,8701.022384910953
273386,43878.016,29036.78907678981
273387,43878.016,12866.931007279234
273388,43878.016,27943.579551024814
273389,43878.016,98922.37268901619
273390,43878.016,74883.08204941353
273391,43878.016,14354.555688770926
273392,43878.016,30088.938734034316
273393,43878.016,58776.06238946591
273394,43878.016,14435.291962697489
273395,43878.016,34611.22658278963
273396,43878.016,52583.03928851845
273397,43878.016,51628.68550689855
273398,43878.016,39778.472193828595
273399,43878.016,32860.69173257965
273400,43878.016,20322.313509806434
273401,43878.016,44894.589960612546
273402,43878.016,33519.0431886032
273403,43878.016,71346.05167949127
273404,43878.016,28507.039993412265
273405,43878.016,42936.65531550483
273406,43878.016,35686.59763678512
273407,43878.016,30316.206045754294
273408,43878.016,29268.127125407387
273409,43878.016,28640.643402411217
273410,43878.016,53308.27022056342
273411,43878.016,10439.310075264322
273412,43878.016,61365.4887394361
273413,43878.016,51474.31180192925
273414,43878.016,14010.19806151181
273415,43878.016,12581.147484323958
273416,43878.016,18494.95845526123
273417,43878.016,43487.68592504622
273418,43878.016,16955.213334563425
273419,43878.016,56595.80184509178
273420,43878.016,46343.76350634735
273421,43878.016,34163.630918775874
273422,43878.016,32309.67953972769
273423,43878.016,25004.43824418859
273424,43878.016,13517.716357802965
273425,43878.016,67087.83194557259
273426,43878.016,22246.903152154227
273427,43878.016,16090.663280175366
273428,43878.016,26623.691490592006
273429,43878.016,59348.51094080534
273430,43878.016,28176.998277055387
273431,43878.016,17590.431114136012
273432,43878.016,27521.942850133695
273433,43878.016,37136.4968053145
273434,43878.016,68247.21168774321
273435,43878.016,21761.53187867447
273436,43878.016,14321.147290148008
273437,43878.016,30999.08278202769
273438,43878.016,34934.286379657904
273439,43878.016,13258.983059473974
273440,43878.016,28341.404575769215
273441,43878.016,17936.64972569959
273442,43878.016,45579.06904360237
273443,43878.016,54672.373918813435
273444,43878.016,66711.10294164618
273445,43878.016,14817.637042747743
273446,43878.016,11081.863799294826
273447,43878.016,65591.10829538184
273448,43878.016,41685.36170867063
273449,43878.016,51985.78051878605
273450,43878.016,58132.77378347911
273451,43878.016,14762.864022598296
273452,43878.016,57793.67853364628
273453,43878.016,16318.884816567092
273454,43878.016,24224.150312915273
273455,43878.016,14567.44772318634
273456,43878.016,51881.29047155879
273457,43878.016,35307.11555170165
273458,43878.016,31998.224969938674
273459,43878.016,31821.69797689134
273460,43878.016,24113.004798176553
273461,43878.016,17385.3044966209
273462,43878.016,58763.20962980727
273463,43878.016,20345.15769002502
273464,43878.016,38565.095056034515
273465,43878.016,48804.742707665624
273466,43878.016,18075.151795322417
273467,43878.016,29737.562833204367
273468,43878.016,30238.18800782558
273469,43878.016,22092.54545388339
273470,43878.016,39550.38030542566
273471,43878.016,31284.043628998177
273472,43878.016,25481.80132761597
273473,43878.016,9497.62882360908
273474,43878.016,13817.497990723352
273475,43878.016,43266.38862984044
273476,43878.016,30385.097277510762
273477,43878.016,29455.466942653784
273478,43878.016,39221.96669391387
273479,43878.016,51449.166960383154
273480,43878.016,73767.09391056323
273481,43878.016,23522.900952218115
273482,43878.016,27291.520106451342
273483,43878.016,29975.313604670868
273484,43878.016,42514.28652588121
273485,43878.016,31542.08010629574
273486,43878.016,47378.07537348841
273487,43878.016,47455.61301425534
273488,43878.016,21809.936411311282
273489,43878.016,38026.1269136955
273490,43878.016,60491.809406319015
273491,43878.016,10383.752128946893
273492,43878.016,42964.69111208338
273493,43878.016,31731.524160118406
273494,43878.016,19910.42377553776
273495,43878.016,36458.19734016419
273496,43878.016,29581.01983375551
273497,43878.016,9404.940682123033
273498,43878.016,18132.07388584766
273499,43878.016,59389.40877180395
273500,43878.016,20975.757305306026
273501,43878.016,33887.72878810112
273502,43878.016,30324.1416557414
273503,43878.016,29624.91349018136
273504,43878.016,7685.134459250639
273505,43878.016,6050.0363985187205
273506,43878.016,30791.898406148764
273507,43878.016,29870.839127561267
273508,43878.016,22142.422244845882
273509,43878.016,10547.034442456883
273510,43878.016,52965.70245925859
273511,43878.016,24638.542392046656
273512,43878.016,21900.702298170738
273513,43878.016,52719.1637380614
273514,43878.016,51705.02685005581
273515,43878.016,11375.727581826415
273516,43878.016,21827.655271240128
273517,43878.016,42345.634473658414
273518,43878.016,53788.14317749989
273519,43878.016,52888.393927038356
273520,43878.016,65604.5857374271
273521,43878.016,65777.81638235495
273522,43878.016,36869.81530910137
273523,43878.016,59139.29518163299
273524,43878.016,11880.737386965386
273525,43878.016,16145.581830677535
273526,43878.016,37223.19939121505
273527,43878.016,45308.60330012282
273528,43878.016,30250.25742773542
273529,43878.016,50460.064218989646
273530,43878.016,12866.61412904303
273531,43878.016,69366.81844569051
273532,43878.016,88911.54596443096
273533,43878.016,60087.2654754244
273534,43878.016,53345.97168278933
273535,43878.016,55772.180762593685
273536,43878.016,6753.703492586261
273537,43878.016,19335.80220396669
273538,43878.016,20638.04285230922
273539,43878.016,37385.74994521473
273540,43878.016,11918.072550891942
273541,43878.016,72210.93369858293
273542,43878.016,13938.743407711789
273543,43878.016,53813.33609883652
273544,43878.016,18209.090374520238
273545,43878.016,29369.187342182395
273546,43878.016,8819.291512517186
273547,43878.016,35620.1498704631
273548,43878.016,64936.51172323323
273549,43878.016,14832.468027563591
273550,43878.016,49154.11892105123
273551,43878.016,60697.32070199587
273552,43878.016,49730.03639846071
273553,43878.016,32093.158913422438
273554,43878.016,54064.05521981733
273555,43878.016,46873.277747651926
273556,43878.016,47381.99317577882
273557,43878.016,18006.202347862283
273558,43878.016,41589.19360173238
273559,43878.016,27473.72239801874
273560,43878.016,28583.418573556428
273561,43878.016,32495.860788213347
273562,43878.016,22103.555885240956
273563,43878.016,30408.65690511664
273564,43878.016,13218.236251364251
273565,43878.016,19245.217631049563
273566,43878.016,33550.55485055649
273567,43878.016,88600.95906377597
273568,43878.016,51700.01657224297
273569,43878.016,46672.932429852866
273570,43878.016,11281.018381568856
273571,43878.016,22466.787707819367
273572,43878.016,20816.41800455236
273573,43878.016,52994.26552435658
273574,43878.016,14278.805547857604
273575,43878.016,18189.638415622445
273576,43878.016,22089.483924284337
273577,43878.016,5188.997959222516
273578,43878.016,21791.54495312954
273579,43878.016,29274.8523126598
273580,43878.016,25249.506844334264
273581,43878.016,67504.20649532732
273582,43878.016,42599.32248870329
273583,43878.016,47893.08387289294
273584,43878.016,46933.76694299285
273585,43878.016,21321.52841320012
273586,43878.016,15984.822407909582
273587,43878.016,39723.42683585227
273588,43878.016,79052.03437426405
273589,43878.016,50039.60183754486
273590,43878.016,12067.651832081126
273591,43878.016,54332.65083004276
273592,43878.016,23614.24397013456
273593,43878.016,16086.862485359887
273594,43878.016,13721.94750850517
273595,43878.016,17337.555030428044
273596,43878.016,10385.298104967049
273597,43878.016,79842.41812665615
273598,43878.016,13401.26596545948
273599,43878.016,18438.11824621574
273600,43878.016,36017.47510965769
273601,43878.016,15635.051944882383
273602,43878.016,43102.28398023917
273603,43878.016,6451.785659041024
273604,43878.016,26639.650767841504
273605,43878.016,7461.790605761251
273606,43878.016,49782.99902314511
273607,43878.016,21403.1630327983
273608,43878.016,50111.457808023944
273609,43878.016,17732.65743022083
273610,43878.016,70238.8127732397
273611,43878.016,23071.06438780084
273612,43878.016,15254.85774866555
273613,43878.016,10472.895296216233
273614,43878.016,36678.2234422806
273615,43878.016,29210.550434634384
273616,43878.016,21351.444455021698
273617,43878.016,25434.069375708328
273618,43878.016,76940.82945172132
273619,43878.016,17919.452508334725
273620,43878.016,19151.648219788003
273621,43878.016,20891.071717622428
273622,43878.016,17662.883966807378
273623,43878.016,13292.325668352461
273624,43878.016,24062.667840502145
273625,43878.016,49628.50010764533
273626,43878.016,12480.009179479963
273627,43878.016,50943.87199463099
273628,43878.016,15664.966660491782
273629,43878.016,66955.01348386452
273630,43878.016,12896.172380963666
273631,43878.016,37057.26225238983
273632,43878.016,18627.21589462946
273633,43878.016,39059.8198506179
273634,43878.016,15817.468055339867
273635,43878.016,21947.32057026066
273636,43878.016,33565.773515045665
273637,43878.016,28817.0656954797
273638,43878.016,15453.403992984368
273639,43878.016,64561.23584874751
273640,43878.016,45757.345590044766
273641,43878.016,8501.177777962872
273642,43878.016,40493.22564891991
273643,43878.016,72488.16511759874
273644,43878.016,13800.665080359413
273645,43878.016,80543.68290610796
273646,43878.016,49455.803450035106
273647,43878.016,18387.647640927506
273648,43878.016,81483.19636576744
273649,43878.016,68139.56516424843
273650,43878.016,41810.430880589374
273651,43878.016,16534.832355361817
273652,43878.016,38274.164309530475
273653,43878.016,45003.18004729404
273654,43878.016,44427.745051754704
273655,43878.016,57123.42569803372
273656,43878.016,24587.428951886577
273657,43878.016,11333.10366228659
273658,43878.016,68202.5315068404
273659,43878.016,29498.381846982127
273660,43878.016,13326.579643368577
273661,43878.016,45931.54965606967
273662,43878.016,51761.46407881896
273663,43878.016,60854.56358765591
273664,43878.016,57762.16989982868
273665,43878.016,59554.15686073093
273666,43878.016,42070.94898382202
273667,43878.016,25228.948481297994
273668,43878.016,49863.1304129746
273669,43878.016,49916.85476805938
273670,43878.016,69770.60663707902
273671,43878.016,36469.71877481915
273672,43878.016,41861.143653797466
273673,43878.016,54984.09798060914
273674,43878.016,16606.679712895366
273675,43878.016,14751.863376721181
273676,43878.016,58116.13256389497
273677,43878.016,40135.36027860669
273678,43878.016,17696.031311340903
273679,43878.016,23644.0417640568
273680,43878.016,11983.803675047864
273681,43878.016,46336.9889502532
273682,43878.016,48032.840904098295
273683,43878.016,32982.75116812932
273684,43878.016,63153.12760895936
273685,43878.016,34882.758563695614
273686,43878.016,36182.6272152547
273687,43878.016,28232.407598096575
273688,43878.016,12488.748228845174
273689,43878.016,18725.71775751601
273690,43878.016,45185.35029622151
273691,43878.016,75340.43483170583
273692,43878.016,51869.1161618088
273693,43878.016,59174.58809032275
273694,43878.016,40323.24814144576
273695,43878.016,5646.813641409454
273696,43878.016,45565.72262376965
273697,43878.016,18073.493390419542
273698,43878.016,22090.035737299582
273699,43878.016,31309.830044252434
273700,43878.016,14600.67021533038
273701,43878.016,19475.513994320692
273702,43878.016,42791.17252149838
273703,43878.016,50448.71823267161
273704,43878.016,12742.930157096263
273705,43878.016,31297.252442301477
273706,43878.016,20008.722633069145
273707,43878.016,14618.36416694953
273708,43878.016,15884.374248661785
273709,43878.016,47857.979097110314
273710,43878.016,43048.35614986424
273711,43878.016,63968.59482390484
273712,43878.016,48053.2547801834
273713,43878.016,38474.25290655459
273714,43878.016,26836.513564461897
273715,43878.016,59183.46984140256
273716,43878.016,23107.14931998483
273717,43878.016,35736.83035942718
273718,43878.016,58202.270052964464
273719,43878.016,31779.54437268109
273720,43878.016,10021.40776277448
273721,43878.016,33299.80913937884
273722,43878.016,30646.448627422986
273723,43878.016,15304.269197381664
273724,43878.016,15184.173507017149
273725,43878.016,17032.356795542728
273726,43878.016,57283.87663628423
273727,43878.016,50308.78904782577
273728,43878.016,18531.36117839265
273729,43878.016,43540.381205792866
273730,43878.016,15057.476245966134
273731,43878.016,40144.65659305207
273732,43878.016,19104.626399161127
273733,43878.016,21042.102461851016
273734,43878.016,33923.73338195103
273735,43878.016,19805.690813924597
273736,43878.016,20248.50670831574
273737,43878.016,47060.9263194175
273738,43878.016,39776.91512413392
273739,43878.016,44695.444701082284
273740,43878.016,12937.005810055438
273741,43878.016,20833.51939089106
273742,43878.016,56152.72899134196
273743,43878.016,20494.243453989875
273744,43878.016,19459.61564291318
273745,43878.016,66374.18991463631
273746,43878.016,35019.81038031733
273747,43878.016,47886.805860210225
273748,43878.016,33529.76671268878
273749,43878.016,57723.81735470493
273750,43878.016,18115.091319738338
273751,43878.016,53924.516998612475
273752,43878.016,11817.753151569475
273753,43878.016,38749.65672778456
273754,43878.016,35823.202560386315
273755,43878.016,39926.8614083315
273756,43878.016,33938.10018123473
273757,43878.016,24306.91423412054
273758,43878.016,48385.431419883986
273759,43878.016,15246.191702291067
273760,43878.016,42640.97903096777
273761,43878.016,13291.944441980791
273762,43878.016,26832.081143107658
273763,43878.016,24074.953747830004
273764,43878.016,23836.068138437953
273765,43878.016,30718.061760390956
273766,43878.016,33020.07597391676
273767,43878.016,26063.49533161601
273768,43878.016,17230.994263337103
273769,43878.016,43562.46358336939
273770,43878.016,48543.421209156244
273771,43878.016,17481.431201152755
273772,43878.016,45551.243548668295
273773,43878.016,9710.570208026724
273774,43878.016,19896.421508354553
273775,43878.016,31078.271224671837
273776,43878.016,53547.7974944308
273777,43878.016,34116.46567069356
273778,43878.016,47851.17779817196
273779,43878.016,56731.737615585094
273780,43878.016,47000.11945389239
273781,43878.016,48604.43593361397
273782,43878.016,10267.8422776947
273783,43878.016,29178.34940134057
273784,43878.016,19203.69149577432
273785,43878.016,56162.1137867677
273786,43878.016,26989.228117577946
273787,43878.016,70296.0671622342
273788,43878.016,30905.010227873132
273789,43878.016,50344.12604645165
273790,43878.016,11376.255379265926
273791,43878.016,25602.923924633105
273792,43878.016,9275.824079629614
273793,43878.016,48063.97202102897
273794,43878.016,72620.77131182265
273795,43878.016,43347.65012399416
273796,43878.016,10697.896286501715
273797,43878.016,19672.523806392248
273798,43878.016,19194.603594562985
273799,43878.016,46282.51108974784
273800,43878.016,10848.85561051503
273801,43878.016,62226.86274823793
273802,43878.016,26368.537225419375
273803,43878.016,39491.08569539856
273804,43878.016,29892.19856138799
273805,43878.016,45776.30615447845
273806,43878.016,6889.613504835462
273807,43878.016,10567.162099188927
273808,43878.016,25861.280871653704
273809,43878.016,62964.872264789505
273810,43878.016,14142.497172022388
273811,43878.016,14979.641681545269
273812,43878.016,30590.759781737022
273813,43878.016,13503.713745100396
273814,43878.016,28523.765620748723
273815,43878.016,36704.091105738196
273816,43878.016,46454.356694150054
273817,43878.016,37893.385657283005
273818,43878.016,11114.927449754137
273819,43878.016,39288.28696864932
273820,43878.016,26424.399598722586
273821,43878.016,4930.952227190795
273822,43878.016,7183.465432641969
273823,43878.016,8357.34453352167
273824,43878.016,56592.80545971529
273825,43878.016,33697.63483344558
273826,43878.016,41813.0029495322
273827,43878.016,18102.695235506813
273828,43878.016,31676.798845729503
273829,43878.016,19673.84613707912
273830,43878.016,18696.37367893503
273831,43878.016,33120.122555497444
273832,43878.016,18709.37430831762
273833,43878.016,15095.03213527545
273834,43878.016,11368.395772114804
273835,43878.016,34312.70277895166
273836,43878.016,34878.21526143975
273837,43878.016,13506.686121507706
273838,43878.016,21457.2373332839
273839,43878.016,29006.369610631195
273840,43878.016,13715.561110549597
273841,43878.016,12222.891442357592
273842,43878.016,42078.81439728892
273843,43878.016,14210.297754769812
273844,43878.016,66671.06894841371
273845,43878.016,71115.95288615212
273846,43878.016,47250.59992239652
273847,43878.016,30514.955461448062
273848,43878.016,31947.460644628587
273849,43878.016,38807.60104610289
273850,43878.016,8855.794017521453
273851,43878.016,16950.324963197418
273852,43878.016,79283.77212942325
273853,43878.016,47146.85167253189
273854,43878.016,23764.230292398028
273855,43878.016,39664.88581192074
273856,43878.016,8180.19901239066
273857,43878.016,19168.176668118216
273858,43878.016,52277.81190394823
273859,43878.016,20886.628735732735
273860,43878.016,59072.72071711929
273861,43878.016,29233.15374003114
273862,43878.016,41767.60679611493
273863,43878.016,34113.448599838935
273864,43878.016,14006.846379640296
273865,43878.016,64888.91913028257
273866,43878.016,50319.79720896202
273867,43878.016,22494.93677753028
273868,43878.016,22243.057644141652
273869,43878.016,29920.309964918233
273870,43878.016,65629.65580871695
273871,43878.016,45390.810801254265
273872,43878.016,60598.36218826966
273873,43878.016,38026.37665813411
273874,43878.016,6702.347192779225
273875,43878.016,39439.480754254175
273876,43878.016,6164.813534250103
273877,43878.016,40950.32834872283
273878,43878.016,111889.00009994923
273879,43878.016,26636.83511322795
273880,43878.016,23787.293115410066
273881,43878.016,56551.91494979128
273882,43878.016,20061.049963554957
273883,43878.016,16856.939814499172
273884,43878.016,47947.0444495085
273885,43878.016,78099.05401798822
273886,43878.016,62898.81540649581
273887,43878.016,79128.13367068539
273888,43878.016,32930.8936797337
273889,43878.016,9850.336690618924
273890,43878.016,15456.479030614486
273891,43878.016,27192.46041855173
273892,43878.016,27594.72482982005
273893,43878.016,52957.87286256049
273894,43878.016,4355.943126574539
273895,43878.016,38845.77572353743
273896,43878.016,8531.67488755384
273897,43878.016,10552.221883264576
273898,43878.016,15536.93900002384
273899,43878.016,54377.72293092852
273900,43878.016,44803.50530601996
273901,43878.016,47973.88962498901
273902,43878.016,9415.409501851724
273903,43878.016,15527.203494811754
273904,43878.016,60659.1867654561
273905,43878.016,27306.408446189864
273906,43878.016,53513.378779499144
273907,43878.016,53459.303386869724
273908,43878.016,45852.309793308945
273909,43878.016,33183.82578290241
273910,43878.016,16383.182709058765
273911,43878.016,18305.989262170002
273912,43878.016,14461.604912162911
273913,43878.016,16037.078194925487
273914,43878.016,42788.4751662347
273915,43878.016,41222.21411884317
273916,43878.016,39354.00028724644
273917,43878.016,32014.160848010742
273918,43878.016,32092.41681594272
273919,43878.016,56804.268181541134
273920,43878.016,62252.132322831916
273921,43878.016,28278.580210783766
273922,43878.016,34874.94672849648
273923,43878.016,42972.30120080073
273924,43878.016,6335.863147015087
273925,43878.016,49206.020424852126
273926,43878.016,25642.989157031705
273927,43878.016,34182.90851884041
273928,43878.016,17876.54010761128
273929,43878.016,43457.95640529066
273930,43878.016,21322.050327726523
273931,43878.016,28552.22383125515
273932,43878.016,55886.96583790693
273933,43878.016,38063.6694750249
273934,43878.016,41667.08634221121
273935,43878.016,57010.05017373067
273936,43878.016,7074.486852854659
273937,43878.016,61383.97091040851
273938,43878.016,48917.59070451968
273939,43878.016,13121.760554957871
273940,43878.016,48751.23001005104
273941,43878.016,28765.696235757143
273942,43878.016,16932.934764560836
273943,43878.016,42538.64047831829
273944,43878.016,59731.01178611396
273945,43878.016,22887.276864828305
273946,43878.016,46522.56952802603
273947,43878.016,17884.435470754783
273948,43878.016,7755.757074266394
273949,43878.016,45346.58439522668
273950,43878.016,64867.11861780381
273951,43878.016,30620.563039924677
273952,43878.016,57429.77201490198
273953,43878.016,26085.748381791163
273954,43878.016,15131.49872920367
273955,43878.016,22020.37041803656
273956,43878.016,46115.93417700188
273957,43878.016,74593.59249892607
273958,43878.016,8042.0999615047385
273959,43878.016,22220.57523095548
273960,43878.016,11936.305417874075
273961,43878.016,57406.367693287044
273962,43878.016,29979.076896638675
273963,43878.016,12959.226341291404
273964,43878.016,27977.728046805627
273965,43878.016,8560.096179643371
273966,43878.016,47253.05042257134
273967,43878.016,44668.54188784338
273968,43878.016,45968.23544660664
273969,43878.016,46494.647096407134
273970,43878.016,77416.85449102646
273971,43878.016,25952.00621044701
273972,43878.016,13000.69438652769
273973,43878.016,46532.22516606694
273974,43878.016,55671.45732064773
273975,43878.016,19786.67345006912
273976,43878.016,14213.068335442873
273977,43878.016,21298.64694436361
273978,43878.016,21735.69277386919
273979,43878.016,16369.511315024807
273980,43878.016,25435.95961465366
273981,43878.016,48371.04600762578
273982,43878.016,29647.129066277623
273983,43878.016,52116.02640421166
273984,43878.016,10591.159083703935
273985,43878.016,24553.57806517854
273986,43878.016,64779.02769239572
273987,43878.016,11225.535437543831
273988,43878.016,19219.39624744284
273989,43878.016,56243.156443808446
273990,43878.016,75083.51278597991
273991,43878.016,36353.90041034411
273992,43878.016,27665.955812996846
273993,43878.016,18790.923616174536
273994,43878.016,53962.80967769058
273995,43878.016,14764.230663905648
273996,43878.016,63358.90666578508
273997,43878.016,7895.7785878623445
273998,43878.016,48252.20866785744
273999,43878.016,56305.97935445684
274000,43878.016,17541.784629155423
274001,43878.016,26910.669839358532
274002,43878.016,26283.674783801594
274003,43878.016,31852.013116059832
274004,43878.016,21368.5678531181
274005,43878.016,35288.40321053664
274006,43878.016,26283.093946754467
274007,43878.016,77180.20162356425
274008,43878.016,9935.97603627051
274009,43878.016,44766.19188479889
274010,43878.016,48650.78455135389
274011,43878.016,68352.8208116338
274012,43878.016,6166.345424811615
274013,43878.016,54867.82846573381
274014,43878.016,51373.33157703027
274015,43878.016,35177.78364120571
274016,43878.016,17440.995380221284
274017,43878.016,48333.19569184217
274018,43878.016,64177.68640877048
274019,43878.016,48624.45510076113
274020,43878.016,61658.27656721737
274021,43878.016,22515.857409852415
274022,43878.016,20415.500580432028
274023,43878.016,19869.631090406663
274024,43878.016,69792.8677703902
274025,43878.016,9936.383143660352
274026,43878.016,55252.455699813945
274027,43878.016,52519.75233516072
274028,43878.016,33296.69768820561
274029,43878.016,45345.29283334356
274030,43878.016,47127.0809337337
274031,43878.016,34336.86495048859
274032,43878.016,41546.29823702903
274033,43878.016,23312.15978554356
274034,43878.016,29101.43563066774
274035,43878.016,19126.807857636202
274036,43878.016,44491.02781066182
274037,43878.016,8502.819119810936
274038,43878.016,66322.29987675129
274039,43878.016,23913.27103187002
274040,43878.016,13809.537780043936
274041,43878.016,49554.44959059782
274042,43878.016,17072.126912475258
274043,43878.016,25094.164279273715
274044,43878.016,7031.340283021981
274045,43878.016,53232.83802566607
274046,43878.016,10740.502866743294
274047,43878.016,20631.503489811275
274048,43878.016,15786.031498422533
274049,43878.016,29601.0979833369
274050,43878.016,12450.689601537151
274051,43878.016,36006.86783660261
274052,43878.016,45726.37355942721
274053,43878.016,23546.496727253398
274054,43878.016,63278.6074053653
274055,43878.016,68938.71069609067
274056,43878.016,33082.52176157565
274057,43878.016,11455.742058886706
274058,43878.016,19875.411279491047
274059,43878.016,30141.439631384645
274060,43878.016,57093.30194078363
274061,43878.016,27824.82785026809
274062,43878.016,56000.043292440016
274063,43878.016,23908.370653947382
274064,43878.016,31556.09122058354
274065,43878.016,47595.236287444124
274066,43878.016,43921.74636085915
274067,43878.016,31638.968623481225
274068,43878.016,51171.93333204422
274069,43878.016,39309.75620459161
274070,43878.016,46233.194571886466
274071,43878.016,12931.985461710236
274072,43878.016,73391.21780581218
274073,43878.016,46338.21703548326
274074,43878.016,22310.47302580825
274075,43878.016,38553.35002737908
274076,43878.016,46401.52909665499
274077,43878.016,26460.567656871648
274078,43878.016,43325.69412493254
274079,43878.016,22155.470038355408
274080,43878.016,24957.18281282413
274081,43878.016,21830.938389982737
274082,43878.016,60103.462618136116
274083,43878.016,31722.170805121335
274084,43878.016,13951.382251725323
274085,43878.016,38042.14090296168
274086,43878.016,10785.520190770858
274087,43878.016,52195.76218492154
274088,43878.016,69393.02828886194
274089,43878.016,21821.720801666164
274090,43878.016,22186.45616881518
274091,43878.016,32703.84218224676
274092,43878.016,11625.793719485768
274093,43878.016,26362.989877343687
274094,43878.016,100302.35498849387
274095,43878.016,34765.32235296621
274096,43878.016,27341.918248640537
274097,43878.016,26440.23047263871
274098,43878.016,59326.05910622345
274099,43878.016,57462.02308675358
274100,43878.016,54395.30332213454
274101,43878.016,12131.657957551628
274102,43878.016,48175.64374509244
274103,43878.016,21547.47218110641
274104,43878.016,57576.592414989296
274105,43878.016,42086.94959030238
274106,43878.016,65288.560272370545
274107,43878.016,19797.666433916827
274108,43878.016,40104.47344101177
274109,43878.016,52133.00406186059
274110,43878.016,54159.51563990126
274111,43878.016,41968.543391279
274112,43878.016,44212.36351162954
274113,43878.016,37455.0366120565
274114,43878.016,24923.39616970055
274115,43878.016,56645.65465198693
274116,43878.016,39051.911332947784
274117,43878.016,34157.38338993732
274118,43878.016,35101.557823613264
274119,43878.016,22938.281807134423
274120,43878.016,45783.558021163684
274121,43878.016,14833.077567640317
274122,43878.016,14597.202440777053
274123,43878.016,17251.053286334616
274124,43878.016,33877.998521527814
274125,43878.016,40303.058155213505
274126,43878.016,44895.15954057431
274127,43878.016,57964.72615447998
274128,43878.016,7312.417616315893
274129,43878.016,77646.11120880644
274130,43878.016,42309.13524602854
274131,43878.016,13882.68590399488
274132,43878.016,25477.069431492822
274133,43878.016,51902.31826517172
274134,43878.016,35086.38943371691
274135,43878.016,51526.1797572194
274136,43878.016,12558.492948322213
274137,43878.016,33427.749352110535
274138,43878.016,27219.847104785167
274139,43878.016,24105.14350185927
274140,43878.016,37650.82471439191
274141,43878.016,35093.08911346256
274142,43878.016,44089.30601940229
274143,43878.016,9274.840239246705
274144,43878.016,14996.236639282468
274145,43878.016,8972.167498075742
274146,43878.016,38501.53243407196
274147,43878.016,12979.145087242645
274148,43878.016,17441.14205317432
274149,43878.016,44687.17661188365
274150,43878.016,16726.886977515158
274151,43878.016,15349.1203278717
274152,43878.016,12370.77861206062
274153,43878.016,27981.560488054743
274154,43878.016,36190.939933749156
274155,43878.016,55225.598116271205
274156,43878.016,32706.769066204957
274157,43878.016,42509.165725921295
274158,43878.016,9230.090423284095
274159,43878.016,33678.72557096302
274160,43878.016,42270.397925346435
274161,43878.016,26292.697204016156
274162,43878.016,29985.662560025954
274163,43878.016,68642.00017639628
274164,43878.016,67292.63485247723
274165,43878.016,32793.51218177185
274166,43878.016,28328.53253263932
274167,43878.016,32262.693161096064
274168,43878.016,13392.568402482588
274169,43878.016,56084.59014032698
274170,43878.016,22083.27262182967
274171,43878.016,42045.3698036379
274172,43878.016,9396.489326478862
274173,43878.016,61471.806645524266
274174,43878.016,15953.558937228905
274175,43878.016,27933.52178392778
274176,43878.016,77135.69932009323
274177,43878.016,6793.27853960836
274178,43878.016,60298.10107370664
274179,43878.016,58191.46014284299
274180,43878.016,14052.819554463304
274181,43878.016,37025.901383268465
274182,43878.016,47820.768229759255
274183,43878.016,10459.08872099395
274184,43878.016,7536.12759065492
274185,43878.016,17770.078663666558
274186,43878.016,36020.49539629734
274187,43878.016,23533.43211277365
274188,43878.016,30810.274254922835
274189,43878.016,56316.936682089065
274190,43878.016,51689.860179135845
274191,43878.016,48316.73511353897
274192,43878.016,42793.35593919305
274193,43878.016,4892.142792823065
274194,43878.016,49142.72010323104
274195,43878.016,69202.91832147115
274196,43878.016,54642.28552769712
274197,43878.016,8201.762428426058
274198,43878.016,13051.059794900239
274199,43878.016,61632.33570032728
274200,43878.016,42925.73968022052
274201,43878.016,26174.304262192298
274202,43878.016,18102.075352326665
274203,43878.016,38651.071888629136
274204,43878.016,24702.46514782429
274205,43878.016,46158.77750576698
274206,43878.016,28509.100040691435
274207,43878.016,10331.326899701004
274208,43878.016,19630.37427613448
274209,43878.016,51341.81371687242
274210,43878.016,48520.83747663228
274211,43878.016,7902.108072139296
274212,43878.016,48795.14864499956
274213,43878.016,43818.15367649382
274214,43878.016,43859.731056014396
274215,43878.016,32789.456981061645
274216,43878.016,27131.523474004975
274217,43878.016,40614.28632453398
274218,43878.016,11248.065001874615
274219,43878.016,60089.02533802957
274220,43878.016,14325.770754770148
274221,43878.016,25919.32641537388
274222,43878.016,43767.18759100264
274223,43878.016,27459.276820218096
274224,43878.016,54352.91029644278
274225,43878.016,72098.5501325235
274226,43878.016,8717.668307152626
274227,43878.016,33222.323602410135
274228,43878.016,45042.13397683147
274229,43878.016,65770.77060818937
274230,43878.016,21727.36992575221
274231,43878.016,86586.48757556271
274232,43878.016,15569.055932338495
274233,43878.016,50389.47658185855
274234,43878.016,23808.139604348667
274235,43878.016,13732.813911458592
274236,43878.016,8938.544577558763
274237,43878.016,18881.26320667681
274238,43878.016,4730.9278783495265
274239,43878.016,37076.170909253204
274240,43878.016,10906.304905989688
274241,43878.016,27933.321429153646
274242,43878.016,38578.66705291726
274243,43878.016,32048.924130543757
274244,43878.016,47538.449347613525
274245,43878.016,31076.26021366468
274246,43878.016,40209.45686968955
274247,43878.016,13158.340461063342
274248,43878.016,42309.491130084
274249,43878.016,50947.539068600396
274250,43878.016,15563.67097577569
274251,43878.016,10714.422904623063
274252,43878.016,16190.962018706263
274253,43878.016,43357.34443123904
274254,43878.016,56227.1991227481
274255,43878.016,42010.17531048822
274256,43878.016,15349.317041926332
274257,43878.016,17990.940451059796
274258,43878.016,21094.246645967974
274259,43878.016,56578.55616001573
274260,43878.016,44852.84574814675
274261,43878.016,12716.059521890484
274262,43878.016,6890.3825857196325
274263,43878.016,22890.600910788744
274264,43878.016,51909.982102052076
274265,43878.016,39885.710900043494
274266,43878.016,8486.151692082889
274267,43878.016,41833.48258825184
274268,43878.016,20654.352814259146
274269,43878.016,26839.440927254527
274270,43878.016,28563.083917960874
274271,43878.016,24995.204039564233
274272,43878.016,18524.93679386288
274273,43878.016,14486.26688242643
274274,43878.016,17942.21401852565
274275,43878.016,5132.784683898
274276,43878.016,12853.97694446805
274277,43878.016,71102.01108893187
274278,43878.016,43458.400514169276
274279,43878.016,47560.7640456638
274280,43878.016,52243.1102582507
274281,43878.016,56803.2720966155
274282,43878.016,36179.976864305674
274283,43878.016,34853.2515327603
274284,43878.016,30317.83407445748
274285,43878.016,19796.797197696495
274286,43878.016,26017.76468614077
274287,43878.016,35710.43405038708
274288,43878.016,19003.62166108295
274289,43878.016,30307.747779333367
274290,43878.016,25895.415703267292
274291,43878.016,20599.12019178403
274292,43878.016,21236.014078864235
274293,43878.016,60085.72066321874
274294,43878.016,49395.59828430664
274295,43878.016,12812.919209287864
274296,43878.016,66292.8596093697
274297,43878.016,9298.573715281796
274298,43878.016,15481.18352937927
274299,43878.016,71573.29141870694
274300,43878.016,53097.03325448119
274301,43878.016,29314.565990622563
274302,43878.016,36234.997138935156
274303,43878.016,42821.668945928745
274304,43878.016,17942.34170801524
274305,43878.016,42128.96544099241
274306,43878.016,60343.858769229984
274307,43878.016,13063.821165355768
274308,43878.016,12417.642565473825
274309,43878.016,21836.672420491635
274310,43878.016,10313.047366532926
274311,43878.016,28299.783460913328
274312,43878.016,10064.0887409536
274313,43878.016,54594.46317623492
274314,43878.016,31127.34988048068
274315,43878.016,66856.81319016716
274316,43878.016,63654.163821579
274317,43878.016,17342.569125822876
274318,43878.016,35426.3044273762
274319,43878.016,13865.72474821068
274320,43878.016,50932.89501971864
274321,43878.016,51659.556210162016
274322,43878.016,20746.492310567177
274323,43878.016,50572.65002506603
274324,43878.016,29203.35793942949
274325,43878.016,23786.550405679813
274326,43878.016,11247.523319869366
274327,43878.016,39068.552197988334
274328,43878.016,58647.16596990223
274329,43878.016,9409.509141106093
274330,43878.016,35573.30415731204
274331,43878.016,28657.976407342954
274332,43878.016,32890.68992905179
274333,43878.016,21018.786064523956
274334,43878.016,34881.9975643776
274335,43878.016,63215.321392141355
274336,43878.016,26887.4971945927
274337,43878.016,5254.070474445711
274338,43878.016,63163.2071148668
274339,43878.016,59938.63030124321
274340,43878.016,52101.27386821664
274341,43878.016,43393.603697429426
274342,43878.016,10517.34989316143
274343,43878.016,21386.28679878612
274344,43878.016,49342.57311198215
274345,43878.016,21761.851173429022
274346,43878.016,19665.10405051927
274347,43878.016,29066.757779281757
274348,43878.016,23185.293606324278
274349,43878.016,29813.678597867256
274350,43878.016,54003.77280814021
274351,43878.016,24843.03279275123
274352,43878.016,37471.70179505865
274353,43878.016,11898.685497837356
274354,43878.016,38576.83591407944
274355,43878.016,60207.051048713794
274356,43878.016,9114.105099015082
274357,43878.016,49318.706806864386
274358,43878.016,20106.467342070122
274359,43878.016,24250.836691255954
274360,43878.016,28260.620423404478
274361,43878.016,31173.14854930772
274362,43878.016,26332.907184354044
274363,43878.016,15585.843164008547
274364,43878.016,72804.60662609992
274365,43878.016,14554.583837993214
274366,43878.016,40457.72754781362
274367,43878.016,19901.41791760738
274368,43878.016,28406.859657670073
274369,43878.016,34084.01148051647
274370,43878.016,40606.230510679175
274371,43878.016,45004.12978885086
274372,43878.016,57300.79927664942
274373,43878.016,37429.06215983422
274374,43878.016,66683.60450487913
274375,43878.016,63139.632678671034
274376,43878.016,38962.43088892228
274377,43878.016,52670.70553547123
274378,43878.016,24543.089915750563
274379,43878.016,29235.870261502154
274380,43878.016,29122.276019253557
274381,43878.016,53077.8980752737
274382,43878.016,25330.886254882655
274383,43878.016,36413.666174154314
274384,43878.016,32198.31791024922
274385,43878.016,8337.925595419814
274386,43878.016,45581.616212960034
274387,43878.016,14125.689242116772
274388,43878.016,28239.951935554574
274389,43878.016,66814.07237196581
274390,43878.016,41066.553919427184
274391,43878.016,78342.19975464349
274392,43878.016,41928.53638890791
274393,43878.016,18177.609003812562
274394,43878.016,39483.88034693175
274395,43878.016,63148.73773210251
274396,43878.016,14844.833256477543
274397,43878.016,18456.581941894718
274398,43878.016,10269.278799255715
274399,43878.016,33386.82384845934
274400,43878.016,28021.897746435043
274401,43878.016,19268.676585352045
274402,43878.016,49530.2507605289
274403,43878.016,36517.381954245175
274404,43878.016,68642.26757519392
274405,43878.016,64934.823675573236
274406,43878.016,40285.78846575627
274407,43878.016,37817.31917479845
274408,43878.016,57612.41998138978
274409,43878.016,59077.27288736996
274410,43878.016,16855.985479818777
274411,43878.016,56040.02556811632
274412,43878.016,50480.93480946191
274413,43878.016,57619.39012607509
274414,43878.016,41054.3509851144
274415,43878.016,36482.800955604966
274416,43878.016,27729.57006041137
274417,43878.016,18119.202932121505
274418,43878.016,8764.418162477754
274419,43878.016,25735.01374125415
274420,43878.016,30947.019824837756
274421,43878.016,47122.35354927561
274422,43878.016,64670.126444175476
274423,43878.016,20442.0742906946
274424,43878.016,24476.95593124636
274425,43878.016,13489.810626795797
274426,43878.016,24760.046679263454
274427,43878.016,22639.52797581063
274428,43878.016,33698.52429077709
274429,43878.016,9066.92997580265
274430,43878.016,52502.132866288324
274431,43878.016,22834.474131297007
274432,43878.016,31304.209731358344
274433,43878.016,14847.431005123008
274434,43878.016,13597.83165173839
274435,43878.016,32428.469188186926
274436,43878.016,41196.504259932415
274437,43878.016,46320.9132239183
274438,43878.016,34750.051599765386
274439,43878.016,18145.412072647177
274440,43878.016,35191.21651039694
274441,43878.016,77410.27623784635
274442,43878.016,14261.47526092768
274443,43878.016,58346.786010571195
274444,43878.016,30660.498064931027
274445,43878.016,51813.72922356067
274446,43878.016,34506.5610815433
274447,43878.016,18150.64939734402
274448,43878.016,24100.238240756487
274449,43878.016,25910.41725008578
274450,43878.016,52358.44836093611
274451,43878.016,38017.24913674344
274452,43878.016,10736.594046348098
274453,43878.016,51593.01749473359
274454,43878.016,19615.37746670981
274455,43878.016,28260.71412137083
274456,43878.016,33961.43414757031
274457,43878.016,36381.45391834994
274458,43878.016,30767.619858011556
274459,43878.016,12617.78886345573
274460,43878.016,39074.07157432177
274461,43878.016,8293.63421961219
274462,43878.016,79485.30661351317
274463,43878.016,61300.131584090945
274464,43878.016,50684.075850033325
274465,43878.016,24695.665212932465
274466,43878.016,13676.377147144309
274467,43878.016,17479.836958588632
274468,43878.016,52993.33669754475
274469,43878.016,23523.188435581586
274470,43878.016,13926.790127336679
274471,43878.016,50369.26330053716
274472,43878.016,68675.5128988472
274473,43878.016,7247.737517800521
274474,43878.016,43967.334644626004
274475,43878.016,32483.0874990832
274476,43878.016,31393.43842864203
274477,43878.016,22847.612482318542
274478,43878.016,7866.303642580832
274479,43878.016,37505.416075024244
274480,43878.016,45569.113334416106
274481,43878.016,86461.41551009848
274482,43878.016,52482.15454989195
274483,43878.016,13070.458307167755
274484,43878.016,69879.33358164907
274485,43878.016,49788.84323316933
274486,43878.016,31002.198520796333
274487,43878.016,46540.065872274114
274488,43878.016,79063.21831492204
274489,43878.016,27947.442306021378
274490,43878.016,49569.94946686106
274491,43878.016,7410.223956232775
274492,43878.016,70667.54532059822
274493,43878.016,37893.795189468445
274494,43878.016,49242.23700141009
274495,43878.016,9987.286281050161
274496,43878.016,14069.024093869664
274497,43878.016,46237.93019225003
274498,43878.016,29524.707703527045
274499,43878.016,25904.133320806668
274500,43878.016,52172.748512023376
274501,43878.016,19834.03439300428
274502,43878.016,34812.007836910525
274503,43878.016,27258.63494409328
274504,43878.016,37145.49403136407
274505,43878.016,15031.909754899956
274506,43878.016,18911.83007724574
274507,43878.016,16456.6252163416
274508,43878.016,27604.356592655226
274509,43878.016,37099.29128145352
274510,43878.016,41968.89220519918
274511,43878.016,11153.765999719562
274512,43878.016,57854.19511226163
274513,43878.016,10370.760607765516
274514,43878.016,49112.6915429537
274515,43878.016,27099.735318478757
274516,43878.016,47351.05030467755
274517,43878.016,36417.41261781742
274518,43878.016,39316.060621437784
274519,43878.016,35904.63226836906
274520,43878.016,57867.55209204684
274521,43878.016,10718.836946833428
274522,43878.016,36300.81046815058
274523,43878.016,9142.367817063294
274524,43878.016,5695.209647888933
274525,43878.016,21834.880826461274
274526,43878.016,70402.62625967944
274527,43878.016,8414.373309886074
274528,43878.016,13812.070489705275
274529,43878.016,44685.20432438517
274530,43878.016,57374.45158039296
274531,43878.016,39094.34125425269
274532,43878.016,7456.178555736749
274533,43878.016,43311.16752033732
274534,43878.016,52989.581218912244
274535,43878.016,35535.62798544849
274536,43878.016,38847.58954510124
274537,43878.016,6835.805491844894
274538,43878.016,18985.916502732478
274539,43878.016,16365.383552499274
274540,43878.016,13678.20860008562
274541,43878.016,54200.30291894221
274542,43878.016,45321.95620785695
274543,43878.016,6801.07018271338
274544,43878.016,24095.36302754974
274545,43878.016,55720.90407907159
274546,43878.016,31182.32749036443
274547,43878.016,42387.90377201575
274548,43878.016,59556.51931776112
274549,43878.016,55436.98036118534
274550,43878.016,40278.23189327647
274551,43878.016,27412.665125070795
274552,43878.016,9144.383788708303
274553,43878.016,40611.5716121914
274554,43878.016,17326.073215653876
274555,43878.016,60055.292204293284
274556,43878.016,31577.332034932173
274557,43878.016,56747.40182920563
274558,43878.016,14399.867410875238
274559,43878.016,31306.262421577987
274560,43878.016,32613.36901645797
274561,43878.016,54304.126875987415
274562,43878.016,11435.681967230646
274563,43878.016,51307.67917788196
274564,43878.016,23729.02866893536
274565,43878.016,38511.231092159505
274566,43878.016,14658.807322131866
274567,43878.016,7738.334692239716
274568,43878.016,10503.462908409881
274569,43878.016,62065.076979427344
274570,43878.016,23520.160258605425
274571,43878.016,37183.9979989083
274572,43878.016,17439.327903673602
274573,43878.016,14024.921384144896
274574,43878.016,44106.48825711239
274575,43878.016,46898.90496287006
274576,43878.016,48234.40257420321
274577,43878.016,48179.116644472975
274578,43878.016,58031.33893776076
274579,43878.016,65478.17980675185
274580,43878.016,9016.879871629077
274581,43878.016,55874.294056295344
274582,43878.016,36992.32966600527
274583,43878.016,25592.710676612256
274584,43878.016,18074.087087347973
274585,43878.016,17297.56180616348
274586,43878.016,58632.320134968206
274587,43878.016,72909.28837879613
274588,43878.016,43470.5910528747
274589,43878.016,34481.17457907206
274590,43878.016,115878.91708102207
274591,43878.016,8350.836520007259
274592,43878.016,36291.707094144265
274593,43878.016,7060.105591024898
274594,43878.016,71461.5248771911
274595,43878.016,28480.479022498926
274596,43878.016,39365.12395164206
274597,43878.016,22028.08430316569
274598,43878.016,43544.6624654785
274599,43878.016,48320.117992565385
274600,43878.016,56555.823246358836
274601,43878.016,46874.43405466179
274602,43878.016,50892.17085254299
274603,43878.016,26623.59218719179
274604,43878.016,34043.73894889324
274605,43878.016,58475.087647569
274606,43878.016,52281.723429203994
274607,43878.016,15299.573786679799
274608,43878.016,21747.537254393697
274609,43878.016,9447.731511002294
274610,43878.016,50015.8416101318
274611,43878.016,29797.359883714897
274612,43878.016,39066.87287397817
274613,43878.016,19643.8938442725
274614,43878.016,11298.583467713439
274615,43878.016,36304.98478576388
274616,43878.016,10116.090891262906
274617,43878.016,41413.24936136863
274618,43878.016,26946.980855377642
274619,43878.016,38202.61736967102
274620,43878.016,37819.192890031925
274621,43878.016,25167.666064047884
274622,43878.016,32472.599909379533
274623,43878.016,38872.95726430029
274624,43878.016,67748.80345855969
274625,43878.016,32261.61895995003
274626,43878.016,116368.07065140773
274627,43878.016,48094.12901634981
274628,43878.016,81909.53631777351
274629,43878.016,11660.6997168308
274630,43878.016,44407.25132590801
274631,43878.016,46172.18073644651
274632,43878.016,26493.53283064885
274633,43878.016,20234.700760927182
274634,43878.016,33450.59686392387
274635,43878.016,10433.824043107346
274636,43878.016,9146.699258261388
274637,43878.016,33874.05698364674
274638,43878.016,12888.162061783143
274639,43878.016,28242.669856759454
274640,43878.016,46261.31072749764
274641,43878.016,64007.85133174745
274642,43878.016,50535.6072603031
274643,43878.016,12930.291793186034
274644,43878.016,43939.70076873081
274645,43878.016,18452.232798349494
274646,43878.016,11684.585481962724
274647,43878.016,41112.21499558907
274648,43878.016,37362.03674607686
274649,43878.016,17082.09382791593
274650,43878.016,44492.05041564253
274651,43878.016,16945.16334472249
274652,43878.016,24593.70995622304
274653,43878.016,22306.817116852453
274654,43878.016,21856.974532182907
274655,43878.016,35098.71495243882
274656,43878.016,24147.87397302652
274657,43878.016,14562.796364165682
274658,43878.016,68882.25170541475
274659,43878.016,34140.487118657045
274660,43878.016,44184.69361241564
274661,43878.016,74265.23915352725
274662,43878.016,42636.50286485103
274663,43878.016,40184.65164803825
274664,43878.016,15712.023886001913
274665,43878.016,49219.748073471696
274666,43878.016,16567.169297799806
274667,43878.016,40964.95857208281
274668,43878.016,42904.54793028845
274669,43878.016,11341.504864583145
274670,43878.016,15252.108260702611
274671,43878.016,21548.761539413037
274672,43878.016,9654.309121447635
274673,43878.016,73296.31286916544
274674,43878.016,57910.362459681186
274675,43878.016,8798.655070325582
274676,43878.016,61028.46636215119
274677,43878.016,33158.757448932716
274678,43878.016,20277.870250128017
274679,43878.016,27632.698748371997
274680,43878.016,51337.261183036404
274681,43878.016,67807.66988122402
274682,43878.016,19749.984393741226
274683,43878.016,45333.21934079612
274684,43878.016,25571.640152179236
274685,43878.016,10311.161125468521
274686,43878.016,30524.406613614483
274687,43878.016,52081.521435066425
274688,43878.016,32799.369937639494
274689,43878.016,22426.895587491766
274690,43878.016,29320.399181210014
274691,43878.016,30794.36300788622
274692,43878.016,18336.1228004858
274693,43878.016,8720.422215527877
274694,43878.016,16658.65536017371
274695,43878.016,10232.532197190474
274696,43878.016,41900.13848023152
274697,43878.016,31274.268661175345
274698,43878.016,37379.16001115941
274699,43878.016,51873.76568904726
274700,43878.016,75134.64558722559
274701,43878.016,37328.1453855222
274702,43878.016,17501.428767785892
274703,43878.016,64777.51936210699
274704,43878.016,26928.758877569646
274705,43878.016,49663.08620673454
274706,43878.016,17855.951496043308
274707,43878.016,66625.57064034666
274708,43878.016,26213.558779167037
274709,43878.016,17710.651075475784
274710,43878.016,14623.816287667527
274711,43878.016,26881.37456481237
274712,43878.016,63903.748859393425
274713,43878.016,18893.732406391406
274714,43878.016,67405.89081443907
274715,43878.016,73591.36996479194
274716,43878.016,25017.385590342514
274717,43878.016,9325.096644903417
274718,43878.016,52948.91342337925
274719,43878.016,16515.654100705637
274720,43878.016,50827.6846225482
274721,43878.016,24793.514326825774
274722,43878.016,20575.01583632199
274723,43878.016,29469.32943205819
274724,43878.016,20607.33446003031
274725,43878.016,41706.48238351082
274726,43878.016,34016.06460651399
274727,43878.016,36343.757372781365
274728,43878.016,52253.87689307834
274729,43878.016,87591.44806737898
274730,43878.016,29240.525175805094
274731,43878.016,46627.85509690443
274732,43878.016,38559.93240287676
274733,43878.016,38555.70327253936
274734,43878.016,14712.26891070874
274735,43878.016,56583.230695150814
274736,43878.016,60204.4488836258
274737,43878.016,38503.6832458783
274738,43878.016,46238.678955629
274739,43878.016,8235.884071715616
274740,43878.016,26715.329506633752
274741,43878.016,17118.517714677913
274742,43878.016,13091.074816432048
274743,43878.016,42050.01527724593
274744,43878.016,46652.90596597316
274745,43878.016,52018.01407713968
274746,43878.016,27537.907867340447
274747,43878.016,42288.468979121404
274748,43878.016,34543.631732214926
274749,43878.016,23580.727529406446
274750,43878.016,43852.72810518206
274751,43878.016,10401.298072632491
274752,43878.016,49234.24497044112
274753,43878.016,7225.70862523636
274754,43878.016,12267.655256983257
274755,43878.016,61305.969450739525
274756,43878.016,16566.507361124783
274757,43878.016,57559.67286614712
274758,43878.016,41227.39823503233
274759,43878.016,10157.351004433349
274760,43878.016,15049.208356210576
274761,43878.016,44725.14028340873
274762,43878.016,41215.93279758651
274763,43878.016,31353.348636590195
274764,43878.016,9647.157245268772
274765,43878.016,11628.877818197721
274766,43878.016,42025.275518185335
274767,43878.016,9427.70167896796
274768,43878.016,71881.67646388632
274769,43878.016,13611.87658173755
274770,43878.016,40838.463370276426
274771,43878.016,91193.10390676475
274772,43878.016,51902.55658702651
274773,43878.016,10504.668581294038
274774,43878.016,64418.86857375373
274775,43878.016,30379.446646081968
274776,43878.016,13518.59228734093
274777,43878.016,25218.066711217696
274778,43878.016,15609.276569726635
274779,43878.016,55790.65901207416
274780,43878.016,11451.74055856732
274781,43878.016,8426.916409813704
274782,43878.016,52105.53628335134
274783,43878.016,43090.973134951026
274784,43878.016,19490.925043523366
274785,43878.016,25648.824393420673
274786,43878.016,29841.1514852611
274787,43878.016,16385.70879548493
274788,43878.016,33721.253376843146
274789,43878.016,32000.356206136927
274790,43878.016,26247.35840948906
274791,43878.016,11052.816786684833
274792,43878.016,68566.12597840482
274793,43878.016,41974.92803286601
274794,43878.016,11068.26514140015
274795,43878.016,63450.07789124472
274796,43878.016,70407.87005693797
274797,43878.016,16060.939747692417
274798,43878.016,31204.04717721705
274799,43878.016,53564.02853316466
274800,43878.016,12723.292373281509
274801,43878.016,39608.974837469636
274802,43878.016,26173.794570804177
274803,43878.016,14156.679988325988
274804,43878.016,22724.539127637956
274805,43878.016,44702.586877746086
274806,43878.016,50773.471055571
274807,43878.016,31813.44716694578
274808,43878.016,49200.261931268054
274809,43878.016,43237.67303448749
274810,43878.016,34208.77369386608
274811,43878.016,29248.922012720184
274812,43878.016,21486.670741127225
274813,43878.016,11188.175022058263
274814,43878.016,27127.733723859074
274815,43878.016,47693.6139534444
274816,43878.016,64808.61981478273
274817,43878.016,42245.854415622794
274818,43878.016,17761.005715753377
274819,43878.016,31872.5834047053
274820,43878.016,16970.88389217924
274821,43878.016,8215.836722363569
274822,43878.016,19440.342347747675
274823,43878.016,86246.13243244805
274824,43878.016,54916.56921068626
274825,43878.016,23029.605243557504
274826,43878.016,52868.56214615307
274827,43878.016,56766.769291637334
274828,43878.016,17378.666040806635
274829,43878.016,34688.390808163225
274830,43878.016,26386.68224929685
274831,43878.016,17391.353559103052
274832,43878.016,71321.17002475033
274833,43878.016,58284.278940639575
274834,43878.016,28786.30491302432
274835,43878.016,29939.128313098656
274836,43878.016,46427.2202859315
274837,43878.016,37099.2689907604
274838,43878.016,7954.314144689922
274839,43878.016,4524.838585316957
274840,43878.016,28694.149736258438
274841,43878.016,20837.042473582715
274842,43878.016,67707.59175889294
274843,43878.016,12335.846916293023
274844,43878.016,39521.029131203184
274845,43878.016,66763.73647617496
274846,43878.016,41352.172352580565
274847,43878.016,70115.90084351914
274848,43878.016,23312.019710413842
274849,43878.016,53632.95468825167
274850,43878.016,21603.21264930398
274851,43878.016,50543.83301933483
274852,43878.016,40826.148077360405
274853,43878.016,16968.026916004375
274854,43878.016,22838.015827008076
274855,43878.016,34206.21145957847
274856,43878.016,32996.18488010058
274857,43878.016,56219.62271307963
274858,43878.016,54161.66636189649
274859,43878.016,12563.785373458993
274860,43878.016,22741.249202238017
274861,43878.016,54091.445222126065
274862,43878.016,25780.18920195785
274863,43878.016,12662.57937889769
274864,43878.016,24420.237563161885
274865,43878.016,45063.552334655054
274866,43878.016,35070.691938637894
274867,43878.016,52866.88449699779
274868,43878.016,12637.74479933132
274869,43878.016,8079.468481102811
274870,43878.016,43627.62992712557
274871,43878.016,19058.818499282657
274872,43878.016,33582.837986969644
274873,43878.016,17947.926222721573
274874,43878.016,23898.035789077327
274875,43878.016,43584.68227563034
274876,43878.016,15824.389548423691
274877,43878.016,53024.32896922425
274878,43878.016,9971.277930420656
274879,43878.016,56224.24342826919
274880,43878.016,37908.31445679299
274881,43878.016,43998.2146524779
274882,43878.016,76254.63895870437
274883,43878.016,11718.625171254393
274884,43878.016,52374.48178796363
274885,43878.016,16062.67875989474
274886,43878.016,14676.228710531415
274887,43878.016,92782.96596856971
274888,43878.016,57580.41306136229
274889,43878.016,38614.79903127549
274890,43878.016,43350.96016670707
274891,43878.016,27311.710326796747
274892,43878.016,11752.189674853154
274893,43878.016,38142.002155846385
274894,43878.016,6635.964076426803
274895,43878.016,56791.270715731844
274896,43878.016,29926.769639929524
274897,43878.016,26524.418283309664
274898,43878.016,11477.827590817842
274899,43878.016,10808.314412837859
274900,43878.016,10595.69359260137
274901,43878.016,21166.770850462337
274902,43878.016,13462.38009024235
274903,43878.016,50808.876663105606
274904,43878.016,23238.22507272115
274905,43878.016,31388.089633835716
274906,43878.016,9477.536234686395
274907,43878.016,61984.681275274634
274908,43878.016,41908.197460712785
274909,43878.016,39274.55609574475
274910,43878.016,8382.152380809272
274911,43878.016,45474.21673335325
274912,43878.016,20782.25059718332
274913,43878.016,20215.523493346656
274914,43878.016,42550.43980279365
274915,43878.016,23570.199906660884
274916,43878.016,53167.23681007083
274917,43878.016,36496.12304912066
274918,43878.016,15571.838990398108
274919,43878.016,19881.830570375903
274920,43878.016,18327.43376186555
274921,43878.016,7996.198447441908
274922,43878.016,13358.034540027465
274923,43878.016,73437.14187840733
274924,43878.016,51180.41374636006
274925,43878.016,16629.999104293387
274926,43878.016,35317.939040569145
274927,43878.016,14804.233799868787
274928,43878.016,55937.36074021696
274929,43878.016,35059.72794966528
274930,43878.016,61656.57240215545
274931,43878.016,54781.57653684629
274932,43878.016,55706.28643575038
274933,43878.016,57199.01502554868
274934,43878.016,23844.02006308154
274935,43878.016,26260.68841795346
274936,43878.016,21029.305560857236
274937,43878.016,11960.945923697713
274938,43878.016,20627.94722776701
274939,43878.016,23365.89085087886
274940,43878.016,22901.658992960944
274941,43878.016,40391.14857808926
274942,43878.016,35466.201826872944
274943,43878.016,24314.18449595713
274944,43878.016,60090.894057523445
274945,43878.016,49014.599485493185
274946,43878.016,22304.636364206435
274947,43878.016,11322.211807076328
274948,43878.016,52090.76192535006
274949,43878.016,43229.67724656233
274950,43878.016,58220.77549029515
274951,43878.016,43778.813265690376
274952,43878.016,17630.124889310588
274953,43878.016,9334.706139876456
274954,43878.016,31642.723592589453
274955,43878.016,60665.40065130269
274956,43878.016,61527.24919579799
274957,43878.016,18912.678076168748
274958,43878.016,14548.491592091292
274959,43878.016,78882.98103802021
274960,43878.016,24436.76495826876
274961,43878.016,54753.350848675145
274962,43878.016,7058.513054321122
274963,43878.016,31479.576467665356
274964,43878.016,59619.95345545597
274965,43878.016,31615.320516241492
274966,43878.016,65052.76806140557
274967,43878.016,22634.565614409505
274968,43878.016,34059.24624881402
274969,43878.016,40249.76124262344
274970,43878.016,39078.41649290033
274971,43878.016,35649.093065433386
274972,43878.016,36571.07905238922
274973,43878.016,41587.890942351805
274974,43878.016,23574.894042075688
274975,43878.016,42726.19269801444
274976,43878.016,60478.686753377944
274977,43878.016,60306.4599417974
274978,43878.016,12778.866389822886
274979,43878.016,33237.448772039505
274980,43878.016,25086.52875438092
274981,43878.016,17228.94133055184
274982,43878.016,12727.723734351535
274983,43878.016,46649.15507019164
274984,43878.016,15659.13079476947
274985,43878.016,60359.25555741794
274986,43878.016,66074.94555146468
274987,43878.016,20683.41249876468
274988,43878.016,19954.55532462829
274989,43878.016,33463.10789351836
274990,43878.016,43327.69747001846
274991,43878.016,6366.229865275095
274992,43878.016,23489.232193748107
274993,43878.016,72215.27061260572
274994,43878.016,14691.659595471385
274995,43878.016,24051.905301096675
274996,43878.016,49620.033400299886
274997,43878.016,19515.720754566224
274998,43878.016,27037.737294003087
274999,43878.016,35860.480711364646
275000,43878.016,47728.243915311316
275001,43878.016,45554.31981290549
275002,43878.016,41520.07438688546
275003,43878.016,9673.022037901817
275004,43878.016,23180.632263520638
275005,43878.016,63072.90640239317
275006,43878.016,29092.355268201434
275007,43878.016,46964.43525606709
275008,43878.016,12712.828905380497
275009,43878.016,23394.745286705125
275010,43878.016,19774.546462396072
275011,43878.016,38227.94747598237
275012,43878.016,43148.09021167471
275013,43878.016,42086.51997422929
275014,43878.016,50860.02077812236
275015,43878.016,42385.468938024605
275016,43878.016,19210.356171212272
275017,43878.016,6492.925813276327
275018,43878.016,8945.49204462167
275019,43878.016,32168.49250466703
275020,43878.016,10419.993687475653
275021,43878.016,37115.2271733805
275022,43878.016,27136.296099319377
275023,43878.016,27129.26029633008
275024,43878.016,36174.0711921775
275025,43878.016,89598.90015517568
275026,43878.016,56206.20426538829
275027,43878.016,21141.08243117814
275028,43878.016,21762.536056568886
275029,43878.016,30946.533762651612
275030,43878.016,33339.86742829321
275031,43878.016,10938.156529740078
275032,43878.016,54690.44050092814
275033,43878.016,10743.677201672503
275034,43878.016,20786.02185572973
275035,43878.016,56297.065189079156
275036,43878.016,9958.869675385815
275037,43878.016,6989.787486019255
275038,43878.016,11937.837137254965
275039,43878.016,46757.45823279971
275040,43878.016,7388.422686392296
275041,43878.016,6151.190635324253
275042,43878.016,31804.738330945976
275043,43878.016,5674.4671813097575
275044,43878.016,23061.05284901093
275045,43878.016,25776.51700625269
275046,43878.016,9487.058636575624
275047,43878.016,49618.45945739917
275048,43878.016,24967.803099566125
275049,43878.016,24431.527339931363
275050,43878.016,30323.018479726812
275051,43878.016,56506.64481201459
275052,43878.016,27516.149438922428
275053,43878.016,68078.97868819139
275054,43878.016,15375.828033002399
275055,43878.016,29797.768625167937
275056,43878.016,53027.3757066765
275057,43878.016,30933.701989668683
275058,43878.016,11149.55577048758
275059,43878.016,52726.739079985426
275060,43878.016,49239.49646311229
275061,43878.016,33613.26232830016
275062,43878.016,44008.84244017606
275063,43878.016,37037.66822093783
275064,43878.016,32013.2245112302
275065,43878.016,11982.000428074853
275066,43878.016,30284.300379607732
275067,43878.016,49363.08246212459
275068,43878.016,4234.1758047786
275069,43878.016,37110.81881310758
275070,43878.016,33149.06725175956
275071,43878.016,19443.80645299432
275072,43878.016,27735.443903296797
275073,43878.016,11831.566210584135
275074,43878.016,26216.78202346545
275075,43878.016,16835.851125037123
275076,43878.016,15836.84421974678
275077,43878.016,28278.015337897992
275078,43878.016,34604.683235785335
275079,43878.016,18118.06399363518
275080,43878.016,38018.37966586585
275081,43878.016,39730.79345861056
275082,43878.016,18666.844277786953
275083,43878.016,23267.178802362127
275084,43878.016,77126.36181219792
275085,43878.016,52250.390570865755
275086,43878.016,56567.41151615923
275087,43878.016,24388.99816085051
275088,43878.016,50762.748501497284
275089,43878.016,9945.805046419036
275090,43878.016,24408.538510449234
275091,43878.016,56602.292381729916
275092,43878.016,44454.934666069035
275093,43878.016,11269.687367580222
275094,43878.016,67176.535930449
275095,43878.016,65681.27673723307
275096,43878.016,41252.80605418657
275097,43878.016,21823.64217730812
275098,43878.016,32160.010544892495
275099,43878.016,16750.433901454333
275100,43878.016,27852.797304760847
275101,43878.016,21720.814672759552
275102,43878.016,33689.62818771263
275103,43878.016,59917.00425080275
275104,43878.016,9621.884186687523
275105,43878.016,47977.402137146295
275106,43878.016,19380.06919016346
275107,43878.016,47272.637396333856
275108,43878.016,50846.771717086944
275109,43878.016,8889.27844083011
275110,43878.016,10681.826411736702
275111,43878.016,27866.007513099332
275112,43878.016,64533.62536253232
275113,43878.016,47283.55594046954
275114,43878.016,49483.79239543501
275115,43878.016,27833.510259986157
275116,43878.016,29237.416380191065
275117,43878.016,50967.46172674761
275118,43878.016,17349.69104088915
275119,43878.016,68082.93632477074
275120,43878.016,60394.70600009024
275121,43878.016,14583.998594595161
275122,43878.016,36857.65769181228
275123,43878.016,10292.47506509269
275124,43878.016,61959.157249485
275125,43878.016,27884.350245602327
275126,43878.016,47123.15429862913
275127,43878.016,30076.719340403735
275128,43878.016,22033.533107146166
275129,43878.016,66133.36369467498
275130,43878.016,16562.691160615883
275131,43878.016,8235.357449576335
275132,43878.016,14313.62134195085
275133,43878.016,19360.35254236771
275134,43878.016,11736.527054005419
275135,43878.016,25731.594176015005
275136,43878.016,29932.662854781982
275137,43878.016,14987.968698083241
275138,43878.016,66828.51674665422
275139,43878.016,65393.54892961331
275140,43878.016,11727.420997168168
275141,43878.016,35305.5082618907
275142,43878.016,31843.20944257654
275143,43878.016,48468.93399645166
275144,43878.016,72279.69154794991
275145,43878.016,46649.302807221684
275146,43878.016,31683.281002258384
275147,43878.016,77204.43845617739
275148,43878.016,60021.6533220817
275149,43878.016,20946.880709761237
275150,43878.016,28805.665040132306
275151,43878.016,44213.64904106838
275152,43878.016,23065.390255759274
275153,43878.016,25732.092969815527
275154,43878.016,15672.661670499567
275155,43878.016,48527.085335476215
275156,43878.016,5642.038709268299
275157,43878.016,17744.235563393308
275158,43878.016,10512.434090887324
275159,43878.016,54290.467773556964
275160,43878.016,26027.853647241154
275161,43878.016,11596.20845723455
275162,43878.016,26605.23505098094
275163,43878.016,50129.998286134505
275164,43878.016,13334.95083315849
275165,43878.016,46246.400679176324
275166,43878.016,37852.7401256151
275167,43878.016,24440.81613359542
275168,43878.016,64419.03695474387
275169,43878.016,13374.68308684436
275170,43878.016,54425.177508890425
275171,43878.016,33417.06505671029
275172,43878.016,41894.01187007792
275173,43878.016,55092.00049470366
275174,43878.016,12161.695795868938
275175,43878.016,9890.586927819739
275176,43878.016,37648.14111910484
275177,43878.016,20691.493476367286
275178,43878.016,51452.528564482964
275179,43878.016,47397.53226427995
275180,43878.016,13791.656100975664
275181,43878.016,61572.07778499401
275182,43878.016,25943.624662297203
275183,43878.016,43120.81931869898
275184,43878.016,13057.925046146262
275185,43878.016,46818.03270403732
275186,43878.016,8713.42344825636
275187,43878.016,59394.21048789161
275188,43878.016,34646.24544802984
275189,43878.016,40652.85727140254
275190,43878.016,12546.311860554499
275191,43878.016,25124.982328745657
275192,43878.016,67759.1419678412
275193,43878.016,41396.389430797266
275194,43878.016,91111.50399355756
275195,43878.016,42035.94677531024
275196,43878.016,45503.40579482522
275197,43878.016,31614.78818076611
275198,43878.016,59835.26841554782
275199,43878.016,67505.64835018058
275200,43878.016,33377.02422415154
275201,43878.016,27453.6443016312
275202,43878.016,42193.89813032499
275203,43878.016,19874.40861148475
275204,43878.016,64710.2526183973
275205,43878.016,43511.75008654711
275206,43878.016,39416.45207844693
275207,43878.016,18718.17432386469
275208,43878.016,21985.72105784876
275209,43878.016,73918.62097530888
275210,43878.016,53682.53760324558
275211,43878.016,37687.372345817545
275212,43878.016,51282.62653489583
275213,43878.016,17825.912532932787
275214,43878.016,58577.520752062606
275215,43878.016,57165.22587707644
275216,43878.016,30948.24595900126
275217,43878.016,39094.480899272734
275218,43878.016,27246.58827144884
275219,43878.016,33366.736753401616
275220,43878.016,14234.041116772256
275221,43878.016,13053.997033849231
275222,43878.016,18635.152887662392
275223,43878.016,21167.750835852818
275224,43878.016,45894.268385776464
275225,43878.016,51128.70320976925
275226,43878.016,47669.4013949571
275227,43878.016,13252.1767659853
275228,43878.016,49391.428376611875
275229,43878.016,10432.120419046618
275230,43878.016,27202.88125738828
275231,43878.016,32698.777424304855
275232,43878.016,38417.196569105836
275233,43878.016,53742.57135478899
275234,43878.016,36977.96189978975
275235,43878.016,7043.559177438806
275236,43878.016,54162.45454722667
275237,43878.016,34696.999907233025
275238,43878.016,7379.9912603497205
275239,43878.016,7701.3515052445955
275240,43878.016,71664.39666177625
275241,43878.016,60277.60287344442
275242,43878.016,55193.23922165439
275243,43878.016,52677.090206996276
275244,43878.016,21317.646522897998
275245,43878.016,13822.195656732278
275246,43878.016,23446.738758055224
275247,43878.016,7562.372374190378
275248,43878.016,28396.990105175704
275249,43878.016,51784.48872480017
275250,43878.016,14896.8674718852
275251,43878.016,10990.076395718492
275252,43878.016,21029.143215934488
275253,43878.016,26884.874821205965
275254,43878.016,29321.36849801749
275255,43878.016,15350.797432374224
275256,43878.016,18180.830280415434
275257,43878.016,15812.830094422614
275258,43878.016,22211.658796495667
275259,43878.016,67765.56385633677
275260,43878.016,20140.400533728967
275261,43878.016,9666.770827211825
275262,43878.016,69094.37801680723
275263,43878.016,18815.938232873374
275264,43878.016,63584.95753196839
275265,43878.016,12886.10065312385
275266,43878.016,20472.08187968484
275267,43878.016,39869.7803673119
275268,43878.016,56122.09258373661
275269,43878.016,53782.58617981496
275270,43878.016,70989.57896452489
275271,43878.016,55237.46142668613
275272,43878.016,55878.7176290254
275273,43878.016,30983.202412010196
275274,43878.016,57209.96167097223
275275,43878.016,43117.2539181826
275276,43878.016,44018.48518810501
275277,43878.016,15467.755100199916
275278,43878.016,29379.481846714727
275279,43878.016,31226.221052896908
275280,43878.016,26888.5982305366
275281,43878.016,15423.380524890492
275282,43878.016,12046.497836315297
275283,43878.016,33614.12325493703
275284,43878.016,65112.035096576845
275285,43878.016,53081.992424128126
275286,43878.016,23638.120565808724
275287,43878.016,17722.824264298502
275288,43878.016,13373.040036843775
275289,43878.016,15598.76523488708
275290,43878.016,52028.04288894562
275291,43878.016,21642.802050943472
275292,43878.016,18587.40499727428
275293,43878.016,7990.618804775833
275294,43878.016,26738.649878650704
275295,43878.016,94463.99262054267
275296,43878.016,9588.364428726132
275297,43878.016,45376.608389703506
275298,43878.016,12111.90237760106
275299,43878.016,19753.44366308904
275300,43878.016,65953.34473461994
275301,43878.016,34123.208466423406
275302,43878.016,52463.547320217396
275303,43878.016,47545.62221495454
275304,43878.016,12939.057178578467
275305,43878.016,52701.636908446366
275306,43878.016,34788.570425251615
275307,43878.016,37312.74650957621
275308,43878.016,19039.377741818265
275309,43878.016,53659.06443186199
275310,43878.016,40285.65701252754
275311,43878.016,82417.74917324506
275312,43878.016,25767.841987525535
275313,43878.016,18671.496137883623
275314,43878.016,12364.702671152521
275315,43878.016,10395.105107063726
275316,43878.016,12279.178035392468
275317,43878.016,23785.884608345033
275318,43878.016,36115.548168216
275319,43878.016,36177.0413235857
275320,43878.016,43063.86475671347
275321,43878.016,21173.966865813767
275322,43878.016,44910.33897859863
275323,43878.016,32406.72007340909
275324,43878.016,61887.15012171879
275325,43878.016,20898.600341748253
275326,43878.016,36489.82402842815
275327,43878.016,65573.04459293005
275328,43878.016,19548.546959262763
275329,43878.016,13558.21064275231
275330,43878.016,31214.065033928095
275331,43878.016,13744.330164517605
275332,43878.016,49782.05038879746
275333,43878.016,12534.569266475895
275334,43878.016,41072.22245793075
275335,43878.016,82436.47945658144
275336,43878.016,7952.165400399646
275337,43878.016,62798.7068308827
275338,43878.016,22573.720420373884
275339,43878.016,41935.697181858835
275340,43878.016,53170.88606266321
275341,43878.016,14930.22716127717
275342,43878.016,67756.16657143156
275343,43878.016,66818.00250727985
275344,43878.016,45099.34059287122
275345,43878.016,66039.04540736927
275346,43878.016,36735.48597756858
275347,43878.016,42382.1969351636
275348,43878.016,13872.682128759083
275349,43878.016,51827.5740497558
275350,43878.016,53552.307434000795
275351,43878.016,45606.202324827034
275352,43878.016,9499.328409883014
275353,43878.016,82222.4509120029
275354,43878.016,34875.116256363624
275355,43878.016,23740.45649596399
275356,43878.016,16109.475854929886
275357,43878.016,64375.30381707871
275358,43878.016,39729.51177260302
275359,43878.016,63675.171976534286
275360,43878.016,19631.748777842302
275361,43878.016,59231.42054124102
275362,43878.016,13696.827226808213
275363,43878.016,15855.893400909825
275364,43878.016,34039.43885944362
275365,43878.016,39264.90271591995
275366,43878.016,65901.93870831022
275367,43878.016,39262.479151934815
275368,43878.016,59267.17539233937
275369,43878.016,18189.902862844687
275370,43878.016,44847.73646936243
275371,43878.016,51606.952219630235
275372,43878.016,21408.280124883466
275373,43878.016,13671.906786700833
275374,43878.016,19703.42353472244
275375,43878.016,36660.81430037806
275376,43878.016,33144.473630150394
275377,43878.016,49475.9916559287
275378,43878.016,30733.692432162305
275379,43878.016,85223.70821696753
275380,43878.016,47859.83218573319
275381,43878.016,66396.21521184534
275382,43878.016,40307.88593148404
275383,43878.016,35080.67704079528
275384,43878.016,13660.890451573963
275385,43878.016,76757.0166000233
275386,43878.016,37630.92303447711
275387,43878.016,40697.84082206491
275388,43878.016,26946.20641606339
275389,43878.016,18442.645005762497
275390,43878.016,18529.36386540155
275391,43878.016,25320.565983862325
275392,43878.016,61604.122388529286
275393,43878.016,42756.30978120816
275394,43878.016,22523.865910262633
275395,43878.016,59514.945567635725
275396,43878.016,16148.81786572815
275397,43878.016,7039.702580565084
275398,43878.016,42341.64603332236
275399,43878.016,36415.35053421855
275400,43878.016,26205.578522328087
275401,43878.016,49388.645369502236
275402,43878.016,57520.39047071368
275403,43878.016,8881.887684822337
275404,43878.016,8518.344098986374
275405,43878.016,13129.323129148495
275406,43878.016,22414.850417943642
275407,43878.016,49481.787838672695
275408,43878.016,8732.73670256086
275409,43878.016,75902.84473037784
275410,43878.016,30768.567101303033
275411,43878.016,11819.597780494381
275412,43878.016,30915.774205594116
275413,43878.016,42200.35188338287
275414,43878.016,28299.118058729804
275415,43878.016,7255.38863693374
275416,43878.016,78353.31365916612
275417,43878.016,8868.310286572107
275418,43878.016,63757.7581292503
275419,43878.016,8315.812375158968
275420,43878.016,64926.052106168456
275421,43878.016,56710.46372075458
275422,43878.016,29328.060301215748
275423,43878.016,119087.31463841094
275424,43878.016,46129.717215171506
275425,43878.016,18835.198246446584
275426,43878.016,50808.23504251055
275427,43878.016,65559.37120150022
275428,43878.016,52531.9252427753
275429,43878.016,19213.004475640308
275430,43878.016,26190.843263041454
275431,43878.016,21201.0929073596
275432,43878.016,28750.671910430097
275433,43878.016,5465.418639764848
275434,43878.016,21454.23379874442
275435,43878.016,27616.02947994161
275436,43878.016,51605.52001852126
275437,43878.016,22719.251818886158
275438,43878.016,103069.58034373149
275439,43878.016,77063.44263061199
275440,43878.016,42615.45329467766
275441,43878.016,32159.83293479885
275442,43878.016,30158.632291479873
275443,43878.016,52331.756352992146
275444,43878.016,44168.284786527634
275445,43878.016,67781.91019656202
275446,43878.016,38685.9508249179
275447,43878.016,82918.84593301853
275448,43878.016,52357.400579474306
275449,43878.016,21278.57106299011
275450,43878.016,118017.78437081413
275451,43878.016,38670.00615620461
275452,43878.016,18759.097990713573
275453,43878.016,20528.970424941897
275454,43878.016,40064.23941100039
275455,43878.016,37886.290476673006
275456,43878.016,28707.40283684312
275457,43878.016,41420.53398482312
275458,43878.016,40420.999246505584
275459,43878.016,25689.31045092357
275460,43878.016,13722.138699256
275461,43878.016,20665.16209670485
275462,43878.016,64175.857128084404
275463,43878.016,32600.267549247976
275464,43878.016,43736.12226672743
275465,43878.016,52112.84020010127
275466,43878.016,9956.975643757378
275467,43878.016,17813.574261542122
275468,43878.016,45472.71085447885
275469,43878.016,34012.59822431006
275470,43878.016,49722.64914356493
275471,43878.016,41999.73258320905
275472,43878.016,20987.533627358418
275473,43878.016,31358.629457545714
275474,43878.016,24867.912198297072
275475,43878.016,54373.969667952064
275476,43878.016,63952.555212216714
275477,43878.016,7004.456170941663
275478,43878.016,7175.242825646998
275479,43878.016,22152.747524956616
275480,43878.016,33369.89823168835
275481,43878.016,36508.484004025675
275482,43878.016,69383.59972142513
275483,43878.016,20370.58706365422
275484,43878.016,39111.41243472816
275485,43878.016,34627.18719995625
275486,43878.016,72103.74959471755
275487,43878.016,38869.85669297494
275488,43878.016,14769.1647316562
275489,43878.016,37416.78984297089
275490,43878.016,8782.145860340663
275491,43878.016,36816.559571288024
275492,43878.016,44033.706215491875
275493,43878.016,52942.89576742574
275494,43878.016,11345.049862397078
275495,43878.016,52076.02255959178
275496,43878.016,57577.812071140215
275497,43878.016,55085.59159194481
275498,43878.016,26608.992161696093
275499,43878.016,56893.14900663086
275500,43878.016,17161.609737852687
275501,43878.016,48767.55579400033
275502,43878.016,76665.2927398758
275503,43878.016,17061.98089635429
275504,43878.016,30176.951421307876
275505,43878.016,12776.083767523094
275506,43878.016,22978.443851390828
275507,43878.016,47869.84858828751
275508,43878.016,57508.05945523684
275509,43878.016,59549.73467102529
275510,43878.016,74999.6462306338
275511,43878.016,77258.9134699285
275512,43878.016,33740.0018991703
275513,43878.016,16473.91475346077
275514,43878.016,19095.543770883083
275515,43878.016,17992.145820337108
275516,43878.016,42307.590806901026
275517,43878.016,31928.5598079356
275518,43878.016,19099.66736365251
275519,43878.016,33800.48214079984
275520,43878.016,76287.90183316184
275521,43878.016,42399.50594532102
275522,43878.016,31760.549785561023
275523,43878.016,22454.690931463607
275524,43878.016,18197.059032247198
275525,43878.016,34267.63707945044
275526,43878.016,31376.148722429738
275527,43878.016,19683.514134118814
275528,43878.016,47043.90862811008
275529,43878.016,17447.465596234477
275530,43878.016,14834.907102781921
275531,43878.016,23145.95257830136
275532,43878.016,26311.021353879136
275533,43878.016,49137.5873055395
275534,43878.016,3895.3171394427345
275535,43878.016,14664.849691953481
275536,43878.016,11998.856439916948
275537,43878.016,48753.67890765638
275538,43878.016,23837.834573782122
275539,43878.016,63938.41612114551
275540,43878.016,51444.31324758913
275541,43878.016,41353.82987560904
275542,43878.016,43700.878943986674
275543,43878.016,48445.020879602554
275544,43878.016,16896.326476680766
275545,43878.016,63965.57489529131
275546,43878.016,32681.606846252485
275547,43878.016,16415.62049162505
275548,43878.016,26038.462170882798
275549,43878.016,49091.151695667606
275550,43878.016,13005.64883912741
275551,43878.016,11319.787342507509
275552,43878.016,34283.68942979063
275553,43878.016,40738.98777198317
275554,43878.016,52124.004552543
275555,43878.016,32040.784881215855
275556,43878.016,28920.428167813003
275557,43878.016,11188.67001176219
275558,43878.016,19304.00387940352
275559,43878.016,64836.73079613751
275560,43878.016,39915.552155943675
275561,43878.016,60232.47174736384
275562,43878.016,37218.63062947602
275563,43878.016,21444.99842901068
275564,43878.016,27835.67236168101
275565,43878.016,52785.360515305045
275566,43878.016,22765.998009631658
275567,43878.016,20607.712527982567
275568,43878.016,74750.04130943317
275569,43878.016,32021.68215950159
275570,43878.016,50174.457307840414
275571,43878.016,31679.902748150398
275572,43878.016,5598.502957868171
275573,43878.016,10075.75478962377
275574,43878.016,69588.90113811505
275575,43878.016,40249.529429016446
275576,43878.016,13321.524229777218
275577,43878.016,54592.980818743396
275578,43878.016,38790.54563197962
275579,43878.016,20076.069697527164
275580,43878.016,17399.782814997812
275581,43878.016,60189.92175814341
275582,43878.016,30586.221891604757
275583,43878.016,29608.211230608827
275584,43878.016,13827.975167676559
275585,43878.016,37833.12162725195
275586,43878.016,77317.43566931372
275587,43878.016,51372.953228258695
275588,43878.016,50598.141681105495
275589,43878.016,23738.179113713308
275590,43878.016,45762.17436390913
275591,43878.016,14755.554785726752
275592,43878.016,8562.42413090039
275593,43878.016,9395.623849394115
275594,43878.016,44891.575978298984
275595,43878.016,27952.040464743477
275596,43878.016,38525.24574249803
275597,43878.016,58223.59475361652
275598,43878.016,45818.36095095347
275599,43878.016,33057.95374052016
275600,43878.016,50455.049533653575
275601,43878.016,16499.995205643492
275602,43878.016,24448.400618224572
275603,43878.016,48059.450372828076
275604,43878.016,47336.10029546828
275605,43878.016,22940.958495498213
275606,43878.016,52763.43300872567
275607,43878.016,28391.131280549333
275608,43878.016,46723.54918129982
275609,43878.016,14262.654223630574
275610,43878.016,20649.221964590975
275611,43878.016,62903.62632240074
275612,43878.016,26070.287300659435
275613,43878.016,14770.621982315055
275614,43878.016,39041.903336582756
275615,43878.016,18017.351154562893
275616,43878.016,12345.588000854681
275617,43878.016,28856.707167361168
275618,43878.016,29074.982393173592
275619,43878.016,65405.33657434179
275620,43878.016,12351.871439944403
275621,43878.016,33855.62411819021
275622,43878.016,42312.98699201933
275623,43878.016,52194.18999140839
275624,43878.016,68213.99839847995
275625,43878.016,72279.01163607315
275626,43878.016,21461.32637408039
275627,43878.016,49295.82464305738
275628,43878.016,43165.98355763454
275629,43878.016,7873.264554876471
275630,43878.016,15111.69776284125
275631,43878.016,76278.17980370487
275632,43878.016,15665.198910385649
275633,43878.016,64303.82461226977
275634,43878.016,42512.43640424663
275635,43878.016,23092.493298314414
275636,43878.016,51395.72452266854
275637,43878.016,23174.58163864388
275638,43878.016,47967.13279023625
275639,43878.016,38108.058076559275
275640,43878.016,50129.467671776416
275641,43878.016,18191.128275098017
275642,43878.016,39084.003777358965
275643,43878.016,12200.361627746304
275644,43878.016,33660.60777408636
275645,43878.016,43930.369988567756
275646,43878.016,25493.855202625986
275647,43878.016,46942.45426165976
275648,43878.016,9278.019840724503
275649,43878.016,24392.370046846067
275650,43878.016,9978.924994367084
275651,43878.016,15610.731304336356
275652,43878.016,61075.88925607495
275653,43878.016,36675.75145198876
275654,43878.016,55862.46577415959
275655,43878.016,38248.41976290102
275656,43878.016,6489.276075207758
275657,43878.016,23011.669286800257
275658,43878.016,25858.52006238429
275659,43878.016,48156.52710548844
275660,43878.016,25918.76039311365
275661,43878.016,25288.526623435722
275662,43878.016,22487.188431357623
275663,43878.016,31533.11910285283
275664,43878.016,20345.607664260693
275665,43878.016,27964.046543077882
275666,43878.016,20314.664239289534
275667,43878.016,24604.159518207787
275668,43878.016,37587.989592423866
275669,43878.016,30403.600417032867
275670,43878.016,29105.090778128964
275671,43878.016,19621.857198080033
275672,43878.016,5528.72772430778
275673,43878.016,16387.244517463285
275674,43878.016,26524.622655084822
275675,43878.016,54202.776788966425
275676,43878.016,11694.389559928772
275677,43878.016,24101.893877522605
275678,43878.016,20864.40298184264
275679,43878.016,34537.50864481895
275680,43878.016,34001.64737466979
275681,43878.016,96170.96288825777
275682,43878.016,53180.957886990924
275683,43878.016,60342.856800903224
275684,43878.016,47149.513750644306
275685,43878.016,24741.238919232637
275686,43878.016,21629.825541053455
275687,43878.016,33189.33404167431
275688,43878.016,12703.921057549283
275689,43878.016,44659.92873643967
275690,43878.016,20520.143180809475
275691,43878.016,48766.33723770003
275692,43878.016,30818.79002783461
275693,43878.016,31474.971795541933
275694,43878.016,35718.30147360739
275695,43878.016,63641.39106585086
275696,43878.016,65436.04480827297
275697,43878.016,29190.31044181416
275698,43878.016,57514.91382991529
275699,43878.016,51572.51430389243
275700,43878.016,21355.35619491318
275701,43878.016,50879.099855319466
275702,43878.016,34107.92489753595
275703,43878.016,47015.4294900667
275704,43878.016,59109.48138768439
275705,43878.016,46477.36739319889
275706,43878.016,49366.19212633377
275707,43878.016,62109.24291911435
275708,43878.016,15209.32015015755
275709,43878.016,53607.258552499996
275710,43878.016,17691.54337984273
275711,43878.016,22296.45602488951
275712,43878.016,28054.57516043284
275713,43878.016,25933.544008033496
275714,43878.016,40389.78783205006
275715,43878.016,33712.182503685544
275716,43878.016,34779.7394152554
275717,43878.016,33772.69857003608
275718,43878.016,12630.468691657761
275719,43878.016,21718.454082036315
275720,43878.016,8857.883460202416
275721,43878.016,11081.95235471585
275722,43878.016,36435.1256594317
275723,43878.016,20397.94235179678
275724,43878.016,8624.677080903886
275725,43878.016,52386.769397518125
275726,43878.016,30809.291711774727
275727,43878.016,9143.533562234874
275728,43878.016,8627.464247310489
275729,43878.016,48397.72438206749
275730,43878.016,21754.464491154922
275731,43878.016,29714.84279094393
275732,43878.016,56212.11470759662
275733,43878.016,25574.437396510835
275734,43878.016,41805.28515400096
275735,43878.016,30586.998056048324
275736,43878.016,58604.83542164904
275737,43878.016,48992.4628397343
275738,43878.016,43701.877108948815
275739,43878.016,7786.017357042064
275740,43878.016,52796.06445805767
275741,43878.016,34864.89889505268
275742,43878.016,43316.75683175033
275743,43878.016,20806.900978439597
275744,43878.016,30158.2720374668
275745,43878.016,12752.523202672837
275746,43878.016,76746.84055020739
275747,43878.016,38610.15293642803
275748,43878.016,62627.48914879519
275749,43878.016,59093.98688618404
275750,43878.016,31166.27879564218
275751,43878.016,54223.23335599327
275752,43878.016,51119.12100891619
275753,43878.016,64622.529845226054
275754,43878.016,16113.891667307298
275755,43878.016,56782.0935812012
275756,43878.016,16873.780226443116
275757,43878.016,30396.0869778613
275758,43878.016,41776.72624421259
275759,43878.016,40498.22054671594
275760,43878.016,64424.17798409367
275761,43878.016,17483.347375574253
275762,43878.016,25105.528354502283
275763,43878.016,60579.59378863068
275764,43878.016,16982.78893227979
275765,43878.016,16249.509366937176
275766,43878.016,80022.11678020903
275767,43878.016,25426.729603379226
275768,43878.016,32987.03241085794
275769,43878.016,54538.4201703394
275770,43878.016,25611.206872396382
275771,43878.016,27066.598938012074
275772,43878.016,64376.88064115415
275773,43878.016,61980.16592773262
275774,43878.016,42060.27522169056
275775,43878.016,13919.65714806203
275776,43878.016,7788.422363990645
275777,43878.016,18120.966012349367
275778,43878.016,19967.37999469594
275779,43878.016,16229.861382744617
275780,43878.016,42398.21734545504
275781,43878.016,66063.70079558731
275782,43878.016,49883.95982614684
275783,43878.016,49682.08147948528
275784,43878.016,34539.15326320081
275785,43878.016,18470.346192134944
275786,43878.016,57102.41873253077
275787,43878.016,49520.02733252379
275788,43878.016,41327.07169765408
275789,43878.016,61717.872014120076
275790,43878.016,44941.99595536662
275791,43878.016,13553.427676788917
275792,43878.016,55906.687225872876
275793,43878.016,10453.800991496852
275794,43878.016,57062.99875106249
275795,43878.016,22901.653813008073
275796,43878.016,21454.592770647687
275797,43878.016,53737.38272339251
275798,43878.016,31606.101330828653
275799,43878.016,33720.49214586804
275800,43878.016,10102.175233685968
275801,43878.016,54344.44113994592
275802,43878.016,35734.74187113415
275803,43878.016,38073.997516137075
275804,43878.016,15737.458649831178
275805,43878.016,50599.985470759086
275806,43878.016,58870.84809257577
275807,43878.016,49760.96352275416
275808,43878.016,66168.01141756584
275809,43878.016,16375.427722610923
275810,43878.016,23106.811557249537
275811,43878.016,32326.280141040213
275812,43878.016,36657.323570910805
275813,43878.016,20173.357807456207
275814,43878.016,45791.016563070705
275815,43878.016,46629.59410440295
275816,43878.016,10715.980856020185
275817,43878.016,37417.58865212712
275818,43878.016,28751.783930443064
275819,43878.016,6149.938884379569
275820,43878.016,14059.042784693274
275821,43878.016,35044.39305954254
275822,43878.016,24637.106406372604
275823,43878.016,66149.2158716547
275824,43878.016,17543.836658682823
275825,43878.016,46096.53167676801
275826,43878.016,16042.43505523756
275827,43878.016,10560.185649406223
275828,43878.016,39262.14750924548
275829,43878.016,51935.50133246445
275830,43878.016,13073.285386030977
275831,43878.016,38099.02484581085
275832,43878.016,12022.598859061332
275833,43878.016,31079.518340933028
275834,43878.016,33295.75193895289
275835,43878.016,35165.46056289665
275836,43878.016,40967.15173478209
275837,43878.016,57334.499753678654
275838,43878.016,37318.351464263535
275839,43878.016,62590.753981069494
275840,43878.016,31944.91966968792
275841,43878.016,57029.828078171355
275842,43878.016,15515.018356158827
275843,43878.016,14760.575738092459
275844,43878.016,77113.10570192382
275845,43878.016,12822.190601331795
275846,43878.016,73341.77101797631
275847,43878.016,8695.873309777224
275848,43878.016,22902.104153956934
275849,43878.016,38027.737673630596
275850,43878.016,18755.096774226688
275851,43878.016,38966.684439796576
275852,43878.016,25202.03851261103
275853,43878.016,46625.98899874184
275854,43878.016,16639.815385595743
275855,43878.016,14323.829558522935
275856,43878.016,80854.17560286549
275857,43878.016,41894.36993560823
275858,43878.016,58935.039882825775
275859,43878.016,36078.6540292031
275860,43878.016,15538.32250241913
275861,43878.016,46758.222738797456
275862,43878.016,77661.51282402613
275863,43878.016,69541.0154597302
275864,43878.016,11270.894434471256
275865,43878.016,52884.12505198018
275866,43878.016,18210.186263578053
275867,43878.016,55448.755697180575
275868,43878.016,25254.137003506796
275869,43878.016,47719.83508422317
275870,43878.016,36619.650019300985
275871,43878.016,18182.01422057978
275872,43878.016,28697.131736844036
275873,43878.016,31572.610731009878
275874,43878.016,50901.00993701096
275875,43878.016,37285.09540152838
275876,43878.016,42238.61270709142
275877,43878.016,58967.59250925078
275878,43878.016,47300.3300735473
275879,43878.016,37246.44191373567
275880,43878.016,52209.255579772514
275881,43878.016,55542.6671119495
275882,43878.016,13707.430066123432
275883,43878.016,22864.759126881727
275884,43878.016,34933.976206999745
275885,43878.016,21866.537644105578
275886,43878.016,11167.236405539923
275887,43878.016,15680.417435231931
275888,43878.016,7301.530387075818
275889,43878.016,10579.00380240533
275890,43878.016,19785.15769415076
275891,43878.016,50206.3191227536
275892,43878.016,42370.11946476884
275893,43878.016,31642.42785886699
275894,43878.016,9985.81694118216
275895,43878.016,25022.368536867743
275896,43878.016,55054.52209968418
275897,43878.016,27974.39850742811
275898,43878.016,13621.282602605566
275899,43878.016,45187.09949676291
275900,43878.016,14287.21943113645
275901,43878.016,53338.949985109684
275902,43878.016,73411.1055344864
275903,43878.016,60436.994823993846
275904,43878.016,39752.53981479949
275905,43878.016,54057.957011933475
275906,43878.016,28286.2757855131
275907,43878.016,11106.54971971131
275908,43878.016,11433.700144270788
275909,43878.016,64408.4485423052
275910,43878.016,82309.14789135908
275911,43878.016,32716.766090523644
275912,43878.016,119557.9729263021
275913,43878.016,35047.2381455479
275914,43878.016,36015.72112536042
275915,43878.016,34055.08052173102
275916,43878.016,7298.841761501285
275917,43878.016,15641.882356398797
275918,43878.016,38958.50127868928
275919,43878.016,50610.388811702425
275920,43878.016,24861.782973057765
275921,43878.016,77762.08053313395
275922,43878.016,28182.919328116575
275923,43878.016,54627.76550312613
275924,43878.016,32182.023647248854
275925,43878.016,58771.70760154835
275926,43878.016,44655.76628464568
275927,43878.016,7200.826776266202
275928,43878.016,48292.17925209329
275929,43878.016,19997.563815847676
275930,43878.016,12039.659319742339
275931,43878.016,40297.71352115097
275932,43878.016,64099.260842600626
275933,43878.016,46581.34255661985
275934,43878.016,43692.78854401125
275935,43878.016,33293.906637862856
275936,43878.016,48128.59836875348
275937,43878.016,48176.754600829474
275938,43878.016,28330.68151789385
275939,43878.016,49648.1121626924
275940,43878.016,57415.363771572025
275941,43878.016,42488.210386819876
275942,43878.016,23185.232006458868
275943,43878.016,21220.275910011253
275944,43878.016,17272.888148238857
275945,43878.016,21125.122473665055
275946,43878.016,19787.81383750654
275947,43878.016,21138.370060504923
275948,43878.016,56513.443670456705
275949,43878.016,9180.893530083142
275950,43878.016,17298.850382463443
275951,43878.016,29816.603528763313
275952,43878.016,56148.346969435384
275953,43878.016,59341.62642397628
275954,43878.016,37312.640214030245
275955,43878.016,30077.871848534483
275956,43878.016,22863.137680955235
275957,43878.016,13411.404247326309
275958,43878.016,55729.98950795306
275959,43878.016,8271.559164681585
275960,43878.016,112580.15256740815
275961,43878.016,44473.297941294055
275962,43878.016,32863.15720962303
275963,43878.016,28251.84635850866
275964,43878.016,45473.398685286826
275965,43878.016,74489.26053553545
275966,43878.016,47024.14879492906
275967,43878.016,16298.127391983468
275968,43878.016,16473.50156739792
275969,43878.016,27240.55190158084
275970,43878.016,20790.95612456782
275971,43878.016,42587.30351842663
275972,43878.016,47849.74607482011
275973,43878.016,15410.832524469042
275974,43878.016,25442.301731899912
275975,43878.016,29250.320182454205
275976,43878.016,12411.182010180362
275977,43878.016,38061.04158237488
275978,43878.016,57419.47903384682
275979,43878.016,54726.22947367113
275980,43878.016,75170.39987195894
275981,43878.016,14117.495646970598
275982,43878.016,21004.839278713836
275983,43878.016,47106.69671748561
275984,43878.016,13656.575027009274
275985,43878.016,38258.39556838915
275986,43878.016,14923.408398343501
275987,43878.016,54918.43174126078
275988,43878.016,9108.977567656682
275989,43878.016,52939.95118652971
275990,43878.016,51019.451154287926
275991,43878.016,65374.38082615594
275992,43878.016,9506.976148322603
275993,43878.016,38351.2537053558
275994,43878.016,48927.56759902953
275995,43878.016,68119.79246196568
275996,43878.016,78642.40463686624
275997,43878.016,38298.70820782903
275998,43878.016,14977.714275994154
275999,43878.016,52513.049273385484
276000,43878.016,55003.127959823
276001,43878.016,48251.47458000076
276002,43878.016,7245.306643496339
276003,43878.016,44095.75954326301
276004,43878.016,76891.34535334844
276005,43878.016,74681.08230669159
276006,43878.016,22856.77470849802
276007,43878.016,9695.498883466373
276008,43878.016,16372.095391360506
276009,43878.016,15153.84321525085
276010,43878.016,36154.06825196994
276011,43878.016,22614.228895924647
276012,43878.016,31052.664312918434
276013,43878.016,36222.37384178047
276014,43878.016,50323.54637650461
276015,43878.016,24643.454060388915
276016,43878.016,46647.11759195092
276017,43878.016,45205.44567090222
276018,43878.016,58313.79656236909
276019,43878.016,50516.67131887725
276020,43878.016,6333.159162450505
276021,43878.016,36249.027924354195
276022,43878.016,67179.33862392917
276023,43878.016,54932.1749388047
276024,43878.016,42484.87324582174
276025,43878.016,25355.060424415053
276026,43878.016,30856.31806620757
276027,43878.016,72718.2161781057
276028,43878.016,65082.196904991346
276029,43878.016,11145.238442646845
276030,43878.016,58595.31774836347
276031,43878.016,35027.53086170089
276032,43878.016,11515.3811678954
276033,43878.016,20691.72893091266
276034,43878.016,16785.993941958004
276035,43878.016,18450.294136062093
276036,43878.016,8928.342148192281
276037,43878.016,20664.33638520297
276038,43878.016,6062.223108333533
276039,43878.016,8731.009384587654
276040,43878.016,40683.20639539187
276041,43878.016,18207.611474704532
276042,43878.016,12924.647912860251
276043,43878.016,67911.005308021
276044,43878.016,8743.246661164865
276045,43878.016,13554.888701783222
276046,43878.016,9882.089225011601
276047,43878.016,27835.767073794334
276048,43878.016,63896.51577408169
276049,43878.016,56924.173532878
276050,43878.016,40579.506281779955
276051,43878.016,38682.461134914156
276052,43878.016,42706.99789771557
276053,43878.016,16628.131207923703
276054,43878.016,39197.56272615681
276055,43878.016,44006.25688431445
276056,43878.016,17447.70673646343
276057,43878.016,44803.65368527562
276058,43878.016,22034.81754117557
276059,43878.016,35858.77046921791
276060,43878.016,42264.95654931198
276061,43878.016,36880.64525038306
276062,43878.016,17243.35546693211
276063,43878.016,23924.646577942927
276064,43878.016,77649.71010592762
276065,43878.016,37265.50130533641
276066,43878.016,48916.5881425197
276067,43878.016,46954.19541829847
276068,43878.016,80831.21826893374
276069,43878.016,80767.42773441624
276070,43878.016,30287.22608622072
276071,43878.016,35239.98509403226
276072,43878.016,78756.82367334666
276073,43878.016,46541.85765510511
276074,43878.016,18622.31239018837
276075,43878.016,18479.502938137513
276076,43878.016,72544.29175878322
276077,43878.016,63701.61222793762
276078,43878.016,16171.16312843974
276079,43878.016,9452.200133104147
276080,43878.016,23531.92787894224
276081,43878.016,8835.056808450676
276082,43878.016,15786.615286419581
276083,43878.016,37675.97727320543
276084,43878.016,10918.071603864537
276085,43878.016,88504.33943416274
276086,43878.016,68635.81413935123
276087,43878.016,14524.715029085019
276088,43878.016,15685.435908066222
276089,43878.016,75009.14435614595
276090,43878.016,29696.638748152778
276091,43878.016,38633.05860869131
276092,43878.016,39023.72943432945
276093,43878.016,13374.662321725627
276094,43878.016,25181.53405089198
276095,43878.016,30998.314093190238
276096,43878.016,50190.207639257045
276097,43878.016,73316.09693354217
276098,43878.016,34710.463144562455
276099,43878.016,65976.44114950235
276100,43878.016,25286.963346600278
276101,43878.016,78585.99710870217
276102,43878.016,50270.647506638226
276103,43878.016,50702.3785192617
276104,43878.016,20785.22948215247
276105,43878.016,83766.45984115508
276106,43878.016,14160.26314756812
276107,43878.016,41362.51907136486
276108,43878.016,11689.148152399237
276109,43878.016,46240.40262515443
276110,43878.016,36902.61924302366
276111,43878.016,7294.007421842531
276112,43878.016,29763.611709515
276113,43878.016,9253.68198766127
276114,43878.016,51867.0065649743
276115,43878.016,22705.121996345697
276116,43878.016,36383.758883493756
276117,43878.016,9786.061239930496
276118,43878.016,42071.14603552885
276119,43878.016,29515.578408513175
276120,43878.016,35434.17986483058
276121,43878.016,42305.490078067356
276122,43878.016,28946.14306202482
276123,43878.016,48665.75012819207
276124,43878.016,51725.42835127428
276125,43878.016,35832.94462651488
276126,43878.016,50235.663384864565
276127,43878.016,18920.006544320175
276128,43878.016,57370.68340919422
276129,43878.016,12717.89386364496
276130,43878.016,57575.4107765127
276131,43878.016,19134.749989897296
276132,43878.016,25472.44807395042
276133,43878.016,30156.117464795105
276134,43878.016,24481.054868812935
276135,43878.016,12056.493027813603
276136,43878.016,77051.2556575005
276137,43878.016,12468.676755610208
276138,43878.016,58398.82006630605
276139,43878.016,59477.91071608434
276140,43878.016,25897.105050322953
276141,43878.016,20919.260845740293
276142,43878.016,52808.40175736539
276143,43878.016,12496.112353511786
276144,43878.016,29649.621407963874
276145,43878.016,60012.63464613929
276146,43878.016,46969.88125465368
276147,43878.016,7862.472573162053
276148,43878.016,72306.27506189581
276149,43878.016,44415.44476112406
276150,43878.016,17335.024318646614
276151,43878.016,15396.104258978667
276152,43878.016,12156.69996770263
276153,43878.016,64024.21150524751
276154,43878.016,19980.84224973991
276155,43878.016,63640.88476188576
276156,43878.016,24450.904210895555
276157,43878.016,22929.18552620363
276158,43878.016,45117.485655598175
276159,43878.016,36802.69470547791
276160,43878.016,45371.70198106778
276161,43878.016,44457.22543239778
276162,43878.016,34672.087146383914
276163,43878.016,51936.11386845221
276164,43878.016,21741.134212335142
276165,43878.016,53915.28372891004
276166,43878.016,29350.63724383562
276167,43878.016,17065.55817426535
276168,43878.016,10100.261117126598
276169,43878.016,27345.748237096304
276170,43878.016,54644.64059323104
276171,43878.016,31945.242409500963
276172,43878.016,12652.923290311097
276173,43878.016,3521.1899299402635
276174,43878.016,32292.4893897608
276175,43878.016,45156.50755481028
276176,43878.016,19819.765105399016
276177,43878.016,30486.679689825985
276178,43878.016,33260.30309572418
276179,43878.016,5180.74126763617
276180,43878.016,11101.773450081559
276181,43878.016,23866.574752658937
276182,43878.016,34994.98557481447
276183,43878.016,43715.66703541644
276184,43878.016,18969.558834194722
276185,43878.016,16376.232563431104
276186,43878.016,18358.652460777805
276187,43878.016,33450.456110787025
276188,43878.016,25216.79837015988
276189,43878.016,14758.123920709355
276190,43878.016,60819.29692314113
276191,43878.016,51686.45604323182
276192,43878.016,36945.98123539999
276193,43878.016,47643.63902048952
276194,43878.016,11077.399451340787
276195,43878.016,9222.390231625206
276196,43878.016,21913.324793676322
276197,43878.016,41471.299346557695
276198,43878.016,14512.20435959454
276199,43878.016,24622.354839504376
276200,43878.016,61496.9969627006
276201,43878.016,12859.716483658229
276202,43878.016,36510.08524374395
276203,43878.016,25805.198999429293
276204,43878.016,33287.327414167186
276205,43878.016,55936.880474072634
276206,43878.016,17981.707928552183
276207,43878.016,23130.648593669153
276208,43878.016,40792.70302496734
276209,43878.016,54905.87605387134
276210,43878.016,48860.12967699662
276211,43878.016,68510.70083947579
276212,43878.016,30541.426170406343
276213,43878.016,23187.607686719166
276214,43878.016,127378.7670910746
276215,43878.016,59037.26313000833
276216,43878.016,55115.88971302763
276217,43878.016,55755.52808000713
276218,43878.016,32693.292010393034
276219,43878.016,58473.65218567685
276220,43878.016,65218.42961042461
276221,43878.016,52467.54745154932
276222,43878.016,36960.36548150715
276223,43878.016,69640.91072020232
276224,43878.016,38119.74605696844
276225,43878.016,90169.61576144038
276226,43878.016,51345.964496462584
276227,43878.016,20847.456593006445
276228,43878.016,52910.86214140762
276229,43878.016,9469.619611571376
276230,43878.016,37748.867758716064
276231,43878.016,53092.4426488197
276232,43878.016,77702.74020421848
276233,43878.016,76196.41356193132
276234,43878.016,23230.426381027642
276235,43878.016,66463.09165208286
276236,43878.016,17989.23652620336
276237,43878.016,54448.56754416528
276238,43878.016,18477.72614874903
276239,43878.016,18818.696468011603
276240,43878.016,77814.95716812373
276241,43878.016,18841.18013252634
276242,43878.016,28760.19100417629
276243,43878.016,57168.25620989729
276244,43878.016,11708.64649690171
276245,43878.016,30292.011140235943
276246,43878.016,24379.111727085172
276247,43878.016,64217.624539122255
276248,43878.016,42810.30789757605
276249,43878.016,30412.679927202662
276250,43878.016,35904.704510355325
276251,43878.016,47144.185796662474
276252,43878.016,41796.90387250045
276253,43878.016,14143.845582679067
276254,43878.016,66567.01971456801
276255,43878.016,43648.2132637565
276256,43878.016,11697.492993387923
276257,43878.016,54439.52717160864
276258,43878.016,61516.43200101612
276259,43878.016,15282.011935240795
276260,43878.016,15768.830668057237
276261,43878.016,32377.927803656203
276262,43878.016,16050.197927360397
276263,43878.016,22440.438993372285
276264,43878.016,32712.92157830498
276265,43878.016,44444.71713172497
276266,43878.016,41336.13921101765
276267,43878.016,20211.340804425763
276268,43878.016,21140.558454507314
276269,43878.016,56132.038991947265
276270,43878.016,14750.17566241593
276271,43878.016,14281.415671375147
276272,43878.016,85308.6771883289
276273,43878.016,68549.66053706294
276274,43878.016,37893.20883206278
276275,43878.016,20476.215216092365
276276,43878.016,37539.764174951735
276277,43878.016,34808.26055644804
276278,43878.016,45747.65349357988
276279,43878.016,7348.083175686885
276280,43878.016,21854.267891072628
276281,43878.016,25592.79476507577
276282,43878.016,25588.77321035605
276283,43878.016,40247.91325270301
276284,43878.016,13083.275924348098
276285,43878.016,42496.39720059962
276286,43878.016,35819.13813714203
276287,43878.016,77494.51626986446
276288,43878.016,9145.956415279545
276289,43878.016,9230.584371040326
276290,43878.016,47885.83895953156
276291,43878.016,10747.923175926526
276292,43878.016,33041.85891940071
276293,43878.016,51041.94755190898
276294,43878.016,54096.673344905204
276295,43878.016,14812.748869979816
276296,43878.016,31643.73452276635
276297,43878.016,47322.01461066989
276298,43878.016,67206.7909633346
276299,43878.016,19082.245962849895
276300,43878.016,66812.95441461951
276301,43878.016,48622.166083475124
276302,43878.016,39245.229636246935
276303,43878.016,11085.536321513739
276304,43878.016,63940.77587522663
276305,43878.016,12875.452057035865
276306,43878.016,62274.638183952586
276307,43878.016,56580.45719274237
276308,43878.016,17325.763499709003
276309,43878.016,57658.96834714612
276310,43878.016,56364.98011988617
276311,43878.016,21104.981185096527
276312,43878.016,55079.273345370646
276313,43878.016,46925.77963255419
276314,43878.016,8428.455980346105
276315,43878.016,56799.70542206551
276316,43878.016,50837.03482927031
276317,43878.016,61465.85537265852
276318,43878.016,15954.099309034746
276319,43878.016,7406.527043277619
276320,43878.016,57791.82023033008
276321,43878.016,17129.4259023478
276322,43878.016,20206.81650631609
276323,43878.016,48547.11533587481
276324,43878.016,47791.45967991874
276325,43878.016,15621.631686643539
276326,43878.016,44132.83488681063
276327,43878.016,65986.56483538893
276328,43878.016,70341.7018079961
276329,43878.016,54534.95959806105
276330,43878.016,32154.928979041837
276331,43878.016,51435.41927047281
276332,43878.016,65245.1430284661
276333,43878.016,33619.108012034216
276334,43878.016,46768.14539002075
276335,43878.016,11117.064493698768
276336,43878.016,9682.188048154221
276337,43878.016,48054.10656729833
276338,43878.016,45035.99449936812
276339,43878.016,20834.4363372467
276340,43878.016,61826.22282746273
276341,43878.016,48369.21986573192
276342,43878.016,43513.50640567568
276343,43878.016,4162.157982243364
276344,43878.016,49425.45583480725
276345,43878.016,13329.29791053561
276346,43878.016,13769.661801116916
276347,43878.016,23808.107217301244
276348,43878.016,34581.73844509949
276349,43878.016,28817.38163513
276350,43878.016,22920.55694572167
276351,43878.016,16012.449970628535
276352,43878.016,13367.810985643666
276353,43878.016,15356.162474316901
276354,43878.016,56263.852489897225
276355,43878.016,15183.000414531436
276356,43878.016,48715.58648360087
276357,43878.016,18966.5264089643
276358,43878.016,10020.220636779226
276359,43878.016,28748.06599460679
276360,43878.016,29678.692823981994
276361,43878.016,41711.03178171662
276362,43878.016,59471.287269214736
276363,43878.016,55499.741132967414
276364,43878.016,21686.583038429413
276365,43878.016,22435.33983428925
276366,43878.016,34636.64111234126
276367,43878.016,39065.54464197483
276368,43878.016,15699.763233595962
276369,43878.016,21053.6455942425
276370,43878.016,18944.560702315186
276371,43878.016,35823.45475952146
276372,43878.016,52414.99177669115
276373,43878.016,48183.09012447817
276374,43878.016,11966.177017507362
276375,43878.016,64388.578217711605
276376,43878.016,54672.52177682988
276377,43878.016,21259.340055795383
276378,43878.016,64737.701405526714
276379,43878.016,49923.19918658879
276380,43878.016,65830.52304131257
276381,43878.016,62548.31952976635
276382,43878.016,42208.866074253485
276383,43878.016,28942.216835657324
276384,43878.016,14718.009431986666
276385,43878.016,51860.22521823709
276386,43878.016,34643.4839757465
276387,43878.016,10995.037972431051
276388,43878.016,27436.26437506831
276389,43878.016,64607.83990705925
276390,43878.016,72335.07348658961
276391,43878.016,14322.270873652584
276392,43878.016,11138.18326941131
276393,43878.016,23918.9187498462
276394,43878.016,20824.69224255467
276395,43878.016,21774.328814284363
276396,43878.016,38313.75261165322
276397,43878.016,38466.96768068117
276398,43878.016,22530.533298305905
276399,43878.016,7952.494978457247
276400,43878.016,8915.85907099418
276401,43878.016,26442.24070372925
276402,43878.016,9345.082596755816
276403,43878.016,53843.769741959906
276404,43878.016,12949.507990852286
276405,43878.016,61879.93823206331
276406,43878.016,7834.042281177705
276407,43878.016,65535.68893846699
276408,43878.016,22640.14372094661
276409,43878.016,33326.80435162154
276410,43878.016,44738.72042336173
276411,43878.016,38402.462467983576
276412,43878.016,28782.876453336045
276413,43878.016,23338.189780707464
276414,43878.016,29091.598539523013
276415,43878.016,8446.337712138004
276416,43878.016,32625.650890581353
276417,43878.016,42220.35004035277
276418,43878.016,21929.151625897357
276419,43878.016,39379.56141727737
276420,43878.016,12036.820339852537
276421,43878.016,50245.52374583316
276422,43878.016,47107.18255565271
276423,43878.016,51577.749769546564
276424,43878.016,10196.055543257062
276425,43878.016,35159.50846646394
276426,43878.016,25829.77753911291
276427,43878.016,29744.183625028072
276428,43878.016,14710.140176933475
276429,43878.016,40840.16563803393
276430,43878.016,52675.090782206404
276431,43878.016,13253.995250565642
276432,43878.016,31893.6527060456
276433,43878.016,6543.697049330799
276434,43878.016,19498.140134482343
276435,43878.016,7279.182662237874
276436,43878.016,28634.866521962944
276437,43878.016,44403.33865848883
276438,43878.016,13942.351015311073
276439,43878.016,53265.95756400529
276440,43878.016,20702.287221479895
276441,43878.016,49080.008751000154
276442,43878.016,78317.22917443105
276443,43878.016,62248.32330547514
276444,43878.016,49127.394204848286
276445,43878.016,13876.042996896034
276446,43878.016,12062.330280952734
276447,43878.016,39903.927705431146
276448,43878.016,16005.888924209019
276449,43878.016,8796.446628659
276450,43878.016,37003.33471001424
276451,43878.016,5215.712713659941
276452,43878.016,17479.927411242043
276453,43878.016,7110.20696657417
276454,43878.016,48420.434109871545
276455,43878.016,11700.07340134328
276456,43878.016,35921.913382907216
276457,43878.016,57785.12802228399
276458,43878.016,28667.948640034716
276459,43878.016,11210.667649651792
276460,43878.016,17290.18107022737
276461,43878.016,35510.88781111917
276462,43878.016,17013.409965028517
276463,43878.016,13972.591234876672
276464,43878.016,24393.3804765942
276465,43878.016,58370.05230023935
276466,43878.016,31063.343731543395
276467,43878.016,20077.133254363373
276468,43878.016,22688.286275721817
276469,43878.016,62281.46173227966
276470,43878.016,26789.728723793178
276471,43878.016,45485.574732149755
276472,43878.016,24725.692250516735
276473,43878.016,9914.630567977445
276474,43878.016,48148.612762521974
276475,43878.016,26414.040684727956
276476,43878.016,10584.88351624955
276477,43878.016,12826.9310062793
276478,43878.016,55894.20717828741
276479,43878.016,8634.017307971339
276480,43878.016,16067.378635117382
276481,43878.016,71251.62724406898
276482,43878.016,15697.286455430803
276483,43878.016,14004.149054499465
276484,43878.016,7703.369333664193
276485,43878.016,56847.24340859712
276486,43878.016,40446.895017851675
276487,43878.016,68200.23360994564
276488,43878.016,31863.971117654964
276489,43878.016,8239.175898851017
276490,43878.016,7569.03656500143
276491,43878.016,51399.52709247827
276492,43878.016,7690.781028325688
276493,43878.016,84016.38772126398
276494,43878.016,46643.18328914059
276495,43878.016,54335.03334407295
276496,43878.016,42659.404692328404
276497,43878.016,15565.050642417025
276498,43878.016,41911.14281650395
276499,43878.016,7602.136169311318
276500,43878.016,15634.7830215253
276501,43878.016,12447.671700064118
276502,43878.016,13789.109501140074
276503,43878.016,58222.99077385807
276504,43878.016,11281.790097287836
276505,43878.016,17517.421177550485
276506,43878.016,41226.341607617585
276507,43878.016,51235.57930267525
276508,43878.016,41902.533600608454
276509,43878.016,14653.087992668847
276510,43878.016,49862.83945392494
276511,43878.016,82329.68658796519
276512,43878.016,14697.231271543948
276513,43878.016,42143.60767438188
276514,43878.016,54517.53977630237
276515,43878.016,40644.59121144818
276516,43878.016,12021.958955888154
276517,43878.016,69068.02666401114
276518,43878.016,65940.70621289109
276519,43878.016,74666.63567010086
276520,43878.016,57940.38706529771
276521,43878.016,87354.5516862394
276522,43878.016,26417.16466116692
276523,43878.016,43171.55710552628
276524,43878.016,50146.11906535683
276525,43878.016,9712.678870440901
276526,43878.016,76413.05980721445
276527,43878.016,13061.770996851696
276528,43878.016,25987.53600712548
276529,43878.016,8323.907548231955
276530,43878.016,12452.263073879589
276531,43878.016,13497.829400539547
276532,43878.016,73177.79346969794
276533,43878.016,28219.56861407869
276534,43878.016,11909.695808233851
276535,43878.016,59018.35269153788
276536,43878.016,5531.400583619814
276537,43878.016,11808.210199147788
276538,43878.016,25259.554252630453
276539,43878.016,37666.172415711364
276540,43878.016,27054.834582804695
276541,43878.016,44507.28604878377
276542,43878.016,31254.92068163418
276543,43878.016,17573.172210677472
276544,43878.016,30776.08793690094
276545,43878.016,33325.158993611294
276546,43878.016,9073.8040886033
276547,43878.016,30269.38815754584
276548,43878.016,39427.570301298765
276549,43878.016,51519.56038463329
276550,43878.016,9943.541980996602
276551,43878.016,29083.700092971587
276552,43878.016,26489.24800768228
276553,43878.016,68121.09584930581
276554,43878.016,78673.72013294564
276555,43878.016,72622.2406391837
276556,43878.016,73994.91110526753
276557,43878.016,69440.32177913483
276558,43878.016,26517.353865240868
276559,43878.016,52873.06055778409
276560,43878.016,38439.54726019799
276561,43878.016,19121.19278135914
276562,43878.016,41646.14945124595
276563,43878.016,26233.09650890874
276564,43878.016,16646.948814771014
276565,43878.016,47398.50240178026
276566,43878.016,44568.8800349726
276567,43878.016,16952.433406009714
276568,43878.016,21839.85851454901
276569,43878.016,18987.341322732023
276570,43878.016,22123.530752702205
276571,43878.016,34942.40643688381
276572,43878.016,38247.31266690066
276573,43878.016,39126.793568406916
276574,43878.016,52659.30542003714
276575,43878.016,7868.463699973612
276576,43878.016,27752.77087877076
276577,43878.016,46776.53792645421
276578,43878.016,24224.18286013531
276579,43878.016,8553.242698884356
276580,43878.016,56057.95302997085
276581,43878.016,45205.56341694427
276582,43878.016,38981.0893215326
276583,43878.016,8242.9220179005
276584,43878.016,6459.403602352171
276585,43878.016,9831.853994729354
276586,43878.016,60737.73888741386
276587,43878.016,55304.83476489055
276588,43878.016,12303.205742798555
276589,43878.016,54012.23246225901
276590,43878.016,34400.77938229478
276591,43878.016,6507.661468462078
276592,43878.016,52413.23984923163
276593,43878.016,44125.84009193273
276594,43878.016,21743.189308990477
276595,43878.016,30518.877480962346
276596,43878.016,28044.074431372952
276597,43878.016,31208.155955856957
276598,43878.016,21353.788528814686
276599,43878.016,15115.301562884777
276600,43878.016,68182.53666400754
276601,43878.016,46962.30290629353
276602,43878.016,24630.861585904717
276603,43878.016,27240.19610660318
276604,43878.016,44912.5788786246
276605,43878.016,16605.29154285787
276606,43878.016,56246.01206205284
276607,43878.016,94176.26095021665
276608,43878.016,9894.25187548816
276609,43878.016,10895.791353517761
276610,43878.016,70453.75026526862
276611,43878.016,59860.85574501649
276612,43878.016,32878.87907064854
276613,43878.016,38620.32168609315
276614,43878.016,40042.8047225028
276615,43878.016,31574.361898814597
276616,43878.016,49781.99231642894
276617,43878.016,71099.5927431542
276618,43878.016,21362.306819148096
276619,43878.016,18611.08887043863
276620,43878.016,11590.95870864778
276621,43878.016,58755.74291105888
276622,43878.016,46567.98761737071
276623,43878.016,14516.853831243214
276624,43878.016,61024.081604536244
276625,43878.016,56375.60400296386
276626,43878.016,33659.980963432325
276627,43878.016,43168.36366108771
276628,43878.016,18596.56703893898
276629,43878.016,53762.734576993644
276630,43878.016,11351.54299084046
276631,43878.016,34253.85617996572
276632,43878.016,23325.77776698868
276633,43878.016,20034.841978369484
276634,43878.016,20630.119422129497
276635,43878.016,56269.73171752427
276636,43878.016,38695.76553031791
276637,43878.016,25266.857027834467
276638,43878.016,45035.68882213561
276639,43878.016,17292.48166537506
276640,43878.016,13172.373552445157
276641,43878.016,11865.83223784697
276642,43878.016,57188.696616507135
276643,43878.016,39983.40623563685
276644,43878.016,22504.152930419303
276645,43878.016,9348.75115095011
276646,43878.016,21050.825411185044
276647,43878.016,9908.73740841729
276648,43878.016,8061.1599757351805
276649,43878.016,56820.30600217364
276650,43878.016,17459.354450056875
276651,43878.016,44994.46802085702
276652,43878.016,19093.710240805554
276653,43878.016,37189.50337271342
276654,43878.016,48694.03325411218
276655,43878.016,17477.75321795289
276656,43878.016,44609.59111049
276657,43878.016,52206.357291561755
276658,43878.016,26138.642562170586
276659,43878.016,16300.772861390964
276660,43878.016,12808.966878090505
276661,43878.016,17221.737375129593
276662,43878.016,10274.054501623215
276663,43878.016,20562.17152329386
276664,43878.016,37420.16936891112
276665,43878.016,7167.58293799621
276666,43878.016,47990.52210616099
276667,43878.016,49681.555823322975
276668,43878.016,20463.931428985492
276669,43878.016,17750.33300090172
276670,43878.016,32163.92177387653
276671,43878.016,77714.13195986423
276672,43878.016,35050.28001483952
276673,43878.016,13267.076677079891
276674,43878.016,42133.8866724911
276675,43878.016,46788.402288819154
276676,43878.016,34330.15020787824
276677,43878.016,29877.211467631812
276678,43878.016,11367.949818239165
276679,43878.016,46465.974107932954
276680,43878.016,16345.30362725897
276681,43878.016,34432.99487633439
276682,43878.016,53247.5045444532
276683,43878.016,17234.168278936595
276684,43878.016,51939.07884372015
276685,43878.016,23265.41175403949
276686,43878.016,34991.52161712001
276687,43878.016,47188.60426295092
276688,43878.016,20350.057360003415
276689,43878.016,9732.291854113144
276690,43878.016,31592.09710374373
276691,43878.016,22011.218600782813
276692,43878.016,46782.041026124825
276693,43878.016,52330.803556068146
276694,43878.016,11650.510290796256
276695,43878.016,32522.205447169734
276696,43878.016,47783.49679083825
276697,43878.016,48974.97363052707
276698,43878.016,23244.651192373938
276699,43878.016,39890.745694627716
276700,43878.016,51110.57152545922
276701,43878.016,38365.2118830135
276702,43878.016,26966.17465180895
276703,43878.016,38996.84296106622
276704,43878.016,68412.64435443259
276705,43878.016,49354.816092961606
276706,43878.016,35116.92049250237
276707,43878.016,49642.940178993456
276708,43878.016,28059.11422951598
276709,43878.016,9608.187917695926
276710,43878.016,11294.15883915795
276711,43878.016,33086.958166427336
276712,43878.016,56604.62139392767
276713,43878.016,50544.41721000161
276714,43878.016,22772.055057316025
276715,43878.016,35629.09564576732
276716,43878.016,69067.986736606
276717,43878.016,61484.66734053746
276718,43878.016,67335.96355604561
276719,43878.016,45222.41086951234
276720,43878.016,12030.446366723005
276721,43878.016,65490.1272083186
276722,43878.016,33769.22834390154
276723,43878.016,48435.94521422953
276724,43878.016,26173.31809371676
276725,43878.016,25384.412434669124
276726,43878.016,59969.42362547512
276727,43878.016,32896.04553078552
276728,43878.016,51125.63155504439
276729,43878.016,29119.915657499598
276730,43878.016,13288.381972898576
276731,43878.016,29188.504729728556
276732,43878.016,65172.83429498817
276733,43878.016,14683.432938372356
276734,43878.016,46186.75898663781
276735,43878.016,22494.744646727806
276736,43878.016,57734.646061255844
276737,43878.016,20115.495262125623
276738,43878.016,35614.679321099524
276739,43878.016,8086.307686763009
276740,43878.016,20218.180868940875
276741,43878.016,18216.56442980906
276742,43878.016,31556.39312988528
276743,43878.016,78858.27058787005
276744,43878.016,97246.98595087028
276745,43878.016,34078.36028584147
276746,43878.016,60861.544146915156
276747,43878.016,80665.58660274348
276748,43878.016,23558.235365578093
276749,43878.016,16014.58188108562
276750,43878.016,18390.37235906232
276751,43878.016,6153.090341555971
276752,43878.016,23529.04584418412
276753,43878.016,10233.5683541633
276754,43878.016,35909.13253272173
276755,43878.016,18329.25778077449
276756,43878.016,54383.32154236194
276757,43878.016,11770.336917207786
276758,43878.016,14757.26376728111
276759,43878.016,42687.84596776269
276760,43878.016,37601.44236327006
276761,43878.016,60939.544458110984
276762,43878.016,26812.424335343716
276763,43878.016,25824.017489878344
276764,43878.016,17384.725293232554
276765,43878.016,49575.0251180764
276766,43878.016,31226.690523557998
276767,43878.016,25836.290537479534
276768,43878.016,37931.37016640667
276769,43878.016,34713.37126407039
276770,43878.016,56250.35327722471
276771,43878.016,47471.99006507238
276772,43878.016,78426.1717161679
276773,43878.016,45650.15402141663
276774,43878.016,55650.904363804715
276775,43878.016,53297.94993432264
276776,43878.016,69951.32547921626
276777,43878.016,47276.30344970102
276778,43878.016,37130.57544997701
276779,43878.016,27281.79441227893
276780,43878.016,14474.014149124265
276781,43878.016,39065.09656009634
276782,43878.016,12406.518140573076
276783,43878.016,10194.167403838948
276784,43878.016,27604.355608132028
276785,43878.016,10380.239281662847
276786,43878.016,19105.824206907288
276787,43878.016,17354.70650982794
276788,43878.016,39827.40712130225
276789,43878.016,36382.76897422936
276790,43878.016,40285.294993766845
276791,43878.016,39959.9414708706
276792,43878.016,87811.52111141275
276793,43878.016,50177.02036698292
276794,43878.016,58399.017279388754
276795,43878.016,27351.323295904047
276796,43878.016,33910.77832334094
276797,43878.016,54324.0280767078
276798,43878.016,17582.30168801315
276799,43878.016,29357.102680173117
276800,43878.016,64793.63358868678
276801,43878.016,58098.85288682493
276802,43878.016,45343.05516566224
276803,43878.016,23829.077293043236
276804,43878.016,17272.16982922393
276805,43878.016,10900.460521973826
276806,43878.016,13902.302796566153
276807,43878.016,31127.939364548478
276808,43878.016,82901.26956621147
276809,43878.016,60026.83079207937
276810,43878.016,50664.79666179663
276811,43878.016,25508.32625262145
276812,43878.016,23051.924564719204
276813,43878.016,67192.21454027052
276814,43878.016,7140.635095531368
276815,43878.016,40294.00582334905
276816,43878.016,23612.99871223825
276817,43878.016,48075.96855613606
276818,43878.016,37310.40145531066
276819,43878.016,41223.383821611445
276820,43878.016,10360.70493120108
276821,43878.016,18023.892748289272
276822,43878.016,19953.21943439641
276823,43878.016,21640.484369849608
276824,43878.016,57399.43728982454
276825,43878.016,23975.51066483193
276826,43878.016,45197.21987472669
276827,43878.016,52578.726785732615
276828,43878.016,33969.579815309684
276829,43878.016,44135.88793616827
276830,43878.016,21841.996979771193
276831,43878.016,21471.211501606624
276832,43878.016,16645.62385888306
276833,43878.016,45537.863395562315
276834,43878.016,52366.94969122816
276835,43878.016,37881.15630808468
276836,43878.016,9543.093436640407
276837,43878.016,61320.34925315638
276838,43878.016,52319.51433177872
276839,43878.016,22764.451707123066
276840,43878.016,17427.345090306317
276841,43878.016,44085.139421156346
276842,43878.016,15757.831549073848
276843,43878.016,17653.624637033623
276844,43878.016,30964.03149473067
276845,43878.016,56516.879368291506
276846,43878.016,17191.39710643336
276847,43878.016,41722.35587842447
276848,43878.016,11370.702938267048
276849,43878.016,73545.82970582953
276850,43878.016,42668.46384113634
276851,43878.016,43426.3971453984
276852,43878.016,44041.79171572407
276853,43878.016,11765.440490808993
276854,43878.016,22446.869401503984
276855,43878.016,62986.73982126727
276856,43878.016,15858.84503220987
276857,43878.016,27963.618935351282
276858,43878.016,7820.952558232408
276859,43878.016,34106.503814739975
276860,43878.016,55557.98062661354
276861,43878.016,24329.821838870826
276862,43878.016,64810.502003759466
276863,43878.016,21232.46896741652
276864,43878.016,44512.846007942906
276865,43878.016,4950.83256094056
276866,43878.016,6528.793172666429
276867,43878.016,39103.726189141395
276868,43878.016,27603.484509358183
276869,43878.016,31315.995644486124
276870,43878.016,34242.47375028522
276871,43878.016,60711.83359821681
276872,43878.016,15971.412897475237
276873,43878.016,19648.297258900297
276874,43878.016,34921.47328395312
276875,43878.016,17327.592938699374
276876,43878.016,37338.66388952681
276877,43878.016,24525.77751025624
276878,43878.016,27625.20128991762
276879,43878.016,63303.83332000895
276880,43878.016,20336.621935813142
276881,43878.016,63903.19102150817
276882,43878.016,68818.02613820213
276883,43878.016,43389.95055762871
276884,43878.016,71874.53208409941
276885,43878.016,37594.58084626788
276886,43878.016,36059.91528452303
276887,43878.016,8467.588317276439
276888,43878.016,31566.19074729806
276889,43878.016,33686.058686538476
276890,43878.016,32645.338703590827
276891,43878.016,24024.610086722754
276892,43878.016,70850.44175218455
276893,43878.016,15522.055574795391
276894,43878.016,50576.314222067434
276895,43878.016,8697.83027296657
276896,43878.016,11593.512009238902
276897,43878.016,29573.258187713032
276898,43878.016,41946.652965794114
276899,43878.016,24916.30694171861
276900,43878.016,54957.17018021202
276901,43878.016,25852.985614986384
276902,43878.016,50087.35797839242
276903,43878.016,14030.76469084357
276904,43878.016,26590.491759541197
276905,43878.016,36638.84032308146
276906,43878.016,45039.464126401275
276907,43878.016,113899.6225344013
276908,43878.016,29993.367807140945
276909,43878.016,64602.65543790717
276910,43878.016,17013.089882649696
276911,43878.016,54961.38234339644
276912,43878.016,64526.84925811499
276913,43878.016,48179.946452416145
276914,43878.016,34529.821162340544
276915,43878.016,9887.49946662646
276916,43878.016,22863.752695367468
276917,43878.016,15113.139254555626
276918,43878.016,28830.984988903176
276919,43878.016,17134.171046598603
276920,43878.016,20943.10405638389
276921,43878.016,34756.090844915714
276922,43878.016,44679.21562793391
276923,43878.016,61499.58917822771
276924,43878.016,25968.978338831734
276925,43878.016,13232.770998949833
276926,43878.016,19487.318050198708
276927,43878.016,7967.991836720523
276928,43878.016,25620.65417204492
276929,43878.016,7963.358036875071
276930,43878.016,45020.549639925746
276931,43878.016,38517.747595980545
276932,43878.016,22021.42936201448
276933,43878.016,25513.542124268406
276934,43878.016,18073.415901895827
276935,43878.016,91450.88760025051
276936,43878.016,34450.28590718564
276937,43878.016,15970.856831377814
276938,43878.016,30789.826878122334
276939,43878.016,23169.098161124588
276940,43878.016,10957.549734353088
276941,43878.016,16472.532336500528
276942,43878.016,18079.2625074666
276943,43878.016,50271.16045101
276944,43878.016,32359.545790821554
276945,43878.016,21096.60828366129
276946,43878.016,12821.540350892068
276947,43878.016,57450.988001353864
276948,43878.016,12765.569307753261
276949,43878.016,33906.1330767642
276950,43878.016,71004.19715057168
276951,43878.016,12288.137791715671
276952,43878.016,35021.93080814471
276953,43878.016,55530.642959516576
276954,43878.016,25777.530582734344
276955,43878.016,36896.85955280831
276956,43878.016,37883.16082007065
276957,43878.016,38589.70866646754
276958,43878.016,50364.485928249276
276959,43878.016,7628.989309276711
276960,43878.016,36819.859523977226
276961,43878.016,30574.811074852674
276962,43878.016,12128.957660484968
276963,43878.016,22262.643904242963
276964,43878.016,35903.430161759265
276965,43878.016,64003.853644923256
276966,43878.016,19209.528007255987
276967,43878.016,33512.38525912466
276968,43878.016,17431.96376128842
276969,43878.016,57377.595307980344
276970,43878.016,46668.12697309102
276971,43878.016,20678.492482299167
276972,43878.016,17360.284798209046
276973,43878.016,8480.908524078659
276974,43878.016,28249.459387200553
276975,43878.016,13900.951041158865
276976,43878.016,65935.27978349595
276977,43878.016,17125.47692892752
276978,43878.016,14193.809463149199
276979,43878.016,17478.876335126683
276980,43878.016,70541.91221984538
276981,43878.016,52423.48263260642
276982,43878.016,25021.44623417158
276983,43878.016,29807.49831634666
276984,43878.016,63783.13392374048
276985,43878.016,63350.20091661694
276986,43878.016,41120.46396420473
276987,43878.016,18615.84770619863
276988,43878.016,47205.78575669568
276989,43878.016,49659.92693817116
276990,43878.016,22330.740107446185
276991,43878.016,37000.799081408775
276992,43878.016,50433.67939539615
276993,43878.016,25570.145995470844
276994,43878.016,46957.00502019954
276995,43878.016,57881.87881635217
276996,43878.016,52567.55718952153
276997,43878.016,10810.530578977165
276998,43878.016,17061.445650705144
276999,43878.016,53430.2478079872
277000,43878.016,19217.23889851508
277001,43878.016,12830.535534432975
277002,43878.016,51037.808790222545
277003,43878.016,24477.094711358077
277004,43878.016,12805.070664615727
277005,43878.016,49422.11851018358
277006,43878.016,16499.3511708527
277007,43878.016,27239.257078888477
277008,43878.016,51248.592107418204
277009,43878.016,15130.528930795457
277010,43878.016,13221.578969026015
277011,43878.016,49456.36856641706
277012,43878.016,26859.351486631098
277013,43878.016,25568.50810108519
277014,43878.016,29654.430094847772
277015,43878.016,11349.762015611612
277016,43878.016,45148.40507120217
277017,43878.016,31742.47942865521
277018,43878.016,11473.453434918301
277019,43878.016,31583.88672178001
277020,43878.016,22941.720051362343
277021,43878.016,56185.982820551464
277022,43878.016,24593.616949011914
277023,43878.016,68389.331060572
277024,43878.016,4096.3950222361655
277025,43878.016,25116.94236571721
277026,43878.016,16716.364105084078
277027,43878.016,8894.135981399375
277028,43878.016,34317.23111329541
277029,43878.016,22869.643091869468
277030,43878.016,52145.80872254108
277031,43878.016,56196.45808898888
277032,43878.016,51753.48664935135
277033,43878.016,14716.331250426063
277034,43878.016,12305.435020400915
277035,43878.016,70917.18954114377
277036,43878.016,7098.347846141898
277037,43878.016,23628.467460278633
277038,43878.016,47904.33001310684
277039,43878.016,18078.58819916822
277040,43878.016,49873.67218212922
277041,43878.016,12427.65754044352
277042,43878.016,31455.900874118288
277043,43878.016,58571.57980074945
277044,43878.016,44638.46047673033
277045,43878.016,49058.65062001109
277046,43878.016,54188.40723331036
277047,43878.016,50393.07183464506
277048,43878.016,34878.3203543743
277049,43878.016,22834.14967051342
277050,43878.016,62942.727678761665
277051,43878.016,73052.67295855396
277052,43878.016,37923.81713782654
277053,43878.016,55679.82046907232
277054,43878.016,15482.771546817685
277055,43878.016,23224.24582941605
277056,43878.016,24027.720484816502
277057,43878.016,15047.378342148346
277058,43878.016,25855.43070707331
277059,43878.016,9802.460543234443
277060,43878.016,33492.11268846677
277061,43878.016,37977.536259923276
277062,43878.016,12703.768640454826
277063,43878.016,21399.063989748396
277064,43878.016,23355.790898043557
277065,43878.016,42396.39742885642
277066,43878.016,18998.50221788402
277067,43878.016,64685.78412767789
277068,43878.016,60102.742046640546
277069,43878.016,32454.94471824475
277070,43878.016,60787.46394322559
277071,43878.016,30459.024080705094
277072,43878.016,17872.994033938616
277073,43878.016,52740.24679719575
277074,43878.016,12387.124022543287
277075,43878.016,16779.18964654703
277076,43878.016,41795.92324882133
277077,43878.016,26215.118648747022
277078,43878.016,20639.3876210645
277079,43878.016,27793.77967799177
277080,43878.016,54646.9594288331
277081,43878.016,42205.23809851493
277082,43878.016,31179.47465311785
277083,43878.016,37937.46784028504
277084,43878.016,30272.126168699935
277085,43878.016,70641.520255251
277086,43878.016,12861.425226760863
277087,43878.016,52222.4559501329
277088,43878.016,46067.56244923537
277089,43878.016,69210.9589069229
277090,43878.016,44985.9305476622
277091,43878.016,55165.98115975049
277092,43878.016,22278.82638301859
277093,43878.016,41858.0970289001
277094,43878.016,18772.664785881723
277095,43878.016,26951.45067055208
277096,43878.016,82398.4183772817
277097,43878.016,33220.9684986119
277098,43878.016,26378.93241839703
277099,43878.016,57264.01043814288
277100,43878.016,34621.31447459423
277101,43878.016,4117.830793727658
277102,43878.016,22555.538303900816
277103,43878.016,24601.62420839921
277104,43878.016,41482.43800603806
277105,43878.016,33566.2871049334
277106,43878.016,11558.695123505004
277107,43878.016,26894.738895530732
277108,43878.016,51785.44181269776
277109,43878.016,31978.26589054163
277110,43878.016,16766.042625688537
277111,43878.016,24384.105803365368
277112,43878.016,53706.419415107
277113,43878.016,15949.459120464917
277114,43878.016,29736.48787579658
277115,43878.016,32924.43328414425
277116,43878.016,61129.018630394676
277117,43878.016,41597.16222307599
277118,43878.016,20754.56174398337
277119,43878.016,33196.26265948235
277120,43878.016,42703.39855251589
277121,43878.016,16297.511687939064
277122,43878.016,56741.273012295445
277123,43878.016,14909.140532911226
277124,43878.016,61015.62887063148
277125,43878.016,48559.217751411954
277126,43878.016,57853.08537822929
277127,43878.016,52627.641229235865
277128,43878.016,11469.086424527088
277129,43878.016,42592.22589125787
277130,43878.016,29405.134993372805
277131,43878.016,44365.80995602466
277132,43878.016,32081.313219622476
277133,43878.016,64042.901652861314
277134,43878.016,31048.875620280774
277135,43878.016,66669.35211330205
277136,43878.016,38316.60848822038
277137,43878.016,60602.757119001486
277138,43878.016,56983.26970834293
277139,43878.016,34924.913725389764
277140,43878.016,28528.78485718431
277141,43878.016,5689.6766240408
277142,43878.016,18116.739131805156
277143,43878.016,32864.29121622842
277144,43878.016,34468.03064134809
277145,43878.016,33262.20197139536
277146,43878.016,48555.24717825499
277147,43878.016,61922.897463352165
277148,43878.016,12482.988785947702
277149,43878.016,14388.886909744786
277150,43878.016,38504.8294225432
277151,43878.016,23754.728926283005
277152,43878.016,21632.229514816998
277153,43878.016,7782.1225465242915
277154,43878.016,10636.740800201036
277155,43878.016,23632.87401607452
277156,43878.016,30445.46158462375
277157,43878.016,16583.519106948937
277158,43878.016,38196.16866550402
277159,43878.016,44094.93854758459
277160,43878.016,34238.85518331115
277161,43878.016,37230.15241270526
277162,43878.016,52092.98364658668
277163,43878.016,16012.110735514334
277164,43878.016,12474.570308800208
277165,43878.016,68182.47948212801
277166,43878.016,44779.35008402376
277167,43878.016,18003.048291971405
277168,43878.016,13118.134767253196
277169,43878.016,57547.477831341086
277170,43878.016,19555.826656468824
277171,43878.016,25330.21893022204
277172,43878.016,36629.81816848016
277173,43878.016,30235.84597456936
277174,43878.016,62054.47633057845
277175,43878.016,36539.60304921751
277176,43878.016,48978.20189630156
277177,43878.016,14074.483274129325
277178,43878.016,9520.56682793692
277179,43878.016,32061.675158915445
277180,43878.016,48149.056871132205
277181,43878.016,54236.81695131843
277182,43878.016,15819.11813221607
277183,43878.016,32136.023604910646
277184,43878.016,35935.61029039762
277185,43878.016,39827.39792232394
277186,43878.016,22157.645229234924
277187,43878.016,74809.76896496526
277188,43878.016,11821.957812126024
277189,43878.016,27753.020919778934
277190,43878.016,10730.314937539935
277191,43878.016,32764.975974371482
277192,43878.016,53758.70243844176
277193,43878.016,33246.76769527044
277194,43878.016,50026.04853777168
277195,43878.016,21906.667213388395
277196,43878.016,60014.45808498063
277197,43878.016,49768.6797329274
277198,43878.016,46735.162341566305
277199,43878.016,25121.670622575628
277200,43878.016,33850.38834958783
277201,43878.016,57130.43504091104
277202,43878.016,42760.85450289155
277203,43878.016,21056.360892029978
277204,43878.016,29093.00035019371
277205,43878.016,20664.91208728164
277206,43878.016,64920.46128761709
277207,43878.016,10222.381328564625
277208,43878.016,26301.90580835517
277209,43878.016,54685.39799741124
277210,43878.016,8581.067530128154
277211,43878.016,97881.0928452703
277212,43878.016,22060.881963246135
277213,43878.016,58277.95169458217
277214,43878.016,23136.456217621067
277215,43878.016,22990.79880583815
277216,43878.016,16110.788015540782
277217,43878.016,32461.60303575432
277218,43878.016,23391.013654541817
277219,43878.016,34334.43249101995
277220,43878.016,48731.1131323626
277221,43878.016,15933.19425251237
277222,43878.016,15888.448317101549
277223,43878.016,17426.989031175857
277224,43878.016,23218.791562726725
277225,43878.016,34075.54248111976
277226,43878.016,24813.89416815767
277227,43878.016,22912.955051765002
277228,43878.016,28842.08367335586
277229,43878.016,43396.098117178706
277230,43878.016,20255.82813831177
277231,43878.016,39673.42531494797
277232,43878.016,27362.72685042098
277233,43878.016,11827.705833951812
277234,43878.016,64671.03417292956
277235,43878.016,11390.999559843127
277236,43878.016,21578.29367363098
277237,43878.016,12565.782618436684
277238,43878.016,19434.61908691816
277239,43878.016,11542.01620547062
277240,43878.016,37397.33248203033
277241,43878.016,37175.91333171081
277242,43878.016,40240.861832542374
277243,43878.016,47463.012731477465
277244,43878.016,14644.075725755487
277245,43878.016,64386.5419401161
277246,43878.016,44006.427244560306
277247,43878.016,13502.221664308969
277248,43878.016,21064.075776140002
277249,43878.016,6532.737524383449
277250,43878.016,23030.861150186884
277251,43878.016,48182.655975094756
277252,43878.016,8887.190886409631
277253,43878.016,33081.993731825445
277254,43878.016,41539.86460288236
277255,43878.016,5461.612432354078
277256,43878.016,37537.95095270713
277257,43878.016,11952.305025517935
277258,43878.016,17382.01625488288
277259,43878.016,45068.11535572034
277260,43878.016,55165.55474756298
277261,43878.016,34878.9346175785
277262,43878.016,43528.328745630024
277263,43878.016,34911.506508904065
277264,43878.016,14910.53207125132
277265,43878.016,47093.22569054408
277266,43878.016,12954.813196175966
277267,43878.016,41792.482839329896
277268,43878.016,29363.73168038094
277269,43878.016,41895.721540236234
277270,43878.016,26400.1246989986
277271,43878.016,35795.91590440347
277272,43878.016,56941.71384417829
277273,43878.016,81988.18068242833
277274,43878.016,70364.51645067426
277275,43878.016,35088.42734566134
277276,43878.016,58159.20927396587
277277,43878.016,46643.24021994812
277278,43878.016,28783.65486672313
277279,43878.016,58128.34107906626
277280,43878.016,45389.87607640788
277281,43878.016,73696.19832087887
277282,43878.016,44513.20883464652
277283,43878.016,31188.42871359708
277284,43878.016,21895.308010105346
277285,43878.016,31611.994578796683
277286,43878.016,8274.6143062328
277287,43878.016,38437.85792518012
277288,43878.016,62225.092085255346
277289,43878.016,34690.18173754658
277290,43878.016,50407.26024018733
277291,43878.016,26970.201169022308
277292,43878.016,18652.217476761616
277293,43878.016,36712.99463005931
277294,43878.016,50000.7884230689
277295,43878.016,18229.340721127788
277296,43878.016,7924.597619908748
277297,43878.016,35272.23829762546
277298,43878.016,40602.91970055839
277299,43878.016,33109.055853807105
277300,43878.016,49962.82931603756
277301,43878.016,41044.49225460007
277302,43878.016,12774.796366653367
277303,43878.016,53268.42197628062
277304,43878.016,40031.972749209745
277305,43878.016,35174.3832651581
277306,43878.016,74686.85750091588
277307,43878.016,29050.69366037629
277308,43878.016,35326.57103722994
277309,43878.016,43338.782256664585
277310,43878.016,33853.903665290854
277311,43878.016,25269.411085798092
277312,43878.016,47093.608900387706
277313,43878.016,30622.023463686564
277314,43878.016,48319.77256445505
277315,43878.016,14303.227766660506
277316,43878.016,23028.810823349148
277317,43878.016,8261.419994887212
277318,43878.016,39552.097492050314
277319,43878.016,14679.327680775983
277320,43878.016,30675.525255225606
277321,43878.016,15682.397693697782
277322,43878.016,48281.10847627351
277323,43878.016,43374.24285523062
277324,43878.016,24724.459521669763
277325,43878.016,24743.650271044662
277326,43878.016,58891.54044670714
277327,43878.016,42402.38831344291
277328,43878.016,62863.225000159124
277329,43878.016,17657.019642995198
277330,43878.016,57051.000803402494
277331,43878.016,41106.215071922365
277332,43878.016,44891.038620258005
277333,43878.016,46572.510764235005
277334,43878.016,72804.48237186286
277335,43878.016,29741.21936232303
277336,43878.016,11854.635402230273
277337,43878.016,17758.31530748732
277338,43878.016,32483.779204021725
277339,43878.016,54207.09439944743
277340,43878.016,6156.140235570689
277341,43878.016,45013.77799109091
277342,43878.016,74155.09463349015
277343,43878.016,52533.86624471528
277344,43878.016,56370.24304563711
277345,43878.016,30487.04407240623
277346,43878.016,31493.241068502186
277347,43878.016,33404.607544252656
277348,43878.016,11682.744242405885
277349,43878.016,41960.69716580257
277350,43878.016,21354.783409352935
277351,43878.016,42754.60693196409
277352,43878.016,78448.09795792747
277353,43878.016,34344.38235784092
277354,43878.016,9906.50004587372
277355,43878.016,12836.023296454488
277356,43878.016,17165.43226683928
277357,43878.016,36270.86795959417
277358,43878.016,84974.90464702868
277359,43878.016,24503.749570341653
277360,43878.016,53464.68924482477
277361,43878.016,20307.301821111123
277362,43878.016,41863.36157680665
277363,43878.016,51473.14172782442
277364,43878.016,42986.05280657647
277365,43878.016,23993.152213122696
277366,43878.016,79112.14971022386
277367,43878.016,55176.853404610476
277368,43878.016,48114.746711666485
277369,43878.016,18812.23900186549
277370,43878.016,41742.82363745686
277371,43878.016,54821.30064317163
277372,43878.016,37994.22088419404
277373,43878.016,47339.95195979891
277374,43878.016,34132.532648367
277375,43878.016,75782.2583613113
277376,43878.016,42496.345768410574
277377,43878.016,47920.13563836036
277378,43878.016,24205.686121115963
277379,43878.016,54897.62987860925
277380,43878.016,41744.030221468136
277381,43878.016,22454.12149098118
277382,43878.016,32424.105608379727
277383,43878.016,9592.310625791408
277384,43878.016,35916.559813652486
277385,43878.016,7610.088109123048
277386,43878.016,30121.973349209846
277387,43878.016,31752.83976212313
277388,43878.016,7113.156146045114
277389,43878.016,5424.6562600471525
277390,43878.016,7664.282723843859
277391,43878.016,7622.868262433211
277392,43878.016,103416.88218685654
277393,43878.016,50024.732789866604
277394,43878.016,11891.028456892886
277395,43878.016,29687.270857257314
277396,43878.016,32701.864183437414
277397,43878.016,23241.280077331932
277398,43878.016,4397.437812589069
277399,43878.016,35000.06803374354
277400,43878.016,51277.70307170426
277401,43878.016,54443.10371890315
277402,43878.016,35185.14172577647
277403,43878.016,36187.61773020589
277404,43878.016,19261.086501676135
277405,43878.016,22558.827588182023
277406,43878.016,49367.8072531017
277407,43878.016,33762.84928176174
277408,43878.016,15385.509895497364
277409,43878.016,40058.651487816685
277410,43878.016,30454.195390548604
277411,43878.016,35191.03787294793
277412,43878.016,27856.249873531986
277413,43878.016,54622.03256055945
277414,43878.016,37983.18808118445
277415,43878.016,17253.59599978406
277416,43878.016,22131.564593763764
277417,43878.016,59544.07352949264
277418,43878.016,51848.86784932926
277419,43878.016,35327.336391293255
277420,43878.016,38754.327986943244
277421,43878.016,50928.02371345861
277422,43878.016,68193.54663011289
277423,43878.016,15675.929121224359
277424,43878.016,51480.75721071697
277425,43878.016,29730.09278879846
277426,43878.016,7522.639580488032
277427,43878.016,57189.18410182421
277428,43878.016,11811.70145733156
277429,43878.016,14010.113742082694
277430,43878.016,39882.72143030468
277431,43878.016,33547.84849920972
277432,43878.016,25722.46875382368
277433,43878.016,49331.77143414515
277434,43878.016,7489.4116358029705
277435,43878.016,50169.80423459877
277436,43878.016,72713.25553292994
277437,43878.016,10284.795959700492
277438,43878.016,25408.64505695124
277439,43878.016,33368.45846451575
277440,43878.016,28948.921157282773
277441,43878.016,11218.300025666398
277442,43878.016,17493.747937896504
277443,43878.016,18479.245799974055
277444,43878.016,28774.011237788134
277445,43878.016,82411.43835275857
277446,43878.016,50805.474943847694
277447,43878.016,51925.013048787914
277448,43878.016,37517.55292967208
277449,43878.016,67082.423297553
277450,43878.016,84531.13444595059
277451,43878.016,8162.539918769801
277452,43878.016,56204.00160672293
277453,43878.016,59607.75190353442
277454,43878.016,14250.25408556157
277455,43878.016,55061.43535195427
277456,43878.016,7828.3628612896555
277457,43878.016,27059.616935228107
277458,43878.016,13242.993629940443
277459,43878.016,36413.34090289282
277460,43878.016,26962.88838353102
277461,43878.016,28622.53708518011
277462,43878.016,8592.470938912753
277463,43878.016,37245.391156774735
277464,43878.016,5300.022234931957
277465,43878.016,45344.294605695235
277466,43878.016,15096.800007678848
277467,43878.016,24519.801473611158
277468,43878.016,11636.309824257389
277469,43878.016,13698.190384941201
277470,43878.016,15358.985490436009
277471,43878.016,9652.99352174296
277472,43878.016,45053.801666421976
277473,43878.016,63749.51902780952
277474,43878.016,29285.312798676878
277475,43878.016,12846.339223981948
277476,43878.016,52843.65679074923
277477,43878.016,72717.9638626375
277478,43878.016,29618.37297924985
277479,43878.016,43700.571330907376
277480,43878.016,27427.959763027877
277481,43878.016,42587.84660967985
277482,43878.016,18544.932494944187
277483,43878.016,64086.15392861331
277484,43878.016,12236.64147273891
277485,43878.016,42934.0206139425
277486,43878.016,64454.12201558435
277487,43878.016,7964.581738271594
277488,43878.016,19893.54174768157
277489,43878.016,69326.93534714426
277490,43878.016,12371.632638626092
277491,43878.016,62814.27355007563
277492,43878.016,11018.850692505954
277493,43878.016,26668.736345906455
277494,43878.016,79286.13125508664
277495,43878.016,45363.55063238994
277496,43878.016,24236.85707746012
277497,43878.016,40427.67475209143
277498,43878.016,24145.215032879976
277499,43878.016,46036.755197022845
277500,43878.016,27687.62968105848
277501,43878.016,67693.60698820696
277502,43878.016,60722.237308846976
277503,43878.016,25284.920000754413
277504,43878.016,37845.17710602987
277505,43878.016,11358.099838729702
277506,43878.016,33994.809697500255
277507,43878.016,20137.70656086584
277508,43878.016,6474.356874439837
277509,43878.016,18493.102729031896
277510,43878.016,55195.0210971087
277511,43878.016,44646.919106298774
277512,43878.016,8281.69375106063
277513,43878.016,24661.399251074035
277514,43878.016,12180.164519240318
277515,43878.016,8266.791569801646
277516,43878.016,14594.409297245633
277517,43878.016,38429.56400462041
277518,43878.016,35087.09778414448
277519,43878.016,39554.94211710854
277520,43878.016,30727.782062300914
277521,43878.016,31031.99265118353
277522,43878.016,39564.75927515066
277523,43878.016,33300.15637227451
277524,43878.016,54066.64647422514
277525,43878.016,10735.060524956054
277526,43878.016,40459.415038696396
277527,43878.016,27218.144143156875
277528,43878.016,30529.60968395493
277529,43878.016,53451.784035259654
277530,43878.016,42140.63588785589
277531,43878.016,14829.48736349923
277532,43878.016,37249.48308270008
277533,43878.016,13536.7073684049
277534,43878.016,102432.13465269042
277535,43878.016,106850.43429744235
277536,43878.016,35781.64546450558
277537,43878.016,17547.543107954443
277538,43878.016,7826.779015440056
277539,43878.016,28030.541589754313
277540,43878.016,25178.41287380634
277541,43878.016,9834.535501084212
277542,43878.016,45209.911817577326
277543,43878.016,28637.606012497807
277544,43878.016,65424.218054886325
277545,43878.016,9815.830394716228
277546,43878.016,12997.27222113421
277547,43878.016,40300.48707457609
277548,43878.016,19620.665010984354
277549,43878.016,54865.80416233753
277550,43878.016,28293.400747579442
277551,43878.016,60348.3952329484
277552,43878.016,43393.736423080074
277553,43878.016,61172.10900545946
277554,43878.016,38247.94274772175
277555,43878.016,12969.7487957818
277556,43878.016,17643.04389424211
277557,43878.016,39909.348671218504
277558,43878.016,36650.258927578136
277559,43878.016,54996.89434960874
277560,43878.016,42222.28452765675
277561,43878.016,33366.385448175206
277562,43878.016,27525.632145000727
277563,43878.016,17566.57619388172
277564,43878.016,17558.107256580453
277565,43878.016,40266.85847285984
277566,43878.016,33280.89608188487
277567,43878.016,23513.685017776486
277568,43878.016,38112.749484339816
277569,43878.016,49857.05036123226
277570,43878.016,54992.357154341924
277571,43878.016,26757.83644963786
277572,43878.016,13837.0581042102
277573,43878.016,61605.074456668925
277574,43878.016,50024.77701195583
277575,43878.016,44586.82071006128
277576,43878.016,61338.2243123728
277577,43878.016,16446.975386228187
277578,43878.016,39154.07638675608
277579,43878.016,54061.6196241001
277580,43878.016,46103.76875124486
277581,43878.016,43931.10226362478
277582,43878.016,25241.5887235154
277583,43878.016,26759.610761174357
277584,43878.016,6216.843859916713
277585,43878.016,8023.636094136037
277586,43878.016,54802.010354015445
277587,43878.016,43936.96764631617
277588,43878.016,31533.527169445195
277589,43878.016,20794.563563028896
277590,43878.016,39352.7140512728
277591,43878.016,8805.16517727361
277592,43878.016,16421.851910596408
277593,43878.016,28266.534301920565
277594,43878.016,82110.78596948458
277595,43878.016,12142.118512638097
277596,43878.016,16060.524390822102
277597,43878.016,27894.246724616587
277598,43878.016,35222.358609340714
277599,43878.016,11916.395696467287
277600,43878.016,37431.27090857111
277601,43878.016,39748.0401165104
277602,43878.016,79463.09285435738
277603,43878.016,27443.749288784085
277604,43878.016,39953.4302738012
277605,43878.016,53910.30813025842
277606,43878.016,21550.207699500625
277607,43878.016,13743.699447365938
277608,43878.016,11897.655373630441
277609,43878.016,49730.45441564519
277610,43878.016,32538.67790654464
277611,43878.016,25683.593628685405
277612,43878.016,69844.12507600998
277613,43878.016,39173.362529755206
277614,43878.016,13983.652705385626
277615,43878.016,12920.803682252024
277616,43878.016,9351.944502637421
277617,43878.016,31911.80219263368
277618,43878.016,13463.70484431681
277619,43878.016,50023.83064749648
277620,43878.016,12725.5760717929
277621,43878.016,46029.68209855679
277622,43878.016,34421.89588271615
277623,43878.016,46069.45879704519
277624,43878.016,50264.29970242611
277625,43878.016,59069.99073406475
277626,43878.016,10622.90308950503
277627,43878.016,31427.78148175104
277628,43878.016,32934.727571963296
277629,43878.016,35338.30197275085
277630,43878.016,22993.558164745045
277631,43878.016,45698.79296127085
277632,43878.016,8491.215775897157
277633,43878.016,60770.83150371261
277634,43878.016,35244.06720119842
277635,43878.016,10645.720139022747
277636,43878.016,19131.754892238456
277637,43878.016,55662.82132498294
277638,43878.016,16035.330839944367
277639,43878.016,60354.523037927356
277640,43878.016,25331.85410987178
277641,43878.016,14233.171000729244
277642,43878.016,21226.560555096094
277643,43878.016,23816.81456102357
277644,43878.016,16997.601108180454
277645,43878.016,52336.11939186098
277646,43878.016,15813.813032823191
277647,43878.016,15522.271802952939
277648,43878.016,37147.87311563339
277649,43878.016,51958.02586917841
277650,43878.016,26391.567443799388
277651,43878.016,41470.87114890406
277652,43878.016,22158.81202053118
277653,43878.016,46053.16285532655
277654,43878.016,34194.73712733945
277655,43878.016,22560.46347850906
277656,43878.016,44083.73569601172
277657,43878.016,21509.602688717096
277658,43878.016,17963.17458458293
277659,43878.016,8269.351589331334
277660,43878.016,29625.775024024922
277661,43878.016,27916.586825959617
277662,43878.016,25717.824273680148
277663,43878.016,41278.934618204396
277664,43878.016,19946.196241022964
277665,43878.016,58430.25525901382
277666,43878.016,41526.93959021083
277667,43878.016,33952.466083860374
277668,43878.016,47634.25492247206
277669,43878.016,27345.77009514805
277670,43878.016,57687.39561129261
277671,43878.016,16530.693240235218
277672,43878.016,11266.568755967119
277673,43878.016,18380.136787595868
277674,43878.016,70145.7045300643
277675,43878.016,26751.591786297955
277676,43878.016,47888.043546991044
277677,43878.016,52614.71128405108
277678,43878.016,38062.31649518806
277679,43878.016,25173.69057903026
277680,43878.016,5364.502862668208
277681,43878.016,23781.796319045945
277682,43878.016,22557.900283692416
277683,43878.016,12827.164077177527
277684,43878.016,56139.62956173198
277685,43878.016,22137.461843636807
277686,43878.016,50587.5188200822
277687,43878.016,56198.24899217242
277688,43878.016,60408.008517637834
277689,43878.016,54660.40363906373
277690,43878.016,32844.254614449914
277691,43878.016,16055.307613039302
277692,43878.016,19278.217324400666
277693,43878.016,85727.94086737392
277694,43878.016,24917.308583893177
277695,43878.016,54891.480037194975
277696,43878.016,7592.699257901674
277697,43878.016,27699.69240614472
277698,43878.016,15789.404018880523
277699,43878.016,19053.398546535514
277700,43878.016,14149.080613951235
277701,43878.016,61927.87031795792
277702,43878.016,15258.148195296966
277703,43878.016,20129.316490320183
277704,43878.016,21055.50479567804
277705,43878.016,47100.236572416645
277706,43878.016,49039.42486827383
277707,43878.016,11258.89342513093
277708,43878.016,44716.12617649908
277709,43878.016,56208.287528480716
277710,43878.016,25227.888713553915
277711,43878.016,16464.493781721878
277712,43878.016,42852.26700530157
277713,43878.016,39549.11406799934
277714,43878.016,37135.50853369567
277715,43878.016,78257.10602724153
277716,43878.016,72452.9852130462
277717,43878.016,58413.71570596358
277718,43878.016,18312.314111389736
277719,43878.016,63381.5193710128
277720,43878.016,82599.77399524338
277721,43878.016,35838.69088020319
277722,43878.016,33258.66025274474
277723,43878.016,60893.63901941467
277724,43878.016,33140.38792482654
277725,43878.016,16135.519900510986
277726,43878.016,26961.48067290554
277727,43878.016,46678.25114041246
277728,43878.016,27006.045960020376
277729,43878.016,11584.78868875986
277730,43878.016,52401.67261765045
277731,43878.016,22786.051783084953
277732,43878.016,21059.721777484847
277733,43878.016,8150.022121697632
277734,43878.016,14907.86346651199
277735,43878.016,58103.3368029349
277736,43878.016,66299.76082821547
277737,43878.016,7293.1701317934085
277738,43878.016,22699.109542419996
277739,43878.016,38270.26926320418
277740,43878.016,51131.26648890965
277741,43878.016,10309.837728304872
277742,43878.016,73967.94832733477
277743,43878.016,34849.8055471612
277744,43878.016,70192.24344597326
277745,43878.016,12392.186601747278
277746,43878.016,21567.293495839618
277747,43878.016,52184.443382034224
277748,43878.016,42301.04306702395
277749,43878.016,10106.293125054142
277750,43878.016,16607.244853750828
277751,43878.016,36919.63596864897
277752,43878.016,11525.990885933468
277753,43878.016,39358.56932669185
277754,43878.016,43032.856584013505
277755,43878.016,63835.270644208846
277756,43878.016,42442.55424146869
277757,43878.016,7782.133863019546
277758,43878.016,42998.288117445
277759,43878.016,50771.491272769286
277760,43878.016,9862.43122563838
277761,43878.016,38308.80331845806
277762,43878.016,51473.49262720603
277763,43878.016,52390.6720256263
277764,43878.016,48839.554571720895
277765,43878.016,47553.40438432328
277766,43878.016,49154.35866923067
277767,43878.016,18909.150753824277
277768,43878.016,13880.609359239486
277769,43878.016,26181.959915439642
277770,43878.016,29139.52804694353
277771,43878.016,24839.069200673446
277772,43878.016,34823.224881365146
277773,43878.016,8412.55039889618
277774,43878.016,12356.515278844194
277775,43878.016,22104.57110390624
277776,43878.016,48680.59625785522
277777,43878.016,25471.221966192832
277778,43878.016,26505.17298884144
277779,43878.016,18808.324874936745
277780,43878.016,15590.997776043483
277781,43878.016,14548.215809627098
277782,43878.016,54028.58418720049
277783,43878.016,29602.052414097565
277784,43878.016,50232.17531400526
277785,43878.016,32172.36977590785
277786,43878.016,20195.107952955193
277787,43878.016,8664.165934040167
277788,43878.016,53695.48660102761
277789,43878.016,49002.94345949406
277790,43878.016,29005.36811067441
277791,43878.016,45980.86486464748
277792,43878.016,7561.855192008779
277793,43878.016,16821.989150976766
277794,43878.016,15123.043960710163
277795,43878.016,57021.83278054241
277796,43878.016,9466.134556171748
277797,43878.016,29091.075691741833
277798,43878.016,36624.20190457303
277799,43878.016,82204.74386637873
277800,43878.016,28611.187312959377
277801,43878.016,15617.1049973541
277802,43878.016,22319.491060046585
277803,43878.016,69383.24277769984
277804,43878.016,13779.898259624595
277805,43878.016,22455.1375273224
277806,43878.016,65046.41975267078
277807,43878.016,19642.278832361506
277808,43878.016,15189.196793238943
277809,43878.016,61298.72077917956
277810,43878.016,25783.095783353092
277811,43878.016,78710.46001033159
277812,43878.016,20178.24956354749
277813,43878.016,32392.48426451313
277814,43878.016,69514.643953725
277815,43878.016,66880.48585413187
277816,43878.016,75558.29470953387
277817,43878.016,31748.518825529194
277818,43878.016,59032.26171849139
277819,43878.016,14903.79860850776
277820,43878.016,22643.36683723707
277821,43878.016,13256.478019149572
277822,43878.016,12756.867124337481
277823,43878.016,23772.643537369982
277824,43878.016,33178.772518492144
277825,43878.016,26015.98977345836
277826,43878.016,31327.818698700437
277827,43878.016,13059.93544088995
277828,43878.016,42294.06012478301
277829,43878.016,42522.85218788881
277830,43878.016,41309.1481116891
277831,43878.016,52531.66802425626
277832,43878.016,37518.22488949907
277833,43878.016,23802.86548785963
277834,43878.016,53340.2497259843
277835,43878.016,24115.191246165687
277836,43878.016,21497.007719100864
277837,43878.016,17168.202067798626
277838,43878.016,46960.0221453055
277839,43878.016,23760.139786186817
277840,43878.016,13951.618582508336
277841,43878.016,28932.526096268204
277842,43878.016,30011.229215418985
277843,43878.016,72840.07207884653
277844,43878.016,6040.0373852380735
277845,43878.016,67682.03507102006
277846,43878.016,7488.17755883192
277847,43878.016,48980.558799345155
277848,43878.016,52674.497339734284
277849,43878.016,48347.407841696666
277850,43878.016,11494.625865531332
277851,43878.016,36777.629796753834
277852,43878.016,64020.63327677204
277853,43878.016,31819.21153781846
277854,43878.016,74564.70510211798
277855,43878.016,13314.697995864324
277856,43878.016,6661.365281363741
277857,43878.016,14853.530863900365
277858,43878.016,42102.54103692865
277859,43878.016,9110.726813660594
277860,43878.016,15151.30591209929
277861,43878.016,45270.656187201464
277862,43878.016,38145.73447646028
277863,43878.016,29448.196373060317
277864,43878.016,27914.72223574325
277865,43878.016,52502.99803735005
277866,43878.016,27609.62000449374
277867,43878.016,20151.81690748945
277868,43878.016,38525.952697838475
277869,43878.016,38065.24041467105
277870,43878.016,42340.74495287152
277871,43878.016,28663.63195830456
277872,43878.016,17252.151681719555
277873,43878.016,56747.2201903705
277874,43878.016,55350.20369934694
277875,43878.016,56596.28788346137
277876,43878.016,13520.020100106993
277877,43878.016,13113.598926602825
277878,43878.016,37442.98604173686
277879,43878.016,46759.45947596129
277880,43878.016,51868.86789368612
277881,43878.016,45864.256781765675
277882,43878.016,30643.044691396615
277883,43878.016,56705.32486796905
277884,43878.016,15715.09385603774
277885,43878.016,16762.050001421634
277886,43878.016,97024.58232762356
277887,43878.016,12849.907495886837
277888,43878.016,28083.847690739407
277889,43878.016,60209.6613798363
277890,43878.016,49900.680977019816
277891,43878.016,58039.730561909135
277892,43878.016,54996.17054523872
277893,43878.016,57727.64384008751
277894,43878.016,20953.257537666294
277895,43878.016,23931.34558580225
277896,43878.016,43181.6898040254
277897,43878.016,16956.71518764385
277898,43878.016,43529.97166873909
277899,43878.016,91205.48981503624
277900,43878.016,30675.08402725928
277901,43878.016,66052.10260809974
277902,43878.016,17794.234668604033
277903,43878.016,26056.34382323179
277904,43878.016,14254.244021551676
277905,43878.016,6358.212952899886
277906,43878.016,51705.75738257089
277907,43878.016,19816.74892171263
277908,43878.016,71051.28469408402
277909,43878.016,23380.922588711815
277910,43878.016,36999.62750475777
277911,43878.016,36760.46453796819
277912,43878.016,23549.854432458356
277913,43878.016,31193.473524098546
277914,43878.016,30008.752291671422
277915,43878.016,63613.159187812766
277916,43878.016,36451.1042737589
277917,43878.016,35607.862043548754
277918,43878.016,47173.09174021314
277919,43878.016,22560.360431459037
277920,43878.016,5512.5014727730495
277921,43878.016,75114.26215794757
277922,43878.016,39956.59239585765
277923,43878.016,79650.92603962176
277924,43878.016,62720.56570309008
277925,43878.016,20708.167477665043
277926,43878.016,32351.595127011402
277927,43878.016,54205.93627925863
277928,43878.016,19580.811727343396
277929,43878.016,52359.94803864098
277930,43878.016,43685.093758337905
277931,43878.016,8856.189249305502
277932,43878.016,32823.590025909456
277933,43878.016,20529.54032389975
277934,43878.016,9997.167629956455
277935,43878.016,61956.33580758046
277936,43878.016,12707.028361245611
277937,43878.016,48508.787453343124
277938,43878.016,14293.848759404536
277939,43878.016,35663.113046063845
277940,43878.016,49380.83321500537
277941,43878.016,13158.94314631061
277942,43878.016,57514.940254343215
277943,43878.016,40282.84860694564
277944,43878.016,22876.383987291254
277945,43878.016,33445.21176281155
277946,43878.016,42267.05523376279
277947,43878.016,23805.8050801846
277948,43878.016,43164.845138697536
277949,43878.016,23469.100928159954
277950,43878.016,49809.00658125306
277951,43878.016,44441.40415559408
277952,43878.016,50078.17982259117
277953,43878.016,40182.63707625648
277954,43878.016,52183.27523684316
277955,43878.016,76233.59521224092
277956,43878.016,32146.453213020395
277957,43878.016,42015.66170401337
277958,43878.016,41835.07691741179
277959,43878.016,30671.037038748855
277960,43878.016,15224.411112338148
277961,43878.016,57089.278341375684
277962,43878.016,18598.81412257711
277963,43878.016,34879.37047272386
277964,43878.016,28998.351402974884
277965,43878.016,7470.569210895955
277966,43878.016,11281.656044800902
277967,43878.016,24754.59737259831
277968,43878.016,38435.34132972339
277969,43878.016,49801.913029364354
277970,43878.016,15494.91965989663
277971,43878.016,25197.34193014972
277972,43878.016,11770.23548382827
277973,43878.016,65062.22077700742
277974,43878.016,36632.762439697995
277975,43878.016,26101.233131841665
277976,43878.016,64865.043451601916
277977,43878.016,23142.865042258556
277978,43878.016,45270.519777819725
277979,43878.016,81269.70460618362
277980,43878.016,15742.675841698689
277981,43878.016,45382.06093039101
277982,43878.016,28261.046425262462
277983,43878.016,15148.189747606508
277984,43878.016,7848.724443414701
277985,43878.016,30462.643255126077
277986,43878.016,21280.159146441612
277987,43878.016,55544.4397780618
277988,43878.016,70305.11103475573
277989,43878.016,64860.32925702513
277990,43878.016,42603.39917421201
277991,43878.016,6022.21329431567
277992,43878.016,26552.435764360565
277993,43878.016,17483.62112529292
277994,43878.016,39880.39280978665
277995,43878.016,103143.1296052895
277996,43878.016,8546.404300344517
277997,43878.016,52603.351162935025
277998,43878.016,23840.65357984387
277999,43878.016,11192.227870087381
278000,43878.016,54965.04041028703
278001,43878.016,7945.006318334415
278002,43878.016,27403.39039873715
278003,43878.016,33794.3039099817
278004,43878.016,31017.317117769853
278005,43878.016,60888.23782014788
278006,43878.016,46206.56401795693
278007,43878.016,28353.600752023518
278008,43878.016,28633.12557334809
278009,43878.016,47488.581278735874
278010,43878.016,13058.792127937399
278011,43878.016,22385.419648815863
278012,43878.016,20647.708620430352
278013,43878.016,22735.44584659765
278014,43878.016,13186.769394591263
278015,43878.016,68941.05575661786
278016,43878.016,48727.54725959014
278017,43878.016,15322.65803581911
278018,43878.016,22693.37630420797
278019,43878.016,53146.93275120289
278020,43878.016,13759.64060879778
278021,43878.016,24248.45592523321
278022,43878.016,23293.060759733155
278023,43878.016,22998.233182467837
278024,43878.016,48460.65943622908
278025,43878.016,26546.303637555015
278026,43878.016,18595.92941226444
278027,43878.016,48316.4599707383
278028,43878.016,8348.485455001892
278029,43878.016,29724.87062826114
278030,43878.016,29996.19051442186
278031,43878.016,51022.680379720754
278032,43878.016,24827.331275834684
278033,43878.016,53196.56161625456
278034,43878.016,10955.419311262884
278035,43878.016,7446.9794843072505
278036,43878.016,34863.88119030856
278037,43878.016,22107.63186624224
278038,43878.016,5109.297912490826
278039,43878.016,27654.61396075948
278040,43878.016,48573.02559952106
278041,43878.016,14904.858249309467
278042,43878.016,39485.78079107156
278043,43878.016,15680.772742927153
278044,43878.016,59334.33684655029
278045,43878.016,37905.394119733806
278046,43878.016,30191.23040998405
278047,43878.016,58752.1378340454
278048,43878.016,19328.85914332373
278049,43878.016,21116.160861744
278050,43878.016,20155.663850034853
278051,43878.016,33472.17619443984
278052,43878.016,57103.56587842817
278053,43878.016,24052.71287777556
278054,43878.016,42123.05538464497
278055,43878.016,37315.36566225288
278056,43878.016,10934.573855541526
278057,43878.016,54327.07123987844
278058,43878.016,49303.60644238976
278059,43878.016,38881.92454610688
278060,43878.016,43908.14283076055
278061,43878.016,26666.63737188009
278062,43878.016,39869.099842112686
278063,43878.016,13540.956622161893
278064,43878.016,50391.50170230882
278065,43878.016,49048.65305632093
278066,43878.016,15904.713141634898
278067,43878.016,51793.89363249034
278068,43878.016,30970.3003655341
278069,43878.016,11089.761691454107
278070,43878.016,36616.05544453987
278071,43878.016,54788.88828998824
278072,43878.016,40760.535323182354
278073,43878.016,28748.558806478286
278074,43878.016,24231.539567104865
278075,43878.016,55979.140807050804
278076,43878.016,36251.37395679715
278077,43878.016,38583.04369609331
278078,43878.016,37372.5172474259
278079,43878.016,50037.43114450712
278080,43878.016,15213.19608950067
278081,43878.016,36422.00419762491
278082,43878.016,22209.332988929484
278083,43878.016,33346.89612892136
278084,43878.016,10513.2903221468
278085,43878.016,38307.58793073916
278086,43878.016,43856.115110951054
278087,43878.016,18617.394061229115
278088,43878.016,31511.982155076414
278089,43878.016,17950.859129284683
278090,43878.016,55933.050440880535
278091,43878.016,62414.766548239546
278092,43878.016,16051.467901229216
278093,43878.016,20105.517322130785
278094,43878.016,28579.74278849584
278095,43878.016,22310.833974347755
278096,43878.016,42683.018531278736
278097,43878.016,60227.113041685494
278098,43878.016,22525.28593054772
278099,43878.016,47030.96883530651
278100,43878.016,35326.69673274244
278101,43878.016,20802.003762699005
278102,43878.016,12111.832680258813
278103,43878.016,66495.39126438748
278104,43878.016,53089.03296961934
278105,43878.016,11678.945468882363
278106,43878.016,37887.46986071312
278107,43878.016,21808.530060076937
278108,43878.016,39043.28214052169
278109,43878.016,6267.435754345197
278110,43878.016,16642.905722047777
278111,43878.016,8186.609140391966
278112,43878.016,71405.73346416831
278113,43878.016,28078.145946278062
278114,43878.016,37556.16462435914
278115,43878.016,36828.78236826591
278116,43878.016,46122.91592976807
278117,43878.016,12062.554499770176
278118,43878.016,61737.35117343269
278119,43878.016,30937.668659054165
278120,43878.016,69116.73994261568
278121,43878.016,19137.83304903119
278122,43878.016,50141.163113068505
278123,43878.016,18430.045645954106
278124,43878.016,55874.12987499115
278125,43878.016,40149.85318539655
278126,43878.016,19816.038410730514
278127,43878.016,46991.63898403144
278128,43878.016,45541.066288006354
278129,43878.016,70031.69044374704
278130,43878.016,29845.823603262103
278131,43878.016,50194.486508815215
278132,43878.016,22453.04498557206
278133,43878.016,10057.358134773653
278134,43878.016,77512.93040819021
278135,43878.016,22058.657241109693
278136,43878.016,16058.858974134719
278137,43878.016,41555.58804599786
278138,43878.016,21080.65416206936
278139,43878.016,47979.39484367645
278140,43878.016,6423.828989660126
278141,43878.016,60069.62140408788
278142,43878.016,20011.90603973942
278143,43878.016,55753.486883540114
278144,43878.016,64372.06585854014
278145,43878.016,57820.05777353478
278146,43878.016,26618.755936274443
278147,43878.016,31831.955903029153
278148,43878.016,11226.723438494333
278149,43878.016,34059.918063400175
278150,43878.016,53876.963789913025
278151,43878.016,9874.146420921732
278152,43878.016,26748.90528140565
278153,43878.016,13637.91099283349
278154,43878.016,49134.54972483939
278155,43878.016,24797.4602959232
278156,43878.016,36201.107576365146
278157,43878.016,38265.52174376368
278158,43878.016,42915.39921270644
278159,43878.016,51262.98000568518
278160,43878.016,42400.80434978333
278161,43878.016,32030.589827043896
278162,43878.016,51346.43877990769
278163,43878.016,37026.95926286519
278164,43878.016,60681.357464161396
278165,43878.016,17641.919921459503
278166,43878.016,27429.30678139868
278167,43878.016,55809.24408604402
278168,43878.016,14696.578624252248
278169,43878.016,51850.51818483787
278170,43878.016,62063.94152001431
278171,43878.016,10566.48058169345
278172,43878.016,25894.27361891874
278173,43878.016,109153.58318997521
278174,43878.016,46714.45934843257
278175,43878.016,10160.384061781893
278176,43878.016,13848.460135588895
278177,43878.016,10167.84547909729
278178,43878.016,59234.911589128635
278179,43878.016,56691.89619703699
278180,43878.016,70814.90323128109
278181,43878.016,31046.339616227524
278182,43878.016,9415.133183359387
278183,43878.016,71571.39252438566
278184,43878.016,26328.409688997453
278185,43878.016,45196.8472533781
278186,43878.016,21097.12092987027
278187,43878.016,52660.50457178368
278188,43878.016,36492.37545307496
278189,43878.016,47716.61114900876
278190,43878.016,81239.84353402026
278191,43878.016,11778.34350825106
278192,43878.016,16942.991772534308
278193,43878.016,25282.545305667278
278194,43878.016,28426.2776630237
278195,43878.016,17900.27773470101
278196,43878.016,46290.738767652016
278197,43878.016,8062.592844311421
278198,43878.016,44860.684872089834
278199,43878.016,21862.43654545762
278200,43878.016,17017.118355416635
278201,43878.016,41522.440446291264
278202,43878.016,29605.019252526436
278203,43878.016,21124.002394881794
278204,43878.016,53195.691395166636
278205,43878.016,54878.30138216351
278206,43878.016,23790.79364157867
278207,43878.016,6081.360367483705
278208,43878.016,21933.370521353074
278209,43878.016,38303.77463941415
278210,43878.016,55614.67865035593
278211,43878.016,23847.049411926917
278212,43878.016,41924.40634571297
278213,43878.016,12111.941377508087
278214,43878.016,51326.91429730354
278215,43878.016,44894.58991070973
278216,43878.016,70651.80120968139
278217,43878.016,51765.01999255808
278218,43878.016,41833.702934925954
278219,43878.016,40869.454493237565
278220,43878.016,21104.07703159006
278221,43878.016,17914.983525796375
278222,43878.016,24773.86402224917
278223,43878.016,10500.434292123302
278224,43878.016,30902.145653309388
278225,43878.016,15849.597295253032
278226,43878.016,44474.32547420423
278227,43878.016,23681.637386792183
278228,43878.016,19592.86340301636
278229,43878.016,11418.417941866563
278230,43878.016,8676.742624650029
278231,43878.016,52979.898082783664
278232,43878.016,23160.320298296258
278233,43878.016,64362.361336466376
278234,43878.016,49334.51180293078
278235,43878.016,34997.627882903435
278236,43878.016,27710.655594813583
278237,43878.016,56700.981010410935
278238,43878.016,52462.82595114195
278239,43878.016,32710.85788236863
278240,43878.016,10791.783838441028
278241,43878.016,60879.3480661492
278242,43878.016,41361.70324449092
278243,43878.016,33094.970451483736
278244,43878.016,59111.43301414914
278245,43878.016,9381.09932720355
278246,43878.016,59329.63558150518
278247,43878.016,20819.071292464618
278248,43878.016,29809.587355493648
278249,43878.016,7557.467050795554
278250,43878.016,23428.9948975512
278251,43878.016,21102.242646641072
278252,43878.016,21481.767507928722
278253,43878.016,26912.26516038527
278254,43878.016,57591.27765638181
278255,43878.016,17888.574940598017
278256,43878.016,17498.283505161886
278257,43878.016,29265.25264589253
278258,43878.016,18147.607564807386
278259,43878.016,19809.465142714587
278260,43878.016,39779.848429549544
278261,43878.016,21383.897308193016
278262,43878.016,63086.057125525374
278263,43878.016,55972.49616200695
278264,43878.016,73264.13417369394
278265,43878.016,29919.059769019615
278266,43878.016,40345.75690573055
278267,43878.016,67412.4567205944
278268,43878.016,19404.19589631818
278269,43878.016,24995.813645900264
278270,43878.016,11529.555196416282
278271,43878.016,15352.20864970525
278272,43878.016,11776.203185080492
278273,43878.016,39390.28168867421
278274,43878.016,28679.917149492187
278275,43878.016,45419.006983083396
278276,43878.016,45182.26196919545
278277,43878.016,7849.791871461977
278278,43878.016,59096.58327654313
278279,43878.016,6722.720772394583
278280,43878.016,20444.93404559573
278281,43878.016,43802.06442439007
278282,43878.016,18998.394096692522
278283,43878.016,61399.13685290101
278284,43878.016,26637.808081245526
278285,43878.016,16153.419832526333
278286,43878.016,34780.15926913893
278287,43878.016,33934.20013063596
278288,43878.016,11088.599953220402
278289,43878.016,16123.756429440054
278290,43878.016,45183.578985535634
278291,43878.016,7495.299045904107
278292,43878.016,35504.10975626296
278293,43878.016,23528.31888540542
278294,43878.016,23246.5045377325
278295,43878.016,33184.77030541436
278296,43878.016,8662.27903062294
278297,43878.016,38764.02821433898
278298,43878.016,29795.00677776684
278299,43878.016,13845.726949198786
278300,43878.016,56478.37219889108
278301,43878.016,39528.58417557819
278302,43878.016,15508.875282599538
278303,43878.016,38767.219255398275
278304,43878.016,36273.5771688673
278305,43878.016,16680.799776166477
278306,43878.016,49930.31535997421
278307,43878.016,61922.35862326895
278308,43878.016,66302.37246613498
278309,43878.016,61592.66875137878
278310,43878.016,18991.241818726132
278311,43878.016,12332.84599394616
278312,43878.016,57541.974630681565
278313,43878.016,41849.18777377564
278314,43878.016,16605.429958255278
278315,43878.016,56526.42279884363
278316,43878.016,14996.360876336144
278317,43878.016,37653.204685709796
278318,43878.016,32454.59895159295
278319,43878.016,21157.133327937572
278320,43878.016,56250.55596935207
278321,43878.016,16827.003325792157
278322,43878.016,53273.20176344132
278323,43878.016,38752.2721419214
278324,43878.016,15804.958746997321
278325,43878.016,80038.91707292749
278326,43878.016,90804.38114803642
278327,43878.016,40360.47210454733
278328,43878.016,12922.906325039574
278329,43878.016,35757.07014008368
278330,43878.016,21150.291335259182
278331,43878.016,8575.854706340118
278332,43878.016,38909.24490102615
278333,43878.016,46456.814447292476
278334,43878.016,13298.584507129894
278335,43878.016,57631.0083099618
278336,43878.016,29083.74763651863
278337,43878.016,40515.9748091986
278338,43878.016,62789.37955112247
278339,43878.016,25868.745547433755
278340,43878.016,56358.96783748067
278341,43878.016,62319.84638001626
278342,43878.016,40447.9563013945
278343,43878.016,29222.85659650745
278344,43878.016,12465.433156786003
278345,43878.016,20739.080469674194
278346,43878.016,62706.30902908503
278347,43878.016,29005.0704291943
278348,43878.016,44537.71605028214
278349,43878.016,15958.160371309395
278350,43878.016,48046.70108471955
278351,43878.016,61548.39148856275
278352,43878.016,23967.794950504212
278353,43878.016,28589.99440545633
278354,43878.016,39210.11630944131
278355,43878.016,16493.512478250042
278356,43878.016,30751.51173042848
278357,43878.016,22267.65349322827
278358,43878.016,61275.54073516814
278359,43878.016,48633.50295948267
278360,43878.016,63004.631176556635
278361,43878.016,40900.32198317435
278362,43878.016,70699.3907920953
278363,43878.016,15117.197152968622
278364,43878.016,12439.718707527174
278365,43878.016,60738.32003010477
278366,43878.016,57153.5346891952
278367,43878.016,35643.4825900068
278368,43878.016,35266.70223290426
278369,43878.016,62286.12155952255
278370,43878.016,61729.11178108443
278371,43878.016,25338.341693830032
278372,43878.016,30747.18765171686
278373,43878.016,62676.33516976386
278374,43878.016,19979.273347102895
278375,43878.016,65096.83868093527
278376,43878.016,23498.038876948955
278377,43878.016,9026.115799949475
278378,43878.016,38876.7146358052
278379,43878.016,30074.501530390822
278380,43878.016,44280.06712766514
278381,43878.016,26586.962915015934
278382,43878.016,42703.150909049364
278383,43878.016,28566.686464413397
278384,43878.016,50037.9756470303
278385,43878.016,43055.62397039296
278386,43878.016,61169.55462928943
278387,43878.016,8151.139096339254
278388,43878.016,17511.06246618981
278389,43878.016,38566.33846151719
278390,43878.016,66241.85764772714
278391,43878.016,29210.796298783287
278392,43878.016,44517.95954349856
278393,43878.016,39597.11764790118
278394,43878.016,25854.463251434307
278395,43878.016,12789.544311733442
278396,43878.016,50637.12043230867
278397,43878.016,15216.225964494097
278398,43878.016,18909.32710630003
278399,43878.016,14147.854434604598
278400,43878.016,25948.20844997248
278401,43878.016,53954.0091938558
278402,43878.016,29515.209046704524
278403,43878.016,9187.936882745687
278404,43878.016,21055.98597205346
278405,43878.016,49441.59130906963
278406,43878.016,30929.517852247493
278407,43878.016,42538.895173567755
278408,43878.016,35078.703594186314
278409,43878.016,65243.06469453822
278410,43878.016,27809.138462505838
278411,43878.016,55256.97332342786
278412,43878.016,44121.79591904727
278413,43878.016,36404.36861459121
278414,43878.016,42117.06246284811
278415,43878.016,51183.454631306624
278416,43878.016,42515.98734281884
278417,43878.016,15439.057174936312
278418,43878.016,46502.71716823061
278419,43878.016,28571.38719465616
278420,43878.016,24069.67390459997
278421,43878.016,61603.84663423824
278422,43878.016,28498.636379819836
278423,43878.016,57449.81214000204
278424,43878.016,60577.66617226256
278425,43878.016,19241.461987348142
278426,43878.016,46885.89716930295
278427,43878.016,23058.16380053552
278428,43878.016,11940.411281814833
278429,43878.016,43104.78021491749
278430,43878.016,37846.046555537985
278431,43878.016,21776.34531278414
278432,43878.016,13789.249457828648
278433,43878.016,45354.507935486734
278434,43878.016,42421.4166910325
278435,43878.016,49701.43924763431
278436,43878.016,37890.01045018133
278437,43878.016,28564.26662509775
278438,43878.016,58865.957405492845
278439,43878.016,55238.14650960635
278440,43878.016,61025.03552282424
278441,43878.016,62545.820828029726
278442,43878.016,20353.0200179198
278443,43878.016,4349.424979559944
278444,43878.016,31880.90193583658
278445,43878.016,70411.63369681347
278446,43878.016,23812.884039637236
278447,43878.016,27417.34575357923
278448,43878.016,25585.836176680594
278449,43878.016,62584.72284494374
278450,43878.016,49135.84447205748
278451,43878.016,49818.547784777096
278452,43878.016,14820.347175480867
278453,43878.016,25626.818739380218
278454,43878.016,63259.779175256175
278455,43878.016,32135.446046022003
278456,43878.016,42519.25209973165
278457,43878.016,46325.17620556404
278458,43878.016,38714.26381449437
278459,43878.016,36444.277974839206
278460,43878.016,45763.455297476925
278461,43878.016,10748.298105177584
278462,43878.016,56817.63011237493
278463,43878.016,13045.90641226878
278464,43878.016,45329.65781030114
278465,43878.016,4408.413387529876
278466,43878.016,39460.197825923424
278467,43878.016,48377.00112664588
278468,43878.016,71115.61539031168
278469,43878.016,56994.11281108787
278470,43878.016,54022.999374686035
278471,43878.016,46368.56660249399
278472,43878.016,10336.682208724362
278473,43878.016,48201.984875258364
278474,43878.016,36846.87515362276
278475,43878.016,19448.526089224208
278476,43878.016,65800.09821196068
278477,43878.016,10093.272362028449
278478,43878.016,7356.890713690918
278479,43878.016,70395.5790012361
278480,43878.016,20599.066232751757
278481,43878.016,12129.847001937338
278482,43878.016,54720.74384984007
278483,43878.016,23331.123300423587
278484,43878.016,30278.992983513228
278485,43878.016,31373.296451940405
278486,43878.016,26637.40729198725
278487,43878.016,23257.147482170738
278488,43878.016,30262.212389471497
278489,43878.016,13073.682722930276
278490,43878.016,22001.809231067637
278491,43878.016,51800.35797073698
278492,43878.016,25662.373260471508
278493,43878.016,10447.75901259029
278494,43878.016,8632.089583790126
278495,43878.016,27045.377503119842
278496,43878.016,23501.648879433375
278497,43878.016,26108.060756483876
278498,43878.016,46757.773709746085
278499,43878.016,45078.92324244997
278500,43878.016,28895.59374343764
278501,43878.016,12248.842479563715
278502,43878.016,77803.93050506583
278503,43878.016,19740.015049634352
278504,43878.016,27030.51933946849
278505,43878.016,36217.262588187994
278506,43878.016,32159.65736558082
278507,43878.016,10829.632971460229
278508,43878.016,45728.109255666546
278509,43878.016,9939.038710883167
278510,43878.016,38380.03335247035
278511,43878.016,12961.69983540563
278512,43878.016,39940.82873491221
278513,43878.016,58585.733536713524
278514,43878.016,65027.84432811613
278515,43878.016,61098.579244470224
278516,43878.016,35051.48518313071
278517,43878.016,84684.41963921432
278518,43878.016,7704.544272539825
278519,43878.016,52953.58294943948
278520,43878.016,42462.87127365024
278521,43878.016,47761.10246520331
278522,43878.016,50289.27994172821
278523,43878.016,38697.659629481954
278524,43878.016,48372.140341440136
278525,43878.016,47092.90314208572
278526,43878.016,44059.26239880959
278527,43878.016,25616.200890276377
278528,43878.016,20536.847132696526
278529,43878.016,45429.38591615904
278530,43878.016,63385.6088982644
278531,43878.016,47112.27320410135
278532,43878.016,34361.61246387692
278533,43878.016,45585.168917346346
278534,43878.016,48038.2371073207
278535,43878.016,45637.053876264
278536,43878.016,14198.354998276805
278537,43878.016,30784.59295348455
278538,43878.016,18003.552242840102
278539,43878.016,14294.01300502072
278540,43878.016,15383.685656616199
278541,43878.016,12872.931634915429
278542,43878.016,21396.76244616196
278543,43878.016,29629.76721587089
278544,43878.016,61460.55892786533
278545,43878.016,12763.873969655693
278546,43878.016,52324.40199061369
278547,43878.016,27054.85103412562
278548,43878.016,36143.041136582244
278549,43878.016,27729.93612012871
278550,43878.016,48048.57755607594
278551,43878.016,16082.778253702796
278552,43878.016,71589.0013871743
278553,43878.016,7604.5967036578795
278554,43878.016,38613.223637598945
278555,43878.016,58667.3374074315
278556,43878.016,36894.71216127235
278557,43878.016,20389.872372433994
278558,43878.016,38735.19878080977
278559,43878.016,39264.034172983804
278560,43878.016,42912.368766701285
278561,43878.016,48891.58192521152
278562,43878.016,10104.55521405871
278563,43878.016,44984.361999867935
278564,43878.016,20999.28999299315
278565,43878.016,10341.051660990699
278566,43878.016,48349.46762049899
278567,43878.016,42188.54573519654
278568,43878.016,40194.404858546644
278569,43878.016,44642.959638150154
278570,43878.016,53080.2665176212
278571,43878.016,54619.74249287021
278572,43878.016,43639.14094276884
278573,43878.016,13631.067308003427
278574,43878.016,30650.202215102458
278575,43878.016,14728.931333392959
278576,43878.016,26460.5800045873
278577,43878.016,51797.94591334015
278578,43878.016,13554.163580804407
278579,43878.016,33787.425607177705
278580,43878.016,12135.898552585713
278581,43878.016,9192.056691064176
278582,43878.016,19468.227125074714
278583,43878.016,24597.379519431677
278584,43878.016,22386.017921909966
278585,43878.016,52919.39456050104
278586,43878.016,80797.14733410797
278587,43878.016,29713.306138761418
278588,43878.016,29533.573352256502
278589,43878.016,23367.73967017142
278590,43878.016,48797.56536920399
278591,43878.016,71532.6539285684
278592,43878.016,24649.387642264755
278593,43878.016,20483.516761028724
278594,43878.016,34805.67780347898
278595,43878.016,27462.386309066005
278596,43878.016,69116.22483967111
278597,43878.016,32229.876593341898
278598,43878.016,49672.411663466875
278599,43878.016,28474.361726262792
278600,43878.016,58257.633675301084
278601,43878.016,37999.4708180245
278602,43878.016,38863.673879861584
278603,43878.016,14674.543704537038
278604,43878.016,30083.727051569076
278605,43878.016,39396.43015171348
278606,43878.016,19084.860238402518
278607,43878.016,30848.79962466379
278608,43878.016,47267.808725362076
278609,43878.016,22671.834790918747
278610,43878.016,66397.50601573636
278611,43878.016,17195.030524787315
278612,43878.016,22682.066363721235
278613,43878.016,8900.810119996444
278614,43878.016,44250.85041902464
278615,43878.016,65915.56190966534
278616,43878.016,43208.44087417282
278617,43878.016,59760.80230366686
278618,43878.016,77138.79387771587
278619,43878.016,15804.54796026855
278620,43878.016,35730.46898212072
278621,43878.016,16510.99074395312
278622,43878.016,14692.230090144669
278623,43878.016,31973.69830121058
278624,43878.016,7917.643348743259
278625,43878.016,30934.171696608755
278626,43878.016,52825.79083550248
278627,43878.016,23951.07786099812
278628,43878.016,35841.21158669052
278629,43878.016,34289.294623045855
278630,43878.016,25623.857883419998
278631,43878.016,62579.537346696205
278632,43878.016,37858.91930249197
278633,43878.016,70418.85190924258
278634,43878.016,45244.71893359264
278635,43878.016,30840.8315621073
278636,43878.016,10597.015885084082
278637,43878.016,33280.72153949225
278638,43878.016,29703.18681424206
278639,43878.016,6749.4001713264315
278640,43878.016,6635.7060547974415
278641,43878.016,13642.7716459179
278642,43878.016,18914.410237524786
278643,43878.016,13309.149870390247
278644,43878.016,38068.10444819852
278645,43878.016,49719.1821256057
278646,43878.016,15394.106494328626
278647,43878.016,15220.103636953483
278648,43878.016,32599.78345747953
278649,43878.016,20703.511175873886
278650,43878.016,61044.453821803574
278651,43878.016,58777.80006381347
278652,43878.016,49235.3485611753
278653,43878.016,37275.05265840557
278654,43878.016,51291.978184408465
278655,43878.016,31065.214176063768
278656,43878.016,17354.309007679098
278657,43878.016,19050.55782763057
278658,43878.016,37363.34050520739
278659,43878.016,16517.091324330293
278660,43878.016,32579.113737358373
278661,43878.016,12529.073543838316
278662,43878.016,27937.29498308517
278663,43878.016,10625.468018850363
278664,43878.016,56408.49429115963
278665,43878.016,59824.40845955093
278666,43878.016,20994.718523105155
278667,43878.016,50922.17518154265
278668,43878.016,23025.21915965728
278669,43878.016,63189.40377900973
278670,43878.016,17325.01237706627
278671,43878.016,15666.78002463284
278672,43878.016,15597.09381883984
278673,43878.016,27565.436926354276
278674,43878.016,14940.059361977397
278675,43878.016,12190.470262965888
278676,43878.016,10051.760246410575
278677,43878.016,13977.62346872371
278678,43878.016,18184.13333296037
278679,43878.016,39746.55881065073
278680,43878.016,48088.582284054435
278681,43878.016,22988.745541792436
278682,43878.016,38159.1259995207
278683,43878.016,17369.833108428436
278684,43878.016,13341.484511655986
278685,43878.016,38209.31589107121
278686,43878.016,22455.719238892303
278687,43878.016,33814.73703519677
278688,43878.016,17770.212380547717
278689,43878.016,45540.50598136414
278690,43878.016,35998.23294623818
278691,43878.016,47607.62837261992
278692,43878.016,19569.0360002032
278693,43878.016,58525.478243283476
278694,43878.016,30809.194608986552
278695,43878.016,13157.210711288495
278696,43878.016,47919.9292385994
278697,43878.016,38116.699852015416
278698,43878.016,10114.82729413598
278699,43878.016,39681.44280552092
278700,43878.016,32469.737046803417
278701,43878.016,42911.528106066355
278702,43878.016,75001.19618834891
278703,43878.016,12208.359919652137
278704,43878.016,46309.07548200752
278705,43878.016,22081.270958049103
278706,43878.016,56758.18720533467
278707,43878.016,25317.158415140144
278708,43878.016,13416.14606760908
278709,43878.016,55575.14347964707
278710,43878.016,8943.125518570028
278711,43878.016,36413.282554088975
278712,43878.016,36247.799170228915
278713,43878.016,25541.828004602612
278714,43878.016,55507.883326379764
278715,43878.016,17106.256601161418
278716,43878.016,11142.088631741512
278717,43878.016,39523.97856127697
278718,43878.016,19803.604167294605
278719,43878.016,44498.23883529724
278720,43878.016,41913.366554998305
278721,43878.016,27856.830226993396
278722,43878.016,23948.42830265742
278723,43878.016,26388.237527411027
278724,43878.016,26254.246335496897
278725,43878.016,28322.376643613603
278726,43878.016,37756.29995093602
278727,43878.016,29393.15502626664
278728,43878.016,37258.00994978522
278729,43878.016,74162.9146476563
278730,43878.016,63322.54146320131
278731,43878.016,25476.785125914073
278732,43878.016,52870.394351860356
278733,43878.016,38277.80301229079
278734,43878.016,46762.79294905091
278735,43878.016,22736.21409489893
278736,43878.016,31606.67561251393
278737,43878.016,40597.8859923735
278738,43878.016,17494.256055465332
278739,43878.016,30717.605451339794
278740,43878.016,14458.875731387709
278741,43878.016,70722.8042136254
278742,43878.016,30803.777681753232
278743,43878.016,34927.87709569206
278744,43878.016,11506.872942397249
278745,43878.016,45424.74433418406
278746,43878.016,30107.421545362093
278747,43878.016,56330.99948288113
278748,43878.016,35342.06838395949
278749,43878.016,20032.316730040122
278750,43878.016,24008.736931276075
278751,43878.016,59499.12699597804
278752,43878.016,17311.543852011775
278753,43878.016,46621.4059073672
278754,43878.016,37846.384977670714
278755,43878.016,47826.439562168714
278756,43878.016,47898.62277704565
278757,43878.016,70738.17003082285
278758,43878.016,20237.696168091228
278759,43878.016,51273.34547917586
278760,43878.016,30918.021154512055
278761,43878.016,37014.03616168898
278762,43878.016,13894.734606437383
278763,43878.016,43821.80367742223
278764,43878.016,29001.718421594378
278765,43878.016,7993.179626629678
278766,43878.016,49722.99134722147
278767,43878.016,35854.94507174804
278768,43878.016,35023.5214006811
278769,43878.016,22207.24189206591
278770,43878.016,39969.62111474796
278771,43878.016,29811.061212360502
278772,43878.016,30192.353136368034
278773,43878.016,55458.32371319781
278774,43878.016,23945.830701527957
278775,43878.016,45622.59949416744
278776,43878.016,45294.66237734638
278777,43878.016,36141.34948520057
278778,43878.016,45782.98201948126
278779,43878.016,15670.09622814104
278780,43878.016,88299.90588572311
278781,43878.016,9044.782560722671
278782,43878.016,20587.02489673261
278783,43878.016,19712.6093701758
278784,43878.016,17915.287475296755
278785,43878.016,24880.771539030928
278786,43878.016,9404.066129385576
278787,43878.016,41521.17511108726
278788,43878.016,11397.707265280973
278789,43878.016,26518.54331656771
278790,43878.016,68996.83813899443
278791,43878.016,16426.346485756905
278792,43878.016,34403.023636856786
278793,43878.016,46712.00900132854
278794,43878.016,29599.947283501642
278795,43878.016,39883.088447201466
278796,43878.016,24569.869648149182
278797,43878.016,50348.781014990134
278798,43878.016,24820.276756653435
278799,43878.016,15876.882104498449
278800,43878.016,46053.329631845605
278801,43878.016,66847.4639281353
278802,43878.016,16187.765432301532
278803,43878.016,9052.960739048347
278804,43878.016,65820.23916046946
278805,43878.016,26782.41131120936
278806,43878.016,91553.76882678886
278807,43878.016,37228.84580341503
278808,43878.016,13845.653336434716
278809,43878.016,57163.80052300229
278810,43878.016,7349.358007149356
278811,43878.016,78559.66764845313
278812,43878.016,14640.700470902339
278813,43878.016,44723.456702397205
278814,43878.016,33419.36885699506
278815,43878.016,10684.76024516305
278816,43878.016,37449.04378213745
278817,43878.016,27190.775416988123
278818,43878.016,30340.920317085547
278819,43878.016,25889.962780412057
278820,43878.016,25882.19692692848
278821,43878.016,65940.63879623034
278822,43878.016,42533.673365075425
278823,43878.016,57398.84888594105
278824,43878.016,7875.408535631579
278825,43878.016,16062.609640181403
278826,43878.016,52428.96231202358
278827,43878.016,16861.877470049167
278828,43878.016,54286.86364302894
278829,43878.016,16728.654529168783
278830,43878.016,49655.01531130034
278831,43878.016,23648.855311299143
278832,43878.016,60049.94850901053
278833,43878.016,21477.027672129836
278834,43878.016,6973.493890752925
278835,43878.016,44309.634190777324
278836,43878.016,45404.11474301308
278837,43878.016,19280.78320836711
278838,43878.016,48998.22783256097
278839,43878.016,11702.309198256251
278840,43878.016,57759.36256529483
278841,43878.016,54156.247622893956
278842,43878.016,63049.834347838616
278843,43878.016,50413.121560338725
278844,43878.016,24679.51091645798
278845,43878.016,7691.179132229653
278846,43878.016,30417.68538028275
278847,43878.016,66684.32188943285
278848,43878.016,49390.5073509258
278849,43878.016,46091.03151590505
278850,43878.016,7734.351442920595
278851,43878.016,23236.45592506703
278852,43878.016,48325.345684181244
278853,43878.016,75322.00092433377
278854,43878.016,30551.60054405599
278855,43878.016,48334.571847156025
278856,43878.016,15709.949835494785
278857,43878.016,21147.895813689098
278858,43878.016,44003.183260050304
278859,43878.016,53514.7025223439
278860,43878.016,46749.33440215343
278861,43878.016,25205.64148070978
278862,43878.016,23394.627597280713
278863,43878.016,19835.0938179523
278864,43878.016,68145.64931205362
278865,43878.016,8334.938052483281
278866,43878.016,59061.74684622447
278867,43878.016,16125.18706331664
278868,43878.016,59694.66598472482
278869,43878.016,31231.54188937698
278870,43878.016,18179.620931518315
278871,43878.016,16476.294579291178
278872,43878.016,52121.086967665266
278873,43878.016,38586.63554458229
278874,43878.016,13048.599703791477
278875,43878.016,24082.89655508903
278876,43878.016,30175.338127451072
278877,43878.016,18685.12419012394
278878,43878.016,28720.885235652517
278879,43878.016,64523.116542488206
278880,43878.016,34640.00346725763
278881,43878.016,63836.32493851372
278882,43878.016,10684.065448534095
278883,43878.016,17741.866259469512
278884,43878.016,20196.48954342496
278885,43878.016,39870.05836690798
278886,43878.016,54659.71165964877
278887,43878.016,63442.96199777337
278888,43878.016,33435.47508080909
278889,43878.016,30544.13365229552
278890,43878.016,18797.37429345465
278891,43878.016,12203.639405179156
278892,43878.016,10376.787927260571
278893,43878.016,22939.493248332663
278894,43878.016,47958.715252642665
278895,43878.016,27037.50555982148
278896,43878.016,9477.274765246822
278897,43878.016,17611.71289318496
278898,43878.016,19776.633950469586
278899,43878.016,10430.453151034393
278900,43878.016,39857.99418491906
278901,43878.016,12460.821386052534
278902,43878.016,39884.96658198819
278903,43878.016,13793.831952315362
278904,43878.016,53328.23044979322
278905,43878.016,40723.40341484894
278906,43878.016,17725.541231163756
278907,43878.016,44642.018133363425
278908,43878.016,38398.35709199477
278909,43878.016,21600.398982221344
278910,43878.016,47000.305917781785
278911,43878.016,17201.589686323598
278912,43878.016,22336.622637374578
278913,43878.016,34216.646005507086
278914,43878.016,39414.18517527211
278915,43878.016,7366.706445362133
278916,43878.016,24712.70384623093
278917,43878.016,44294.06538061682
278918,43878.016,43945.76108303755
278919,43878.016,15756.122530005756
278920,43878.016,40643.07001107021
278921,43878.016,18319.630134860254
278922,43878.016,21864.88939448694
278923,43878.016,17519.233962945327
278924,43878.016,55040.76451308424
278925,43878.016,12479.097418099938
278926,43878.016,12534.089224655943
278927,43878.016,48503.812823464956
278928,43878.016,7496.029489033683
278929,43878.016,13948.524418187262
278930,43878.016,21083.849479326425
278931,43878.016,77790.30296463598
278932,43878.016,22047.42677620675
278933,43878.016,8681.22904714914
278934,43878.016,13184.339302506449
278935,43878.016,55934.711620880036
278936,43878.016,31341.757195337374
278937,43878.016,21587.078242925458
278938,43878.016,51812.56429413269
278939,43878.016,8530.488116790037
278940,43878.016,54502.135027933575
278941,43878.016,21347.162415769406
278942,43878.016,49356.162286567705
278943,43878.016,36980.52823092256
278944,43878.016,32905.11878551767
278945,43878.016,36291.52693970563
278946,43878.016,8733.858248948694
278947,43878.016,40635.32951576342
278948,43878.016,27250.731156001548
278949,43878.016,26758.969132245795
278950,43878.016,10677.060060846348
278951,43878.016,6946.290717105756
278952,43878.016,47617.142884134235
278953,43878.016,65818.8245256355
278954,43878.016,42547.29612721304
278955,43878.016,55074.492625475075
278956,43878.016,62484.93153056194
278957,43878.016,9130.565158580184
278958,43878.016,14324.788260140636
278959,43878.016,23393.757089630217
278960,43878.016,44048.950640880976
278961,43878.016,30132.71072977821
278962,43878.016,45871.99661302837
278963,43878.016,54631.86694006443
278964,43878.016,33742.503475232406
278965,43878.016,66874.34188176847
278966,43878.016,33791.922410868065
278967,43878.016,15683.910766134804
278968,43878.016,25656.977953829846
278969,43878.016,39038.73880300757
278970,43878.016,32650.023637591785
278971,43878.016,9280.6192919223
278972,43878.016,51263.23230245717
278973,43878.016,6259.772115892375
278974,43878.016,38967.99874400033
278975,43878.016,48593.735126294945
278976,43878.016,31130.06760822029
278977,43878.016,30277.11357619413
278978,43878.016,7998.761980306263
278979,43878.016,43787.10883267819
278980,43878.016,12518.033861760503
278981,43878.016,41966.32865768465
278982,43878.016,79653.81478232495
278983,43878.016,16055.69020815977
278984,43878.016,37920.841226681645
278985,43878.016,23514.489373576394
278986,43878.016,31592.55564573936
278987,43878.016,5962.456108847366
278988,43878.016,66371.5036044988
278989,43878.016,27330.245104121623
278990,43878.016,24039.260491315752
278991,43878.016,28566.574097084536
278992,43878.016,26005.1146593179
278993,43878.016,51189.30568740479
278994,43878.016,15815.57241491323
278995,43878.016,19813.033944143022
278996,43878.016,26867.20620700304
278997,43878.016,13873.12651318984
278998,43878.016,35415.2423296478
278999,43878.016,31183.89730773868
279000,43878.016,35161.63248256422
279001,43878.016,20935.20825873761
279002,43878.016,34456.89397569555
279003,43878.016,11120.276147773513
279004,43878.016,60003.77551580365
279005,43878.016,57884.7718773361
279006,43878.016,36890.056158885454
279007,43878.016,35681.24027720619
279008,43878.016,30773.4072539127
279009,43878.016,15630.264797171096
279010,43878.016,31565.329208280862
279011,43878.016,10345.63352764588
279012,43878.016,25385.914852364003
279013,43878.016,40866.197776865534
279014,43878.016,15301.445741518506
279015,43878.016,34064.267894872326
279016,43878.016,10162.515105885495
279017,43878.016,25208.4735289797
279018,43878.016,39194.41726416823
279019,43878.016,15567.477483876059
279020,43878.016,28007.116847632144
279021,43878.016,15735.59072364271
279022,43878.016,32561.703295351894
279023,43878.016,10424.301066510927
279024,43878.016,53944.64366532267
279025,43878.016,32399.647977039316
279026,43878.016,7729.898644549934
279027,43878.016,31593.07737410581
279028,43878.016,63371.055404399136
279029,43878.016,12807.812810368476
279030,43878.016,33918.31335287823
279031,43878.016,6204.916310210916
279032,43878.016,11773.42375421849
279033,43878.016,43640.23870769087
279034,43878.016,13095.059881430725
279035,43878.016,40631.2376275188
279036,43878.016,12631.244962009603
279037,43878.016,8357.253574520955
279038,43878.016,39595.002848640215
279039,43878.016,26229.110620054304
279040,43878.016,31307.62429600334
279041,43878.016,23618.628356913498
279042,43878.016,26234.701657373607
279043,43878.016,8469.165038818914
279044,43878.016,40822.75422083924
279045,43878.016,22780.124350012004
279046,43878.016,52274.1345068979
279047,43878.016,35427.812402701384
279048,43878.016,9429.402023601724
279049,43878.016,37598.264081094254
279050,43878.016,24802.937235248446
279051,43878.016,61723.070700877724
279052,43878.016,25574.6000513933
279053,43878.016,61864.00543578547
279054,43878.016,44037.923057620974
279055,43878.016,25926.8379052795
279056,43878.016,20234.195922758307
279057,43878.016,35557.63854401348
279058,43878.016,13213.246927747108
279059,43878.016,25623.32020358894
279060,43878.016,26352.29222404556
279061,43878.016,10341.321652931476
279062,43878.016,41433.24767916439
279063,43878.016,25256.127704019927
279064,43878.016,65056.801608575384
279065,43878.016,59629.425616476045
279066,43878.016,11191.300362458345
279067,43878.016,10951.299938360278
279068,43878.016,59261.5246579738
279069,43878.016,27035.863169220076
279070,43878.016,51916.84106649117
279071,43878.016,49800.08284767848
279072,43878.016,53923.028828173316
279073,43878.016,22079.388968383744
279074,43878.016,10991.136391302973
279075,43878.016,18906.623399080432
279076,43878.016,9841.969516287447
279077,43878.016,40368.28540299309
279078,43878.016,4384.468927263715
279079,43878.016,42329.98680945807
279080,43878.016,38668.51836083052
279081,43878.016,52571.09774636318
279082,43878.016,46987.4771802543
279083,43878.016,16292.668857866936
279084,43878.016,65066.10089331857
279085,43878.016,52546.991653038705
279086,43878.016,38159.16634977668
279087,43878.016,55898.81444143547
279088,43878.016,14459.434959658915
279089,43878.016,36820.2733983245
279090,43878.016,76175.70715307687
279091,43878.016,69091.65892689259
279092,43878.016,41572.74611941349
279093,43878.016,31895.239167742842
279094,43878.016,41109.284100346966
279095,43878.016,26946.3923792643
279096,43878.016,24067.883890603185
279097,43878.016,31684.575528478777
279098,43878.016,22702.573886954888
279099,43878.016,18155.69517764996
279100,43878.016,14978.004415836695
279101,43878.016,19025.282831089724
279102,43878.016,18048.955812037235
279103,43878.016,9630.755809078237
279104,43878.016,59563.05572814673
279105,43878.016,38648.74215595894
279106,43878.016,26401.620254048223
279107,43878.016,49632.441519407526
279108,43878.016,28524.644428545336
279109,43878.016,36259.75318882018
279110,43878.016,56577.187379026014
279111,43878.016,10041.779267143818
279112,43878.016,46317.13234985431
279113,43878.016,26935.51139569078
279114,43878.016,22145.139548327894
279115,43878.016,12925.679569758775
279116,43878.016,37962.76384039938
279117,43878.016,8524.199669417834
279118,43878.016,55207.735455078306
279119,43878.016,51495.6572649105
279120,43878.016,21907.197809628
279121,43878.016,47267.56459733919
279122,43878.016,15058.459524901427
279123,43878.016,21745.494352397094
279124,43878.016,21288.997288577102
279125,43878.016,59137.17738715905
279126,43878.016,30031.652616225787
279127,43878.016,28324.4474490696
279128,43878.016,9440.408164429227
279129,43878.016,4790.23803766113
279130,43878.016,58903.29619195386
279131,43878.016,29192.150319078348
279132,43878.016,12949.100244576783
279133,43878.016,14733.30786308903
279134,43878.016,25694.65628031423
279135,43878.016,21064.436798854764
279136,43878.016,49355.94963989068
279137,43878.016,40037.392447603204
279138,43878.016,45524.8381261147
279139,43878.016,50257.47301446429
279140,43878.016,7825.150224415099
279141,43878.016,16668.731568494026
279142,43878.016,63905.32088612217
279143,43878.016,15262.663406464068
279144,43878.016,53108.85465367411
279145,43878.016,23351.46122034912
279146,43878.016,38631.280173205196
279147,43878.016,38688.066372722584
279148,43878.016,30065.024413469375
279149,43878.016,37501.35128137245
279150,43878.016,50004.65641780882
279151,43878.016,39941.8330281927
279152,43878.016,61754.03477348749
279153,43878.016,54662.27101982422
279154,43878.016,42531.7468910383
279155,43878.016,34765.91155194789
279156,43878.016,36912.40308881548
279157,43878.016,8152.241108180025
279158,43878.016,58347.103344227566
279159,43878.016,9878.183465261538
279160,43878.016,39680.753258115285
279161,43878.016,17267.047719011844
279162,43878.016,32062.94276711987
279163,43878.016,45895.95055836612
279164,43878.016,11432.886788680453
279165,43878.016,53226.4125500135
279166,43878.016,18936.678307530103
279167,43878.016,7472.199494289505
279168,43878.016,8122.919277475475
279169,43878.016,47765.7647872996
279170,43878.016,6391.981515798497
279171,43878.016,13405.402735878763
279172,43878.016,48713.66742299232
279173,43878.016,41621.73478407032
279174,43878.016,9372.34353658576
279175,43878.016,43232.89103197562
279176,43878.016,11431.998696764724
279177,43878.016,8851.15329599606
279178,43878.016,60505.48744179863
279179,43878.016,35685.88419178525
279180,43878.016,15389.96889227237
279181,43878.016,25292.78267363202
279182,43878.016,18912.998657087028
279183,43878.016,46027.96772358463
279184,43878.016,12582.210948012775
279185,43878.016,14150.374199111602
279186,43878.016,51742.97380311282
279187,43878.016,21339.452729795004
279188,43878.016,24044.871758362533
279189,43878.016,69374.69703718065
279190,43878.016,55336.37876921102
279191,43878.016,12767.74881338953
279192,43878.016,55030.24857959964
279193,43878.016,47493.33488226375
279194,43878.016,48952.49840644558
279195,43878.016,40791.19089801403
279196,43878.016,42125.147303036734
279197,43878.016,35648.833658096926
279198,43878.016,65829.21044703703
279199,43878.016,31197.28340779468
279200,43878.016,17347.939822656568
279201,43878.016,54963.304703759655
279202,43878.016,44989.97561186765
279203,43878.016,13162.957560583136
279204,43878.016,16410.084781930243
279205,43878.016,64692.243591339226
279206,43878.016,21669.966080651313
279207,43878.016,52982.74442070899
279208,43878.016,40165.74295234744
279209,43878.016,34189.5726681304
279210,43878.016,75141.06260118005
279211,43878.016,28642.75185657297
279212,43878.016,54465.26790240222
279213,43878.016,13611.413568881715
279214,43878.016,34274.633193850124
279215,43878.016,18494.17584775982
279216,43878.016,6545.687153923436
279217,43878.016,10584.51804685435
279218,43878.016,26067.22973388346
279219,43878.016,49435.59980358932
279220,43878.016,17217.68887527351
279221,43878.016,46430.68687883139
279222,43878.016,59210.43483249923
279223,43878.016,60242.4944382956
279224,43878.016,26105.327062003278
279225,43878.016,63827.149672713
279226,43878.016,18037.147345835238
279227,43878.016,17772.948350815037
279228,43878.016,20789.175234296148
279229,43878.016,31572.56260874989
279230,43878.016,17280.308648780065
279231,43878.016,73787.50194660891
279232,43878.016,15032.272965579554
279233,43878.016,44503.880332193796
279234,43878.016,45228.74730084116
279235,43878.016,21473.56438729259
279236,43878.016,28774.029407544032
279237,43878.016,72147.0269755655
279238,43878.016,5443.212863484999
279239,43878.016,21199.283675852774
279240,43878.016,36473.64609515579
279241,43878.016,49469.63226193735
279242,43878.016,57320.96404176018
279243,43878.016,31953.36317276197
279244,43878.016,25760.986732396203
279245,43878.016,36523.36349260506
279246,43878.016,40193.3932356559
279247,43878.016,55629.01954069647
279248,43878.016,19876.143017361
279249,43878.016,33800.395776696845
279250,43878.016,71016.6830335271
279251,43878.016,32848.37227127535
279252,43878.016,10374.666193428578
279253,43878.016,47301.214593824414
279254,43878.016,48508.71930765068
279255,43878.016,9347.176261580438
279256,43878.016,46173.945968064225
279257,43878.016,69151.04963345117
279258,43878.016,60739.55016550967
279259,43878.016,55393.29406136439
279260,43878.016,37920.15814189025
279261,43878.016,59996.75335063641
279262,43878.016,43112.57517990881
279263,43878.016,40384.72824483585
279264,43878.016,13216.17434128298
279265,43878.016,44645.20277042628
279266,43878.016,42756.392190813414
279267,43878.016,18471.463219743815
279268,43878.016,16603.950073670618
279269,43878.016,37930.27435637597
279270,43878.016,19352.941363113907
279271,43878.016,60927.21111270352
279272,43878.016,44500.40254123765
279273,43878.016,12473.175329979318
279274,43878.016,54206.52407201994
279275,43878.016,38259.21685098385
279276,43878.016,19458.373090740515
279277,43878.016,14991.786705930155
279278,43878.016,26225.186529481896
279279,43878.016,65519.35148279094
279280,43878.016,15999.74541999512
279281,43878.016,15219.323136642031
279282,43878.016,28718.943830063585
279283,43878.016,7668.3617338343665
279284,43878.016,49201.79927778417
279285,43878.016,24936.70279630602
279286,43878.016,17972.292530805244
279287,43878.016,45326.750146301216
279288,43878.016,38962.2973297125
279289,43878.016,112351.55066760693
279290,43878.016,65450.91036464519
279291,43878.016,47199.05713622882
279292,43878.016,12847.922157681473
279293,43878.016,67221.88655549617
279294,43878.016,53190.613824459106
279295,43878.016,15075.493041345346
279296,43878.016,54273.943723220174
279297,43878.016,10623.814123499224
279298,43878.016,8175.734506447556
279299,43878.016,4301.446848835483
279300,43878.016,7364.940481234494
279301,43878.016,4398.273982458709
279302,43878.016,48403.87198174556
279303,43878.016,60552.65145768169
279304,43878.016,5964.113734314536
279305,43878.016,27246.734070122824
279306,43878.016,16532.892016506852
279307,43878.016,46116.40406891686
279308,43878.016,37414.14177050724
279309,43878.016,11725.998062371556
279310,43878.016,53750.99437240371
279311,43878.016,75798.82949748803
279312,43878.016,46600.45597619495
279313,43878.016,68986.85735785156
279314,43878.016,44630.73809112471
279315,43878.016,31161.935965907083
279316,43878.016,59483.48893138874
279317,43878.016,50971.2388862106
279318,43878.016,10268.50172582181
279319,43878.016,19728.154022068527
279320,43878.016,52880.66243456794
279321,43878.016,32914.82528459504
279322,43878.016,44393.758629333155
279323,43878.016,117310.5372354187
279324,43878.016,37405.36229212521
279325,43878.016,24746.622591862757
279326,43878.016,58202.55588139274
279327,43878.016,21587.045459329445
279328,43878.016,17250.3289623965
279329,43878.016,9777.575115608215
279330,43878.016,39207.42433756886
279331,43878.016,52534.641976430925
279332,43878.016,48890.43454607568
279333,43878.016,98378.84760530815
279334,43878.016,29616.204729341745
279335,43878.016,33185.423848933686
279336,43878.016,38703.57467377939
279337,43878.016,48449.91264481006
279338,43878.016,64848.116111192
279339,43878.016,31162.80206592966
279340,43878.016,11753.821987382209
279341,43878.016,55240.93163128418
279342,43878.016,38749.06726642552
279343,43878.016,50053.865787964714
279344,43878.016,35183.69695975686
279345,43878.016,31481.58201461816
279346,43878.016,42665.49700928308
279347,43878.016,22555.099339526823
279348,43878.016,64284.66385917095
279349,43878.016,14622.177522675838
279350,43878.016,45373.508911013916
279351,43878.016,19442.433951564784
279352,43878.016,32447.119451860915
279353,43878.016,24197.421637930358
279354,43878.016,38389.19082644475
279355,43878.016,51076.08593019959
279356,43878.016,49296.157616957295
279357,43878.016,42550.70299047302
279358,43878.016,16503.32097937249
279359,43878.016,25849.5779522279
279360,43878.016,8811.814168139672
279361,43878.016,91082.62619822107
279362,43878.016,25991.87200449699
279363,43878.016,55108.81296210465
279364,43878.016,57318.657609663525
279365,43878.016,25743.20396565634
279366,43878.016,7465.858766292287
279367,43878.016,46447.447326921356
279368,43878.016,26701.598653516387
279369,43878.016,38370.81999760499
279370,43878.016,29904.404387120187
279371,43878.016,34978.9793633453
279372,43878.016,29588.955575732878
279373,43878.016,31148.709086112554
279374,43878.016,22522.88340069212
279375,43878.016,50217.24480004952
279376,43878.016,12040.34085132946
279377,43878.016,68319.88701967518
279378,43878.016,24569.37460787541
279379,43878.016,47696.04621899247
279380,43878.016,11357.908026718913
279381,43878.016,54322.83869131038
279382,43878.016,15206.81371280699
279383,43878.016,47110.46094343033
279384,43878.016,38645.07949383484
279385,43878.016,40819.216791887666
279386,43878.016,62313.27764642172
279387,43878.016,28176.126491576324
279388,43878.016,12051.143862462759
279389,43878.016,6876.936816057644
279390,43878.016,41916.589150450454
279391,43878.016,11914.997802868767
279392,43878.016,84494.4459004407
279393,43878.016,9645.362791581034
279394,43878.016,4011.5916033532544
279395,43878.016,59832.344642460346
279396,43878.016,30202.185932499397
279397,43878.016,45964.83002753172
279398,43878.016,19565.448612004533
279399,43878.016,53516.98539656872
279400,43878.016,29234.462526500825
279401,43878.016,19972.69288572122
279402,43878.016,16836.88805516694
279403,43878.016,19260.016693840185
279404,43878.016,15136.588919992371
279405,43878.016,44615.90114253079
279406,43878.016,28455.33745971703
279407,43878.016,13648.46875876645
279408,43878.016,17037.17125743969
279409,43878.016,21570.726867287845
279410,43878.016,27173.80483006353
279411,43878.016,9276.049991767104
279412,43878.016,33953.54011725382
279413,43878.016,20943.174220162367
279414,43878.016,17652.405589640475
279415,43878.016,10612.5338892863
279416,43878.016,46634.82864391905
279417,43878.016,67377.22812808827
279418,43878.016,53229.4389526172
279419,43878.016,26021.37380037774
279420,43878.016,59111.95998096147
279421,43878.016,35068.7882279788
279422,43878.016,26604.856137613777
279423,43878.016,50892.88268767002
279424,43878.016,11553.747593140482
279425,43878.016,61372.56522508261
279426,43878.016,16559.167080228162
279427,43878.016,10205.124318851042
279428,43878.016,14108.690528519424
279429,43878.016,18875.764360070258
279430,43878.016,42233.5314660797
279431,43878.016,46614.06471430184
279432,43878.016,49594.97146437922
279433,43878.016,46208.53557308252
279434,43878.016,45506.674190198966
279435,43878.016,19068.46247522486
279436,43878.016,17908.761753116003
279437,43878.016,50704.215362626215
279438,43878.016,34521.73740538397
279439,43878.016,36728.03534502768
279440,43878.016,35825.362124144245
279441,43878.016,54330.37415039929
279442,43878.016,14584.271520617296
279443,43878.016,53291.63200377533
279444,43878.016,41254.43740611217
279445,43878.016,10067.76467969942
279446,43878.016,38194.581154569736
279447,43878.016,87021.79091721211
279448,43878.016,29088.943752895553
279449,43878.016,38428.49916157094
279450,43878.016,9613.335769284711
279451,43878.016,11613.364138393981
279452,43878.016,13469.90779649568
279453,43878.016,47306.03917281951
279454,43878.016,54560.32172647824
279455,43878.016,19777.04417897835
279456,43878.016,51858.25533392274
279457,43878.016,9365.832285087099
279458,43878.016,14977.19384337734
279459,43878.016,22642.921075044887
279460,43878.016,12784.584377254721
279461,43878.016,25575.781793626295
279462,43878.016,42852.6055803411
279463,43878.016,11207.518963760234
279464,43878.016,48213.52260181265
279465,43878.016,41748.85422946934
279466,43878.016,21864.532967405434
279467,43878.016,28559.944931917504
279468,43878.016,22882.251338620415
279469,43878.016,13641.137211932211
279470,43878.016,29443.30551563279
279471,43878.016,20262.282759243837
279472,43878.016,54912.38638123418
279473,43878.016,33262.40643103866
279474,43878.016,54482.70143253051
279475,43878.016,9975.862751317884
279476,43878.016,9715.956182612008
279477,43878.016,16567.28971575077
279478,43878.016,47745.969441791654
279479,43878.016,95058.8387221464
279480,43878.016,36789.04579070023
279481,43878.016,12686.760690476893
279482,43878.016,10087.909134644426
279483,43878.016,30190.358860827535
279484,43878.016,19714.597741676815
279485,43878.016,6010.9476095867
279486,43878.016,41959.70929929177
279487,43878.016,28838.006710829297
279488,43878.016,59069.50977571168
279489,43878.016,18535.17264401635
279490,43878.016,16055.716819156212
279491,43878.016,22246.7447535484
279492,43878.016,57753.297273380085
279493,43878.016,7531.995516795873
279494,43878.016,7736.677806634372
279495,43878.016,32964.558480514235
279496,43878.016,27957.64508269051
279497,43878.016,63555.25251558011
279498,43878.016,42614.10543957869
279499,43878.016,31568.06235377747
279500,43878.016,52420.69556917893
279501,43878.016,47303.80664555667
279502,43878.016,10704.381532000538
279503,43878.016,72414.11735294247
279504,43878.016,49326.501002564975
279505,43878.016,54646.38101378341
279506,43878.016,38092.339007178896
279507,43878.016,55159.639567509155
279508,43878.016,9406.671290961649
279509,43878.016,32978.16366688531
279510,43878.016,23832.374219677724
279511,43878.016,27530.36405122387
279512,43878.016,12480.208805541657
279513,43878.016,23936.02096967073
279514,43878.016,46533.24806668997
279515,43878.016,55690.8780888327
279516,43878.016,25295.57385733055
279517,43878.016,78960.49501385498
279518,43878.016,45019.79063583821
279519,43878.016,21568.293057867715
279520,43878.016,7372.98042192458
279521,43878.016,57382.322092214126
279522,43878.016,12623.652124234879
279523,43878.016,19566.531918985525
279524,43878.016,33908.307457529045
279525,43878.016,11207.390741301651
279526,43878.016,33163.472959493694
279527,43878.016,48752.61042207233
279528,43878.016,49535.979975604256
279529,43878.016,53269.970155400246
279530,43878.016,32450.606381784204
279531,43878.016,10937.926369965497
279532,43878.016,83894.0812662096
279533,43878.016,10406.885934868258
279534,43878.016,27187.07211330091
279535,43878.016,10082.523673025853
279536,43878.016,21004.72310695515
279537,43878.016,36354.35888166261
279538,43878.016,24912.79930014047
279539,43878.016,65009.065834742614
279540,43878.016,63607.79112391467
279541,43878.016,51760.45391695947
279542,43878.016,22815.459388529063
279543,43878.016,24441.026494285525
279544,43878.016,24712.127510540296
279545,43878.016,27741.296681922504
279546,43878.016,27908.445582755245
279547,43878.016,44939.66534494089
279548,43878.016,32348.25447164312
279549,43878.016,49822.248256138
279550,43878.016,6311.351179041886
279551,43878.016,46311.82396655546
279552,43878.016,53308.46999247182
279553,43878.016,54496.75064574155
279554,43878.016,65137.83105160486
279555,43878.016,36146.385577446345
279556,43878.016,48636.37610914118
279557,43878.016,38365.608031475735
279558,43878.016,30253.080150870865
279559,43878.016,41439.47358033663
279560,43878.016,52534.9266125539
279561,43878.016,56297.72219191381
279562,43878.016,24556.04486035029
279563,43878.016,48282.33341137137
279564,43878.016,21869.00132394687
279565,43878.016,75283.42029093235
279566,43878.016,42415.921365132024
279567,43878.016,28630.69238513089
279568,43878.016,34744.03419991035
279569,43878.016,32001.876232340313
279570,43878.016,26399.445480307768
279571,43878.016,48151.579379087714
279572,43878.016,26107.59921736318
279573,43878.016,15854.504383355481
279574,43878.016,11959.647380963843
279575,43878.016,58154.488237767124
279576,43878.016,28142.19760438383
279577,43878.016,54876.872857444745
279578,43878.016,29758.296184697796
279579,43878.016,46508.22535553261
279580,43878.016,34170.77500348109
279581,43878.016,44619.9498591762
279582,43878.016,38890.105254581154
279583,43878.016,64151.28954059954
279584,43878.016,10646.033877523754
279585,43878.016,22081.711170042545
279586,43878.016,16725.01006923254
279587,43878.016,59318.942215310795
279588,43878.016,48130.924955638635
279589,43878.016,60658.841089569374
279590,43878.016,70184.1751631261
279591,43878.016,17785.212832674413
279592,43878.016,85775.00381038045
279593,43878.016,60920.78259246054
279594,43878.016,42067.19215023618
279595,43878.016,34688.978604654
279596,43878.016,53099.579726288386
279597,43878.016,23141.017083484203
279598,43878.016,11668.359124747314
279599,43878.016,53932.070801676295
279600,43878.016,17963.238164618047
279601,43878.016,59819.76618757127
279602,43878.016,42978.39800966877
279603,43878.016,16142.089048237383
279604,43878.016,29153.220616551567
279605,43878.016,40510.1325326857
279606,43878.016,60970.91458277085
279607,43878.016,53483.55213421204
279608,43878.016,22306.242927254272
279609,43878.016,19824.55438480176
279610,43878.016,40336.55795852653
279611,43878.016,37913.58335655152
279612,43878.016,59334.736885877355
279613,43878.016,57704.06042630367
279614,43878.016,16880.032959133496
279615,43878.016,41119.738500659056
279616,43878.016,40505.87208745442
279617,43878.016,44909.60730948356
279618,43878.016,13719.31724327071
279619,43878.016,24087.0103166613
279620,43878.016,15133.423372883935
279621,43878.016,30454.952250528837
279622,43878.016,11378.91661526174
279623,43878.016,10493.73149595861
279624,43878.016,45738.49882003768
279625,43878.016,28302.510336635638
279626,43878.016,25662.032749207963
279627,43878.016,17680.59917782807
279628,43878.016,13130.31298206873
279629,43878.016,21070.13482546526
279630,43878.016,35470.76036788075
279631,43878.016,19219.352895539334
279632,43878.016,16364.783756299334
279633,43878.016,39949.93653328358
279634,43878.016,14494.250648751853
279635,43878.016,75162.58588871646
279636,43878.016,51951.89018210553
279637,43878.016,21349.940014956188
279638,43878.016,35111.24398968512
279639,43878.016,22866.004201281878
279640,43878.016,29629.97290841324
279641,43878.016,23037.03875651459
279642,43878.016,39340.38337475118
279643,43878.016,33408.780623712606
279644,43878.016,69561.74602683767
279645,43878.016,68399.43222232521
279646,43878.016,5651.8845426507505
279647,43878.016,45624.30660607941
279648,43878.016,26212.427897624155
279649,43878.016,20046.87478928156
279650,43878.016,10919.381361854921
279651,43878.016,18766.922267636815
279652,43878.016,39864.06686658491
279653,43878.016,7347.891848647332
279654,43878.016,31311.42223501414
279655,43878.016,23278.844270495705
279656,43878.016,58873.43492788172
279657,43878.016,36130.29875765802
279658,43878.016,27744.786395288927
279659,43878.016,11468.425724241648
279660,43878.016,29247.4919069838
279661,43878.016,23659.725723443084
279662,43878.016,8663.16375729739
279663,43878.016,54367.03374468742
279664,43878.016,19908.235945393142
279665,43878.016,51192.40924832964
279666,43878.016,50405.45737294972
279667,43878.016,55634.59626265466
279668,43878.016,52296.50119860575
279669,43878.016,73635.1732552738
279670,43878.016,10715.174092191553
279671,43878.016,49421.431519374244
279672,43878.016,42195.76551669074
279673,43878.016,18115.66624016692
279674,43878.016,94007.34861519157
279675,43878.016,54615.92302398388
279676,43878.016,15133.459806721585
279677,43878.016,46295.51604050123
279678,43878.016,20613.32097177054
279679,43878.016,43697.25319063127
279680,43878.016,44239.47358603766
279681,43878.016,18228.541938608796
279682,43878.016,37309.54561959957
279683,43878.016,5566.805509994356
279684,43878.016,37509.747572021995
279685,43878.016,14193.433973127796
279686,43878.016,19697.358550334106
279687,43878.016,13636.203892972997
279688,43878.016,11654.267502989172
279689,43878.016,51810.77176702846
279690,43878.016,25075.081973329714
279691,43878.016,8988.75880442236
279692,43878.016,53499.824697640506
279693,43878.016,12539.342698378645
279694,43878.016,9764.383171238966
279695,43878.016,16590.27896738613
279696,43878.016,35170.373811620426
279697,43878.016,24730.12392098199
279698,43878.016,10244.415673744345
279699,43878.016,57461.32558059365
279700,43878.016,39013.0969386101
279701,43878.016,26092.919093050336
279702,43878.016,34159.77570461204
279703,43878.016,64548.164475503676
279704,43878.016,66042.59600996826
279705,43878.016,29521.531399886644
279706,43878.016,10233.617520345888
279707,43878.016,10031.63361558895
279708,43878.016,34801.799981174816
279709,43878.016,40116.270669701305
279710,43878.016,25934.064532845205
279711,43878.016,16306.138077628737
279712,43878.016,34663.33385591254
279713,43878.016,14494.165299392354
279714,43878.016,39491.67023844788
279715,43878.016,57106.35003039556
279716,43878.016,38808.47057949121
279717,43878.016,73517.39769500236
279718,43878.016,22543.044249132145
279719,43878.016,39727.7676834264
279720,43878.016,25494.257995966866
279721,43878.016,90825.08907972516
279722,43878.016,35262.672091431814
279723,43878.016,15702.12541573762
279724,43878.016,18289.876933823038
279725,43878.016,16679.451877459014
279726,43878.016,27159.415878004325
279727,43878.016,24688.461374056493
279728,43878.016,30148.52863280252
279729,43878.016,28275.34333945545
279730,43878.016,63156.6939414223
279731,43878.016,42876.03619764722
279732,43878.016,45956.48674918813
279733,43878.016,15625.43272321251
279734,43878.016,41481.40398939365
279735,43878.016,42668.474805542224
279736,43878.016,41760.89194922462
279737,43878.016,9522.50384869831
279738,43878.016,27983.98086338622
279739,43878.016,20885.75313477103
279740,43878.016,4538.049701800181
279741,43878.016,15369.16838424395
279742,43878.016,16666.019312183947
279743,43878.016,7175.9354437026095
279744,43878.016,13638.80428632549
279745,43878.016,6485.86531780184
279746,43878.016,48060.377531036196
279747,43878.016,10308.922780602554
279748,43878.016,12758.99268698592
279749,43878.016,10396.136505458462
279750,43878.016,56957.04343732199
279751,43878.016,29343.90994393039
279752,43878.016,9533.90924367317
279753,43878.016,20724.661400387096
279754,43878.016,30254.002725760205
279755,43878.016,55134.38024644745
279756,43878.016,10292.025584066725
279757,43878.016,20737.618562286767
279758,43878.016,64266.26285009499
279759,43878.016,41138.94917054259
279760,43878.016,43946.41775778745
279761,43878.016,21449.621810994
279762,43878.016,14014.047467498405
279763,43878.016,9971.417690978229
279764,43878.016,10609.903715644576
279765,43878.016,41119.31618246737
279766,43878.016,17072.3481646201
279767,43878.016,78870.21456878238
279768,43878.016,55405.15699219952
279769,43878.016,18607.834575710047
279770,43878.016,18982.131664597804
279771,43878.016,13443.980920469368
279772,43878.016,10862.843951109347
279773,43878.016,72424.07067477383
279774,43878.016,18579.21069485038
279775,43878.016,43216.76045324507
279776,43878.016,50377.55619929893
279777,43878.016,40818.039442400644
279778,43878.016,8564.336161710664
279779,43878.016,57119.35906304751
279780,43878.016,16564.091306663595
279781,43878.016,83840.90477901723
279782,43878.016,46836.009618895616
279783,43878.016,47476.597838239395
279784,43878.016,17395.066728419937
279785,43878.016,42691.985069265414
279786,43878.016,7476.929350977881
279787,43878.016,74453.30252937312
279788,43878.016,12869.372735160523
279789,43878.016,46261.91262411716
279790,43878.016,76868.1757705943
279791,43878.016,13101.12263169509
279792,43878.016,34211.73753393892
279793,43878.016,12766.294208335412
279794,43878.016,39743.258009430334
279795,43878.016,23361.96789288546
279796,43878.016,8295.919375273019
279797,43878.016,11383.19164745094
279798,43878.016,48754.89709148925
279799,43878.016,81079.73765044459
279800,43878.016,12772.889734525541
279801,43878.016,38861.868663855064
279802,43878.016,19852.774569585457
279803,43878.016,14959.475152521694
279804,43878.016,32478.664498454935
279805,43878.016,39603.99513394129
279806,43878.016,53961.71559393279
279807,43878.016,28793.86890479294
279808,43878.016,48206.597279541355
279809,43878.016,12784.431478535387
279810,43878.016,50085.999052647065
279811,43878.016,38711.4116065116
279812,43878.016,16162.02228969376
279813,43878.016,23096.509340653774
279814,43878.016,24008.32160678087
279815,43878.016,29915.15519340711
279816,43878.016,28969.013716298472
279817,43878.016,46447.21337617397
279818,43878.016,10869.794809187191
279819,43878.016,13460.733486562867
279820,43878.016,47886.92320838924
279821,43878.016,14083.30846700665
279822,43878.016,57512.59504693363
279823,43878.016,19760.347554562795
279824,43878.016,60298.27436191471
279825,43878.016,29606.062228253006
279826,43878.016,62228.42142302008
279827,43878.016,35312.99879765301
279828,43878.016,30538.13276346097
279829,43878.016,41128.83179657249
279830,43878.016,19952.496900332764
279831,43878.016,9833.663947507497
279832,43878.016,60327.95562772218
279833,43878.016,56408.99327638458
279834,43878.016,35602.24976909589
279835,43878.016,56340.754163195
279836,43878.016,8627.53410835765
279837,43878.016,45262.18071697603
279838,43878.016,50292.56360060986
279839,43878.016,36135.642777632514
279840,43878.016,71117.60333281913
279841,43878.016,44897.346497508544
279842,43878.016,40743.923850070154
279843,43878.016,21173.551767300247
279844,43878.016,22327.90595316213
279845,43878.016,26122.561565470107
279846,43878.016,20335.289762939363
279847,43878.016,10125.461497210059
279848,43878.016,27190.133413716838
279849,43878.016,26869.706542379783
279850,43878.016,38825.67958934022
279851,43878.016,13043.803199984308
279852,43878.016,47905.815620139314
279853,43878.016,16507.733580166747
279854,43878.016,7845.296396831078
279855,43878.016,47331.50007808148
279856,43878.016,36536.99343018361
279857,43878.016,47054.32991079082
279858,43878.016,27226.401324436672
279859,43878.016,53685.671109426214
279860,43878.016,24080.85561880876
279861,43878.016,10343.592699304145
279862,43878.016,7720.882558474422
279863,43878.016,34174.87362150304
279864,43878.016,19890.81093592059
279865,43878.016,30173.98223153186
279866,43878.016,54066.3104581897
279867,43878.016,35338.05724067807
279868,43878.016,17600.812084139565
279869,43878.016,11584.151776339677
279870,43878.016,14210.265478100195
279871,43878.016,25877.47295016573
279872,43878.016,9119.888864715109
279873,43878.016,18363.304025231544
279874,43878.016,17571.890539227847
279875,43878.016,49142.644564720606
279876,43878.016,11952.754290153674
279877,43878.016,17601.45267612434
279878,43878.016,14956.818047235103
279879,43878.016,9092.675811308309
279880,43878.016,20164.17087799841
279881,43878.016,36858.075105200296
279882,43878.016,46663.3961369646
279883,43878.016,57152.41316697083
279884,43878.016,31790.44730005299
279885,43878.016,9820.135104689623
279886,43878.016,11271.17343495108
279887,43878.016,58968.506498760835
279888,43878.016,73734.41516944357
279889,43878.016,14940.300332814375
279890,43878.016,42120.739945442976
279891,43878.016,15440.61352792623
279892,43878.016,10194.533863638591
279893,43878.016,31814.483415899438
279894,43878.016,51805.297325444786
279895,43878.016,28223.66456993716
279896,43878.016,12061.726402814995
279897,43878.016,52111.03384658212
279898,43878.016,23758.305182805027
279899,43878.016,41760.372272585395
279900,43878.016,86972.4955449991
279901,43878.016,10262.445539891352
279902,43878.016,56617.06694018314
279903,43878.016,22074.287626542045
279904,43878.016,14232.254860678875
279905,43878.016,48246.584225250546
279906,43878.016,12089.58157577378
279907,43878.016,43762.98608673165
279908,43878.016,47744.50912980853
279909,43878.016,53185.293063577796
279910,43878.016,49516.52703417784
279911,43878.016,76659.93057776046
279912,43878.016,32392.565207930133
279913,43878.016,58205.61105750794
279914,43878.016,20598.747541751287
279915,43878.016,18007.436628859214
279916,43878.016,55965.32294525634
279917,43878.016,28119.24541560956
279918,43878.016,15312.465561134335
279919,43878.016,26859.25636247847
279920,43878.016,70499.11662345941
279921,43878.016,8245.991946415537
279922,43878.016,47980.07323557642
279923,43878.016,9638.761057463751
279924,43878.016,14049.509771566718
279925,43878.016,52076.247855992224
279926,43878.016,23302.949501830422
279927,43878.016,14039.722564822878
279928,43878.016,23357.150216440437
279929,43878.016,25562.407945812833
279930,43878.016,44309.641632476174
279931,43878.016,23917.135486129668
279932,43878.016,27697.32632392943
279933,43878.016,28469.929201683717
279934,43878.016,16444.507465143528
279935,43878.016,51504.58015118956
279936,43878.016,24546.057736267332
279937,43878.016,61441.01860966436
279938,43878.016,39806.066975395224
279939,43878.016,19071.79594513777
279940,43878.016,41817.82539609814
279941,43878.016,9701.664675419279
279942,43878.016,21820.41212974447
279943,43878.016,28289.965514680123
279944,43878.016,17934.609292840953
279945,43878.016,35210.173640217465
279946,43878.016,21111.871722975513
279947,43878.016,27838.50713721945
279948,43878.016,26084.00788365508
279949,43878.016,43308.25852035275
279950,43878.016,90039.36487565916
279951,43878.016,15463.652625585017
279952,43878.016,40573.45237228507
279953,43878.016,19089.74920186546
279954,43878.016,60749.67613410178
279955,43878.016,40023.03050777576
279956,43878.016,38163.652655833954
279957,43878.016,40102.99210519327
279958,43878.016,25249.06734632366
279959,43878.016,16564.91700615733
279960,43878.016,42311.06182717583
279961,43878.016,66852.01108658846
279962,43878.016,55930.036596078
279963,43878.016,20969.282225916035
279964,43878.016,5911.693484739825
279965,43878.016,28617.060415056992
279966,43878.016,26942.31663222368
279967,43878.016,22468.604062165075
279968,43878.016,12133.117922376003
279969,43878.016,20253.034902595187
279970,43878.016,32557.39879913598
279971,43878.016,54503.2340963074
279972,43878.016,61575.98919340586
279973,43878.016,69412.17113934777
279974,43878.016,29661.436204526282
279975,43878.016,9233.438467525973
279976,43878.016,25666.949611682267
279977,43878.016,33122.34396255354
279978,43878.016,53439.864022491034
279979,43878.016,128009.14040624653
279980,43878.016,38488.60451600057
279981,43878.016,29795.396013028694
279982,43878.016,37048.470463254795
279983,43878.016,45082.81029406533
279984,43878.016,8612.935459534934
279985,43878.016,40014.512601342416
279986,43878.016,10597.629712321981
279987,43878.016,41698.454626955514
279988,43878.016,63016.840781024206
279989,43878.016,10126.329693587692
279990,43878.016,16832.313745660707
279991,43878.016,7403.758007339194
279992,43878.016,9131.528654405516
279993,43878.016,18429.952737454052
279994,43878.016,13333.882290516354
279995,43878.016,69643.69908181431
279996,43878.016,56540.64909500279
279997,43878.016,33376.45639913735
279998,43878.016,48959.70347065433
279999,43878.016,25392.84462646693
280000,43878.016,25306.200208299684
280001,43878.016,59920.63771784493
280002,43878.016,48432.50111562045
280003,43878.016,16745.941111411506
280004,43878.016,29405.296480836365
280005,43878.016,50223.90253243852
280006,43878.016,10591.0291806192
280007,43878.016,15870.236243749068
280008,43878.016,77266.3582549581
280009,43878.016,75623.49285826508
280010,43878.016,44531.61624887213
280011,43878.016,41831.66898599079
280012,43878.016,25055.2779118494
280013,43878.016,50599.121200481364
280014,43878.016,58102.952294857256
280015,43878.016,24093.476232147055
280016,43878.016,47049.932909587005
280017,43878.016,37078.137123722285
280018,43878.016,17250.305058304595
280019,43878.016,73282.40914093747
280020,43878.016,28437.53792682772
280021,43878.016,21245.076092448013
280022,43878.016,53473.166196280035
280023,43878.016,41221.589391298265
280024,43878.016,32566.682689498728
280025,43878.016,70982.18436388529
280026,43878.016,45504.60316100675
280027,43878.016,35472.16056446025
280028,43878.016,39738.79655235136
280029,43878.016,37811.02388765259
280030,43878.016,12355.45800343809
280031,43878.016,60823.21922845051
280032,43878.016,40944.684285660245
280033,43878.016,46039.566022812636
280034,43878.016,15413.463397082409
280035,43878.016,49179.263659024764
280036,43878.016,20585.157466766363
280037,43878.016,10809.885516018448
280038,43878.016,46751.0299559995
280039,43878.016,14504.107937156663
280040,43878.016,12071.185026490662
280041,43878.016,9126.298284684479
280042,43878.016,10279.75065333734
280043,43878.016,43522.50975870365
280044,43878.016,20410.251901679996
280045,43878.016,43618.50631099494
280046,43878.016,36986.343365885405
280047,43878.016,53818.00639809137
280048,43878.016,52581.27130737032
280049,43878.016,22422.04463125178
280050,43878.016,18217.16675103257
280051,43878.016,60154.38916034272
280052,43878.016,19775.68496756016
280053,43878.016,39432.67702995977
280054,43878.016,25908.106783673436
280055,43878.016,43838.778827872884
280056,43878.016,16887.777314324638
280057,43878.016,8398.480609292843
280058,43878.016,28339.595910855158
280059,43878.016,29526.324705541632
280060,43878.016,58456.8609105384
280061,43878.016,46996.37018073916
280062,43878.016,58473.995835643465
280063,43878.016,8538.907278314407
280064,43878.016,51280.38130353302
280065,43878.016,71202.12892351876
280066,43878.016,12424.999721369162
280067,43878.016,30992.358010029475
280068,43878.016,10197.404625681602
280069,43878.016,42564.58427560493
280070,43878.016,44471.27270935105
280071,43878.016,38423.16093429347
280072,43878.016,118512.5324445994
280073,43878.016,47632.70765028583
280074,43878.016,19436.07317730374
280075,43878.016,6001.323177568905
280076,43878.016,49378.022680521986
280077,43878.016,10831.847082249376
280078,43878.016,66124.44516652524
280079,43878.016,27892.56521382195
280080,43878.016,47130.29672797726
280081,43878.016,50942.84387165202
280082,43878.016,35698.77959862922
280083,43878.016,33407.53177089166
280084,43878.016,18886.752667849632
280085,43878.016,25057.373667020536
280086,43878.016,14502.110470856682
280087,43878.016,32132.62182974492
280088,43878.016,29338.38415603118
280089,43878.016,16997.137362797537
280090,43878.016,34340.5829420525
280091,43878.016,41022.597350513075
280092,43878.016,16576.056936070632
280093,43878.016,37439.78245959753
280094,43878.016,61804.66291115556
280095,43878.016,28091.8004151628
280096,43878.016,46990.59116266437
280097,43878.016,11095.69186543874
280098,43878.016,48135.6311761277
280099,43878.016,44539.76622787786
280100,43878.016,32764.60409007154
280101,43878.016,17984.35970589024
280102,43878.016,15550.833223799102
280103,43878.016,13143.530238307065
280104,43878.016,8848.930155790336
280105,43878.016,32121.889566060043
280106,43878.016,15996.508780484073
280107,43878.016,57908.67922932713
280108,43878.016,17232.007733830997
280109,43878.016,33881.148856249914
280110,43878.016,21377.99712655639
280111,43878.016,11561.182998939308
280112,43878.016,16125.47047445644
280113,43878.016,25555.43098117003
280114,43878.016,45568.05535452382
280115,43878.016,30427.429029210278
280116,43878.016,48684.131883759335
280117,43878.016,23463.636390456235
280118,43878.016,38507.11328088694
280119,43878.016,25778.733762789845
280120,43878.016,32211.56888558706
280121,43878.016,19114.748678806885
280122,43878.016,32028.55763139897
280123,43878.016,40664.27152683945
280124,43878.016,46471.12368939893
280125,43878.016,44464.535912232706
280126,43878.016,35020.70405040229
280127,43878.016,48697.18880300731
280128,43878.016,51998.31444777229
280129,43878.016,29471.208104587568
280130,43878.016,38721.77409143087
280131,43878.016,36578.89939050192
280132,43878.016,48156.425042208815
280133,43878.016,45522.50740250619
280134,43878.016,13164.739240674666
280135,43878.016,14417.657358514547
280136,43878.016,36841.50521797534
280137,43878.016,66634.4522962573
280138,43878.016,61817.788807644814
280139,43878.016,45384.65886022838
280140,43878.016,26082.867975431916
280141,43878.016,19435.36191785437
280142,43878.016,17041.687263445347
280143,43878.016,62590.362434942566
280144,43878.016,13628.402009601761
280145,43878.016,11300.404172383032
280146,43878.016,8597.711116450753
280147,43878.016,38212.3959790847
280148,43878.016,51016.232206961955
280149,43878.016,43502.17521543598
280150,43878.016,18232.969053142697
280151,43878.016,6705.379393494007
280152,43878.016,20735.735453006175
280153,43878.016,42818.5137681862
280154,43878.016,26216.419741936395
280155,43878.016,26417.635661133045
280156,43878.016,41762.42127260014
280157,43878.016,36730.58261588245
280158,43878.016,33659.97681710902
280159,43878.016,46724.41364206423
280160,43878.016,6878.621736621107
280161,43878.016,14321.699540567743
280162,43878.016,14844.371278567478
280163,43878.016,16115.16341994788
280164,43878.016,7390.617765890143
280165,43878.016,9267.352209113207
280166,43878.016,17198.976871549596
280167,43878.016,23815.012523304325
280168,43878.016,60756.02001501142
280169,43878.016,45087.70390739598
280170,43878.016,32078.66184730749
280171,43878.016,7499.02777790811
280172,43878.016,7224.970006614169
280173,43878.016,45106.469999425884
280174,43878.016,21048.778705031797
280175,43878.016,34279.177781261395
280176,43878.016,21720.837955362884
280177,43878.016,36863.84896072854
280178,43878.016,47550.00623398183
280179,43878.016,63544.23233805537
280180,43878.016,23148.32032416559
280181,43878.016,13095.251877258752
280182,43878.016,29016.62945408058
280183,43878.016,13324.968029503272
280184,43878.016,36418.48858526651
280185,43878.016,59835.227254441976
280186,43878.016,13720.895366385583
280187,43878.016,11946.630731307752
280188,43878.016,11387.508458309156
280189,43878.016,32968.162841927835
280190,43878.016,49445.37680296966
280191,43878.016,16184.755494472254
280192,43878.016,15355.418101580946
280193,43878.016,12924.551090225585
280194,43878.016,33236.99323959119
280195,43878.016,27188.616275621058
280196,43878.016,13971.189267179818
280197,43878.016,35970.307669684924
280198,43878.016,8616.18704810819
280199,43878.016,51489.54402800502
280200,43878.016,81886.65183917011
280201,43878.016,67919.1350667904
280202,43878.016,42950.89649199534
280203,43878.016,37394.05433268785
280204,43878.016,31188.03193498202
280205,43878.016,14810.34808818065
280206,43878.016,50581.55979069395
280207,43878.016,50029.71114230486
280208,43878.016,10121.131004831208
280209,43878.016,30052.630549892197
280210,43878.016,11535.624407607334
280211,43878.016,7276.729449332193
280212,43878.016,28283.774527202382
280213,43878.016,41733.2053012066
280214,43878.016,43704.60595484916
280215,43878.016,26230.219544399293
280216,43878.016,42266.9412652141
280217,43878.016,30248.886738623645
280218,43878.016,29628.368601662565
280219,43878.016,50076.279964805304
280220,43878.016,46748.717129215336
280221,43878.016,42619.17886286315
280222,43878.016,61814.17973035372
280223,43878.016,50563.00316618635
280224,43878.016,23950.70524774101
280225,43878.016,9833.968189001178
280226,43878.016,56722.37950408846
280227,43878.016,27061.393338446953
280228,43878.016,27576.654190775615
280229,43878.016,37546.45679337459
280230,43878.016,14837.44162998582
280231,43878.016,26841.808082796004
280232,43878.016,18284.74170887208
280233,43878.016,17144.165059768875
280234,43878.016,43887.28386384134
280235,43878.016,65614.427662443
280236,43878.016,8023.839669433836
280237,43878.016,28299.132892399528
280238,43878.016,93408.30133752263
280239,43878.016,42363.67298336782
280240,43878.016,75814.18294051655
280241,43878.016,12422.994820836397
280242,43878.016,16717.853093375183
280243,43878.016,31707.701124211802
280244,43878.016,34840.1739149166
280245,43878.016,7533.251299778474
280246,43878.016,24046.27669979392
280247,43878.016,51241.201825789016
280248,43878.016,59009.09242408599
280249,43878.016,27577.006112804844
280250,43878.016,48926.43712710337
280251,43878.016,25430.571211597784
280252,43878.016,27082.79539047008
280253,43878.016,18272.70776553625
280254,43878.016,56164.37603340271
280255,43878.016,40337.20345239799
280256,43878.016,58965.27461243867
280257,43878.016,46451.67749061694
280258,43878.016,16353.806915764804
280259,43878.016,13444.363965072824
280260,43878.016,35573.14563738334
280261,43878.016,48615.86556344989
280262,43878.016,43132.41208952591
280263,43878.016,93719.09243698989
280264,43878.016,17061.080534484783
280265,43878.016,58864.05167956114
280266,43878.016,9791.306845406612
280267,43878.016,19153.559469043164
280268,43878.016,39289.44036674781
280269,43878.016,38295.66949651297
280270,43878.016,36705.64184841077
280271,43878.016,16180.244912041442
280272,43878.016,28121.367462566966
280273,43878.016,25857.72359363882
280274,43878.016,28617.62926891134
280275,43878.016,44369.15668149958
280276,43878.016,28483.542834004245
280277,43878.016,12877.6262391924
280278,43878.016,9462.688920709354
280279,43878.016,32231.904753230338
280280,43878.016,32015.908256047253
280281,43878.016,36946.75605994551
280282,43878.016,62372.81311680819
280283,43878.016,44368.3004462938
280284,43878.016,10353.088188039139
280285,43878.016,15786.88912562535
280286,43878.016,53401.72405726904
280287,43878.016,32265.66719900681
280288,43878.016,51679.99643962895
280289,43878.016,39960.11208310256
280290,43878.016,7107.1260900081525
280291,43878.016,33545.86351006247
280292,43878.016,38288.68877415255
280293,43878.016,84003.10473984525
280294,43878.016,59009.92970098235
280295,43878.016,24308.813437562832
280296,43878.016,38182.12547470973
280297,43878.016,9829.789877562067
280298,43878.016,48810.46131986161
280299,43878.016,26671.105485731736
280300,43878.016,27857.833479701185
280301,43878.016,28081.088628601152
280302,43878.016,78587.41139227072
280303,43878.016,53239.61157455398
280304,43878.016,11797.393118156013
280305,43878.016,51942.865277815996
280306,43878.016,56675.82440093606
280307,43878.016,28191.706035255105
280308,43878.016,53733.60800831484
280309,43878.016,43317.97395096228
280310,43878.016,13410.86459667179
280311,43878.016,18679.88288181594
280312,43878.016,15024.37692784312
280313,43878.016,52561.5019927045
280314,43878.016,33458.522059000745
280315,43878.016,49387.21581669065
280316,43878.016,50286.315524322075
280317,43878.016,62184.35692885301
280318,43878.016,45242.2646261488
280319,43878.016,48137.86551239775
280320,43878.016,50359.03720201598
280321,43878.016,63274.98086064835
280322,43878.016,62205.921713590134
280323,43878.016,12429.01393242446
280324,43878.016,30909.146347637885
280325,43878.016,60156.042945626934
280326,43878.016,3962.574834771804
280327,43878.016,6541.200202852899
280328,43878.016,7403.614217311338
280329,43878.016,55131.6653209993
280330,43878.016,22626.340035972302
280331,43878.016,37920.10427156923
280332,43878.016,54460.4282806951
280333,43878.016,26031.013267683596
280334,43878.016,20168.793575912943
280335,43878.016,25850.51757993856
280336,43878.016,32525.987054615252
280337,43878.016,38756.58174941485
280338,43878.016,8603.461116564593
280339,43878.016,28570.311641788987
280340,43878.016,66085.83684198359
280341,43878.016,19452.096247081274
280342,43878.016,40223.844365687284
280343,43878.016,34950.072417992415
280344,43878.016,26695.2400144001
280345,43878.016,19537.45007489612
280346,43878.016,10551.999493631456
280347,43878.016,12130.541268486782
280348,43878.016,109899.44136420453
280349,43878.016,96142.14289827719
280350,43878.016,6048.483112053499
280351,43878.016,43417.264509799825
280352,43878.016,6450.387224927177
280353,43878.016,112071.447847906
280354,43878.016,27029.002555142422
280355,43878.016,25942.369743707488
280356,43878.016,51988.28777789054
280357,43878.016,55008.80747577175
280358,43878.016,36123.62719853959
280359,43878.016,51568.8226401185
280360,43878.016,56616.60669386533
280361,43878.016,46293.963096146894
280362,43878.016,55270.82128176447
280363,43878.016,19652.160220411337
280364,43878.016,42119.68905124574
280365,43878.016,54693.09541662545
280366,43878.016,14641.946999903126
280367,43878.016,72530.84260786646
280368,43878.016,38502.08329619229
280369,43878.016,7757.739607026085
280370,43878.016,28180.596363152963
280371,43878.016,68740.29401966551
280372,43878.016,37435.35732315899
280373,43878.016,10463.124311710604
280374,43878.016,26559.298237820978
280375,43878.016,20728.58234021225
280376,43878.016,50786.77031644391
280377,43878.016,53721.55922249328
280378,43878.016,36292.376299721276
280379,43878.016,17028.220997316992
280380,43878.016,13139.85529734027
280381,43878.016,51841.58721631239
280382,43878.016,49568.89174509785
280383,43878.016,16122.8667762651
280384,43878.016,47644.194175073695
280385,43878.016,4883.553383189794
280386,43878.016,21299.414023238707
280387,43878.016,9172.35412082797
280388,43878.016,19407.881559544952
280389,43878.016,17349.755760317308
280390,43878.016,49094.96518811416
280391,43878.016,70639.24650592908
280392,43878.016,29179.711005837875
280393,43878.016,55150.09523835392
280394,43878.016,59811.69438411187
280395,43878.016,59729.747855650785
280396,43878.016,33781.036081867685
280397,43878.016,25251.047668127147
280398,43878.016,45323.467506330184
280399,43878.016,21058.678177316455
280400,43878.016,41715.72773070808
280401,43878.016,16432.73333062497
280402,43878.016,51307.20371911215
280403,43878.016,57302.54731096953
280404,43878.016,33911.765088906104
280405,43878.016,31477.289680035123
280406,43878.016,50236.46496298055
280407,43878.016,60873.13676332686
280408,43878.016,9951.309078227749
280409,43878.016,71477.31367159924
280410,43878.016,42448.25243557494
280411,43878.016,47217.74950417769
280412,43878.016,24561.503950253686
280413,43878.016,73490.12513129198
280414,43878.016,17692.94964732473
280415,43878.016,67738.55555987296
280416,43878.016,12130.843064088787
280417,43878.016,42739.484039112154
280418,43878.016,33088.601418323124
280419,43878.016,50106.18276083304
280420,43878.016,19508.04220552047
280421,43878.016,17506.91784250609
280422,43878.016,63359.29955854661
280423,43878.016,63241.74562678998
280424,43878.016,13335.139433001312
280425,43878.016,49616.525018477696
280426,43878.016,48852.85155899152
280427,43878.016,36761.68401641299
280428,43878.016,49096.373079636614
280429,43878.016,5834.193692534068
280430,43878.016,27540.684403264335
280431,43878.016,39227.16551173332
280432,43878.016,28417.551619544825
280433,43878.016,40106.71033334049
280434,43878.016,8632.622495811856
280435,43878.016,41892.0540782165
280436,43878.016,59443.506562210714
280437,43878.016,17265.97221777471
280438,43878.016,20957.636808439966
280439,43878.016,43771.05661983721
280440,43878.016,43601.62410013661
280441,43878.016,63414.629001502726
280442,43878.016,71501.30679800475
280443,43878.016,26533.134105954465
280444,43878.016,17972.169582897815
280445,43878.016,26692.76749769383
280446,43878.016,32946.39263783966
280447,43878.016,13208.221559894228
280448,43878.016,15351.625612417449
280449,43878.016,35903.91569346068
280450,43878.016,18689.72603102908
280451,43878.016,41830.42870977338
280452,43878.016,14993.882239886207
280453,43878.016,29574.608661203718
280454,43878.016,60312.08218811992
280455,43878.016,18303.478418372775
280456,43878.016,46944.6145392894
280457,43878.016,14058.50507555525
280458,43878.016,11482.408078157274
280459,43878.016,48992.07567493507
280460,43878.016,41222.72729393322
280461,43878.016,35349.059004790855
280462,43878.016,31746.555686230564
280463,43878.016,21569.083845405807
280464,43878.016,21518.964972851878
280465,43878.016,11696.543686294382
280466,43878.016,63220.89259664158
280467,43878.016,55142.554363701776
280468,43878.016,20635.549208605884
280469,43878.016,8682.93787296905
280470,43878.016,54103.5256140005
280471,43878.016,6151.529037175363
280472,43878.016,9313.800545026073
280473,43878.016,12305.883426598717
280474,43878.016,18153.195319800467
280475,43878.016,63505.7189997427
280476,43878.016,51570.78301947492
280477,43878.016,30206.00032553555
280478,43878.016,76842.50958890581
280479,43878.016,17185.737348279723
280480,43878.016,20198.141756893307
280481,43878.016,29608.956904458257
280482,43878.016,46237.29332786294
280483,43878.016,10499.893568955767
280484,43878.016,30114.40590767218
280485,43878.016,34958.04508722397
280486,43878.016,33610.21282503871
280487,43878.016,34847.96236321981
280488,43878.016,21239.284498147597
280489,43878.016,19666.89724109335
280490,43878.016,30262.27032685885
280491,43878.016,14977.518328154161
280492,43878.016,65412.60547591363
280493,43878.016,59646.30566200356
280494,43878.016,61815.333508657655
280495,43878.016,25761.52032162397
280496,43878.016,20738.286120066346
280497,43878.016,20348.13458370306
280498,43878.016,33153.38766945357
280499,43878.016,54155.16403790922
280500,43878.016,50985.62522373703
280501,43878.016,27463.793539751452
280502,43878.016,77727.72190770946
280503,43878.016,32928.54752487497
280504,43878.016,41958.506484507736
280505,43878.016,46202.649696522996
280506,43878.016,12076.998483752095
280507,43878.016,18685.06311855683
280508,43878.016,12028.740775692617
280509,43878.016,63156.29378802434
280510,43878.016,13095.031491385607
280511,43878.016,43374.24740898583
280512,43878.016,14344.640985620654
280513,43878.016,21914.647056049904
280514,43878.016,26882.747759041697
280515,43878.016,22003.383950530268
280516,43878.016,39035.29811712992
280517,43878.016,38707.58473713208
280518,43878.016,10264.051119762806
280519,43878.016,51275.74900152708
280520,43878.016,33550.91324828233
280521,43878.016,55163.73160737266
280522,43878.016,38653.337606313675
280523,43878.016,57778.6895996769
280524,43878.016,48454.8786172914
280525,43878.016,21110.283922258066
280526,43878.016,27245.08991315472
280527,43878.016,21138.22493772992
280528,43878.016,26311.783797651304
280529,43878.016,62674.17052033612
280530,43878.016,20870.06649063938
280531,43878.016,58930.00376200471
280532,43878.016,30173.160093974944
280533,43878.016,86081.40381575786
280534,43878.016,40755.249767909576
280535,43878.016,53272.88069959412
280536,43878.016,18051.387683795045
280537,43878.016,43142.18392427811
280538,43878.016,23985.876466788377
280539,43878.016,18958.068345793938
280540,43878.016,55064.594712892525
280541,43878.016,31947.930972141323
280542,43878.016,22820.931536915406
280543,43878.016,29201.24448468086
280544,43878.016,14646.929009471114
280545,43878.016,66427.2728256871
280546,43878.016,68670.75708893429
280547,43878.016,43040.705231396314
280548,43878.016,21494.973257759477
280549,43878.016,14946.042757792155
280550,43878.016,21015.973838723527
280551,43878.016,39033.82742262268
280552,43878.016,47574.13145004262
280553,43878.016,32869.58005625753
280554,43878.016,27970.34179399452
280555,43878.016,27134.2934885875
280556,43878.016,12621.094030767377
280557,43878.016,29759.517710103188
280558,43878.016,10310.987721434778
280559,43878.016,49788.63047047394
280560,43878.016,14736.400299830399
280561,43878.016,5306.571246367276
280562,43878.016,41117.59385486974
280563,43878.016,42078.2876990656
280564,43878.016,59229.04554383084
280565,43878.016,24479.645692707058
280566,43878.016,71515.25676234307
280567,43878.016,16712.87231336671
280568,43878.016,36650.559493873865
280569,43878.016,10537.098919878661
280570,43878.016,25484.57607266867
280571,43878.016,12705.576913017829
280572,43878.016,11293.324708626655
280573,43878.016,89217.51421992858
280574,43878.016,49164.48809113324
280575,43878.016,62819.75255586725
280576,43878.016,51924.52879165338
280577,43878.016,14533.651090530808
280578,43878.016,49928.874591600994
280579,43878.016,17530.582286773068
280580,43878.016,64819.38864919564
280581,43878.016,34399.87815029604
280582,43878.016,13088.86746866031
280583,43878.016,18836.449873172944
280584,43878.016,56028.89051233043
280585,43878.016,18228.85991397736
280586,43878.016,25148.85274256181
280587,43878.016,77766.69208795657
280588,43878.016,8582.970319023518
280589,43878.016,37582.979141932716
280590,43878.016,37685.09199356962
280591,43878.016,11951.121320658158
280592,43878.016,8719.831358322377
280593,43878.016,32790.82258437872
280594,43878.016,33593.32291896172
280595,43878.016,41810.80578972898
280596,43878.016,60575.24149472298
280597,43878.016,47639.74887258941
280598,43878.016,33381.258138789395
280599,43878.016,11275.812198597596
280600,43878.016,29988.008401847812
280601,43878.016,44121.76332142647
280602,43878.016,22633.115550334292
280603,43878.016,29360.983817010412
280604,43878.016,15074.173040501993
280605,43878.016,27295.10392432963
280606,43878.016,30040.4068296894
280607,43878.016,51716.278543152875
280608,43878.016,34908.219514992714
280609,43878.016,33513.49066388516
280610,43878.016,59713.944406040064
280611,43878.016,41848.59999649011
280612,43878.016,11650.991751013305
280613,43878.016,52195.52556132733
280614,43878.016,16876.67354997977
280615,43878.016,16994.630087394682
280616,43878.016,76224.60415920333
280617,43878.016,19410.800548961182
280618,43878.016,33861.08977512164
280619,43878.016,41921.33299920969
280620,43878.016,37698.707121115935
280621,43878.016,75338.19356456232
280622,43878.016,44544.9625624458
280623,43878.016,13793.949414807234
280624,43878.016,70524.51589128924
280625,43878.016,51983.20067417961
280626,43878.016,31788.900170663084
280627,43878.016,48523.1535897362
280628,43878.016,33639.645378044115
280629,43878.016,41778.08164016534
280630,43878.016,24138.049718288858
280631,43878.016,25391.58221239244
280632,43878.016,25510.577883689548
280633,43878.016,17133.407275917132
280634,43878.016,26459.365119934537
280635,43878.016,39083.39265784468
280636,43878.016,37036.05906489465
280637,43878.016,28534.036964292074
280638,43878.016,18376.824169408254
280639,43878.016,39107.33308356399
280640,43878.016,54262.28098277493
280641,43878.016,19520.01282955971
280642,43878.016,37746.023982477236
280643,43878.016,57555.93742692665
280644,43878.016,13718.218598014839
280645,43878.016,29493.754724541905
280646,43878.016,46135.557554990504
280647,43878.016,28010.877440861983
280648,43878.016,69416.46402322128
280649,43878.016,24640.573473006116
280650,43878.016,42525.92650585681
280651,43878.016,43405.59634195283
280652,43878.016,24479.745750592137
280653,43878.016,25393.42011025943
280654,43878.016,29050.23154652538
280655,43878.016,70789.57148878647
280656,43878.016,39364.50178376031
280657,43878.016,28591.996354393985
280658,43878.016,30334.530376404327
280659,43878.016,14255.682296008596
280660,43878.016,63766.58463431362
280661,43878.016,15467.659111865787
280662,43878.016,18818.367692962045
280663,43878.016,39661.29335676649
280664,43878.016,8898.532190195243
280665,43878.016,21107.95484523856
280666,43878.016,12997.614919253763
280667,43878.016,59046.908181839266
280668,43878.016,34832.65493991459
280669,43878.016,9504.359348796053
280670,43878.016,37613.78492617727
280671,43878.016,57358.41657134056
280672,43878.016,61746.99935027829
280673,43878.016,26608.235042393466
280674,43878.016,55982.664872652276
280675,43878.016,39993.42718962323
280676,43878.016,14792.281347975715
280677,43878.016,38582.997890137616
280678,43878.016,12240.09285383734
280679,43878.016,16350.671830051335
280680,43878.016,31828.214042495827
280681,43878.016,18005.514682728033
280682,43878.016,53310.3032764324
280683,43878.016,10271.98173865538
280684,43878.016,14796.324856931857
280685,43878.016,36466.073263546365
280686,43878.016,21428.933372659885
280687,43878.016,54386.81558830688
280688,43878.016,34167.2994436486
280689,43878.016,10656.79555186466
280690,43878.016,9602.29725309129
280691,43878.016,49257.25293775408
280692,43878.016,70262.13491806689
280693,43878.016,15268.12544834339
280694,43878.016,16070.052988089807
280695,43878.016,9218.295466114254
280696,43878.016,29137.136507365234
280697,43878.016,34020.56321160465
280698,43878.016,39022.787851693596
280699,43878.016,14035.93146362228
280700,43878.016,18791.871762499482
280701,43878.016,67250.88515939811
280702,43878.016,27141.238991458424
280703,43878.016,17019.842841799255
280704,43878.016,29257.909333464646
280705,43878.016,45779.66486890163
280706,43878.016,25781.167267897697
280707,43878.016,33255.62999966799
280708,43878.016,11190.083375460003
280709,43878.016,26211.87729105973
280710,43878.016,38214.43658578712
280711,43878.016,56260.29225640891
280712,43878.016,12583.594094291091
280713,43878.016,38192.7737727909
280714,43878.016,68640.78135528284
280715,43878.016,12025.667500028472
280716,43878.016,46319.589117911935
280717,43878.016,14934.242072864505
280718,43878.016,32512.807897500836
280719,43878.016,68820.39851672195
280720,43878.016,48135.534320152154
280721,43878.016,24378.576675375632
280722,43878.016,13394.703777438204
280723,43878.016,24514.41209265943
280724,43878.016,39066.982065225144
280725,43878.016,60534.68068598755
280726,43878.016,48665.27463414324
280727,43878.016,35604.9260713573
280728,43878.016,30198.028823948644
280729,43878.016,41538.684975822514
280730,43878.016,18256.622991151853
280731,43878.016,35147.89441685737
280732,43878.016,45670.225011380695
280733,43878.016,20839.737773028322
280734,43878.016,20422.15974709267
280735,43878.016,56963.13992187436
280736,43878.016,66787.89559157245
280737,43878.016,44611.271378360216
280738,43878.016,17922.71590855987
280739,43878.016,9394.126968117496
280740,43878.016,12004.003288846165
280741,43878.016,30789.181584194655
280742,43878.016,44922.42424411662
280743,43878.016,77063.59556824318
280744,43878.016,8811.855339867601
280745,43878.016,24335.493571921066
280746,43878.016,44735.597495185706
280747,43878.016,14691.538453432237
280748,43878.016,63453.196719122956
280749,43878.016,60001.175630646256
280750,43878.016,55303.51319570566
280751,43878.016,31422.34003725064
280752,43878.016,9271.61599996432
280753,43878.016,65504.43147889147
280754,43878.016,29991.486620225787
280755,43878.016,49034.01015911905
280756,43878.016,32914.22595822246
280757,43878.016,65958.78425356405
280758,43878.016,16290.943705276117
280759,43878.016,20251.403087940922
280760,43878.016,40622.34930697912
280761,43878.016,14638.854375325636
280762,43878.016,47656.25029163456
280763,43878.016,42199.71578255859
280764,43878.016,11226.12967746945
280765,43878.016,23535.117261399286
280766,43878.016,54632.587787930184
280767,43878.016,56156.43247240045
280768,43878.016,9604.11207376463
280769,43878.016,51869.34069831848
280770,43878.016,21607.646383996394
280771,43878.016,43652.80055509067
280772,43878.016,10147.500430179914
280773,43878.016,42652.665234344975
280774,43878.016,48403.02669189178
280775,43878.016,17854.641270731794
280776,43878.016,73258.52821654783
280777,43878.016,14109.217172439587
280778,43878.016,25868.705780330874
280779,43878.016,48648.65271960902
280780,43878.016,19852.000319535662
280781,43878.016,67034.84761493439
280782,43878.016,45492.80018202111
280783,43878.016,67819.14325602428
280784,43878.016,49450.973952307686
280785,43878.016,55328.50187045834
280786,43878.016,30312.24794767642
280787,43878.016,67850.3534300537
280788,43878.016,13327.208250069547
280789,43878.016,51946.76131536707
280790,43878.016,30066.373014890898
280791,43878.016,68297.10812141743
280792,43878.016,11841.6279256908
280793,43878.016,34821.04345431747
280794,43878.016,65896.28582650221
280795,43878.016,22752.817276437567
280796,43878.016,18259.501764597775
280797,43878.016,12429.211452653331
280798,43878.016,30835.36851136525
280799,43878.016,25576.77229842246
280800,43878.016,29230.67263418306
280801,43878.016,48435.72192109044
280802,43878.016,43773.80817766054
280803,43878.016,31451.79248510063
280804,43878.016,18198.307239771944
280805,43878.016,44991.93127294024
280806,43878.016,34223.60044878611
280807,43878.016,18694.79004021329
280808,43878.016,60655.119999652365
280809,43878.016,72609.06138321593
280810,43878.016,28075.403106259782
280811,43878.016,28500.63541433128
280812,43878.016,16469.612306382427
280813,43878.016,80198.32816649284
280814,43878.016,16227.711622648618
280815,43878.016,32097.61706457375
280816,43878.016,43925.57074676316
280817,43878.016,10061.78274067341
280818,43878.016,99933.22879594876
280819,43878.016,49940.48564957564
280820,43878.016,13077.639052950608
280821,43878.016,55211.60937599705
280822,43878.016,28053.74524593038
280823,43878.016,27411.830431003047
280824,43878.016,53345.4922527086
280825,43878.016,11522.87065986941
280826,43878.016,29236.284705999307
280827,43878.016,25970.743929699867
280828,43878.016,59279.63948555589
280829,43878.016,56358.706372927765
280830,43878.016,15926.564573136146
280831,43878.016,11012.09724780183
280832,43878.016,24375.986719566852
280833,43878.016,46367.36655281871
280834,43878.016,35633.66556664236
280835,43878.016,26967.66924430676
280836,43878.016,22992.108277582458
280837,43878.016,20410.945783209896
280838,43878.016,23593.144320430278
280839,43878.016,51996.829508266164
280840,43878.016,15765.840684696806
280841,43878.016,35767.44970412419
280842,43878.016,53986.716616035825
280843,43878.016,11574.350608829896
280844,43878.016,11282.633303104192
280845,43878.016,13470.842581835172
280846,43878.016,40454.879067076385
280847,43878.016,36568.721755945146
280848,43878.016,12296.970761149854
280849,43878.016,26881.60827318718
280850,43878.016,63367.7424012821
280851,43878.016,12180.349818991745
280852,43878.016,15493.836110013237
280853,43878.016,28689.87165158528
280854,43878.016,32223.261674559468
280855,43878.016,96375.25261056206
280856,43878.016,17813.53195706426
280857,43878.016,16839.10575414792
280858,43878.016,38378.869236856255
280859,43878.016,48082.62628364263
280860,43878.016,10552.40671565409
280861,43878.016,39587.388877652615
280862,43878.016,17451.075564876955
280863,43878.016,36287.7583276903
280864,43878.016,12747.509160692616
280865,43878.016,21316.582027134144
280866,43878.016,34094.327276594806
280867,43878.016,48671.818011160205
280868,43878.016,46058.625569019416
280869,43878.016,6558.385248680968
280870,43878.016,23594.056602271357
280871,43878.016,5659.266825600119
280872,43878.016,30708.4280021941
280873,43878.016,23513.87576975068
280874,43878.016,75520.6718866173
280875,43878.016,24503.635395121288
280876,43878.016,13742.868758501
280877,43878.016,22282.535159892952
280878,43878.016,28610.25306906554
280879,43878.016,35950.67076225083
280880,43878.016,34176.87371866343
280881,43878.016,63827.42109756802
280882,43878.016,65601.14138027048
280883,43878.016,55798.64475732997
280884,43878.016,48764.95718389014
280885,43878.016,49333.495705844114
280886,43878.016,32626.830419148133
280887,43878.016,39261.623981719815
280888,43878.016,26619.18820236298
280889,43878.016,55192.96506502999
280890,43878.016,16251.575513457736
280891,43878.016,20281.141522730577
280892,43878.016,43419.80293340043
280893,43878.016,7331.358622065122
280894,43878.016,45286.68982097394
280895,43878.016,5948.184988948559
280896,43878.016,28888.870220467055
280897,43878.016,36105.90187877907
280898,43878.016,19722.745682376706
280899,43878.016,23733.00469544187
280900,43878.016,27805.644049062306
280901,43878.016,25960.16566941805
280902,43878.016,50473.3949513119
280903,43878.016,60435.97087952296
280904,43878.016,22796.11995207267
280905,43878.016,37601.66502052036
280906,43878.016,43195.120317285095
280907,43878.016,38932.660089679215
280908,43878.016,31494.201302884954
280909,43878.016,52598.70830311045
280910,43878.016,64857.20587883804
280911,43878.016,30495.54566393186
280912,43878.016,34869.27450261212
280913,43878.016,6481.452608322476
280914,43878.016,53945.52280602599
280915,43878.016,26963.51986506285
280916,43878.016,24274.784549936445
280917,43878.016,84865.3563110826
280918,43878.016,49521.7257956416
280919,43878.016,57003.41818879347
280920,43878.016,35309.99811139074
280921,43878.016,70277.88527154454
280922,43878.016,26162.16861123822
280923,43878.016,47652.37209371135
280924,43878.016,10748.031907272854
280925,43878.016,27233.886048890297
280926,43878.016,33887.09325344304
280927,43878.016,10502.079475649825
280928,43878.016,36664.073341736264
280929,43878.016,53925.54362592745
280930,43878.016,13189.399908265797
280931,43878.016,29032.525977168527
280932,43878.016,8882.18424785601
280933,43878.016,76872.49733833826
280934,43878.016,61420.31590831104
280935,43878.016,9117.26523525355
280936,43878.016,50651.0007639524
280937,43878.016,57915.6218812509
280938,43878.016,8130.9945785555865
280939,43878.016,48009.40757212039
280940,43878.016,63834.672676601396
280941,43878.016,21876.10459431031
280942,43878.016,23156.70389914211
280943,43878.016,57543.60478228632
280944,43878.016,29801.341753015033
280945,43878.016,20130.55183454201
280946,43878.016,20496.42851847994
280947,43878.016,42188.11286932225
280948,43878.016,52745.2163060975
280949,43878.016,70042.94363421397
280950,43878.016,9896.720511540196
280951,43878.016,19921.771676461594
280952,43878.016,33987.2796111067
280953,43878.016,19244.199223199408
280954,43878.016,27669.408307563543
280955,43878.016,49221.556210466835
280956,43878.016,40804.818502712194
280957,43878.016,64528.623874369696
280958,43878.016,17014.089955672185
280959,43878.016,48378.79179481769
280960,43878.016,36885.781375921026
280961,43878.016,48001.276813052114
280962,43878.016,49396.26064839612
280963,43878.016,60317.87408579524
280964,43878.016,7649.853234939354
280965,43878.016,46825.31006207509
280966,43878.016,7748.866131066485
280967,43878.016,21178.959809194665
280968,43878.016,52825.94058060959
280969,43878.016,34251.76893087129
280970,43878.016,17544.50910966669
280971,43878.016,14508.032078944192
280972,43878.016,32938.8688113939
280973,43878.016,37342.73110366289
280974,43878.016,14510.713923945477
280975,43878.016,29468.47865406111
280976,43878.016,65978.33452820893
280977,43878.016,47423.2318497699
280978,43878.016,71781.04279902669
280979,43878.016,14704.458536806504
280980,43878.016,55122.21219816619
280981,43878.016,36402.20315234477
280982,43878.016,51511.415895703576
280983,43878.016,40725.77904536817
280984,43878.016,19256.375422838086
280985,43878.016,11925.413531675471
280986,43878.016,40396.33777117145
280987,43878.016,18995.80439331508
280988,43878.016,35338.06989675045
280989,43878.016,68768.36147611291
280990,43878.016,16161.509788345495
280991,43878.016,9676.363184503489
280992,43878.016,40426.088593020664
280993,43878.016,62804.18982622285
280994,43878.016,21135.387958887637
280995,43878.016,36910.60777941597
280996,43878.016,63095.8601553106
280997,43878.016,40856.39107466359
280998,43878.016,45763.66834894679
280999,43878.016,16490.998930080066
281000,43878.016,77847.58241558468
281001,43878.016,25804.831729583406
281002,43878.016,47870.98094213028
281003,43878.016,16452.28462634918
281004,43878.016,52691.36470120163
281005,43878.016,8634.631989432903
281006,43878.016,63247.59598434488
281007,43878.016,48707.09163876231
281008,43878.016,21660.955599260087
281009,43878.016,25932.078679810133
281010,43878.016,48099.31195647134
281011,43878.016,28404.657626977318
281012,43878.016,59267.42203806153
281013,43878.016,54822.64638609536
281014,43878.016,8547.701884911916
281015,43878.016,51993.70973326392
281016,43878.016,67401.66744467705
281017,43878.016,26446.811645212132
281018,43878.016,44555.20647974126
281019,43878.016,17813.120289878654
281020,43878.016,14836.08685474704
281021,43878.016,25392.379501596242
281022,43878.016,21953.946422846617
281023,43878.016,15463.418206388407
281024,43878.016,22643.605722673612
281025,43878.016,40644.55511119836
281026,43878.016,12721.513297540992
281027,43878.016,28509.768473508346
281028,43878.016,35459.53550470061
281029,43878.016,62123.87303336549
281030,43878.016,9580.13721642935
281031,43878.016,5783.02617599876
281032,43878.016,64501.25945586633
281033,43878.016,23639.351920707915
281034,43878.016,27325.758499720632
281035,43878.016,18888.969309421336
281036,43878.016,24291.53615949768
281037,43878.016,14030.943504247938
281038,43878.016,61697.35411444627
281039,43878.016,17293.759117765247
281040,43878.016,7448.483149260245
281041,43878.016,39463.863540442304
281042,43878.016,11257.029957729399
281043,43878.016,20000.071797028224
281044,43878.016,18806.930272002504
281045,43878.016,42548.15570275245
281046,43878.016,32142.72515698207
281047,43878.016,46584.87578837861
281048,43878.016,34590.724249775325
281049,43878.016,61409.99498656978
281050,43878.016,8285.40980870409
281051,43878.016,10590.652315136249
281052,43878.016,50047.97808491519
281053,43878.016,66580.12228226516
281054,43878.016,14708.478810116678
281055,43878.016,39511.6066214488
281056,43878.016,68055.86926287459
281057,43878.016,28766.066049626872
281058,43878.016,25060.232045072837
281059,43878.016,63938.23616755546
281060,43878.016,8486.011384988704
281061,43878.016,23124.301186063283
281062,43878.016,48540.03446279793
281063,43878.016,60427.09363165706
281064,43878.016,69469.91306324415
281065,43878.016,31274.213311384945
281066,43878.016,21306.171620320674
281067,43878.016,54749.641448688824
281068,43878.016,32006.92064001208
281069,43878.016,45504.685467127805
281070,43878.016,9556.04661536681
281071,43878.016,47141.87508985802
281072,43878.016,43599.51274576916
281073,43878.016,60962.22849854045
281074,43878.016,54513.55520775657
281075,43878.016,56043.20837821333
281076,43878.016,35947.929624554345
281077,43878.016,10381.257499450578
281078,43878.016,25451.138908881643
281079,43878.016,53521.33736263842
281080,43878.016,85346.4026983384
281081,43878.016,42368.53926999807
281082,43878.016,9127.60613355117
281083,43878.016,30084.668202880686
281084,43878.016,13826.251538057386
281085,43878.016,17809.02193571563
281086,43878.016,21694.607489021517
281087,43878.016,50879.73411335596
281088,43878.016,27150.143633495023
281089,43878.016,36433.13298159088
281090,43878.016,14404.078921089636
281091,43878.016,15951.124438986759
281092,43878.016,40220.21169271783
281093,43878.016,11869.925028373631
281094,43878.016,46252.87982984773
281095,43878.016,28778.241584678286
281096,43878.016,31487.042947928858
281097,43878.016,22834.058367229212
281098,43878.016,18811.8742781111
281099,43878.016,14919.574432144209
281100,43878.016,16535.458834266636
281101,43878.016,48391.471938904804
281102,43878.016,56432.5456621998
281103,43878.016,8668.131499062521
281104,43878.016,10242.82564767362
281105,43878.016,19074.29479466212
281106,43878.016,24265.893765471836
281107,43878.016,27549.948265919684
281108,43878.016,54433.19183609887
281109,43878.016,28327.546234501013
281110,43878.016,34943.820318066624
281111,43878.016,23563.862804292257
281112,43878.016,32889.93941949611
281113,43878.016,52933.28321314913
281114,43878.016,16448.664312843255
281115,43878.016,10230.161525160549
281116,43878.016,46915.63456657954
281117,43878.016,14763.75269899985
281118,43878.016,32219.582417512564
281119,43878.016,27325.235545014377
281120,43878.016,45422.542916199876
281121,43878.016,40623.937294552416
281122,43878.016,47685.65616215581
281123,43878.016,50321.97485798168
281124,43878.016,82667.8480500158
281125,43878.016,28875.929240092384
281126,43878.016,22515.964672854338
281127,43878.016,53796.95239033199
281128,43878.016,21241.33559624495
281129,43878.016,14376.825396444103
281130,43878.016,12416.213261403691
281131,43878.016,15101.523975970906
281132,43878.016,28617.98023856885
281133,43878.016,8480.407277535802
281134,43878.016,7472.019997921815
281135,43878.016,45606.793644419115
281136,43878.016,35096.24373147587
281137,43878.016,72351.78902911926
281138,43878.016,16501.710150878294
281139,43878.016,8730.386791168656
281140,43878.016,43029.86094051753
281141,43878.016,26133.650792173434
281142,43878.016,46504.46303773587
281143,43878.016,14687.59869095574
281144,43878.016,36716.17573150555
281145,43878.016,57050.024596539944
281146,43878.016,39396.90416806963
281147,43878.016,11390.589464929897
281148,43878.016,24975.267955692183
281149,43878.016,19340.382070280197
281150,43878.016,8174.287150655176
281151,43878.016,7902.772236195491
281152,43878.016,15928.246874737753
281153,43878.016,19064.348596554642
281154,43878.016,53589.03081685308
281155,43878.016,26957.127953416813
281156,43878.016,44021.47566930417
281157,43878.016,89587.29633377524
281158,43878.016,23520.636545501933
281159,43878.016,20731.69462631171
281160,43878.016,20508.15325964046
281161,43878.016,14929.615336154728
281162,43878.016,56778.986816383906
281163,43878.016,4100.7319247856985
281164,43878.016,49513.71260353007
281165,43878.016,20928.304579325937
281166,43878.016,30610.913944839875
281167,43878.016,37062.742354613314
281168,43878.016,45566.861637203874
281169,43878.016,14725.767171391368
281170,43878.016,32625.713984154037
281171,43878.016,27455.773494688554
281172,43878.016,41858.99087078846
281173,43878.016,49926.17211442356
281174,43878.016,17018.030384150385
281175,43878.016,43104.850902862956
281176,43878.016,18103.426519632078
281177,43878.016,45774.0445938934
281178,43878.016,18265.265592561205
281179,43878.016,47781.59796047633
281180,43878.016,46944.34396447642
281181,43878.016,16032.607398368596
281182,43878.016,22480.71958657218
281183,43878.016,18296.33088088148
281184,43878.016,42499.96616039651
281185,43878.016,39927.86726277554
281186,43878.016,40270.26166911508
281187,43878.016,42645.470802163974
281188,43878.016,47575.835539776956
281189,43878.016,12253.122121220551
281190,43878.016,12326.894086683496
281191,43878.016,11371.99673601777
281192,43878.016,45969.722091163734
281193,43878.016,19360.6222898805
281194,43878.016,21197.04872835734
281195,43878.016,39846.99862866204
281196,43878.016,45902.558171745586
281197,43878.016,22025.705657862978
281198,43878.016,48813.79107115022
281199,43878.016,50157.54962411633
281200,43878.016,63677.80673145431
281201,43878.016,64208.55191448685
281202,43878.016,39217.461403029854
281203,43878.016,22692.297110740194
281204,43878.016,13008.7835052761
281205,43878.016,29402.280608065612
281206,43878.016,9410.913770023108
281207,43878.016,11734.270500845712
281208,43878.016,21564.850099152995
281209,43878.016,51234.693583709704
281210,43878.016,59165.22997564432
281211,43878.016,13919.447010536835
281212,43878.016,65188.06584173549
281213,43878.016,25381.389281533076
281214,43878.016,70585.75234618664
281215,43878.016,20351.641831835444
281216,43878.016,48018.02074340091
281217,43878.016,16320.521692518569
281218,43878.016,33201.28578498372
281219,43878.016,51746.29950245891
281220,43878.016,39522.9295686266
281221,43878.016,23874.576889090567
281222,43878.016,50138.67639812402
281223,43878.016,53642.0026066474
281224,43878.016,69736.80139028857
281225,43878.016,51143.3551387573
281226,43878.016,36852.66223483311
281227,43878.016,36437.11784092386
281228,43878.016,19463.137615580945
281229,43878.016,71116.4742880841
281230,43878.016,31653.92942766657
281231,43878.016,68177.8232520326
281232,43878.016,41075.22922240433
281233,43878.016,22974.760725749074
281234,43878.016,30907.949228940895
281235,43878.016,56157.617368733976
281236,43878.016,27507.618000236835
281237,43878.016,14578.610894290878
281238,43878.016,62965.81321293353
281239,43878.016,42726.62922718115
281240,43878.016,63927.0916748407
281241,43878.016,13231.025145258101
281242,43878.016,15863.530489339426
281243,43878.016,21604.161681397152
281244,43878.016,37955.7990115406
281245,43878.016,52918.44814156898
281246,43878.016,44574.696911244566
281247,43878.016,70391.88187811708
281248,43878.016,21671.425898231206
281249,43878.016,30045.644484897923
281250,43878.016,25564.713036229627
281251,43878.016,19863.066295036304
281252,43878.016,8779.169968102335
281253,43878.016,28725.76654567464
281254,43878.016,21403.211777639946
281255,43878.016,17110.05162955804
281256,43878.016,25824.54344008811
281257,43878.016,45790.47323407519
281258,43878.016,30216.72626842298
281259,43878.016,77382.58857581101
281260,43878.016,19011.353001647585
281261,43878.016,60694.269282093606
281262,43878.016,17039.030284270422
281263,43878.016,16425.91784323483
281264,43878.016,9816.911771875511
281265,43878.016,17501.041688278074
281266,43878.016,32578.060912437446
281267,43878.016,9982.139763159665
281268,43878.016,38453.68347491812
281269,43878.016,9708.300286984648
281270,43878.016,24206.567252574903
281271,43878.016,38573.218031787095
281272,43878.016,19967.278011193514
281273,43878.016,29676.37022569059
281274,43878.016,49500.41894941595
281275,43878.016,29128.582714989814
281276,43878.016,17057.093109985406
281277,43878.016,18915.85598314348
281278,43878.016,32072.66849399453
281279,43878.016,40064.20615932756
281280,43878.016,18518.33896553154
281281,43878.016,39029.42907813222
281282,43878.016,49634.874603871096
281283,43878.016,51515.35438530242
281284,43878.016,61371.181121703026
281285,43878.016,37575.69529521576
281286,43878.016,38158.03731207359
281287,43878.016,26664.598254157954
281288,43878.016,58122.35868568891
281289,43878.016,60918.27576751084
281290,43878.016,20369.083737285127
281291,43878.016,13173.916328828622
281292,43878.016,46317.05914233596
281293,43878.016,52954.86133245633
281294,43878.016,72524.3999281642
281295,43878.016,9594.411156272854
281296,43878.016,15680.182635695159
281297,43878.016,59847.81237524197
281298,43878.016,50076.573389533114
281299,43878.016,47874.76907603368
281300,43878.016,16483.697668196754
281301,43878.016,33253.28494874363
281302,43878.016,35427.05518805537
281303,43878.016,19796.721927702376
281304,43878.016,27151.429917406567
281305,43878.016,61896.41910820107
281306,43878.016,24549.642340099297
281307,43878.016,55882.9693290545
281308,43878.016,17445.963410187596
281309,43878.016,52319.227136946625
281310,43878.016,9049.72077251967
281311,43878.016,54839.67837077661
281312,43878.016,11415.226651119377
281313,43878.016,22279.71070628266
281314,43878.016,82710.96492698097
281315,43878.016,15152.300927478118
281316,43878.016,21807.54489685079
281317,43878.016,51472.228589031205
281318,43878.016,32124.091961184055
281319,43878.016,44276.83631196446
281320,43878.016,23924.523170003005
281321,43878.016,67622.07631256712
281322,43878.016,29265.5293903072
281323,43878.016,69881.94114849278
281324,43878.016,44597.580876988424
281325,43878.016,37590.46525645884
281326,43878.016,47602.05245296981
281327,43878.016,48150.19938033213
281328,43878.016,26567.574089657366
281329,43878.016,24127.361652457927
281330,43878.016,74902.91875917856
281331,43878.016,6543.717372374396
281332,43878.016,23834.970564216335
281333,43878.016,21545.601728073623
281334,43878.016,24351.224672459204
281335,43878.016,17987.43698684585
281336,43878.016,40487.87265778068
281337,43878.016,38696.730522897866
281338,43878.016,23093.580509948803
281339,43878.016,44629.0639640103
281340,43878.016,78313.37567284395
281341,43878.016,32651.515153005294
281342,43878.016,35428.853113116886
281343,43878.016,17751.419970832376
281344,43878.016,42416.94528421036
281345,43878.016,49528.921377536695
281346,43878.016,16766.582761180205
281347,43878.016,20987.15717872257
281348,43878.016,56333.33916277302
281349,43878.016,18069.950113235664
281350,43878.016,29202.181855409985
281351,43878.016,31736.97810503947
281352,43878.016,39878.58056322503
281353,43878.016,17014.92131172412
281354,43878.016,12338.43576452552
281355,43878.016,32439.923365088987
281356,43878.016,23369.198900809984
281357,43878.016,15301.985999339397
281358,43878.016,48823.01640178204
281359,43878.016,46920.41265636382
281360,43878.016,59935.63864383613
281361,43878.016,43777.690656349616
281362,43878.016,21118.888459218757
281363,43878.016,34155.74863666996
281364,43878.016,10676.89882517883
281365,43878.016,15459.487367446187
281366,43878.016,6825.845084579893
281367,43878.016,45256.385432670126
281368,43878.016,26312.39235265699
281369,43878.016,12016.527307986089
281370,43878.016,10323.742459145407
281371,43878.016,68039.6188629446
281372,43878.016,37117.19887322429
281373,43878.016,21814.075412121565
281374,43878.016,45873.07374862787
281375,43878.016,75571.22521746664
281376,43878.016,5474.522221496797
281377,43878.016,35459.18211295798
281378,43878.016,15681.953617939336
281379,43878.016,30469.493281181985
281380,43878.016,12464.82077573275
281381,43878.016,42123.24038750081
281382,43878.016,27401.825717989213
281383,43878.016,8674.409826453597
281384,43878.016,49648.75191883835
281385,43878.016,11811.528505392012
281386,43878.016,34320.31091828381
281387,43878.016,42675.633780896365
281388,43878.016,31886.215629222446
281389,43878.016,13611.539921779426
281390,43878.016,25432.384116009267
281391,43878.016,23630.47207843164
281392,43878.016,6835.631801717017
281393,43878.016,16214.357334370912
281394,43878.016,39203.598408827536
281395,43878.016,80503.88060058928
281396,43878.016,54707.64025388649
281397,43878.016,28345.6740002373
281398,43878.016,8139.361198811117
281399,43878.016,51010.207454253534
281400,43878.016,24186.426671954156
281401,43878.016,16036.7687168988
281402,43878.016,43784.366261311276
281403,43878.016,29784.273429418332
281404,43878.016,34780.66944124775
281405,43878.016,10665.527118839527
281406,43878.016,22075.97311446756
281407,43878.016,11227.353111221635
281408,43878.016,10571.821291872651
281409,43878.016,16239.304351887959
281410,43878.016,30803.618880869042
281411,43878.016,51781.16102815721
281412,43878.016,58875.34199455534
281413,43878.016,58172.409417210634
281414,43878.016,19285.868364264737
281415,43878.016,10601.124105862318
281416,43878.016,51970.995446769586
281417,43878.016,48811.14081664334
281418,43878.016,17856.553492630133
281419,43878.016,73123.1341112646
281420,43878.016,28681.416283060564
281421,43878.016,19881.170754802675
281422,43878.016,56163.40552067211
281423,43878.016,7958.429250791004
281424,43878.016,11268.261687822915
281425,43878.016,71462.60603239514
281426,43878.016,35066.76914441974
281427,43878.016,21011.376334390734
281428,43878.016,37796.41206016348
281429,43878.016,42961.309639190775
281430,43878.016,49271.57597069939
281431,43878.016,10142.501913734512
281432,43878.016,49003.03154884879
281433,43878.016,18064.871745196888
281434,43878.016,66351.58101277552
281435,43878.016,89251.42189779706
281436,43878.016,15334.466185641437
281437,43878.016,24191.041543206284
281438,43878.016,13092.806938800528
281439,43878.016,62697.46836343121
281440,43878.016,31281.638432328302
281441,43878.016,34614.19506878875
281442,43878.016,73188.62815726374
281443,43878.016,91260.8236717253
281444,43878.016,61005.49628118004
281445,43878.016,62566.69830424516
281446,43878.016,33815.149114548636
281447,43878.016,15675.434922745806
281448,43878.016,22797.53816265577
281449,43878.016,43357.81033991783
281450,43878.016,17001.133981230807
281451,43878.016,36699.727471351944
281452,43878.016,33646.790242265124
281453,43878.016,57441.01463963721
281454,43878.016,25461.069519793284
281455,43878.016,60296.41336066506
281456,43878.016,24101.977412089593
281457,43878.016,10538.800912114422
281458,43878.016,27239.41827815315
281459,43878.016,56817.07117053406
281460,43878.016,16615.852405885504
281461,43878.016,18360.708446671717
281462,43878.016,54024.78510284799
281463,43878.016,34908.432854448714
281464,43878.016,24738.20318359907
281465,43878.016,23196.043037635773
281466,43878.016,58268.938632134035
281467,43878.016,13779.707718268577
281468,43878.016,34391.17552629867
281469,43878.016,30448.35009244757
281470,43878.016,43314.59701976233
281471,43878.016,57015.90102787013
281472,43878.016,37894.87474055627
281473,43878.016,14172.948329620189
281474,43878.016,66966.54829778407
281475,43878.016,28497.42726337395
281476,43878.016,10975.20428195819
281477,43878.016,38407.62328612597
281478,43878.016,19064.903897317028
281479,43878.016,42964.10465386049
281480,43878.016,32772.903579630154
281481,43878.016,115653.12922165147
281482,43878.016,8221.928834463568
281483,43878.016,52431.842422124726
281484,43878.016,27516.83724497319
281485,43878.016,32083.46404590288
281486,43878.016,47779.83701165985
281487,43878.016,63103.760700034305
281488,43878.016,21694.216385470172
281489,43878.016,14889.519509755444
281490,43878.016,13060.195130756929
281491,43878.016,29820.24720443258
281492,43878.016,8053.362278981744
281493,43878.016,50240.15781926211
281494,43878.016,20763.965211532257
281495,43878.016,29545.896322854907
281496,43878.016,33967.45069711749
281497,43878.016,17576.656351595273
281498,43878.016,19443.671957182374
281499,43878.016,44615.16675161416
281500,43878.016,26796.95422762842
281501,43878.016,27942.705901101628
281502,43878.016,47811.15552714892
281503,43878.016,41235.33629063548
281504,43878.016,61738.460449609986
281505,43878.016,46559.857621661475
281506,43878.016,11569.49428315607
281507,43878.016,18418.228703737685
281508,43878.016,16947.452707394998
281509,43878.016,8592.522271908183
281510,43878.016,56587.583673882444
281511,43878.016,67669.78324940953
281512,43878.016,47537.3946957261
281513,43878.016,40638.00786950867
281514,43878.016,10335.606353000643
281515,43878.016,13184.589842905763
281516,43878.016,16871.489943049477
281517,43878.016,36940.248764417396
281518,43878.016,22427.94369117806
281519,43878.016,49443.47300793795
281520,43878.016,11796.39287079125
281521,43878.016,47464.72240166629
281522,43878.016,18469.47550006603
281523,43878.016,15272.993615536148
281524,43878.016,52394.26821872481
281525,43878.016,23189.178709388114
281526,43878.016,26929.394087149867
281527,43878.016,20775.481081097638
281528,43878.016,44034.70368142044
281529,43878.016,12340.604260324075
281530,43878.016,27636.092344633747
281531,43878.016,36753.63975876783
281532,43878.016,25421.67957721938
281533,43878.016,21592.51134892803
281534,43878.016,23377.378085710105
281535,43878.016,57611.89041634219
281536,43878.016,24331.042361263433
281537,43878.016,8403.845631597935
281538,43878.016,47519.918859445796
281539,43878.016,7781.187730515406
281540,43878.016,55298.12350422371
281541,43878.016,34944.370622975825
281542,43878.016,77669.49879208716
281543,43878.016,13787.17821580442
281544,43878.016,50256.18990787392
281545,43878.016,10262.09911661685
281546,43878.016,35959.11166849989
281547,43878.016,52423.329786676455
281548,43878.016,8604.798140304498
281549,43878.016,20976.589291636974
281550,43878.016,7172.331269236394
281551,43878.016,42879.94270119181
281552,43878.016,16559.05367573274
281553,43878.016,49281.458546128546
281554,43878.016,71844.89221427834
281555,43878.016,20694.79390552149
281556,43878.016,30824.446223476516
281557,43878.016,68179.52974359968
281558,43878.016,44534.886147810284
281559,43878.016,39261.23242047434
281560,43878.016,23866.44226797732
281561,43878.016,15945.197842530482
281562,43878.016,17784.786753497996
281563,43878.016,21400.1161984365
281564,43878.016,17097.89252265513
281565,43878.016,10458.687292971981
281566,43878.016,43887.23884967134
281567,43878.016,44556.405991536645
281568,43878.016,21213.494365969433
281569,43878.016,40337.102065784486
281570,43878.016,46475.83817834277
281571,43878.016,12122.337223951792
281572,43878.016,35053.07857578583
281573,43878.016,16975.74753588063
281574,43878.016,46156.64746491682
281575,43878.016,29098.963546948795
281576,43878.016,64779.095433365546
281577,43878.016,44433.06781252069
281578,43878.016,35633.984330678635
281579,43878.016,60845.44898745223
281580,43878.016,79053.72906538221
281581,43878.016,37634.74930041625
281582,43878.016,12677.578912253024
281583,43878.016,21889.536370079288
281584,43878.016,15959.072052316205
281585,43878.016,19497.170981292493
281586,43878.016,14718.680090585087
281587,43878.016,19254.736582269237
281588,43878.016,34524.42948233897
281589,43878.016,9911.272516233348
281590,43878.016,44691.68613221959
281591,43878.016,60987.20292355806
281592,43878.016,67692.50948077635
281593,43878.016,72940.94961002687
281594,43878.016,31195.048614802698
281595,43878.016,62001.93704183939
281596,43878.016,69994.55648451172
281597,43878.016,56113.69757411879
281598,43878.016,13428.597347048926
281599,43878.016,34170.07563489473
281600,43878.016,63778.260650054544
281601,43878.016,33914.12297627615
281602,43878.016,53581.35401115623
281603,43878.016,10670.045445069665
281604,43878.016,50601.4575613124
281605,43878.016,62697.55109284507
281606,43878.016,42801.50859002705
281607,43878.016,28937.86984108781
281608,43878.016,43965.723548471135
281609,43878.016,74706.45242557235
281610,43878.016,50526.262626609496
281611,43878.016,44125.203963001324
281612,43878.016,25501.77076201754
281613,43878.016,50086.934773737325
281614,43878.016,26884.34621042497
281615,43878.016,23231.122606841313
281616,43878.016,19973.40900818203
281617,43878.016,37614.729408053936
281618,43878.016,53499.92025758882
281619,43878.016,34488.05922916223
281620,43878.016,55514.13988394087
281621,43878.016,46342.4379526965
281622,43878.016,38444.58527071434
281623,43878.016,90083.84864370845
281624,43878.016,20315.831230514515
281625,43878.016,80206.23289839369
281626,43878.016,11785.393371399348
281627,43878.016,29219.663520243303
281628,43878.016,25444.631839872753
281629,43878.016,16607.467823567913
281630,43878.016,57700.37065348092
281631,43878.016,50077.08271262466
281632,43878.016,41681.83282639123
281633,43878.016,38065.06275081889
281634,43878.016,69388.00565344711
281635,43878.016,42842.2161246776
281636,43878.016,42100.61394194697
281637,43878.016,51709.71702408213
281638,43878.016,47213.99442103589
281639,43878.016,28806.39096995842
281640,43878.016,60373.5684482534
281641,43878.016,55125.39500689365
281642,43878.016,30263.441695672398
281643,43878.016,48652.81771341973
281644,43878.016,43204.424103773796
281645,43878.016,49159.378418400585
281646,43878.016,58589.48661723833
281647,43878.016,41007.71392373308
281648,43878.016,41832.97579919324
281649,43878.016,60871.663706303385
281650,43878.016,18571.023774529524
281651,43878.016,25207.282215173123
281652,43878.016,62651.68115836766
281653,43878.016,46284.91956920353
281654,43878.016,49116.482935664724
281655,43878.016,64626.67000718343
281656,43878.016,33107.661711839966
281657,43878.016,59579.74984954673
281658,43878.016,14615.487300239163
281659,43878.016,29444.36344224994
281660,43878.016,24713.56955428323
281661,43878.016,13521.622642550865
281662,43878.016,21915.15535975498
281663,43878.016,44345.3270168947
281664,43878.016,10703.309158055888
281665,43878.016,46022.69523134358
281666,43878.016,29558.774981025235
281667,43878.016,11698.621802068408
281668,43878.016,63411.15827152607
281669,43878.016,72672.15357958848
281670,43878.016,22778.618548636154
281671,43878.016,61314.96419981045
281672,43878.016,37239.96645751674
281673,43878.016,50323.5536379616
281674,43878.016,60652.59491429772
281675,43878.016,20878.30454760746
281676,43878.016,17244.59445282784
281677,43878.016,14798.516387297836
281678,43878.016,48031.367127461315
281679,43878.016,51174.39703268386
281680,43878.016,50883.52891822001
281681,43878.016,14231.546938697496
281682,43878.016,58540.28454501497
281683,43878.016,60455.786658677585
281684,43878.016,45368.15403326569
281685,43878.016,38347.394094661904
281686,43878.016,16381.572904364282
281687,43878.016,37941.997251615154
281688,43878.016,48042.69129788795
281689,43878.016,55298.59040568484
281690,43878.016,11298.077889616397
281691,43878.016,62433.07281751338
281692,43878.016,44178.113890750945
281693,43878.016,47405.40751132903
281694,43878.016,53190.38914848331
281695,43878.016,30785.955986721186
281696,43878.016,56826.411409965316
281697,43878.016,24884.713277241473
281698,43878.016,37443.54891731299
281699,43878.016,52349.235624972905
281700,43878.016,14116.900764861026
281701,43878.016,81908.32532482911
281702,43878.016,14798.197036428868
281703,43878.016,44372.24283934166
281704,43878.016,50697.35151871807
281705,43878.016,54711.26155572711
281706,43878.016,52762.18031597119
281707,43878.016,16357.849601177051
281708,43878.016,56658.91485598413
281709,43878.016,23833.327988568533
281710,43878.016,10236.748564656755
281711,43878.016,22188.722231783075
281712,43878.016,38395.737846550765
281713,43878.016,21516.144728409912
281714,43878.016,13773.046463678038
281715,43878.016,49216.23026149499
281716,43878.016,11787.406623084787
281717,43878.016,14720.588785681604
281718,43878.016,63481.68467489411
281719,43878.016,58218.49557364923
281720,43878.016,8208.138883083318
281721,43878.016,15142.756209864476
281722,43878.016,66955.47858512285
281723,43878.016,26602.628763852597
281724,43878.016,44958.46367404835
281725,43878.016,13200.639007634387
281726,43878.016,34048.50866786953
281727,43878.016,7775.915672594199
281728,43878.016,35903.153227144845
281729,43878.016,8933.919743085402
281730,43878.016,37122.57672801857
281731,43878.016,38708.036843114554
281732,43878.016,46151.46804671536
281733,43878.016,24443.83756985339
281734,43878.016,51028.98442812527
281735,43878.016,45161.53553335669
281736,43878.016,14826.161328003373
281737,43878.016,54366.65215480526
281738,43878.016,47632.19024261996
281739,43878.016,47852.16779901226
281740,43878.016,55904.556659736285
281741,43878.016,30616.005088263406
281742,43878.016,17771.80892837554
281743,43878.016,52883.72716690845
281744,43878.016,41099.72886774693
281745,43878.016,36011.31688249863
281746,43878.016,24259.53389394168
281747,43878.016,24086.17280513281
281748,43878.016,52010.19589002285
281749,43878.016,11153.94597868242
281750,43878.016,49910.488245350316
281751,43878.016,62227.40761901336
281752,43878.016,23403.253731300065
281753,43878.016,26747.59079792192
281754,43878.016,23031.4828481839
281755,43878.016,48042.83143872908
281756,43878.016,16489.72787327045
281757,43878.016,16945.185429774323
281758,43878.016,52587.68318884024
281759,43878.016,33778.99712086832
281760,43878.016,32500.519224010248
281761,43878.016,30869.37023621596
281762,43878.016,25398.678248020642
281763,43878.016,15957.016404306227
281764,43878.016,10558.570393117676
281765,43878.016,50571.113896087256
281766,43878.016,62668.6817183406
281767,43878.016,17528.103153386015
281768,43878.016,34694.731019515806
281769,43878.016,15216.226850498992
281770,43878.016,28419.650483928708
281771,43878.016,41893.301114677386
281772,43878.016,64577.420967214246
281773,43878.016,48203.67200685986
281774,43878.016,13996.348866490203
281775,43878.016,59517.46365128791
281776,43878.016,47079.47881653852
281777,43878.016,54660.92009127344
281778,43878.016,54944.912136093015
281779,43878.016,26840.034839208845
281780,43878.016,52772.27892897768
281781,43878.016,25898.151746390657
281782,43878.016,64630.73705576949
281783,43878.016,5122.928984302367
281784,43878.016,34207.09174094872
281785,43878.016,65739.81418731483
281786,43878.016,55094.95429679767
281787,43878.016,26346.808058516646
281788,43878.016,16619.349326380354
281789,43878.016,27056.33672221757
281790,43878.016,32241.24213697737
281791,43878.016,18343.281921679354
281792,43878.016,9043.330347557823
281793,43878.016,30752.486193776305
281794,43878.016,9288.893237554355
281795,43878.016,13731.763027677092
281796,43878.016,60439.41384011635
281797,43878.016,54656.861883659374
281798,43878.016,44150.16914602564
281799,43878.016,19432.230203303323
281800,43878.016,28142.393999231303
281801,43878.016,36771.8841121964
281802,43878.016,28452.22261640499
281803,43878.016,23496.400114713295
281804,43878.016,10543.54389322396
281805,43878.016,16810.5742586794
281806,43878.016,41193.044316923944
281807,43878.016,26230.438903336482
281808,43878.016,31615.136052100937
281809,43878.016,28958.48483278212
281810,43878.016,67436.86386590429
281811,43878.016,25599.527492884383
281812,43878.016,23390.944301758667
281813,43878.016,15832.25792432259
281814,43878.016,76268.09623791274
281815,43878.016,84804.98521791474
281816,43878.016,31813.971271143
281817,43878.016,72000.36254565466
281818,43878.016,22795.6318232728
281819,43878.016,34434.258547962185
281820,43878.016,25105.507835416178
281821,43878.016,29133.134949002826
281822,43878.016,16024.638516430598
281823,43878.016,53504.83161347223
281824,43878.016,45169.32903337101
281825,43878.016,33259.401017190234
281826,43878.016,13832.633501475124
281827,43878.016,34570.0952562811
281828,43878.016,26536.465181938216
281829,43878.016,54850.78338439977
281830,43878.016,50048.15733226789
281831,43878.016,46351.26193081101
281832,43878.016,39160.317443983855
281833,43878.016,67213.95083904002
281834,43878.016,59148.08194589088
281835,43878.016,15561.805292966163
281836,43878.016,43725.29157270992
281837,43878.016,38728.25832856736
281838,43878.016,62941.28032256569
281839,43878.016,17699.84777059775
281840,43878.016,21003.172899462563
281841,43878.016,51093.07558974874
281842,43878.016,51697.786883180066
281843,43878.016,13641.236032060124
281844,43878.016,26960.768826468142
281845,43878.016,13707.565328152794
281846,43878.016,12337.789246435075
281847,43878.016,47599.22190545328
281848,43878.016,15815.560630577624
281849,43878.016,33354.98327746564
281850,43878.016,16228.142879683544
281851,43878.016,9893.266825063976
281852,43878.016,24054.196518373734
281853,43878.016,26326.096794758174
281854,43878.016,56030.58570710217
281855,43878.016,59849.409032561765
281856,43878.016,39797.66729707494
281857,43878.016,41723.15194290428
281858,43878.016,9386.230866575444
281859,43878.016,43635.61472945607
281860,43878.016,51010.07469020257
281861,43878.016,38158.45972809306
281862,43878.016,10069.803323209977
281863,43878.016,34505.23479680705
281864,43878.016,24178.959256146143
281865,43878.016,28221.52344515743
281866,43878.016,26115.1946518473
281867,43878.016,38992.55316075841
281868,43878.016,34622.75727841652
281869,43878.016,18168.7423005012
281870,43878.016,16047.823924891485
281871,43878.016,42444.122516668926
281872,43878.016,17185.834532387158
281873,43878.016,68043.33570823031
281874,43878.016,11315.995242748495
281875,43878.016,59959.28730052407
281876,43878.016,34680.61858966544
281877,43878.016,63758.11634906878
281878,43878.016,49346.43872701903
281879,43878.016,18169.646094937663
281880,43878.016,24933.63587524838
281881,43878.016,30618.289972323448
281882,43878.016,35334.14573338903
281883,43878.016,56233.893012497334
281884,43878.016,18657.299279686642
281885,43878.016,12666.0520129832
281886,43878.016,17495.39752008226
281887,43878.016,35883.79467185226
281888,43878.016,52074.90702252887
281889,43878.016,21504.6332733564
281890,43878.016,12824.708261165444
281891,43878.016,16370.519601207838
281892,43878.016,23812.71080262517
281893,43878.016,22571.7827575828
281894,43878.016,38811.80471412907
281895,43878.016,18626.766155906767
281896,43878.016,18041.755977003017
281897,43878.016,55486.06845696299
281898,43878.016,42341.599042857764
281899,43878.016,25526.409015641682
281900,43878.016,14158.256868633262
281901,43878.016,37838.11295709052
281902,43878.016,33425.05020596432
281903,43878.016,36866.725413298474
281904,43878.016,18535.122002231907
281905,43878.016,13586.478628384153
281906,43878.016,65997.2746606972
281907,43878.016,39730.583129075705
281908,43878.016,47712.894007770665
281909,43878.016,41740.88108920063
281910,43878.016,30398.109715559727
281911,43878.016,11853.400353194407
281912,43878.016,8552.748324727438
281913,43878.016,14271.687894355346
281914,43878.016,12866.273317416573
281915,43878.016,33223.8878604179
281916,43878.016,64308.15871066684
281917,43878.016,18878.580421767063
281918,43878.016,55194.46219208041
281919,43878.016,20819.952248370202
281920,43878.016,21366.974918462718
281921,43878.016,9793.196289635103
281922,43878.016,75701.34632228417
281923,43878.016,44217.91233890351
281924,43878.016,80398.8018881696
281925,43878.016,7798.901447994557
281926,43878.016,36358.060011776
281927,43878.016,41389.49895966883
281928,43878.016,22234.72013322111
281929,43878.016,38769.78117928841
281930,43878.016,62127.33640075102
281931,43878.016,17440.576635349367
281932,43878.016,55643.232291582164
281933,43878.016,61412.840838996446
281934,43878.016,17098.314202422476
281935,43878.016,43302.01491233863
281936,43878.016,95058.05042572392
281937,43878.016,31210.208957320163
281938,43878.016,34443.163445200225
281939,43878.016,52568.5515945808
281940,43878.016,24373.68234084636
281941,43878.016,34932.38907455451
281942,43878.016,13555.885240779113
281943,43878.016,22537.0425979382
281944,43878.016,16338.61738537642
281945,43878.016,40940.31525193259
281946,43878.016,38873.0153196142
281947,43878.016,11378.509905613913
281948,43878.016,41179.67734209595
281949,43878.016,54705.17851081789
281950,43878.016,76858.22968902295
281951,43878.016,17472.099828651066
281952,43878.016,16411.802705278893
281953,43878.016,48094.437313733804
281954,43878.016,43976.568681876706
281955,43878.016,29466.468033977402
281956,43878.016,42108.0313409667
281957,43878.016,86617.40299871097
281958,43878.016,62737.265749688515
281959,43878.016,55658.10777879856
281960,43878.016,44078.67330786413
281961,43878.016,40241.75222262559
281962,43878.016,51187.598617324176
281963,43878.016,25066.873622051848
281964,43878.016,49892.62579676248
281965,43878.016,59562.31623387231
281966,43878.016,13276.823767751626
281967,43878.016,61706.48034518093
281968,43878.016,33962.291015196824
281969,43878.016,9662.97219531629
281970,43878.016,61938.69206054601
281971,43878.016,18800.158330485247
281972,43878.016,22674.340832263133
281973,43878.016,62308.155005148496
281974,43878.016,22142.249601042062
281975,43878.016,40193.65962252395
281976,43878.016,19214.927769851805
281977,43878.016,32507.278812487086
281978,43878.016,28472.427217055047
281979,43878.016,38165.45960583493
281980,43878.016,15864.840870179893
281981,43878.016,31545.426655088937
281982,43878.016,44578.621286459966
281983,43878.016,44471.844436399435
281984,43878.016,27235.101509376003
281985,43878.016,46207.001240201345
281986,43878.016,43316.58806799411
281987,43878.016,35953.89200131303
281988,43878.016,17884.488311971414
281989,43878.016,18844.446626129866
281990,43878.016,40955.26589419119
281991,43878.016,15980.233017275088
281992,43878.016,64047.093867584015
281993,43878.016,34455.9706395858
281994,43878.016,20701.162256287178
281995,43878.016,45867.23786564007
281996,43878.016,58796.188666677685
281997,43878.016,9620.292055588101
281998,43878.016,38418.14502452434
281999,43878.016,83363.29392654901
282000,43878.016,19211.12670730209
282001,43878.016,29063.162626479174
282002,43878.016,13143.310491644535
282003,43878.016,15410.972121240835
282004,43878.016,66508.19615560322
282005,43878.016,47962.408250689165
282006,43878.016,64119.86680501039
282007,43878.016,23016.91743603557
282008,43878.016,21557.467486501988
282009,43878.016,13303.865695577866
282010,43878.016,23918.638392713736
282011,43878.016,8365.396769098443
282012,43878.016,30742.157602447052
282013,43878.016,43088.203025598516
282014,43878.016,37749.5442255315
282015,43878.016,29870.65585986913
282016,43878.016,18294.15305375453
282017,43878.016,37385.318125893784
282018,43878.016,44148.240498098865
282019,43878.016,36237.56621826872
282020,43878.016,7642.429053199371
282021,43878.016,69933.92627128799
282022,43878.016,60245.585129523424
282023,43878.016,42003.613733073966
282024,43878.016,39026.224138755526
282025,43878.016,8299.55742264938
282026,43878.016,64659.95385853263
282027,43878.016,14819.20869991709
282028,43878.016,28785.46611635989
282029,43878.016,6923.547177760365
282030,43878.016,37750.28512006427
282031,43878.016,14189.488462420077
282032,43878.016,46227.737314110964
282033,43878.016,75530.3144465443
282034,43878.016,36724.76373244537
282035,43878.016,58684.3068066373
282036,43878.016,47772.718235020075
282037,43878.016,42472.955975301855
282038,43878.016,70526.68236667596
282039,43878.016,22691.910368193356
282040,43878.016,43020.14698684938
282041,43878.016,52307.216165393314
282042,43878.016,74886.73248916067
282043,43878.016,58505.45235047564
282044,43878.016,37899.660306232065
282045,43878.016,53176.60064839746
282046,43878.016,26157.922274356926
282047,43878.016,22641.452303041595
282048,43878.016,18487.298793692582
282049,43878.016,73660.69901635905
282050,43878.016,44362.64417369606
282051,43878.016,36950.870260053234
282052,43878.016,35302.4369647342
282053,43878.016,21712.4802744277
282054,43878.016,30364.856559287888
282055,43878.016,45539.785275425544
282056,43878.016,37943.31887993424
282057,43878.016,49726.28852113044
282058,43878.016,32873.23447952342
282059,43878.016,14707.117448326051
282060,43878.016,32395.18139680531
282061,43878.016,32061.00964413573
282062,43878.016,63641.34984978002
282063,43878.016,63386.40398498777
282064,43878.016,86176.5396500398
282065,43878.016,10842.21251618615
282066,43878.016,32361.47117021462
282067,43878.016,40025.501068031735
282068,43878.016,77528.81495634622
282069,43878.016,30761.62635843186
282070,43878.016,31451.122214313018
282071,43878.016,44132.695476429995
282072,43878.016,13635.45115025082
282073,43878.016,17744.45357321929
282074,43878.016,21542.87542751605
282075,43878.016,19139.518981701225
282076,43878.016,44829.26524551533
282077,43878.016,35858.44900120623
282078,43878.016,64175.88842021795
282079,43878.016,44788.805412745154
282080,43878.016,78079.40920634432
282081,43878.016,34607.15716632178
282082,43878.016,45176.16028189724
282083,43878.016,25972.829813831173
282084,43878.016,5794.444724458195
282085,43878.016,54641.96126571831
282086,43878.016,61995.7408044347
282087,43878.016,43224.61692677225
282088,43878.016,77756.16785872738
282089,43878.016,9725.75747653701
282090,43878.016,40435.785184167886
282091,43878.016,22656.30411568445
282092,43878.016,25035.680935203938
282093,43878.016,60272.39350425291
282094,43878.016,19715.913127396132
282095,43878.016,22474.7674654763
282096,43878.016,54639.3184487066
282097,43878.016,45387.451066640366
282098,43878.016,23522.241909061137
282099,43878.016,14204.896379244205
282100,43878.016,17918.751947442062
282101,43878.016,47253.79329267245
282102,43878.016,25157.558401977367
282103,43878.016,45429.27709149668
282104,43878.016,35766.87882262992
282105,43878.016,80463.94488989282
282106,43878.016,48779.99794531882
282107,43878.016,52621.404628236975
282108,43878.016,17443.419224354773
282109,43878.016,31820.412098511904
282110,43878.016,6980.334606919788
282111,43878.016,41788.821286023864
282112,43878.016,11038.061628053598
282113,43878.016,56859.06572512208
282114,43878.016,71946.37101700057
282115,43878.016,17979.76724997931
282116,43878.016,28255.72382491776
282117,43878.016,32910.16598961084
282118,43878.016,45834.44550924741
282119,43878.016,28303.970010290614
282120,43878.016,25260.82141671305
282121,43878.016,47611.986937633075
282122,43878.016,54290.615152529965
282123,43878.016,56329.023026004565
282124,43878.016,46961.42211374694
282125,43878.016,74634.8357953179
282126,43878.016,13125.70528064905
282127,43878.016,30494.45584704248
282128,43878.016,34512.65257141677
282129,43878.016,11764.081975627663
282130,43878.016,14281.083439776481
282131,43878.016,70693.91253409456
282132,43878.016,9211.728060752348
282133,43878.016,56185.444414303136
282134,43878.016,23158.27749525484
282135,43878.016,29614.11270903097
282136,43878.016,19347.498601394786
282137,43878.016,26912.210740042745
282138,43878.016,45499.8284965407
282139,43878.016,42108.45786645906
282140,43878.016,32859.382269257825
282141,43878.016,40685.26920836874
282142,43878.016,58538.38203719738
282143,43878.016,48531.8856013004
282144,43878.016,11804.949516660847
282145,43878.016,52070.33542041205
282146,43878.016,37568.16372112382
282147,43878.016,48265.00049255694
282148,43878.016,45128.44483106033
282149,43878.016,28195.16294464468
282150,43878.016,30240.02504226031
282151,43878.016,50601.0111653418
282152,43878.016,55314.36039747524
282153,43878.016,28309.219502119697
282154,43878.016,28690.354824757822
282155,43878.016,51775.00747090557
282156,43878.016,33369.65218499397
282157,43878.016,50591.55145613163
282158,43878.016,49030.5788629602
282159,43878.016,21547.234478876562
282160,43878.016,36896.24326765681
282161,43878.016,43245.42139061118
282162,43878.016,20355.646484093613
282163,43878.016,9724.04070813919
282164,43878.016,20660.42533840216
282165,43878.016,55188.8485025051
282166,43878.016,13779.595069108758
282167,43878.016,37257.25322062767
282168,43878.016,42946.07012232141
282169,43878.016,6592.703309818153
282170,43878.016,57089.849815569854
282171,43878.016,12442.599197817854
282172,43878.016,20328.697916485948
282173,43878.016,32378.156661359655
282174,43878.016,45579.081640411074
282175,43878.016,10383.51810383764
282176,43878.016,15841.01799792955
282177,43878.016,13973.869776055502
282178,43878.016,63646.02306353431
282179,43878.016,17986.354804201044
282180,43878.016,11821.893138934183
282181,43878.016,32538.104366006526
282182,43878.016,22028.274064002817
282183,43878.016,30843.33018791605
282184,43878.016,17557.552496951484
282185,43878.016,25599.30843574816
282186,43878.016,13184.386150410357
282187,43878.016,29119.227857809357
282188,43878.016,43450.003779614985
282189,43878.016,16971.786601545817
282190,43878.016,45589.49443735019
282191,43878.016,44965.53643462283
282192,43878.016,51323.05244004528
282193,43878.016,57008.594504499684
282194,43878.016,48863.40034452589
282195,43878.016,44640.042824194876
282196,43878.016,50494.44868214367
282197,43878.016,51567.982409171505
282198,43878.016,30661.922145208966
282199,43878.016,9080.691606198514
282200,43878.016,13062.810148580764
282201,43878.016,23243.040703932682
282202,43878.016,10789.788521836594
282203,43878.016,25003.36454154835
282204,43878.016,11131.1585753403
282205,43878.016,33699.71388519155
282206,43878.016,32346.41738772134
282207,43878.016,70028.64447246351
282208,43878.016,24464.625407657026
282209,43878.016,28699.648032403264
282210,43878.016,39824.44914888502
282211,43878.016,57578.252878310675
282212,43878.016,31933.80759709262
282213,43878.016,57430.094511199175
282214,43878.016,26782.148454015816
282215,43878.016,37845.37931122639
282216,43878.016,36438.43659999083
282217,43878.016,36115.518657713925
282218,43878.016,18092.06828005136
282219,43878.016,58444.292867598204
282220,43878.016,77526.25828789135
282221,43878.016,13118.929280544711
282222,43878.016,24616.446995122733
282223,43878.016,51854.526124356686
282224,43878.016,46968.525905609116
282225,43878.016,17535.737481716536
282226,43878.016,46086.99293515691
282227,43878.016,21541.382859802117
282228,43878.016,12864.94156649068
282229,43878.016,26450.934024309336
282230,43878.016,26108.90259422532
282231,43878.016,111903.61018178244
282232,43878.016,5837.735244853036
282233,43878.016,51543.709832697445
282234,43878.016,19072.547882033632
282235,43878.016,40446.93999144803
282236,43878.016,49046.021405074105
282237,43878.016,36034.40315409112
282238,43878.016,15893.499024397302
282239,43878.016,55921.934664846805
282240,43878.016,15518.17542855405
282241,43878.016,35816.624099940556
282242,43878.016,48952.09265870612
282243,43878.016,24035.558000004083
282244,43878.016,69941.31936967772
282245,43878.016,54453.18173283577
282246,43878.016,20156.21207981931
282247,43878.016,18886.05962777616
282248,43878.016,56130.08188785802
282249,43878.016,35839.76071747864
282250,43878.016,11784.238288674347
282251,43878.016,38787.69917015926
282252,43878.016,11401.896001441051
282253,43878.016,51580.169379846484
282254,43878.016,17692.183058511622
282255,43878.016,45968.35087742938
282256,43878.016,20861.211945256004
282257,43878.016,10550.063069103522
282258,43878.016,27433.202829654292
282259,43878.016,64740.35516064423
282260,43878.016,48186.27663170959
282261,43878.016,12709.822184013554
282262,43878.016,39218.32978382967
282263,43878.016,7745.283438113874
282264,43878.016,56977.113131798644
282265,43878.016,27040.728509968532
282266,43878.016,27970.048392205717
282267,43878.016,39266.54027177155
282268,43878.016,61066.090943000236
282269,43878.016,57207.91566961032
282270,43878.016,54355.212530390934
282271,43878.016,58507.05452769915
282272,43878.016,51332.65435510579
282273,43878.016,51468.65468748619
282274,43878.016,23445.01102883088
282275,43878.016,33048.13101215133
282276,43878.016,13373.463065184653
282277,43878.016,47320.04191766547
282278,43878.016,33840.41325935457
282279,43878.016,24463.38955057302
282280,43878.016,25347.040251684564
282281,43878.016,44886.8681317203
282282,43878.016,43252.10877735547
282283,43878.016,70236.41910332986
282284,43878.016,63802.99577826816
282285,43878.016,24313.291293557268
282286,43878.016,37682.70014633509
282287,43878.016,23970.2037910371
282288,43878.016,19497.943448141068
282289,43878.016,50110.449241052476
282290,43878.016,25423.15738154234
282291,43878.016,30725.911666419055
282292,43878.016,38438.22635669697
282293,43878.016,41835.21711895471
282294,43878.016,53273.98276948214
282295,43878.016,70347.97313598062
282296,43878.016,55109.56541604013
282297,43878.016,57111.160743283384
282298,43878.016,35615.07016598535
282299,43878.016,26029.903202314395
282300,43878.016,21603.4240501076
282301,43878.016,24826.836874709545
282302,43878.016,67602.69506452123
282303,43878.016,35092.2035294508
282304,43878.016,54727.46018659551
282305,43878.016,42956.84405512192
282306,43878.016,20947.35255917247
282307,43878.016,38170.02888868411
282308,43878.016,53646.8394073932
282309,43878.016,51276.547518054474
282310,43878.016,78341.31532227334
282311,43878.016,28001.16037362808
282312,43878.016,29109.456771419995
282313,43878.016,38268.796963861634
282314,43878.016,35812.576221179945
282315,43878.016,41184.84914006456
282316,43878.016,42094.50499439843
282317,43878.016,48659.81655120807
282318,43878.016,28345.956499007476
282319,43878.016,22611.817720545896
282320,43878.016,61585.14371161048
282321,43878.016,12281.029277196785
282322,43878.016,28040.229461035447
282323,43878.016,41385.62477814684
282324,43878.016,30938.01890781285
282325,43878.016,8734.893624159678
282326,43878.016,23311.07932300304
282327,43878.016,44248.55272698697
282328,43878.016,71952.7810728433
282329,43878.016,30837.63282294187
282330,43878.016,45225.05649323272
282331,43878.016,74690.82489112284
282332,43878.016,74922.77726055034
282333,43878.016,40619.03377159111
282334,43878.016,43205.202193462996
282335,43878.016,27067.524884987506
282336,43878.016,54758.89880474752
282337,43878.016,54319.86267350228
282338,43878.016,18122.664015827973
282339,43878.016,14408.279946866585
282340,43878.016,54193.25389688763
282341,43878.016,13359.56937907162
282342,43878.016,25969.65948832256
282343,43878.016,23309.823625817793
282344,43878.016,25333.03212766698
282345,43878.016,51036.661054350596
282346,43878.016,12459.448582326224
282347,43878.016,35367.177086993564
282348,43878.016,9428.26101008158
282349,43878.016,27774.917747096508
282350,43878.016,39697.90303738368
282351,43878.016,29720.09997720154
282352,43878.016,46987.60257165834
282353,43878.016,37129.59876904395
282354,43878.016,14547.996784437224
282355,43878.016,31750.486096904246
282356,43878.016,11824.897321212293
282357,43878.016,15798.652192819516
282358,43878.016,35316.20846544697
282359,43878.016,22831.9570229786
282360,43878.016,11765.194540790353
282361,43878.016,67536.00837595039
282362,43878.016,20028.333395145743
282363,43878.016,33749.63452396006
282364,43878.016,21731.115007785047
282365,43878.016,9671.73362983131
282366,43878.016,25431.19555052056
282367,43878.016,52066.6254856053
282368,43878.016,44113.04040367286
282369,43878.016,40703.312582492785
282370,43878.016,23329.28564639959
282371,43878.016,13651.630232168924
282372,43878.016,7208.077863762389
282373,43878.016,11909.650844635456
282374,43878.016,27198.144542724713
282375,43878.016,41860.54289371305
282376,43878.016,23540.44631305074
282377,43878.016,27671.437716706547
282378,43878.016,11456.10768602877
282379,43878.016,34323.29308449143
282380,43878.016,33860.96404555263
282381,43878.016,48024.204976120156
282382,43878.016,53444.729234065024
282383,43878.016,70612.91589005473
282384,43878.016,30760.324780268696
282385,43878.016,41094.046637674415
282386,43878.016,28581.568618291723
282387,43878.016,13166.289377511817
282388,43878.016,9210.729412749048
282389,43878.016,21232.755143165854
282390,43878.016,17373.565539739993
282391,43878.016,50591.04043135112
282392,43878.016,16508.28245525317
282393,43878.016,24648.587212626288
282394,43878.016,44018.349855349734
282395,43878.016,32963.642812095095
282396,43878.016,31087.4753875586
282397,43878.016,11118.75150871909
282398,43878.016,10297.19502294731
282399,43878.016,52634.413214910666
282400,43878.016,22048.639112571593
282401,43878.016,22500.713507234952
282402,43878.016,23346.815474266583
282403,43878.016,27218.78478885271
282404,43878.016,87880.58641901279
282405,43878.016,40738.862945118286
282406,43878.016,13201.23641328668
282407,43878.016,26149.690905206473
282408,43878.016,30601.91628121283
282409,43878.016,35639.98015245818
282410,43878.016,26341.119075014754
282411,43878.016,6058.65029849418
282412,43878.016,35251.457111027696
282413,43878.016,9187.673432901178
282414,43878.016,34741.61243439099
282415,43878.016,19125.096107446592
282416,43878.016,21656.11689257735
282417,43878.016,8114.58664841821
282418,43878.016,46310.08167951019
282419,43878.016,25010.69276274161
282420,43878.016,24072.389580837124
282421,43878.016,23431.507181758854
282422,43878.016,33003.48556437312
282423,43878.016,65288.41200308103
282424,43878.016,14082.224180319039
282425,43878.016,59532.21412910487
282426,43878.016,22809.37044993314
282427,43878.016,44092.89399496638
282428,43878.016,39612.701978861514
282429,43878.016,56830.290310240096
282430,43878.016,59361.36503944175
282431,43878.016,29258.459113504392
282432,43878.016,23108.244649504155
282433,43878.016,35341.06570081292
282434,43878.016,22884.419524321605
282435,43878.016,28143.338434392877
282436,43878.016,50375.40807572541
282437,43878.016,31464.26363873276
282438,43878.016,15105.368669743444
282439,43878.016,24291.57378308778
282440,43878.016,29114.121766725384
282441,43878.016,45715.10968396928
282442,43878.016,52401.597348173855
282443,43878.016,11230.608125058614
282444,43878.016,63377.26410445998
282445,43878.016,29237.701512137042
282446,43878.016,8710.893147285213
282447,43878.016,32378.948870265496
282448,43878.016,15931.014008604317
282449,43878.016,46453.64194622493
282450,43878.016,11994.189315329806
282451,43878.016,43528.366854479726
282452,43878.016,41447.66538626244
282453,43878.016,25820.769114858336
282454,43878.016,29702.333168213983
282455,43878.016,19044.456199326134
282456,43878.016,30865.761728780442
282457,43878.016,7338.128889126144
282458,43878.016,23930.60197058762
282459,43878.016,8681.361938844468
282460,43878.016,8974.776306793965
282461,43878.016,43592.65945060612
282462,43878.016,10942.936122978288
282463,43878.016,17198.431008689717
282464,43878.016,33812.7761529411
282465,43878.016,26727.800822309047
282466,43878.016,42266.43752144651
282467,43878.016,14918.370042603074
282468,43878.016,14784.738335003716
282469,43878.016,28102.31422127293
282470,43878.016,16030.280155030001
282471,43878.016,19703.55370674687
282472,43878.016,56424.470497909264
282473,43878.016,7473.779017326059
282474,43878.016,16671.49448536583
282475,43878.016,6272.62609941792
282476,43878.016,23395.741183309015
282477,43878.016,21738.80982343673
282478,43878.016,50657.71762490014
282479,43878.016,70577.00745515834
282480,43878.016,9035.549513815446
282481,43878.016,9702.336925501453
282482,43878.016,15895.567632502622
282483,43878.016,46629.38423344753
282484,43878.016,10330.578531957244
282485,43878.016,33188.885245522
282486,43878.016,20097.01924115734
282487,43878.016,15149.917597555508
282488,43878.016,29599.169621776375
282489,43878.016,41202.53939345257
282490,43878.016,29799.331772241225
282491,43878.016,63321.7010096147
282492,43878.016,7033.61257955758
282493,43878.016,13364.581718723379
282494,43878.016,31014.603152238455
282495,43878.016,56941.771386693115
282496,43878.016,33895.50036506911
282497,43878.016,51311.03898369062
282498,43878.016,45435.10828964395
282499,43878.016,14530.124332811372
282500,43878.016,28794.886376412505
282501,43878.016,26796.463383548868
282502,43878.016,50070.35254782985
282503,43878.016,47638.55763170334
282504,43878.016,29478.349444052867
282505,43878.016,18815.40310092582
282506,43878.016,19023.76776231796
282507,43878.016,64081.956654375026
282508,43878.016,80637.59014004702
282509,43878.016,28020.15476152815
282510,43878.016,30255.869313032
282511,43878.016,80987.00336750534
282512,43878.016,28566.904123402153
282513,43878.016,69365.24726004474
282514,43878.016,66245.00347744208
282515,43878.016,26453.66248648842
282516,43878.016,37120.357345589095
282517,43878.016,28590.09189350493
282518,43878.016,24630.97409737591
282519,43878.016,16287.461450172927
282520,43878.016,32354.979584918186
282521,43878.016,21203.419625780618
282522,43878.016,12116.557251305623
282523,43878.016,35420.62817357562
282524,43878.016,24832.309831775856
282525,43878.016,34656.05680049518
282526,43878.016,64626.45961117168
282527,43878.016,24324.254348922143
282528,43878.016,38903.76788300269
282529,43878.016,26850.021041074753
282530,43878.016,23154.405571563442
282531,43878.016,48689.27324505383
282532,43878.016,6945.475382511377
282533,43878.016,15956.304582412053
282534,43878.016,26008.851319607897
282535,43878.016,23793.22293663432
282536,43878.016,33924.579991097446
282537,43878.016,15089.981551828761
282538,43878.016,62398.64462832626
282539,43878.016,67157.4099306469
282540,43878.016,55866.265548950585
282541,43878.016,12568.976103038924
282542,43878.016,32281.201121084345
282543,43878.016,27416.63323301005
282544,43878.016,36931.247208381435
282545,43878.016,18165.987862032885
282546,43878.016,30784.675376388364
282547,43878.016,59527.84460437717
282548,43878.016,38890.53805476681
282549,43878.016,35832.62350542616
282550,43878.016,31279.233987883552
282551,43878.016,37378.2597364457
282552,43878.016,39445.03675958534
282553,43878.016,31015.62228852734
282554,43878.016,37281.94875251611
282555,43878.016,36328.10181403342
282556,43878.016,41176.10500981556
282557,43878.016,50313.72691911316
282558,43878.016,16086.674678557261
282559,43878.016,54582.90787065226
282560,43878.016,18705.871306068027
282561,43878.016,40929.47456910094
282562,43878.016,15306.430060072933
282563,43878.016,45550.20740467019
282564,43878.016,31690.118647653082
282565,43878.016,11473.08686485537
282566,43878.016,46074.469609033025
282567,43878.016,44487.1695330858
282568,43878.016,50584.434591640435
282569,43878.016,60824.41849828902
282570,43878.016,44069.29989278615
282571,43878.016,10174.41257893866
282572,43878.016,75713.79559611897
282573,43878.016,47866.66029913073
282574,43878.016,23827.916883324368
282575,43878.016,22458.714682991365
282576,43878.016,35215.58141867517
282577,43878.016,20477.173980533487
282578,43878.016,23657.003459685566
282579,43878.016,56418.41481166767
282580,43878.016,43122.94135117536
282581,43878.016,38114.02230671142
282582,43878.016,45709.98867778507
282583,43878.016,8574.79788826425
282584,43878.016,23913.21544223528
282585,43878.016,17480.402086553127
282586,43878.016,26485.24669655113
282587,43878.016,10922.091755553482
282588,43878.016,34391.68513795007
282589,43878.016,31491.322287781088
282590,43878.016,39253.39337373622
282591,43878.016,25785.27174895302
282592,43878.016,32667.398400209895
282593,43878.016,29881.76311488069
282594,43878.016,42446.66228737519
282595,43878.016,23827.03044104322
282596,43878.016,73857.43438099379
282597,43878.016,73566.03229680308
282598,43878.016,10302.732130447592
282599,43878.016,61812.44925221287
282600,43878.016,15500.34677999178
282601,43878.016,24421.752212241412
282602,43878.016,11687.878023858562
282603,43878.016,8609.719077346752
282604,43878.016,12802.857975372632
282605,43878.016,38247.306305592945
282606,43878.016,25533.451256828626
282607,43878.016,41758.60537122215
282608,43878.016,35618.00614354209
282609,43878.016,42592.72161967355
282610,43878.016,14914.261248773813
282611,43878.016,57184.502402339254
282612,43878.016,56855.0391491327
282613,43878.016,49449.02782168147
282614,43878.016,66636.04672321724
282615,43878.016,77627.51660610788
282616,43878.016,15539.598393104528
282617,43878.016,30725.10804366861
282618,43878.016,26944.515993306784
282619,43878.016,141865.6653966495
282620,43878.016,5510.014532654445
282621,43878.016,10171.102901445096
282622,43878.016,44777.35889042479
282623,43878.016,58952.18695988169
282624,43878.016,33527.50517077952
282625,43878.016,47799.57673594432
282626,43878.016,23725.99450412524
282627,43878.016,18563.42271200604
282628,43878.016,82434.17497620075
282629,43878.016,62575.6707195508
282630,43878.016,20840.893766141642
282631,43878.016,90535.55908598022
282632,43878.016,51519.93039318282
282633,43878.016,61125.84325894691
282634,43878.016,17758.32644690155
282635,43878.016,23297.687982467425
282636,43878.016,60374.64068481688
282637,43878.016,63223.87145421801
282638,43878.016,14962.035365352041
282639,43878.016,39750.78556020445
282640,43878.016,14032.16967835958
282641,43878.016,64238.30734991972
282642,43878.016,50430.81615450426
282643,43878.016,16686.65726061687
282644,43878.016,7559.331413329452
282645,43878.016,24194.315604212155
282646,43878.016,41182.78599243502
282647,43878.016,40759.48335335113
282648,43878.016,56522.798078062086
282649,43878.016,55408.6421666766
282650,43878.016,30718.720967472185
282651,43878.016,11498.698620361236
282652,43878.016,28146.68432636659
282653,43878.016,20005.370658102718
282654,43878.016,76272.61526931013
282655,43878.016,28544.720618171148
282656,43878.016,16443.703648124232
282657,43878.016,71372.72896103375
282658,43878.016,55210.05958079897
282659,43878.016,12064.420726560744
282660,43878.016,58778.29162486284
282661,43878.016,59830.27155718772
282662,43878.016,68103.54532475464
282663,43878.016,41652.961747492656
282664,43878.016,65746.7755434688
282665,43878.016,60083.59589356866
282666,43878.016,25603.58914396572
282667,43878.016,55079.69143283122
282668,43878.016,10754.810724208117
282669,43878.016,5178.366186242771
282670,43878.016,12181.016637568344
282671,43878.016,28018.758637410647
282672,43878.016,7894.273442923338
282673,43878.016,29466.83582467964
282674,43878.016,8322.020990384139
282675,43878.016,91559.28758705106
282676,43878.016,19935.574031711236
282677,43878.016,25985.07888453964
282678,43878.016,50458.06946385669
282679,43878.016,16349.479925902828
282680,43878.016,41741.34651601136
282681,43878.016,50933.26408836938
282682,43878.016,23429.810786828322
282683,43878.016,18478.084195946227
282684,43878.016,36609.94944479618
282685,43878.016,37333.78521954117
282686,43878.016,53341.5284790303
282687,43878.016,45375.46733911292
282688,43878.016,33165.35126598761
282689,43878.016,18318.391430055235
282690,43878.016,23209.542888488013
282691,43878.016,9008.284277574541
282692,43878.016,18608.046633112044
282693,43878.016,60704.586008318576
282694,43878.016,62556.59719482466
282695,43878.016,47998.41325951589
282696,43878.016,28006.53893534206
282697,43878.016,17515.328945474437
282698,43878.016,17478.948910727337
282699,43878.016,64028.49049374063
282700,43878.016,16508.185408276124
282701,43878.016,14487.067745653307
282702,43878.016,22703.761745900963
282703,43878.016,53321.98374131046
282704,43878.016,59755.032225652765
282705,43878.016,33633.07952019302
282706,43878.016,49500.70182587519
282707,43878.016,55995.38503027115
282708,43878.016,79063.66497925612
282709,43878.016,18488.36575327975
282710,43878.016,29235.99981105289
282711,43878.016,44902.70577839265
282712,43878.016,50841.490454952145
282713,43878.016,17781.071031462194
282714,43878.016,15910.798685411326
282715,43878.016,16423.382336561768
282716,43878.016,12764.601535731645
282717,43878.016,10795.874917002102
282718,43878.016,61753.59347153333
282719,43878.016,17434.96910810149
282720,43878.016,39093.56969049444
282721,43878.016,20124.840763539523
282722,43878.016,32272.339148035993
282723,43878.016,24836.51462276133
282724,43878.016,26388.961589729992
282725,43878.016,14032.269096783173
282726,43878.016,31847.46249139221
282727,43878.016,64992.052529099165
282728,43878.016,49791.45930820276
282729,43878.016,35244.70391984708
282730,43878.016,44577.96399246704
282731,43878.016,29865.518166290236
282732,43878.016,18248.444797807708
282733,43878.016,12437.339684477747
282734,43878.016,35166.64427756827
282735,43878.016,51949.231580781
282736,43878.016,12073.423028432215
282737,43878.016,63771.85234048026
282738,43878.016,42927.18445460355
282739,43878.016,48167.97317988423
282740,43878.016,52948.73285226736
282741,43878.016,9830.68143693176
282742,43878.016,42636.56778787445
282743,43878.016,41266.76820381569
282744,43878.016,11785.166737982383
282745,43878.016,39352.126562336336
282746,43878.016,57078.74857277756
282747,43878.016,21256.229531446592
282748,43878.016,24851.064352725243
282749,43878.016,73972.1664423757
282750,43878.016,11321.042937979084
282751,43878.016,50229.22414764274
282752,43878.016,26176.66268697077
282753,43878.016,98282.67933611719
282754,43878.016,47853.14118430947
282755,43878.016,48536.85808656407
282756,43878.016,35729.292882132286
282757,43878.016,64918.55348866058
282758,43878.016,8375.615477956366
282759,43878.016,15658.518951464124
282760,43878.016,40296.44495446152
282761,43878.016,28499.286252079313
282762,43878.016,64067.748846767565
282763,43878.016,32462.29346355572
282764,43878.016,29835.11660132703
282765,43878.016,15859.774946137013
282766,43878.016,40831.60842884182
282767,43878.016,42130.46011941024
282768,43878.016,32303.7845511704
282769,43878.016,34776.8411613336
282770,43878.016,47097.688684469504
282771,43878.016,10031.486340497151
282772,43878.016,59894.8431733563
282773,43878.016,18295.803507579065
282774,43878.016,56383.03525134257
282775,43878.016,20938.209683744393
282776,43878.016,29122.40699749363
282777,43878.016,37773.92695586481
282778,43878.016,23216.46668914369
282779,43878.016,95274.33056481075
282780,43878.016,26024.120762199916
282781,43878.016,11814.080449343
282782,43878.016,12898.720051957405
282783,43878.016,11453.721727334028
282784,43878.016,45673.80613258665
282785,43878.016,24067.828575135158
282786,43878.016,47060.8821859698
282787,43878.016,22495.100156722754
282788,43878.016,42820.654903980605
282789,43878.016,57559.6864049072
282790,43878.016,71992.31845161936
282791,43878.016,67084.04155008371
282792,43878.016,55730.687023797735
282793,43878.016,14142.771956716047
282794,43878.016,15945.434391040682
282795,43878.016,37305.26981716539
282796,43878.016,18144.137993019573
282797,43878.016,13889.713764026837
282798,43878.016,33433.36189805479
282799,43878.016,34146.89674659274
282800,43878.016,22621.556593312936
282801,43878.016,41700.47096091215
282802,43878.016,18872.77961714654
282803,43878.016,43466.69313238702
282804,43878.016,30341.695890771443
282805,43878.016,19421.02224240539
282806,43878.016,10364.955395788475
282807,43878.016,7135.9127264048275
282808,43878.016,41818.057838662295
282809,43878.016,17675.99567546325
282810,43878.016,25376.295309482546
282811,43878.016,19322.514506760876
282812,43878.016,46657.46727165145
282813,43878.016,77063.81067524642
282814,43878.016,9056.809640314861
282815,43878.016,39091.03212513026
282816,43878.016,24927.802589832983
282817,43878.016,54145.501527703964
282818,43878.016,65521.541986523494
282819,43878.016,20554.951573167047
282820,43878.016,48597.64658865434
282821,43878.016,46030.49269526673
282822,43878.016,10352.66548366382
282823,43878.016,6797.010641015985
282824,43878.016,13108.342673462634
282825,43878.016,18322.71357197101
282826,43878.016,52472.87352535385
282827,43878.016,33338.03591396457
282828,43878.016,39968.430080327125
282829,43878.016,43547.57924150087
282830,43878.016,48270.29400415791
282831,43878.016,28416.335124655878
282832,43878.016,12309.042908263857
282833,43878.016,76675.16833463023
282834,43878.016,49059.89950947272
282835,43878.016,32881.84025778027
282836,43878.016,57745.27791774761
282837,43878.016,14872.429344761145
282838,43878.016,35126.00602729967
282839,43878.016,23571.440067931577
282840,43878.016,47426.88768967561
282841,43878.016,34677.23144306084
282842,43878.016,77444.55391791774
282843,43878.016,31276.2060614339
282844,43878.016,40191.068787465134
282845,43878.016,31869.059719448596
282846,43878.016,10065.04521270281
282847,43878.016,24379.0099263578
282848,43878.016,4872.9381222113225
282849,43878.016,11318.623937458175
282850,43878.016,75496.80323219126
282851,43878.016,49462.94073858095
282852,43878.016,45387.29998677587
282853,43878.016,18837.241350593682
282854,43878.016,44904.81014781589
282855,43878.016,50624.69195518495
282856,43878.016,35108.07049238943
282857,43878.016,24666.713462374824
282858,43878.016,20473.340402877388
282859,43878.016,115001.933269464
282860,43878.016,14261.442814900338
282861,43878.016,8324.029094582807
282862,43878.016,79237.90965465948
282863,43878.016,6486.101129494236
282864,43878.016,65774.45483387644
282865,43878.016,21759.687076542297
282866,43878.016,19010.99566617518
282867,43878.016,13506.684207557028
282868,43878.016,41987.77347355632
282869,43878.016,11565.661188204002
282870,43878.016,10258.625886319103
282871,43878.016,33936.90041642366
282872,43878.016,25985.683320959983
282873,43878.016,15523.432057519676
282874,43878.016,41371.216848638454
282875,43878.016,13318.337949133254
282876,43878.016,11356.310361091819
282877,43878.016,34114.06957574185
282878,43878.016,61382.357410196615
282879,43878.016,49912.593518943046
282880,43878.016,22146.94836483161
282881,43878.016,29643.39788372442
282882,43878.016,45052.75661964368
282883,43878.016,22205.86928559241
282884,43878.016,64403.578194254995
282885,43878.016,54411.25108313604
282886,43878.016,37582.95867107699
282887,43878.016,40974.894208722675
282888,43878.016,6938.248566615544
282889,43878.016,29062.106729769243
282890,43878.016,42741.01900185925
282891,43878.016,40563.01539607012
282892,43878.016,45340.46684990413
282893,43878.016,30736.726721705254
282894,43878.016,12031.550926724136
282895,43878.016,57471.46199671585
282896,43878.016,34397.913873847174
282897,43878.016,55980.527206112296
282898,43878.016,21035.23303005173
282899,43878.016,21571.25716744965
282900,43878.016,22888.518491381703
282901,43878.016,56098.75177374286
282902,43878.016,28738.636721702358
282903,43878.016,16028.762002985595
282904,43878.016,22427.709514889124
282905,43878.016,57570.17306686742
282906,43878.016,48777.37110022593
282907,43878.016,53253.55603605
282908,43878.016,15219.542189745538
282909,43878.016,42695.17477547933
282910,43878.016,22229.977836866907
282911,43878.016,19310.492933356552
282912,43878.016,64334.580461986734
282913,43878.016,18050.149831692237
282914,43878.016,36593.856733650566
282915,43878.016,69170.42950156634
282916,43878.016,21130.876036578145
282917,43878.016,10950.07565025022
282918,43878.016,12350.330719413323
282919,43878.016,36203.32369166559
282920,43878.016,68788.45649810648
282921,43878.016,49306.64615681874
282922,43878.016,49407.08125411051
282923,43878.016,118576.0780255242
282924,43878.016,71479.12097871967
282925,43878.016,55337.33714838455
282926,43878.016,8820.125466282283
282927,43878.016,54304.90012041717
282928,43878.016,14741.31626466171
282929,43878.016,35063.403450203805
282930,43878.016,61774.213724301364
282931,43878.016,55163.12055892719
282932,43878.016,76818.99022708254
282933,43878.016,23495.892239772915
282934,43878.016,47929.296690397685
282935,43878.016,49388.65342047969
282936,43878.016,30998.841348958733
282937,43878.016,21982.631047460523
282938,43878.016,62651.95283806174
282939,43878.016,22805.24955248485
282940,43878.016,53776.566461634466
282941,43878.016,26612.201970738734
282942,43878.016,21431.18821201164
282943,43878.016,60153.04470709853
282944,43878.016,48847.07916916938
282945,43878.016,11717.318168711738
282946,43878.016,59430.96679839311
282947,43878.016,16478.49979363303
282948,43878.016,33914.51493949327
282949,43878.016,44948.4470644494
282950,43878.016,44353.99310620061
282951,43878.016,58936.04163744635
282952,43878.016,53089.352268701005
282953,43878.016,46994.10665002869
282954,43878.016,45168.473103442855
282955,43878.016,56085.92867766045
282956,43878.016,55725.86247329352
282957,43878.016,35304.327337395654
282958,43878.016,17247.569312097672
282959,43878.016,13761.017150038513
282960,43878.016,36241.64950254236
282961,43878.016,9653.811413426905
282962,43878.016,12942.738117513
282963,43878.016,23852.80702920131
282964,43878.016,8639.195846881508
282965,43878.016,35506.02272982905
282966,43878.016,10135.968183806497
282967,43878.016,28506.266522784954
282968,43878.016,12587.004985548514
282969,43878.016,23021.315584015632
282970,43878.016,21207.48915306813
282971,43878.016,10867.431275215964
282972,43878.016,53916.06768459532
282973,43878.016,33724.478039580594
282974,43878.016,36573.18625430012
282975,43878.016,38906.330040667504
282976,43878.016,105243.65843667652
282977,43878.016,29496.220988155837
282978,43878.016,55879.995520974146
282979,43878.016,16260.625599237144
282980,43878.016,15188.272245134394
282981,43878.016,42170.30187046528
282982,43878.016,31852.28302124982
282983,43878.016,22801.760515905546
282984,43878.016,83609.69242731339
282985,43878.016,40485.97640172801
282986,43878.016,51594.79947794426
282987,43878.016,72032.44089155979
282988,43878.016,55701.0504447926
282989,43878.016,29251.46276485696
282990,43878.016,24907.968302583216
282991,43878.016,31033.56903030661
282992,43878.016,11187.317081718445
282993,43878.016,48638.219544969965
282994,43878.016,19774.795644445105
282995,43878.016,15201.74889776953
282996,43878.016,56927.49919057815
282997,43878.016,48937.27637868186
282998,43878.016,27536.658946950607
282999,43878.016,11811.881634908123
283000,43878.016,33060.0320550856
283001,43878.016,50925.50433992861
283002,43878.016,39240.795845901106
283003,43878.016,7848.225790881704
283004,43878.016,11054.304197702646
283005,43878.016,43562.33062549837
283006,43878.016,41361.57886686431
283007,43878.016,37081.670927850675
283008,43878.016,20534.945752833744
283009,43878.016,69663.24553497451
283010,43878.016,35054.56199907645
283011,43878.016,38574.52059385495
283012,43878.016,22646.46199102795
283013,43878.016,23412.968205644385
283014,43878.016,28522.75559927672
283015,43878.016,38387.86522485314
283016,43878.016,29554.411395110386
283017,43878.016,67000.04678813556
283018,43878.016,18720.222250457988
283019,43878.016,57555.966914871315
283020,43878.016,33893.18118626902
283021,43878.016,37140.8090946986
283022,43878.016,8489.199506981433
283023,43878.016,52623.21346363347
283024,43878.016,15508.253198689528
283025,43878.016,11420.603484891157
283026,43878.016,8287.498285634105
283027,43878.016,29025.5309683991
283028,43878.016,30949.10699490456
283029,43878.016,54692.50608939896
283030,43878.016,7447.3659553483485
283031,43878.016,49329.40790979544
283032,43878.016,43776.44558911528
283033,43878.016,32491.54911287679
283034,43878.016,61031.07324343536
283035,43878.016,8137.124565649002
283036,43878.016,25797.872975671246
283037,43878.016,28493.09685987095
283038,43878.016,52427.37386831297
283039,43878.016,30711.910807653014
283040,43878.016,8330.571817295904
283041,43878.016,66799.02946354492
283042,43878.016,23063.25709194993
283043,43878.016,22168.397954896645
283044,43878.016,44576.16047483715
283045,43878.016,13896.64450405451
283046,43878.016,54876.363888375745
283047,43878.016,53389.78022673628
283048,43878.016,32686.06561743792
283049,43878.016,11059.794399223127
283050,43878.016,13410.28418110592
283051,43878.016,19973.44614056485
283052,43878.016,17652.16831420108
283053,43878.016,43522.15474241948
283054,43878.016,8391.751928410547
283055,43878.016,62404.4197600561
283056,43878.016,33590.90647876374
283057,43878.016,27406.560840967308
283058,43878.016,15793.870125124757
283059,43878.016,42786.5664252834
283060,43878.016,35401.49862897952
283061,43878.016,10378.881231329291
283062,43878.016,59104.68222061338
283063,43878.016,38665.13071785672
283064,43878.016,41982.10504714263
283065,43878.016,10534.469000344134
283066,43878.016,34869.87208500011
283067,43878.016,34724.18924365124
283068,43878.016,20965.5574875745
283069,43878.016,21705.81502010874
283070,43878.016,44254.04945053567
283071,43878.016,27838.71172830274
283072,43878.016,28533.981363076495
283073,43878.016,36851.9559073099
283074,43878.016,30868.47720430775
283075,43878.016,74614.33959465104
283076,43878.016,43709.94053890536
283077,43878.016,28942.06665636344
283078,43878.016,58537.30250763046
283079,43878.016,70155.29690498621
283080,43878.016,31848.124253401544
283081,43878.016,11023.646451785851
283082,43878.016,38502.42081883366
283083,43878.016,21041.878762939807
283084,43878.016,64878.77728907633
283085,43878.016,24378.549505264047
283086,43878.016,11076.515885241839
283087,43878.016,11479.246057605973
283088,43878.016,8065.598737768731
283089,43878.016,46587.85344538511
283090,43878.016,66698.56106995826
283091,43878.016,14642.331176285175
283092,43878.016,67762.43506566426
283093,43878.016,18413.960666224815
283094,43878.016,9786.410493310043
283095,43878.016,42654.868430964925
283096,43878.016,39171.13440995294
283097,43878.016,15072.001441762106
283098,43878.016,34193.9102750458
283099,43878.016,32535.077093787888
283100,43878.016,53200.14021521922
283101,43878.016,60512.04373171928
283102,43878.016,21655.23385921071
283103,43878.016,28805.40027440431
283104,43878.016,15047.564517345087
283105,43878.016,6050.207436438307
283106,43878.016,45934.051520212066
283107,43878.016,39728.9684102924
283108,43878.016,78825.73426329838
283109,43878.016,18582.773840288963
283110,43878.016,18832.935452481368
283111,43878.016,17496.539462638837
283112,43878.016,12387.585768307468
283113,43878.016,13526.574611103755
283114,43878.016,25541.743553532255
283115,43878.016,9292.765965664508
283116,43878.016,29190.887547994756
283117,43878.016,72185.18294912622
283118,43878.016,29371.721499615094
283119,43878.016,22731.710878834754
283120,43878.016,24925.615346310256
283121,43878.016,15804.475161664886
283122,43878.016,16329.293898968428
283123,43878.016,30764.979414528065
283124,43878.016,12912.416150978757
283125,43878.016,11346.321495482402
283126,43878.016,39641.04290481373
283127,43878.016,17170.450153817947
283128,43878.016,18875.41796673631
283129,43878.016,45522.84190042477
283130,43878.016,11110.351350587503
283131,43878.016,17806.015240379347
283132,43878.016,11038.304732021455
283133,43878.016,56634.17372706594
283134,43878.016,31808.02484922314
283135,43878.016,55382.655150064274
283136,43878.016,49638.967669670565
283137,43878.016,34517.221580304635
283138,43878.016,32437.101852116102
283139,43878.016,45288.05365297108
283140,43878.016,47792.5908772556
283141,43878.016,12440.54410601062
283142,43878.016,36205.22144721406
283143,43878.016,83420.47526519904
283144,43878.016,58332.756324588576
283145,43878.016,6766.57831233826
283146,43878.016,34483.92867623982
283147,43878.016,23727.56369161777
283148,43878.016,38601.10089510536
283149,43878.016,23021.038472099222
283150,43878.016,34588.79212147957
283151,43878.016,40223.47370984051
283152,43878.016,66892.54589127687
283153,43878.016,46813.88306032467
283154,43878.016,53083.19299425742
283155,43878.016,21895.887321230457
283156,43878.016,10655.980967166362
283157,43878.016,4727.410588384671
283158,43878.016,33445.003176738115
283159,43878.016,39182.91634852233
283160,43878.016,12616.507311865484
283161,43878.016,57591.4030460671
283162,43878.016,24361.503909678755
283163,43878.016,14484.743791793835
283164,43878.016,38795.47965722901
283165,43878.016,23771.86005745243
283166,43878.016,13874.817377049227
283167,43878.016,16053.235846929409
283168,43878.016,35526.80216992
283169,43878.016,24016.670684128254
283170,43878.016,18521.685240817817
283171,43878.016,32662.167933979446
283172,43878.016,32624.935350155578
283173,43878.016,61274.585012740594
283174,43878.016,35674.03925237184
283175,43878.016,13810.955886234864
283176,43878.016,15996.952758652336
283177,43878.016,49110.63423904058
283178,43878.016,63302.81149762843
283179,43878.016,17098.875458899412
283180,43878.016,41146.159455095454
283181,43878.016,14012.502391392214
283182,43878.016,27614.378362906693
283183,43878.016,19256.988001933947
283184,43878.016,22836.919620540677
283185,43878.016,22335.51717015153
283186,43878.016,38271.016479155944
283187,43878.016,23900.910137105595
283188,43878.016,11374.770507850219
283189,43878.016,110218.61612958155
283190,43878.016,67450.11385548527
283191,43878.016,18880.99005165082
283192,43878.016,13999.052456848074
283193,43878.016,20894.460917670767
283194,43878.016,9484.11438907683
283195,43878.016,13357.158495771431
283196,43878.016,52615.696514840085
283197,43878.016,21793.41156256134
283198,43878.016,50404.22943359559
283199,43878.016,36691.08377538782
283200,43878.016,43624.624971585225
283201,43878.016,34962.83810865885
283202,43878.016,46433.24368427785
283203,43878.016,55940.452740928115
283204,43878.016,24498.851619902016
283205,43878.016,19475.0116305395
283206,43878.016,21422.161704865637
283207,43878.016,15551.282730997551
283208,43878.016,8166.29982760177
283209,43878.016,46294.82084894899
283210,43878.016,2610.9565634251207
283211,43878.016,76309.01345991112
283212,43878.016,58228.287935599874
283213,43878.016,27812.250649033424
283214,43878.016,13145.82748821313
283215,43878.016,33592.360017080624
283216,43878.016,52565.79575598
283217,43878.016,53346.98310526514
283218,43878.016,55885.864456982636
283219,43878.016,86370.13160133602
283220,43878.016,44820.67010997493
283221,43878.016,63799.69267294489
283222,43878.016,27344.14707418733
283223,43878.016,13888.842342835382
283224,43878.016,33513.684144940606
283225,43878.016,63597.47530318035
283226,43878.016,40075.092735587576
283227,43878.016,15294.864836903735
283228,43878.016,47842.914522562765
283229,43878.016,30291.730861199994
283230,43878.016,57896.17847326722
283231,43878.016,35369.605251141315
283232,43878.016,9744.20471697751
283233,43878.016,21093.521377502897
283234,43878.016,49805.372946747906
283235,43878.016,11940.14117883798
283236,43878.016,15382.057768686484
283237,43878.016,30700.157921481645
283238,43878.016,17988.949514275155
283239,43878.016,32470.84784879601
283240,43878.016,10880.463685146844
283241,43878.016,32906.23462417247
283242,43878.016,72085.71527989765
283243,43878.016,37571.53812718348
283244,43878.016,35179.37856315829
283245,43878.016,41942.825912046275
283246,43878.016,14399.561430426338
283247,43878.016,8858.45302069119
283248,43878.016,40366.0973274028
283249,43878.016,18429.729917358785
283250,43878.016,14164.009757123971
283251,43878.016,61478.09998061233
283252,43878.016,29838.462153609045
283253,43878.016,14710.113745133722
283254,43878.016,38731.69642678237
283255,43878.016,3453.2437161759344
283256,43878.016,9009.469232576404
283257,43878.016,32583.263750857008
283258,43878.016,3472.7392325577644
283259,43878.016,27253.623621193845
283260,43878.016,16182.73665758957
283261,43878.016,9769.124815613872
283262,43878.016,11384.322772109374
283263,43878.016,14210.146009001926
283264,43878.016,58775.23901688459
283265,43878.016,16876.36390823324
283266,43878.016,20776.59576508222
283267,43878.016,41665.48575350113
283268,43878.016,20100.276539577724
283269,43878.016,61330.508213550434
283270,43878.016,17695.23718707687
283271,43878.016,6676.1364086581825
283272,43878.016,7452.123661096727
283273,43878.016,50264.56221606959
283274,43878.016,19938.139315121432
283275,43878.016,69165.24013805484
283276,43878.016,45030.857499336125
283277,43878.016,5926.760049923423
283278,43878.016,21871.11959177486
283279,43878.016,17770.081662503577
283280,43878.016,12443.80048891751
283281,43878.016,56315.40267080113
283282,43878.016,41681.40434200637
283283,43878.016,32200.289313163197
283284,43878.016,34924.76885021043
283285,43878.016,13875.53832860436
283286,43878.016,32825.16178934182
283287,43878.016,32351.335488075052
283288,43878.016,37964.42422988935
283289,43878.016,24414.136201016587
283290,43878.016,40545.35876418637
283291,43878.016,40730.30441317828
283292,43878.016,26239.41289103621
283293,43878.016,32007.049570147596
283294,43878.016,42690.57753768566
283295,43878.016,42836.3396009567
283296,43878.016,34205.40108686041
283297,43878.016,44854.6764130791
283298,43878.016,47258.93990426107
283299,43878.016,46253.25833078424
283300,43878.016,66717.4620677572
283301,43878.016,10397.874061058643
283302,43878.016,36603.23733200219
283303,43878.016,32849.18784388964
283304,43878.016,33031.4288734791
283305,43878.016,17283.073830670342
283306,43878.016,8622.309995317772
283307,43878.016,25020.605917143672
283308,43878.016,17271.68713303208
283309,43878.016,42968.30847928758
283310,43878.016,33610.50581356518
283311,43878.016,16059.864867852437
283312,43878.016,65700.4102572934
283313,43878.016,20800.19394518812
283314,43878.016,34409.38791433321
283315,43878.016,52680.579859328536
283316,43878.016,49507.44430821048
283317,43878.016,35277.09861442154
283318,43878.016,45976.97941614841
283319,43878.016,38183.680736214745
283320,43878.016,10486.513629464393
283321,43878.016,36362.46857498528
283322,43878.016,24413.037796122757
283323,43878.016,40740.97580364449
283324,43878.016,49516.40161161174
283325,43878.016,24688.490878926365
283326,43878.016,16788.82271564533
283327,43878.016,47277.46928113924
283328,43878.016,10191.111626011454
283329,43878.016,56135.6997888668
283330,43878.016,11474.985911447176
283331,43878.016,46559.13702932895
283332,43878.016,47424.03163844355
283333,43878.016,53670.9968675296
283334,43878.016,59870.98326018901
283335,43878.016,30536.57115009694
283336,43878.016,60166.33350746873
283337,43878.016,81137.8390465058
283338,43878.016,12390.359668980445
283339,43878.016,36748.0249884963
283340,43878.016,15376.79382313175
283341,43878.016,36749.525891316436
283342,43878.016,36702.23969966784
283343,43878.016,9796.14555255796
283344,43878.016,8656.788212707808
283345,43878.016,14294.22857404977
283346,43878.016,53777.64867501526
283347,43878.016,12419.069721497475
283348,43878.016,33500.828490931744
283349,43878.016,48949.93351645957
283350,43878.016,67660.52897459392
283351,43878.016,41627.227594979755
283352,43878.016,38531.753910719766
283353,43878.016,78064.94655888899
283354,43878.016,53605.782939997895
283355,43878.016,30343.47348848803
283356,43878.016,55056.58126643524
283357,43878.016,21846.239535009947
283358,43878.016,14883.548482644619
283359,43878.016,50142.675930266894
283360,43878.016,15962.584383332005
283361,43878.016,72157.62368039254
283362,43878.016,17050.437365529328
283363,43878.016,13178.527281991881
283364,43878.016,45716.29093262748
283365,43878.016,70153.73178330295
283366,43878.016,18215.250589259285
283367,43878.016,55978.6134578029
283368,43878.016,8175.395435210611
283369,43878.016,33177.85834580363
283370,43878.016,49226.56210669033
283371,43878.016,20947.848244547426
283372,43878.016,56335.929461543434
283373,43878.016,33898.360784757926
283374,43878.016,54735.101462736224
283375,43878.016,35144.10991847256
283376,43878.016,30306.849283793472
283377,43878.016,73453.2777419637
283378,43878.016,8558.186638664656
283379,43878.016,37261.18187830448
283380,43878.016,28334.628614589285
283381,43878.016,35076.834479319456
283382,43878.016,45360.452581019665
283383,43878.016,14021.977861893814
283384,43878.016,36806.93496737789
283385,43878.016,48391.71350121853
283386,43878.016,38277.05607920801
283387,43878.016,57939.58750251543
283388,43878.016,25125.071614866632
283389,43878.016,34651.96534956345
283390,43878.016,9369.191955985847
283391,43878.016,14379.708367186864
283392,43878.016,13032.164516798171
283393,43878.016,43781.359159230095
283394,43878.016,20837.481950357876
283395,43878.016,12856.805137427255
283396,43878.016,50255.63314966333
283397,43878.016,25372.606865974434
283398,43878.016,20566.554128199277
283399,43878.016,58113.709238696865
283400,43878.016,46781.797854301025
283401,43878.016,8631.663107364086
283402,43878.016,70520.94218505584
283403,43878.016,41951.755645078825
283404,43878.016,32022.776715425018
283405,43878.016,42679.59087185921
283406,43878.016,25215.66483684025
283407,43878.016,17284.310692668358
283408,43878.016,47485.335059891804
283409,43878.016,37098.42674208989
283410,43878.016,33293.50506325164
283411,43878.016,58533.03878336533
283412,43878.016,36196.08154897814
283413,43878.016,31689.288396838667
283414,43878.016,49435.08787929335
283415,43878.016,18296.586234852617
283416,43878.016,15183.3490074491
283417,43878.016,41087.18699261799
283418,43878.016,27951.179481527797
283419,43878.016,52266.94204159991
283420,43878.016,41870.33650516986
283421,43878.016,33593.04354253443
283422,43878.016,61920.03074355357
283423,43878.016,8930.193913382951
283424,43878.016,17667.27133813664
283425,43878.016,41849.74820299735
283426,43878.016,66289.90425731082
283427,43878.016,7050.988301293326
283428,43878.016,44261.64112944421
283429,43878.016,53699.65154572474
283430,43878.016,56824.141407385214
283431,43878.016,50342.74281307104
283432,43878.016,51576.176501364906
283433,43878.016,53273.07327832356
283434,43878.016,31867.188929128315
283435,43878.016,72022.32902171298
283436,43878.016,26309.359839475364
283437,43878.016,15397.322594897238
283438,43878.016,26936.254014597806
283439,43878.016,47418.70515646469
283440,43878.016,29705.784669321198
283441,43878.016,21018.698790694183
283442,43878.016,57484.80552231705
283443,43878.016,44792.92045796861
283444,43878.016,6119.954744323331
283445,43878.016,7712.4611332242
283446,43878.016,15558.465506126826
283447,43878.016,51435.860022310946
283448,43878.016,39272.6737499328
283449,43878.016,27493.7736619355
283450,43878.016,14145.892786058297
283451,43878.016,30526.62959198218
283452,43878.016,15916.78388934952
283453,43878.016,73837.76259159794
283454,43878.016,9214.036042482008
283455,43878.016,47390.45644407812
283456,43878.016,28431.64773268079
283457,43878.016,23193.234430048247
283458,43878.016,60058.40146741246
283459,43878.016,68012.55932185975
283460,43878.016,56014.85141686354
283461,43878.016,9471.713396462575
283462,43878.016,61325.354281136664
283463,43878.016,50810.132988827456
283464,43878.016,46626.167407141766
283465,43878.016,31232.72977476767
283466,43878.016,53116.674296044446
283467,43878.016,43686.49168613923
283468,43878.016,53519.76793575088
283469,43878.016,40367.968875606835
283470,43878.016,29494.129281213955
283471,43878.016,61873.41778502632
283472,43878.016,16430.497451782645
283473,43878.016,60560.06156690924
283474,43878.016,14708.999218176321
283475,43878.016,48569.665272805425
283476,43878.016,9279.862089782664
283477,43878.016,18460.29957097299
283478,43878.016,39388.533624613374
283479,43878.016,49141.95838941276
283480,43878.016,6949.690940573491
283481,43878.016,50268.22160444338
283482,43878.016,48930.829111839696
283483,43878.016,13675.837281564976
283484,43878.016,81258.28479325116
283485,43878.016,39238.21468750269
283486,43878.016,20836.81850981695
283487,43878.016,40492.461140885585
283488,43878.016,33191.05761201564
283489,43878.016,25083.018673663355
283490,43878.016,12407.81280554019
283491,43878.016,30639.525560839622
283492,43878.016,38781.450983024275
283493,43878.016,27572.26466935873
283494,43878.016,39436.60638958554
283495,43878.016,64900.19609906779
283496,43878.016,10581.624830550365
283497,43878.016,7933.618071729896
283498,43878.016,56739.889837001734
283499,43878.016,57027.53434606157
283500,43878.016,63017.60640831244
283501,43878.016,22106.501360244583
283502,43878.016,69056.70739396347
283503,43878.016,45869.893477334095
283504,43878.016,18703.286390487596
283505,43878.016,38295.21689491223
283506,43878.016,48027.75070602527
283507,43878.016,48463.53870314069
283508,43878.016,46724.17830721884
283509,43878.016,23240.33873414296
283510,43878.016,54605.631458527554
283511,43878.016,13739.408908165766
283512,43878.016,21132.685387978214
283513,43878.016,99028.89349002767
283514,43878.016,41245.178032427866
283515,43878.016,43131.4829318021
283516,43878.016,117483.27497550292
283517,43878.016,43400.56187178244
283518,43878.016,24686.15818898179
283519,43878.016,46826.67561528784
283520,43878.016,29526.95462264651
283521,43878.016,36560.673213277296
283522,43878.016,9647.72096815382
283523,43878.016,35504.21617285864
283524,43878.016,21407.08355053551
283525,43878.016,25937.238975780012
283526,43878.016,44181.83942419573
283527,43878.016,61063.66225727495
283528,43878.016,57024.44414366671
283529,43878.016,25961.236609751137
283530,43878.016,11061.365569594112
283531,43878.016,58918.22877037308
283532,43878.016,22976.84231061517
283533,43878.016,36458.02921997708
283534,43878.016,18248.35374701732
283535,43878.016,15664.750774145758
283536,43878.016,20215.470220371277
283537,43878.016,78232.94504894604
283538,43878.016,10276.001341670442
283539,43878.016,27388.659040306116
283540,43878.016,27138.13161294881
283541,43878.016,27914.476201386613
283542,43878.016,29090.052665965075
283543,43878.016,36209.28557316245
283544,43878.016,34940.6933333691
283545,43878.016,76121.11284374654
283546,43878.016,22145.654128920374
283547,43878.016,66026.82595969122
283548,43878.016,40135.15893499752
283549,43878.016,20232.819483546507
283550,43878.016,10429.265226715077
283551,43878.016,22371.479531864603
283552,43878.016,33569.97406328699
283553,43878.016,76522.8983869564
283554,43878.016,7109.698072737193
283555,43878.016,55291.70440619388
283556,43878.016,59171.883510190535
283557,43878.016,47551.95748412841
283558,43878.016,22890.532652040758
283559,43878.016,22700.967275064195
283560,43878.016,17491.820766825564
283561,43878.016,20772.90323471468
283562,43878.016,54120.694024244716
283563,43878.016,29708.63550145517
283564,43878.016,17511.74744086039
283565,43878.016,11634.219154299059
283566,43878.016,20522.59259403043
283567,43878.016,42589.418585889885
283568,43878.016,41032.542465613464
283569,43878.016,7158.236320547631
283570,43878.016,56788.23867256668
283571,43878.016,29459.597096743368
283572,43878.016,49432.88533181769
283573,43878.016,18819.851442505656
283574,43878.016,12850.415627085249
283575,43878.016,36055.5654967989
283576,43878.016,47493.97963563816
283577,43878.016,14806.216438584315
283578,43878.016,83185.81312719139
283579,43878.016,22801.954797007882
283580,43878.016,24913.318003483037
283581,43878.016,18791.517695608658
283582,43878.016,22173.01519608115
283583,43878.016,11101.971683400481
283584,43878.016,35013.517145983824
283585,43878.016,33407.19708400268
283586,43878.016,22592.331300900012
283587,43878.016,28775.632507845217
283588,43878.016,24181.18927324978
283589,43878.016,69905.30679133898
283590,43878.016,9193.438939509648
283591,43878.016,10438.234346014597
283592,43878.016,56098.83271236932
283593,43878.016,49830.75364435095
283594,43878.016,15864.027673756795
283595,43878.016,24715.720036249106
283596,43878.016,29553.43961170771
283597,43878.016,12405.602989768937
283598,43878.016,32460.14620137145
283599,43878.016,23584.893931950046
283600,43878.016,49020.78980155553
283601,43878.016,27979.299665645518
283602,43878.016,9040.921169267618
283603,43878.016,58795.228129815754
283604,43878.016,47578.03328828758
283605,43878.016,9102.23099710147
283606,43878.016,15155.188522944361
283607,43878.016,17940.124797476004
283608,43878.016,39324.4883167354
283609,43878.016,37563.98196451458
283610,43878.016,27561.890701683347
283611,43878.016,32642.34890860417
283612,43878.016,31372.61444653674
283613,43878.016,24638.073524517466
283614,43878.016,25001.785455807483
283615,43878.016,44670.585304961416
283616,43878.016,48563.22024542754
283617,43878.016,50547.59378339171
283618,43878.016,59353.27603436962
283619,43878.016,34682.74595711912
283620,43878.016,50094.33061752509
283621,43878.016,33817.90669198972
283622,43878.016,54153.74730744982
283623,43878.016,25844.13280496092
283624,43878.016,25147.789917800943
283625,43878.016,24179.738283021186
283626,43878.016,47945.9893321773
283627,43878.016,54180.08063708251
283628,43878.016,50920.47011056943
283629,43878.016,21196.553749740728
283630,43878.016,23436.949247297398
283631,43878.016,33853.77100452516
283632,43878.016,21060.32341842685
283633,43878.016,67720.49800723184
283634,43878.016,56955.68354268081
283635,43878.016,26234.858845930936
283636,43878.016,67946.0664134306
283637,43878.016,24572.58352598147
283638,43878.016,26317.77897377399
283639,43878.016,15870.726795454608
283640,43878.016,10042.636661420049
283641,43878.016,49250.3123292564
283642,43878.016,45726.89733996026
283643,43878.016,42048.95402455451
283644,43878.016,47233.733913342636
283645,43878.016,33803.62624235314
283646,43878.016,71420.28191686343
283647,43878.016,42858.8909331708
283648,43878.016,53461.645806108594
283649,43878.016,7069.304745880324
283650,43878.016,42878.38664315577
283651,43878.016,48255.643037448724
283652,43878.016,17685.39933026135
283653,43878.016,24815.013589340666
283654,43878.016,35691.79321393062
283655,43878.016,25144.879476649927
283656,43878.016,36525.71501601539
283657,43878.016,50684.46995819473
283658,43878.016,18813.150488698648
283659,43878.016,14505.569162551938
283660,43878.016,15232.274091334248
283661,43878.016,24568.936329450436
283662,43878.016,48852.55441047138
283663,43878.016,55017.902577621135
283664,43878.016,18998.484768110924
283665,43878.016,47258.53777288498
283666,43878.016,42107.106138494346
283667,43878.016,75497.9816213059
283668,43878.016,47403.27485832817
283669,43878.016,10825.20280863956
283670,43878.016,62571.53763693346
283671,43878.016,35843.124145572
283672,43878.016,8434.849068906224
283673,43878.016,85685.45226865991
283674,43878.016,19309.197993557376
283675,43878.016,57997.430332564116
283676,43878.016,40667.385820707634
283677,43878.016,3381.8610185617504
283678,43878.016,45008.97568756346
283679,43878.016,39390.65127031365
283680,43878.016,31192.152046501476
283681,43878.016,16991.296089462525
283682,43878.016,13110.461265934806
283683,43878.016,28923.189886591255
283684,43878.016,39518.57394359448
283685,43878.016,30852.38204642928
283686,43878.016,37320.42274633983
283687,43878.016,6046.611191122514
283688,43878.016,16950.537078421457
283689,43878.016,50097.596200544875
283690,43878.016,58811.87353404045
283691,43878.016,22662.311670144194
283692,43878.016,20987.869457604116
283693,43878.016,49517.68087125913
283694,43878.016,12755.752391171638
283695,43878.016,8796.886481835088
283696,43878.016,14101.078321312594
283697,43878.016,46388.81520194849
283698,43878.016,58607.199231265244
283699,43878.016,27673.673152762014
283700,43878.016,48705.045134564236
283701,43878.016,13475.793182082265
283702,43878.016,18595.378381985454
283703,43878.016,31205.89561813928
283704,43878.016,36284.89922574018
283705,43878.016,55603.04595756171
283706,43878.016,13198.53724788036
283707,43878.016,31318.39567792849
283708,43878.016,27831.91801595287
283709,43878.016,38207.29578099198
283710,43878.016,47979.89020615804
283711,43878.016,42719.918073295215
283712,43878.016,49094.68832091986
283713,43878.016,24248.976315064792
283714,43878.016,20745.535084014966
283715,43878.016,92921.54451254227
283716,43878.016,57629.16395971988
283717,43878.016,46169.444900359566
283718,43878.016,30852.645948600413
283719,43878.016,44584.43617828934
283720,43878.016,35702.355099945395
283721,43878.016,21392.437344228325
283722,43878.016,40814.77986660881
283723,43878.016,22632.912752912187
283724,43878.016,13535.588791476608
283725,43878.016,31737.382054003047
283726,43878.016,70633.36317374022
283727,43878.016,25771.44114079427
283728,43878.016,34040.24406462237
283729,43878.016,47291.17620005113
283730,43878.016,32621.555078571284
283731,43878.016,20910.214001109773
283732,43878.016,50758.70015934142
283733,43878.016,26092.972832836946
283734,43878.016,74156.68756533365
283735,43878.016,12368.681591538352
283736,43878.016,29047.091014836125
283737,43878.016,55522.7082131612
283738,43878.016,29171.22955148335
283739,43878.016,34547.465963705436
283740,43878.016,39665.67447661471
283741,43878.016,19527.5315603316
283742,43878.016,9287.841472014994
283743,43878.016,24453.260617459313
283744,43878.016,25403.164439523272
283745,43878.016,12515.63839908497
283746,43878.016,62255.652621304835
283747,43878.016,26555.28152417944
283748,43878.016,44313.54784951934
283749,43878.016,13279.49730737213
283750,43878.016,54173.760205657425
283751,43878.016,46319.77465141835
283752,43878.016,16427.844659193423
283753,43878.016,40729.38982790388
283754,43878.016,15847.504561847856
283755,43878.016,51016.85147742995
283756,43878.016,14201.08827188421
283757,43878.016,45939.63988290236
283758,43878.016,8133.629073329292
283759,43878.016,25417.799975336005
283760,43878.016,27733.806860181936
283761,43878.016,23003.562919452535
283762,43878.016,74308.7177611989
283763,43878.016,28344.374392944763
283764,43878.016,16917.52266298894
283765,43878.016,30811.14195513741
283766,43878.016,18214.239485846283
283767,43878.016,33503.55645575086
283768,43878.016,5628.542282283871
283769,43878.016,33294.972940888045
283770,43878.016,27814.76423768689
283771,43878.016,50416.132345632046
283772,43878.016,31914.1287958844
283773,43878.016,71510.77434833889
283774,43878.016,33172.34097942039
283775,43878.016,62116.54802005901
283776,43878.016,12361.460241875038
283777,43878.016,7270.979505472639
283778,43878.016,40057.411745567915
283779,43878.016,73539.65537313276
283780,43878.016,12606.539462075776
283781,43878.016,70184.52752121974
283782,43878.016,36593.52593077236
283783,43878.016,60803.12512163866
283784,43878.016,32500.458416388054
283785,43878.016,32106.599526437465
283786,43878.016,14999.097715253462
283787,43878.016,54999.29298284229
283788,43878.016,48010.480624710326
283789,43878.016,9142.721261474051
283790,43878.016,29523.984065224493
283791,43878.016,11003.097390101426
283792,43878.016,48884.74987164655
283793,43878.016,36635.13772294557
283794,43878.016,8560.113559050167
283795,43878.016,16569.118697550737
283796,43878.016,13236.495771013806
283797,43878.016,13254.248872341252
283798,43878.016,67699.29076311862
283799,43878.016,11631.500930877384
283800,43878.016,62945.88511929684
283801,43878.016,47344.9793654314
283802,43878.016,17048.05863085928
283803,43878.016,17910.60694648944
283804,43878.016,46023.38661951243
283805,43878.016,37405.59498645111
283806,43878.016,19906.218769176772
283807,43878.016,15202.555678583076
283808,43878.016,73541.2605605299
283809,43878.016,38588.66515855826
283810,43878.016,18271.24274040108
283811,43878.016,40317.32975911426
283812,43878.016,46112.1767384403
283813,43878.016,12869.012595451384
283814,43878.016,55977.18461604209
283815,43878.016,34133.913065976034
283816,43878.016,26253.71865162939
283817,43878.016,59220.1096690766
283818,43878.016,19175.15107080338
283819,43878.016,4599.363019122695
283820,43878.016,41605.65181377699
283821,43878.016,20185.852795493018
283822,43878.016,35753.50305301806
283823,43878.016,60845.59213323391
283824,43878.016,39867.07766245651
283825,43878.016,30548.252314632173
283826,43878.016,46411.1782761785
283827,43878.016,66120.4700930563
283828,43878.016,21306.449772917204
283829,43878.016,17836.37628867418
283830,43878.016,59733.24609340829
283831,43878.016,64518.6849060692
283832,43878.016,41082.29583404767
283833,43878.016,32795.51331513365
283834,43878.016,54166.809677974794
283835,43878.016,25708.5509779307
283836,43878.016,42634.79717215802
283837,43878.016,12877.736898318111
283838,43878.016,35557.71475753001
283839,43878.016,30640.871626858985
283840,43878.016,7352.795410199832
283841,43878.016,68963.80306916761
283842,43878.016,25613.910142808792
283843,43878.016,12297.95372076993
283844,43878.016,22753.648004300547
283845,43878.016,45706.059933135424
283846,43878.016,12192.705348484238
283847,43878.016,9059.575830939248
283848,43878.016,29680.239535294437
283849,43878.016,20095.697194532695
283850,43878.016,42304.530727907906
283851,43878.016,36858.68462864332
283852,43878.016,84332.89518140841
283853,43878.016,13678.750220398144
283854,43878.016,20725.102662327798
283855,43878.016,64142.855008883664
283856,43878.016,12500.491014037694
283857,43878.016,58804.502202807846
283858,43878.016,81567.36965081748
283859,43878.016,15859.503301455603
283860,43878.016,24264.285430234704
283861,43878.016,57985.785235939984
283862,43878.016,35029.326192324035
283863,43878.016,53490.33414507101
283864,43878.016,56131.11704927884
283865,43878.016,12705.622781950688
283866,43878.016,13611.95294552583
283867,43878.016,67969.33205212772
283868,43878.016,44254.08133195085
283869,43878.016,61607.39540650182
283870,43878.016,59843.862631408796
283871,43878.016,29386.436230369705
283872,43878.016,37987.79835461085
283873,43878.016,15379.296324947047
283874,43878.016,28139.563761704056
283875,43878.016,33422.34590556259
283876,43878.016,26430.272584672308
283877,43878.016,25066.76894966997
283878,43878.016,47475.811047481846
283879,43878.016,35143.37725516791
283880,43878.016,14487.906007612195
283881,43878.016,38555.96159638418
283882,43878.016,21368.169915696973
283883,43878.016,34029.85641966501
283884,43878.016,38855.812201180874
283885,43878.016,24126.495043142873
283886,43878.016,42077.25601047962
283887,43878.016,14249.284446814367
283888,43878.016,36280.13270722638
283889,43878.016,29938.903277030146
283890,43878.016,47297.35087914651
283891,43878.016,10449.105223954259
283892,43878.016,6927.767765377625
283893,43878.016,20800.393209087255
283894,43878.016,5706.082223508977
283895,43878.016,38798.05735441043
283896,43878.016,27829.540539624348
283897,43878.016,22585.004227835525
283898,43878.016,18266.74399897417
283899,43878.016,33460.15252073262
283900,43878.016,22890.24989728315
283901,43878.016,26089.728823401983
283902,43878.016,50508.022014860224
283903,43878.016,7372.3771909108955
283904,43878.016,12867.672182041735
283905,43878.016,13893.2020419678
283906,43878.016,23609.33114274141
283907,43878.016,43962.4110393352
283908,43878.016,51181.73192798668
283909,43878.016,34731.88767405219
283910,43878.016,6253.258563677469
283911,43878.016,48353.624892508575
283912,43878.016,53959.401552283714
283913,43878.016,12638.66602760109
283914,43878.016,37800.31569106521
283915,43878.016,49247.821561902536
283916,43878.016,24659.02329091275
283917,43878.016,63598.985727120285
283918,43878.016,34590.624837599695
283919,43878.016,52247.358794704545
283920,43878.016,19146.9330855186
283921,43878.016,9223.324679121255
283922,43878.016,14074.311164231842
283923,43878.016,8378.253373603622
283924,43878.016,26818.7130053068
283925,43878.016,29079.018410692275
283926,43878.016,30557.795369000654
283927,43878.016,39402.45765481446
283928,43878.016,10357.3270661191
283929,43878.016,19118.385203361053
283930,43878.016,16018.326934695007
283931,43878.016,18171.716907208072
283932,43878.016,5864.609777535416
283933,43878.016,33205.8504320823
283934,43878.016,16912.534277409402
283935,43878.016,56842.77130694183
283936,43878.016,55988.17865987666
283937,43878.016,24652.07948009863
283938,43878.016,14199.367028003651
283939,43878.016,7583.895994089259
283940,43878.016,28319.262152659372
283941,43878.016,16077.728858021728
283942,43878.016,41222.648996821765
283943,43878.016,25180.407231178633
283944,43878.016,61518.09168612478
283945,43878.016,66880.22598792211
283946,43878.016,15130.783374178342
283947,43878.016,52763.08464615408
283948,43878.016,7567.395225308801
283949,43878.016,43964.3101123427
283950,43878.016,18337.842151491757
283951,43878.016,51271.79029012093
283952,43878.016,16505.244787806092
283953,43878.016,15939.093247639083
283954,43878.016,16919.3010144857
283955,43878.016,48899.458954076246
283956,43878.016,52995.93389406645
283957,43878.016,37828.354879706225
283958,43878.016,31695.011494731065
283959,43878.016,11432.841106403472
283960,43878.016,28382.53778345701
283961,43878.016,21513.110016154365
283962,43878.016,41003.154071371544
283963,43878.016,12728.17235713561
283964,43878.016,64569.77182557108
283965,43878.016,13775.9156495359
283966,43878.016,12692.270246907956
283967,43878.016,25105.51063425126
283968,43878.016,29170.01004988015
283969,43878.016,25858.891854745347
283970,43878.016,45018.53004706622
283971,43878.016,8738.142028056149
283972,43878.016,17350.79279789872
283973,43878.016,17235.485523844854
283974,43878.016,53626.19349952055
283975,43878.016,13616.700267211847
283976,43878.016,70082.9441885488
283977,43878.016,13664.283531350231
283978,43878.016,29209.797343620445
283979,43878.016,8923.529994443224
283980,43878.016,31522.017743132645
283981,43878.016,16525.376390270692
283982,43878.016,37267.22314838879
283983,43878.016,36509.5851874241
283984,43878.016,14655.5996193021
283985,43878.016,27420.885413601933
283986,43878.016,16371.29236023847
283987,43878.016,46100.44663327201
283988,43878.016,45642.78583601975
283989,43878.016,26013.2731898931
283990,43878.016,62542.340542636324
283991,43878.016,12605.388228041125
283992,43878.016,21821.862362617972
283993,43878.016,51062.06442968303
283994,43878.016,19371.49936945484
283995,43878.016,13325.310643071192
283996,43878.016,30945.353943797953
283997,43878.016,63729.259463755334
283998,43878.016,31468.069603093852
283999,43878.016,47046.24111670246
284000,43878.016,57771.629346770314
284001,43878.016,16408.329420516682
284002,43878.016,24157.018095268064
284003,43878.016,16054.100407818602
284004,43878.016,39363.20078786678
284005,43878.016,38487.95241201115
284006,43878.016,40186.66694187728
284007,43878.016,24943.011366776085
284008,43878.016,58910.74361483424
284009,43878.016,34612.03906649908
284010,43878.016,26733.036498033416
284011,43878.016,15650.257308044054
284012,43878.016,74664.60138591353
284013,43878.016,51105.241102381944
284014,43878.016,77103.04376572775
284015,43878.016,19850.919797874107
284016,43878.016,37446.67939249131
284017,43878.016,22367.61961988989
284018,43878.016,25862.352857766815
284019,43878.016,20757.3626381006
284020,43878.016,40827.698438246814
284021,43878.016,46160.231867821065
284022,43878.016,45965.359353080035
284023,43878.016,11028.69437065252
284024,43878.016,26973.358269087952
284025,43878.016,32527.602816213144
284026,43878.016,21152.945085074323
284027,43878.016,17135.203100166924
284028,43878.016,47633.91468170888
284029,43878.016,27814.68078384735
284030,43878.016,22480.092777728856
284031,43878.016,76382.95900152823
284032,43878.016,12065.608634830745
284033,43878.016,13183.971195193357
284034,43878.016,50002.29702056663
284035,43878.016,18919.70349194295
284036,43878.016,36356.04626760654
284037,43878.016,49901.04696237411
284038,43878.016,40784.16422474701
284039,43878.016,60493.26549900299
284040,43878.016,22563.6195261986
284041,43878.016,33773.7157910596
284042,43878.016,53124.304392351914
284043,43878.016,18192.464015340047
284044,43878.016,51520.385024915304
284045,43878.016,15164.69182497436
284046,43878.016,17624.79800909582
284047,43878.016,54908.69040926829
284048,43878.016,32476.584950333847
284049,43878.016,11925.392593241091
284050,43878.016,71382.26084726173
284051,43878.016,74042.02866707415
284052,43878.016,17078.774722725306
284053,43878.016,60317.863827883215
284054,43878.016,41359.31004337982
284055,43878.016,21923.933689290072
284056,43878.016,26478.710209137473
284057,43878.016,71498.80503492689
284058,43878.016,19434.723776555897
284059,43878.016,42919.67521093009
284060,43878.016,41904.883410899005
284061,43878.016,21867.853457023197
284062,43878.016,47769.38761211682
284063,43878.016,21668.854057639648
284064,43878.016,38533.03586264394
284065,43878.016,29129.534848928382
284066,43878.016,13252.580499985263
284067,43878.016,28936.5049227345
284068,43878.016,55653.9704658927
284069,43878.016,51301.65501738669
284070,43878.016,9713.066717016334
284071,43878.016,32136.29376533124
284072,43878.016,22385.750169542316
284073,43878.016,47355.23940124239
284074,43878.016,24010.875696131865
284075,43878.016,33813.54948716827
284076,43878.016,51581.559927390685
284077,43878.016,59474.91575775361
284078,43878.016,20457.44452227083
284079,43878.016,41240.032000983745
284080,43878.016,22412.24109480284
284081,43878.016,41532.3134226251
284082,43878.016,45727.13530168937
284083,43878.016,79908.4419758134
284084,43878.016,23722.206467527056
284085,43878.016,51416.67428469169
284086,43878.016,42001.08424272993
284087,43878.016,29198.30975689151
284088,43878.016,26440.723454466934
284089,43878.016,20522.89357500126
284090,43878.016,34347.06654822929
284091,43878.016,26611.644163187484
284092,43878.016,11860.455762568383
284093,43878.016,20117.93263052358
284094,43878.016,15087.55484820675
284095,43878.016,39939.519178820825
284096,43878.016,23608.7783213262
284097,43878.016,14805.214040842617
284098,43878.016,34485.933833609066
284099,43878.016,36784.59103592069
284100,43878.016,50933.85903017136
284101,43878.016,51038.81950911891
284102,43878.016,34423.04801848721
284103,43878.016,26191.165042077395
284104,43878.016,15318.956024000649
284105,43878.016,37963.94281661857
284106,43878.016,55051.08165068789
284107,43878.016,114768.02118820565
284108,43878.016,44422.798371046054
284109,43878.016,30600.107561973382
284110,43878.016,65976.3619915695
284111,43878.016,17232.678728249055
284112,43878.016,8924.126121861107
284113,43878.016,68737.32231311749
284114,43878.016,38953.60848957178
284115,43878.016,41456.28702951071
284116,43878.016,18403.707614365834
284117,43878.016,26258.823694519713
284118,43878.016,43273.60578635106
284119,43878.016,9081.033304060362
284120,43878.016,18418.730723697587
284121,43878.016,33331.89163310013
284122,43878.016,48296.21503791275
284123,43878.016,10065.792557642919
284124,43878.016,14103.627427713483
284125,43878.016,37258.83384257148
284126,43878.016,19485.151828979895
284127,43878.016,17413.38632556711
284128,43878.016,56467.13036752714
284129,43878.016,18325.318706287613
284130,43878.016,9631.573946840803
284131,43878.016,14699.334996632764
284132,43878.016,56326.29508963846
284133,43878.016,16979.942914446834
284134,43878.016,28619.743747471148
284135,43878.016,51539.80582680506
284136,43878.016,23479.154268384274
284137,43878.016,15323.793105802775
284138,43878.016,35414.244551875854
284139,43878.016,33756.356865908245
284140,43878.016,32421.438520781165
284141,43878.016,60787.68704613783
284142,43878.016,23179.040968559442
284143,43878.016,61990.112565459865
284144,43878.016,25918.564867215202
284145,43878.016,62442.905327435226
284146,43878.016,13708.417978187152
284147,43878.016,43734.038196484864
284148,43878.016,16166.870235621753
284149,43878.016,46587.0911349224
284150,43878.016,63827.31663580008
284151,43878.016,16692.47215616704
284152,43878.016,12728.936301601043
284153,43878.016,22589.004823952648
284154,43878.016,13550.456117258569
284155,43878.016,40417.08655856174
284156,43878.016,59437.30257356705
284157,43878.016,18279.61444224695
284158,43878.016,44359.411450573054
284159,43878.016,29199.199352128006
284160,43878.016,50776.13876649867
284161,43878.016,28948.910770678533
284162,43878.016,18186.74548047246
284163,43878.016,47568.63832076687
284164,43878.016,14009.906125610087
284165,43878.016,56422.42374829714
284166,43878.016,56255.8611794501
284167,43878.016,22551.373738037633
284168,43878.016,48104.33304895993
284169,43878.016,64928.01583224198
284170,43878.016,49560.62086169948
284171,43878.016,70435.90469658082
284172,43878.016,10468.965245478155
284173,43878.016,31943.51968358898
284174,43878.016,34114.96694495879
284175,43878.016,8075.8230005751875
284176,43878.016,28872.91134278142
284177,43878.016,36065.16826012101
284178,43878.016,35232.78865228327
284179,43878.016,25385.03656935168
284180,43878.016,59083.97115444771
284181,43878.016,53605.642470047766
284182,43878.016,9606.930375689339
284183,43878.016,21761.806157500105
284184,43878.016,47328.466031102784
284185,43878.016,22013.288218186364
284186,43878.016,53801.81912272653
284187,43878.016,69937.48518114092
284188,43878.016,61685.288166614715
284189,43878.016,52697.68508020918
284190,43878.016,8026.445393407494
284191,43878.016,48621.168067303704
284192,43878.016,78755.02764019545
284193,43878.016,52083.744681469696
284194,43878.016,37950.50741663353
284195,43878.016,44981.43206778572
284196,43878.016,31976.57009882085
284197,43878.016,53909.6121348578
284198,43878.016,44625.417784715966
284199,43878.016,29067.24357054115
284200,43878.016,33050.14931929359
284201,43878.016,13979.340694059825
284202,43878.016,19516.062941306922
284203,43878.016,42078.38884091141
284204,43878.016,36816.11538893353
284205,43878.016,28918.83799331669
284206,43878.016,51307.56168151316
284207,43878.016,14770.592028226638
284208,43878.016,24168.31523515342
284209,43878.016,59123.52903281743
284210,43878.016,49482.24166268601
284211,43878.016,28626.85211797136
284212,43878.016,26117.84498112975
284213,43878.016,52881.232690177516
284214,43878.016,32951.98874589878
284215,43878.016,20511.182011423156
284216,43878.016,14319.027836640977
284217,43878.016,24643.086610639133
284218,43878.016,23079.012054480136
284219,43878.016,46705.60207765408
284220,43878.016,20084.37435698065
284221,43878.016,76506.35740234444
284222,43878.016,13634.113218809565
284223,43878.016,14759.842419154233
284224,43878.016,55520.097980885366
284225,43878.016,45831.737913439945
284226,43878.016,28649.4462739931
284227,43878.016,28616.4953125373
284228,43878.016,55570.91362935143
284229,43878.016,27119.000427536568
284230,43878.016,53422.92303537922
284231,43878.016,12470.0137691905
284232,43878.016,46608.87615690611
284233,43878.016,31965.60380242474
284234,43878.016,32783.53783430317
284235,43878.016,42919.895243465384
284236,43878.016,14776.750530118312
284237,43878.016,33495.72648120088
284238,43878.016,15062.599230318532
284239,43878.016,31299.5289618171
284240,43878.016,34425.04707223732
284241,43878.016,43816.84757924631
284242,43878.016,58931.15025226995
284243,43878.016,59998.71378414774
284244,43878.016,12358.635109400124
284245,43878.016,9749.42000134735
284246,43878.016,36388.196366681535
284247,43878.016,52879.673033527964
284248,43878.016,19470.999976215207
284249,43878.016,43316.505367002355
284250,43878.016,14901.94930679312
284251,43878.016,40456.037923372045
284252,43878.016,77057.94017970288
284253,43878.016,45611.954005711064
284254,43878.016,5324.385724839134
284255,43878.016,12066.463655178191
284256,43878.016,55599.51333860433
284257,43878.016,35781.23623250786
284258,43878.016,36400.5907086603
284259,43878.016,18949.38786836996
284260,43878.016,70438.23898616996
284261,43878.016,66674.4330344255
284262,43878.016,48758.42230679142
284263,43878.016,40032.78344073554
284264,43878.016,23214.127710733126
284265,43878.016,59789.071765231325
284266,43878.016,19734.20786573289
284267,43878.016,52091.96030474032
284268,43878.016,18296.099661694672
284269,43878.016,29776.832824811467
284270,43878.016,17591.124114808055
284271,43878.016,25744.136662893186
284272,43878.016,24331.620360129666
284273,43878.016,6160.976997406482
284274,43878.016,53033.35696686542
284275,43878.016,27322.763882345414
284276,43878.016,14610.643440914426
284277,43878.016,27200.36552514836
284278,43878.016,45880.319976072824
284279,43878.016,36640.876980391076
284280,43878.016,50919.439323679595
284281,43878.016,14483.64110856535
284282,43878.016,89875.84077871557
284283,43878.016,64937.546650594435
284284,43878.016,58431.6648517205
284285,43878.016,34106.72217475355
284286,43878.016,20648.16829523274
284287,43878.016,17906.25509380997
284288,43878.016,31684.717755487676
284289,43878.016,3963.37655404837
284290,43878.016,36207.97374468688
284291,43878.016,48861.76627917044
284292,43878.016,45597.44048064474
284293,43878.016,18093.85662976332
284294,43878.016,50834.480621190385
284295,43878.016,23773.50237316074
284296,43878.016,23725.604454130917
284297,43878.016,28494.2442742761
284298,43878.016,30378.73668532631
284299,43878.016,39540.86556980806
284300,43878.016,19462.438794557333
284301,43878.016,31440.56468398254
284302,43878.016,58236.72827973067
284303,43878.016,34398.74726118689
284304,43878.016,25877.615083568366
284305,43878.016,37701.61367477496
284306,43878.016,19358.507446070045
284307,43878.016,31621.14263886804
284308,43878.016,40284.425845593905
284309,43878.016,16556.879709010373
284310,43878.016,49923.75948502284
284311,43878.016,21611.64366293765
284312,43878.016,57213.224836881156
284313,43878.016,45418.91459273794
284314,43878.016,42139.15751981709
284315,43878.016,67101.23175672653
284316,43878.016,7624.5556622995755
284317,43878.016,7002.425464900515
284318,43878.016,42351.43060112082
284319,43878.016,32199.555376347424
284320,43878.016,22712.87600147708
284321,43878.016,41806.326601381064
284322,43878.016,53898.12574040678
284323,43878.016,31342.646028390034
284324,43878.016,25184.012038245935
284325,43878.016,21574.91352063945
284326,43878.016,33314.82643323956
284327,43878.016,11860.149974314065
284328,43878.016,58452.758719831625
284329,43878.016,23908.31919074667
284330,43878.016,42856.74213885612
284331,43878.016,54591.21588557786
284332,43878.016,13876.995610162123
284333,43878.016,38430.01150815133
284334,43878.016,65033.30182639418
284335,43878.016,14188.265829547963
284336,43878.016,51914.53399550576
284337,43878.016,35387.331651198634
284338,43878.016,12952.395847663387
284339,43878.016,68183.55698181699
284340,43878.016,53200.07627202945
284341,43878.016,16188.274077586126
284342,43878.016,62217.129043382716
284343,43878.016,40208.80152888324
284344,43878.016,24180.621780556132
284345,43878.016,34829.323718955806
284346,43878.016,33639.14990590567
284347,43878.016,38248.42678396044
284348,43878.016,17991.787649702957
284349,43878.016,15204.173313097044
284350,43878.016,32144.4758387947
284351,43878.016,63272.32807270844
284352,43878.016,50026.75207789033
284353,43878.016,45247.02427884728
284354,43878.016,43521.902860297014
284355,43878.016,47182.719096735746
284356,43878.016,35134.286930587456
284357,43878.016,36537.993959519335
284358,43878.016,31281.00759112151
284359,43878.016,51930.239436717886
284360,43878.016,9769.79485658569
284361,43878.016,30191.685606649033
284362,43878.016,8656.541870815183
284363,43878.016,32499.48226256326
284364,43878.016,58735.756071063726
284365,43878.016,30277.605259562086
284366,43878.016,63842.86823007702
284367,43878.016,16266.42173243007
284368,43878.016,13671.431383078461
284369,43878.016,27439.26259654504
284370,43878.016,45501.543545086985
284371,43878.016,35321.2248467018
284372,43878.016,51284.581536866004
284373,43878.016,36362.573398275155
284374,43878.016,42699.74405260308
284375,43878.016,9047.120381492588
284376,43878.016,20754.82539848927
284377,43878.016,53360.03731330251
284378,43878.016,19058.155306309374
284379,43878.016,38638.66934203903
284380,43878.016,49381.617404869736
284381,43878.016,25906.990719886515
284382,43878.016,23439.219367083882
284383,43878.016,22747.74904613991
284384,43878.016,55009.73443464729
284385,43878.016,67429.02376468132
284386,43878.016,12141.04116450653
284387,43878.016,26711.746046675857
284388,43878.016,32131.19043904132
284389,43878.016,55141.34554041194
284390,43878.016,9893.45265406086
284391,43878.016,46062.71521782297
284392,43878.016,54474.223247056165
284393,43878.016,21649.146906297792
284394,43878.016,46885.404600200076
284395,43878.016,33912.80736493913
284396,43878.016,29816.018104504725
284397,43878.016,41780.75436535387
284398,43878.016,86924.45302530983
284399,43878.016,27454.435840848044
284400,43878.016,21697.85326500427
284401,43878.016,40671.1405845946
284402,43878.016,71522.33767893621
284403,43878.016,42970.00929952897
284404,43878.016,55420.59947610345
284405,43878.016,30592.385858717258
284406,43878.016,26543.10266832338
284407,43878.016,22969.125066196422
284408,43878.016,33894.23681861955
284409,43878.016,12224.346335295357
284410,43878.016,20069.283862498145
284411,43878.016,41794.303096668176
284412,43878.016,14042.08418882266
284413,43878.016,52879.419218574985
284414,43878.016,67509.69363516076
284415,43878.016,23663.434497067898
284416,43878.016,9658.844537632795
284417,43878.016,30337.1926390972
284418,43878.016,65708.08785393838
284419,43878.016,68053.95390336597
284420,43878.016,73142.00088397734
284421,43878.016,26416.41652344617
284422,43878.016,25622.334664375274
284423,43878.016,52974.80093161716
284424,43878.016,28084.770321486914
284425,43878.016,41074.80156219009
284426,43878.016,43726.30286079368
284427,43878.016,24465.530665527986
284428,43878.016,10820.56116311538
284429,43878.016,44460.595050878495
284430,43878.016,8277.388814133163
284431,43878.016,11894.899013883847
284432,43878.016,16987.85844684169
284433,43878.016,22891.529927315278
284434,43878.016,80724.27533467708
284435,43878.016,30461.423350276727
284436,43878.016,26882.33223922406
284437,43878.016,22079.578373405937
284438,43878.016,53112.03401349526
284439,43878.016,9432.885324482662
284440,43878.016,17283.9408461747
284441,43878.016,44868.040891074255
284442,43878.016,19701.347137055338
284443,43878.016,11755.655413937984
284444,43878.016,25327.294113303844
284445,43878.016,40698.08826879033
284446,43878.016,30764.849538103677
284447,43878.016,76215.836539901
284448,43878.016,57861.644239089015
284449,43878.016,47123.47316223155
284450,43878.016,7323.37803321137
284451,43878.016,77830.7799669152
284452,43878.016,22572.64573024236
284453,43878.016,16526.957997159345
284454,43878.016,44123.09523332117
284455,43878.016,14842.231886173578
284456,43878.016,70746.0246085752
284457,43878.016,23281.904856437555
284458,43878.016,23666.23922388303
284459,43878.016,82568.43996618375
284460,43878.016,48773.53382867394
284461,43878.016,68149.86916497139
284462,43878.016,41325.93608319587
284463,43878.016,27982.87796069265
284464,43878.016,43515.00464442933
284465,43878.016,32011.342555163967
284466,43878.016,38117.13996706143
284467,43878.016,49305.79823789742
284468,43878.016,89482.9256403192
284469,43878.016,33685.3715528332
284470,43878.016,42798.385714447395
284471,43878.016,57627.04777823394
284472,43878.016,54181.63740704179
284473,43878.016,28375.62638594144
284474,43878.016,42719.51633649289
284475,43878.016,47471.80685502806
284476,43878.016,26238.081248323575
284477,43878.016,44787.532150269464
284478,43878.016,15749.22347318628
284479,43878.016,28409.901975033383
284480,43878.016,16520.72463122868
284481,43878.016,26588.44211681203
284482,43878.016,23932.022101239665
284483,43878.016,101939.95145076067
284484,43878.016,31183.659376087944
284485,43878.016,11060.301287023687
284486,43878.016,61979.714043991764
284487,43878.016,44164.60306009062
284488,43878.016,47616.667625955815
284489,43878.016,24693.43878427273
284490,43878.016,8377.419891996919
284491,43878.016,91197.04729082153
284492,43878.016,25828.751426267903
284493,43878.016,37346.26144516133
284494,43878.016,14506.151192214556
284495,43878.016,14111.787354830525
284496,43878.016,40472.8782872918
284497,43878.016,49817.06827416813
284498,43878.016,47610.94677801909
284499,43878.016,20923.61184302567
284500,43878.016,23530.2468583343
284501,43878.016,18729.35916005733
284502,43878.016,60225.803858587555
284503,43878.016,16451.43027783888
284504,43878.016,52563.125842382484
284505,43878.016,9194.030099367637
284506,43878.016,13346.213464025206
284507,43878.016,31507.92564083433
284508,43878.016,71126.59062683034
284509,43878.016,35725.73645381027
284510,43878.016,20759.93757323448
284511,43878.016,37670.364615665705
284512,43878.016,17091.50920690444
284513,43878.016,48163.20503864877
284514,43878.016,15552.100249113597
284515,43878.016,23034.946699274067
284516,43878.016,21130.429972607802
284517,43878.016,23363.525281091417
284518,43878.016,37005.629488620885
284519,43878.016,43645.056945983844
284520,43878.016,15071.69736214884
284521,43878.016,10996.23385074911
284522,43878.016,45080.573600924065
284523,43878.016,14580.307944981447
284524,43878.016,29827.80483891649
284525,43878.016,24138.977112134085
284526,43878.016,23923.91559795538
284527,43878.016,61022.36029783962
284528,43878.016,50659.24293143788
284529,43878.016,28273.78251363078
284530,43878.016,34373.82047374527
284531,43878.016,52631.69462785952
284532,43878.016,37083.11709691279
284533,43878.016,13541.181166330447
284534,43878.016,27505.75725192144
284535,43878.016,9154.859432094643
284536,43878.016,23007.522357082806
284537,43878.016,76902.48036647028
284538,43878.016,39531.94321820679
284539,43878.016,18547.329164988427
284540,43878.016,26479.958111874825
284541,43878.016,30790.434670853414
284542,43878.016,61694.10745787979
284543,43878.016,14748.77108356458
284544,43878.016,29447.985238745405
284545,43878.016,111234.21230608816
284546,43878.016,39250.40819792696
284547,43878.016,51425.697692130656
284548,43878.016,21301.341454947767
284549,43878.016,23075.64496807556
284550,43878.016,7217.347177150605
284551,43878.016,9100.661268222852
284552,43878.016,19073.95393728861
284553,43878.016,44888.55185685825
284554,43878.016,12345.005762848576
284555,43878.016,11978.235153214806
284556,43878.016,55204.028224067624
284557,43878.016,13638.378962167506
284558,43878.016,43097.90100607321
284559,43878.016,16984.182388967525
284560,43878.016,18881.09512157032
284561,43878.016,36188.347949611765
284562,43878.016,47124.98284399734
284563,43878.016,14512.809248248499
284564,43878.016,10028.445085883826
284565,43878.016,31384.116796109352
284566,43878.016,30120.85999028146
284567,43878.016,47023.927796145384
284568,43878.016,38823.644072703246
284569,43878.016,34192.76549176486
284570,43878.016,88149.5113525581
284571,43878.016,9682.87438316722
284572,43878.016,52158.85102307424
284573,43878.016,46880.88545639679
284574,43878.016,7931.197748571434
284575,43878.016,42827.027057740284
284576,43878.016,21016.19672212259
284577,43878.016,60565.77791949789
284578,43878.016,75266.71262718197
284579,43878.016,10693.055962214552
284580,43878.016,19222.718886921364
284581,43878.016,49222.89568428025
284582,43878.016,30523.318572523658
284583,43878.016,24086.553493621268
284584,43878.016,51296.61153446484
284585,43878.016,35714.09680517315
284586,43878.016,32305.773069963674
284587,43878.016,29081.10630864672
284588,43878.016,48500.873322252155
284589,43878.016,35472.06760250864
284590,43878.016,20260.34518491513
284591,43878.016,59023.33600663569
284592,43878.016,12529.218470393937
284593,43878.016,6672.329948232773
284594,43878.016,34292.64663756057
284595,43878.016,31064.310016548006
284596,43878.016,63431.816180267015
284597,43878.016,9197.927014616685
284598,43878.016,53754.13327189787
284599,43878.016,77760.80150962414
284600,43878.016,52403.14217170405
284601,43878.016,24124.366950899253
284602,43878.016,56317.91350283377
284603,43878.016,5641.159758623297
284604,43878.016,67777.73421581273
284605,43878.016,77380.57113329785
284606,43878.016,25743.189759067474
284607,43878.016,53131.951143702274
284608,43878.016,26640.800691860524
284609,43878.016,15634.20433627665
284610,43878.016,28365.20615421582
284611,43878.016,27144.64941420599
284612,43878.016,22542.368720342398
284613,43878.016,51538.96325200431
284614,43878.016,19089.55093140988
284615,43878.016,35021.35218401381
284616,43878.016,60734.50279411565
284617,43878.016,39839.67271031163
284618,43878.016,11210.010252045233
284619,43878.016,58545.998855667
284620,43878.016,66233.64914451796
284621,43878.016,17981.959706774993
284622,43878.016,46699.92782588103
284623,43878.016,7711.461377514784
284624,43878.016,25131.586967301737
284625,43878.016,60914.10787473002
284626,43878.016,26086.529888347002
284627,43878.016,21820.278700742918
284628,43878.016,30883.741454714782
284629,43878.016,27845.24524460072
284630,43878.016,34719.36877585988
284631,43878.016,29564.313506423867
284632,43878.016,27712.5056230151
284633,43878.016,22208.173728403362
284634,43878.016,55961.043484742746
284635,43878.016,53660.285167327354
284636,43878.016,53879.67490276625
284637,43878.016,23670.05394646205
284638,43878.016,25660.74709370471
284639,43878.016,11939.362466006416
284640,43878.016,10924.1698660592
284641,43878.016,33452.506129413974
284642,43878.016,24926.973409346694
284643,43878.016,37761.84253547698
284644,43878.016,16311.775657184884
284645,43878.016,19980.59929860846
284646,43878.016,23148.013004067205
284647,43878.016,10721.66053593893
284648,43878.016,46825.283554659276
284649,43878.016,50876.58989233602
284650,43878.016,9097.620668708068
284651,43878.016,46109.03574797538
284652,43878.016,15473.366642634632
284653,43878.016,25788.21913246307
284654,43878.016,22674.463801379243
284655,43878.016,41518.74351501037
284656,43878.016,57392.133160080135
284657,43878.016,85555.96075477701
284658,43878.016,80798.42426537896
284659,43878.016,28514.362670372957
284660,43878.016,29552.70067189055
284661,43878.016,32141.24089139037
284662,43878.016,53483.46556212214
284663,43878.016,62910.7505166216
284664,43878.016,72229.04324944947
284665,43878.016,43932.93410955305
284666,43878.016,20499.748279193383
284667,43878.016,13235.171652123276
284668,43878.016,30664.464662004935
284669,43878.016,16283.99922412382
284670,43878.016,16491.966883515383
284671,43878.016,44104.78262589839
284672,43878.016,28621.574703550406
284673,43878.016,34779.10390429566
284674,43878.016,11570.651387602304
284675,43878.016,25215.08107234996
284676,43878.016,72616.55529950868
284677,43878.016,54021.716122050515
284678,43878.016,74240.64846500574
284679,43878.016,71744.48505554568
284680,43878.016,30333.838258020376
284681,43878.016,52485.09276346739
284682,43878.016,31713.272617128892
284683,43878.016,46334.289343907956
284684,43878.016,22665.343733265607
284685,43878.016,24396.937291359656
284686,43878.016,13992.192316065415
284687,43878.016,53909.34135291473
284688,43878.016,29861.657582917975
284689,43878.016,23699.102426605823
284690,43878.016,18712.812782200683
284691,43878.016,17241.795243730903
284692,43878.016,14884.388484250876
284693,43878.016,31080.21841270138
284694,43878.016,37426.98146323132
284695,43878.016,15560.172297128289
284696,43878.016,21920.124366526397
284697,43878.016,26913.443051977945
284698,43878.016,33188.61383404653
284699,43878.016,34060.912656631874
284700,43878.016,26445.369988266943
284701,43878.016,6994.187894222849
284702,43878.016,47665.089866813025
284703,43878.016,55729.59342119039
284704,43878.016,15011.996317570143
284705,43878.016,21812.946793357594
284706,43878.016,14441.017845070102
284707,43878.016,11017.720244573064
284708,43878.016,13411.233630334973
284709,43878.016,43641.4661059806
284710,43878.016,54505.014949259
284711,43878.016,64408.38394870186
284712,43878.016,67290.59179931632
284713,43878.016,16763.484978903933
284714,43878.016,17363.20906297079
284715,43878.016,31360.973889286455
284716,43878.016,44307.09942286414
284717,43878.016,34383.21242858029
284718,43878.016,20327.403593664047
284719,43878.016,26918.935837765708
284720,43878.016,17748.331837386657
284721,43878.016,40213.598448692625
284722,43878.016,22934.707891767946
284723,43878.016,22872.98391165978
284724,43878.016,58057.93954896778
284725,43878.016,36656.78181723722
284726,43878.016,26547.136063746413
284727,43878.016,46588.08179489544
284728,43878.016,29774.19886449001
284729,43878.016,45985.55548837947
284730,43878.016,35791.29142865211
284731,43878.016,16958.272949017923
284732,43878.016,20239.832909694
284733,43878.016,16966.910108660086
284734,43878.016,17083.537394431864
284735,43878.016,24859.019932913478
284736,43878.016,41791.22072442705
284737,43878.016,21767.67027862694
284738,43878.016,35711.22110353775
284739,43878.016,50503.12103641442
284740,43878.016,35889.988765924536
284741,43878.016,31139.031747389407
284742,43878.016,15836.691451260725
284743,43878.016,35148.61849301974
284744,43878.016,35818.0714127913
284745,43878.016,17895.48486562158
284746,43878.016,4054.954860267305
284747,43878.016,17560.35858940831
284748,43878.016,71542.23070988356
284749,43878.016,8370.43576856113
284750,43878.016,17285.34175992306
284751,43878.016,46352.19115958091
284752,43878.016,46466.628765830275
284753,43878.016,39844.543793506295
284754,43878.016,58915.18548997509
284755,43878.016,38806.981775063556
284756,43878.016,38810.94832561529
284757,43878.016,14753.035201462373
284758,43878.016,41594.64106573684
284759,43878.016,31261.018020004776
284760,43878.016,53131.379030066004
284761,43878.016,119475.52701023912
284762,43878.016,62313.89177974261
284763,43878.016,13738.20746207523
284764,43878.016,27442.04101287633
284765,43878.016,9952.015494686304
284766,43878.016,37235.328166854095
284767,43878.016,14699.536758666114
284768,43878.016,49965.14313166279
284769,43878.016,45117.87976497652
284770,43878.016,50180.50612804169
284771,43878.016,55768.81121848931
284772,43878.016,75689.9023859424
284773,43878.016,38969.68278943975
284774,43878.016,23967.759509549633
284775,43878.016,27107.613867723976
284776,43878.016,53037.6985327372
284777,43878.016,10470.938461178182
284778,43878.016,67486.1410546692
284779,43878.016,19611.566122943754
284780,43878.016,28676.714801874215
284781,43878.016,66810.85865611465
284782,43878.016,23965.082882987223
284783,43878.016,65311.3914899293
284784,43878.016,18819.35252081125
284785,43878.016,49206.77206339425
284786,43878.016,13798.843221063604
284787,43878.016,53177.55573619984
284788,43878.016,29386.944786195978
284789,43878.016,29223.408935656153
284790,43878.016,43348.4119266957
284791,43878.016,66928.91816959566
284792,43878.016,29668.992007275618
284793,43878.016,28000.014881813688
284794,43878.016,57323.26520194362
284795,43878.016,13398.98945954427
284796,43878.016,12067.705089239324
284797,43878.016,23126.028038252956
284798,43878.016,42251.2427288736
284799,43878.016,16697.128523030915
284800,43878.016,47030.57560652758
284801,43878.016,32114.300750141167
284802,43878.016,32981.718188503866
284803,43878.016,10158.176734138007
284804,43878.016,79854.34261455321
284805,43878.016,20074.48623323211
284806,43878.016,52659.66282328177
284807,43878.016,12813.967543052395
284808,43878.016,40192.12671533664
284809,43878.016,17938.122691898556
284810,43878.016,26444.423073304206
284811,43878.016,23938.523804308552
284812,43878.016,50773.93380299745
284813,43878.016,57920.08426591857
284814,43878.016,37878.217577209
284815,43878.016,43508.62976841334
284816,43878.016,36209.22075310321
284817,43878.016,10885.764863472907
284818,43878.016,30971.050993811943
284819,43878.016,7768.158413824952
284820,43878.016,56257.74386534766
284821,43878.016,24429.235846959946
284822,43878.016,23629.682702004127
284823,43878.016,59800.46811974102
284824,43878.016,29417.236816228204
284825,43878.016,31949.906105975326
284826,43878.016,81668.42954953048
284827,43878.016,59004.47362300533
284828,43878.016,72411.40546246413
284829,43878.016,71533.60883489327
284830,43878.016,17109.945181084684
284831,43878.016,23222.062376850336
284832,43878.016,48091.92459246286
284833,43878.016,47891.75034445003
284834,43878.016,49366.20327359684
284835,43878.016,43194.31985967168
284836,43878.016,11204.166283052771
284837,43878.016,45292.08754931683
284838,43878.016,17928.362127808938
284839,43878.016,9334.216912981292
284840,43878.016,14908.599573813757
284841,43878.016,36518.50488282083
284842,43878.016,42902.63830310578
284843,43878.016,37448.173270825726
284844,43878.016,53171.4302887231
284845,43878.016,46990.01780948591
284846,43878.016,23315.79673706092
284847,43878.016,19203.81656206723
284848,43878.016,13200.447142817384
284849,43878.016,22843.730460153736
284850,43878.016,38986.00934079304
284851,43878.016,10576.677592432132
284852,43878.016,73045.16942003072
284853,43878.016,21772.873338893132
284854,43878.016,55806.197266943935
284855,43878.016,36601.017879179286
284856,43878.016,31241.94636165538
284857,43878.016,22541.485289265464
284858,43878.016,42180.63176893859
284859,43878.016,49118.56590905079
284860,43878.016,15681.597182406005
284861,43878.016,24146.13855141562
284862,43878.016,13430.21360756396
284863,43878.016,36734.28382375311
284864,43878.016,20904.751732402197
284865,43878.016,25345.955339693468
284866,43878.016,40417.608889543095
284867,43878.016,47682.36631276911
284868,43878.016,40797.04786171399
284869,43878.016,35627.17036838655
284870,43878.016,28726.560720354926
284871,43878.016,10951.961088193983
284872,43878.016,49553.744000814586
284873,43878.016,55296.62794444474
284874,43878.016,47463.50874289802
284875,43878.016,42828.90855379831
284876,43878.016,18754.444415497313
284877,43878.016,64719.09018054115
284878,43878.016,41787.85718214636
284879,43878.016,17841.590950108548
284880,43878.016,21092.29248265683
284881,43878.016,57402.804790957154
284882,43878.016,27429.0226963795
284883,43878.016,12884.864342805262
284884,43878.016,54934.06626981891
284885,43878.016,41158.27034675487
284886,43878.016,53694.86636117307
284887,43878.016,85945.54116267592
284888,43878.016,23750.08844472403
284889,43878.016,20019.04279526575
284890,43878.016,55336.51270463478
284891,43878.016,15895.642983160309
284892,43878.016,16469.146964541265
284893,43878.016,7614.348581421394
284894,43878.016,12492.313976939751
284895,43878.016,5414.236752843411
284896,43878.016,10308.744793328588
284897,43878.016,8004.533477481601
284898,43878.016,76914.09558202644
284899,43878.016,10134.432047016557
284900,43878.016,15110.38811332476
284901,43878.016,58349.93239904081
284902,43878.016,17787.03474592501
284903,43878.016,32755.538651023187
284904,43878.016,12727.100731894894
284905,43878.016,67760.89521129726
284906,43878.016,11482.253513563885
284907,43878.016,53169.74258445306
284908,43878.016,13918.731134175687
284909,43878.016,29079.795234424906
284910,43878.016,27730.875912453426
284911,43878.016,10761.85968619164
284912,43878.016,30118.840187097085
284913,43878.016,52861.17865929521
284914,43878.016,29826.238226971564
284915,43878.016,33062.125704590864
284916,43878.016,19938.561190376044
284917,43878.016,9938.84252237656
284918,43878.016,27183.12177023213
284919,43878.016,57699.23002989151
284920,43878.016,19572.74680908688
284921,43878.016,39292.92176334914
284922,43878.016,6888.234104441136
284923,43878.016,78768.74852124261
284924,43878.016,16146.092913049819
284925,43878.016,48018.803427302635
284926,43878.016,31222.051320326314
284927,43878.016,28287.67749478477
284928,43878.016,41289.322287301315
284929,43878.016,13740.556494112863
284930,43878.016,54250.810505878566
284931,43878.016,96287.22842645405
284932,43878.016,9836.805358662983
284933,43878.016,25065.094795637844
284934,43878.016,19929.909821958627
284935,43878.016,11228.486523091258
284936,43878.016,11297.983553891689
284937,43878.016,29839.251647706442
284938,43878.016,59948.38807765044
284939,43878.016,23897.169056727416
284940,43878.016,25671.54683285481
284941,43878.016,13019.214139647545
284942,43878.016,32348.327561144994
284943,43878.016,56591.94654739188
284944,43878.016,21353.338589378003
284945,43878.016,12717.66756212541
284946,43878.016,41483.28324001023
284947,43878.016,30923.535899434715
284948,43878.016,62659.088255613504
284949,43878.016,32711.327202450564
284950,43878.016,11788.685585533192
284951,43878.016,35761.84782676341
284952,43878.016,3625.9655089655344
284953,43878.016,67760.94363340171
284954,43878.016,31611.385351807134
284955,43878.016,31864.306154956485
284956,43878.016,27901.46955167325
284957,43878.016,18535.518589278847
284958,43878.016,13276.216311306302
284959,43878.016,46589.40889113312
284960,43878.016,52890.936684823624
284961,43878.016,5363.785746844289
284962,43878.016,33397.28692510846
284963,43878.016,33852.73770187364
284964,43878.016,12691.361434152364
284965,43878.016,29701.17861202326
284966,43878.016,33079.002756007976
284967,43878.016,9679.698264390732
284968,43878.016,9636.872461656334
284969,43878.016,54519.31735120629
284970,43878.016,65873.84865053446
284971,43878.016,43879.76142168754
284972,43878.016,57776.74724606124
284973,43878.016,32604.778286903987
284974,43878.016,25670.53999862556
284975,43878.016,24080.674299207065
284976,43878.016,10938.674966470744
284977,43878.016,12280.592087978606
284978,43878.016,31205.47538566253
284979,43878.016,21437.43076364451
284980,43878.016,22843.413904572823
284981,43878.016,26368.715384390467
284982,43878.016,67192.20642778618
284983,43878.016,77311.90040524352
284984,43878.016,49084.04323591524
284985,43878.016,26330.718047179802
284986,43878.016,34389.907669149085
284987,43878.016,12115.078298061137
284988,43878.016,20389.29849253572
284989,43878.016,44064.674025850734
284990,43878.016,28402.79548376991
284991,43878.016,28157.716818030043
284992,43878.016,80633.66015816852
284993,43878.016,18769.13223683059
284994,43878.016,51601.191131401574
284995,43878.016,49651.25739585866
284996,43878.016,12729.337476001989
284997,43878.016,19335.036343546886
284998,43878.016,63625.65346265487
284999,43878.016,86832.73734996273
285000,43878.016,28207.827213869758
285001,43878.016,27638.023679417456
285002,43878.016,48215.314057330084
285003,43878.016,14342.83952734377
285004,43878.016,34438.127610232696
285005,43878.016,29949.890665306943
285006,43878.016,9189.35525564862
285007,43878.016,44572.509262394495
285008,43878.016,7415.794198016897
285009,43878.016,107192.50781359657
285010,43878.016,53273.0654125673
285011,43878.016,40382.941114009824
285012,43878.016,12689.560756757155
285013,43878.016,43499.21711639555
285014,43878.016,47208.76487567899
285015,43878.016,47364.60859828544
285016,43878.016,24495.520317006296
285017,43878.016,14535.380241344898
285018,43878.016,31148.39453764646
285019,43878.016,44951.81512850353
285020,43878.016,57142.95540080799
285021,43878.016,9778.828566703492
285022,43878.016,9676.72513654993
285023,43878.016,34681.40838979713
285024,43878.016,53042.05428952793
285025,43878.016,36619.08498250093
285026,43878.016,27350.97147960268
285027,43878.016,17344.505707224936
285028,43878.016,15539.233534553545
285029,43878.016,18434.23505007923
285030,43878.016,10510.41456825073
285031,43878.016,14626.125976801835
285032,43878.016,25581.224402891832
285033,43878.016,13178.020036961887
285034,43878.016,39325.98132622784
285035,43878.016,41406.99435530365
285036,43878.016,32923.82117945002
285037,43878.016,43713.99842337621
285038,43878.016,6263.186152399822
285039,43878.016,23502.468012629728
285040,43878.016,21178.696448931616
285041,43878.016,38898.94053924002
285042,43878.016,63177.987666155444
285043,43878.016,15862.988191053397
285044,43878.016,38686.3794224949
285045,43878.016,29116.819480482354
285046,43878.016,11702.521792796215
285047,43878.016,13532.222307424732
285048,43878.016,32663.176886443183
285049,43878.016,11872.722485542292
285050,43878.016,14792.685568180372
285051,43878.016,51197.58374374433
285052,43878.016,15094.99258943745
285053,43878.016,11311.27933990603
285054,43878.016,58974.30208004753
285055,43878.016,33342.25964713719
285056,43878.016,7890.877441527133
285057,43878.016,9679.907135143507
285058,43878.016,19328.597476969822
285059,43878.016,39837.131250804094
285060,43878.016,19458.69789423133
285061,43878.016,19170.11558213437
285062,43878.016,27851.479501740152
285063,43878.016,49213.5740627071
285064,43878.016,24114.395902269818
285065,43878.016,16470.186920984936
285066,43878.016,22486.182655270844
285067,43878.016,10344.908750984967
285068,43878.016,10288.090353870592
285069,43878.016,44308.04372676668
285070,43878.016,30018.468754218713
285071,43878.016,45263.47526587411
285072,43878.016,10226.672082378553
285073,43878.016,35757.90455291419
285074,43878.016,7271.785854053285
285075,43878.016,36313.82787068039
285076,43878.016,40510.703821901145
285077,43878.016,55529.30093077829
285078,43878.016,32197.386411405365
285079,43878.016,69552.59859264205
285080,43878.016,19116.897999766235
285081,43878.016,6347.89911299515
285082,43878.016,11886.81212480501
285083,43878.016,15959.483393149254
285084,43878.016,46700.611692932034
285085,43878.016,2182.849159094088
285086,43878.016,12743.28263294381
285087,43878.016,33741.00821433445
285088,43878.016,52834.798436355144
285089,43878.016,11460.09896467622
285090,43878.016,9778.643892498574
285091,43878.016,26490.79582185467
285092,43878.016,15346.885268859955
285093,43878.016,25279.98292870065
285094,43878.016,59459.15379872449
285095,43878.016,20212.248280306674
285096,43878.016,8245.593632960527
285097,43878.016,117085.19554251367
285098,43878.016,43432.743357228595
285099,43878.016,18412.545926021972
285100,43878.016,42315.510695414545
285101,43878.016,53712.076378811165
285102,43878.016,19117.693614227595
285103,43878.016,51065.169750365516
285104,43878.016,30130.49897260203
285105,43878.016,60066.440067603515
285106,43878.016,69627.33805661328
285107,43878.016,17383.41594823723
285108,43878.016,73593.54397049281
285109,43878.016,23530.058455801664
285110,43878.016,13782.001944561642
285111,43878.016,18425.054978130196
285112,43878.016,45286.605506201944
285113,43878.016,27639.292018622724
285114,43878.016,33910.14329002909
285115,43878.016,9694.772687987044
285116,43878.016,48769.601537768984
285117,43878.016,35890.141418225096
285118,43878.016,36245.4527280373
285119,43878.016,52119.51359466919
285120,43878.016,24574.270272407724
285121,43878.016,35936.58708833111
285122,43878.016,42702.962740558156
285123,43878.016,61118.78994409721
285124,43878.016,11697.950752835357
285125,43878.016,40098.57380500696
285126,43878.016,26756.880885428025
285127,43878.016,29170.32695301823
285128,43878.016,74771.75629827754
285129,43878.016,29423.746179958925
285130,43878.016,29858.915116343265
285131,43878.016,36460.18918928166
285132,43878.016,43156.67839950729
285133,43878.016,55028.2232959408
285134,43878.016,24594.687413639243
285135,43878.016,23775.910268861888
285136,43878.016,44129.20863040827
285137,43878.016,42337.2701401103
285138,43878.016,49217.00681369792
285139,43878.016,28116.245345549523
285140,43878.016,48476.28444442329
285141,43878.016,13250.295361557088
285142,43878.016,44379.375051580835
285143,43878.016,29887.882955453377
285144,43878.016,39313.62956246161
285145,43878.016,29709.054746726833
285146,43878.016,12315.492823892482
285147,43878.016,49689.07575521737
285148,43878.016,14903.703729103127
285149,43878.016,24997.227439910006
285150,43878.016,54516.82028590144
285151,43878.016,55960.348962046715
285152,43878.016,63052.579675311084
285153,43878.016,60300.89599922946
285154,43878.016,38744.452609069296
285155,43878.016,36465.02102146104
285156,43878.016,37882.86796083303
285157,43878.016,32437.78060788295
285158,43878.016,56225.698704621296
285159,43878.016,46044.7482812106
285160,43878.016,15620.412585972344
285161,43878.016,72526.46637766028
285162,43878.016,12105.168286740465
285163,43878.016,37858.387893117506
285164,43878.016,12420.277667448996
285165,43878.016,56346.52490521048
285166,43878.016,29278.138546950908
285167,43878.016,44445.45511005927
285168,43878.016,16687.537972176237
285169,43878.016,24854.856806015643
285170,43878.016,53008.76676435348
285171,43878.016,9606.372102487067
285172,43878.016,50432.139846857346
285173,43878.016,46313.085664432736
285174,43878.016,42127.46202313188
285175,43878.016,11661.260770887866
285176,43878.016,26580.208145740886
285177,43878.016,26216.533837865507
285178,43878.016,21513.340849965407
285179,43878.016,60036.14763107775
285180,43878.016,33978.69229895189
285181,43878.016,47826.95198753983
285182,43878.016,56923.31328651671
285183,43878.016,34411.72896919548
285184,43878.016,23712.663982677124
285185,43878.016,72116.27871671274
285186,43878.016,18390.38084146428
285187,43878.016,13835.6035512049
285188,43878.016,47542.70452903802
285189,43878.016,17303.400684241795
285190,43878.016,25741.157552508655
285191,43878.016,24217.58621782523
285192,43878.016,15654.5253375504
285193,43878.016,53923.88869741052
285194,43878.016,21016.505898911793
285195,43878.016,60697.394974948475
285196,43878.016,52781.028920710574
285197,43878.016,57057.22184363896
285198,43878.016,56373.44964759574
285199,43878.016,24566.977325214262
285200,43878.016,13253.133661632823
285201,43878.016,48427.79195091383
285202,43878.016,24275.2279730545
285203,43878.016,21175.282142877273
285204,43878.016,59238.47810034964
285205,43878.016,12459.045671758937
285206,43878.016,53330.12890765983
285207,43878.016,35552.03891500116
285208,43878.016,31809.220506392045
285209,43878.016,60478.4520803804
285210,43878.016,12445.713947010745
285211,43878.016,22810.016183281237
285212,43878.016,69198.5643189678
285213,43878.016,21806.39806083322
285214,43878.016,52445.38062851039
285215,43878.016,15145.853060518755
285216,43878.016,41470.613525868306
285217,43878.016,7713.736853555614
285218,43878.016,6710.590473694607
285219,43878.016,12155.673893509105
285220,43878.016,46335.85416574149
285221,43878.016,17805.50930805843
285222,43878.016,44815.55935400676
285223,43878.016,29383.239554139596
285224,43878.016,31157.55072462379
285225,43878.016,67607.17556918734
285226,43878.016,48183.231467174475
285227,43878.016,48439.69271557497
285228,43878.016,50646.707823758705
285229,43878.016,40194.9142507661
285230,43878.016,64254.4686068425
285231,43878.016,18109.807162528403
285232,43878.016,18709.38439010071
285233,43878.016,50320.564554337354
285234,43878.016,36815.17727771005
285235,43878.016,49156.45404700522
285236,43878.016,18429.407253317226
285237,43878.016,47792.023027283954
285238,43878.016,38294.36156506847
285239,43878.016,71712.28663174088
285240,43878.016,21144.36496880079
285241,43878.016,48766.88021344851
285242,43878.016,36788.43728556557
285243,43878.016,38675.97586629301
285244,43878.016,24768.274619595864
285245,43878.016,23468.72371920097
285246,43878.016,8276.976962453167
285247,43878.016,42262.8713839286
285248,43878.016,52792.553684708655
285249,43878.016,24869.263663469836
285250,43878.016,54655.565581539915
285251,43878.016,44089.430955124495
285252,43878.016,18574.838827094718
285253,43878.016,26103.495195656404
285254,43878.016,29318.699137137395
285255,43878.016,23700.225125385463
285256,43878.016,17364.555835098865
285257,43878.016,53077.70080779261
285258,43878.016,12936.464569978301
285259,43878.016,44499.90455425715
285260,43878.016,16496.740916140454
285261,43878.016,46574.131431221904
285262,43878.016,33678.585656776144
285263,43878.016,44174.75667161812
285264,43878.016,24608.261231210254
285265,43878.016,33618.941383543155
285266,43878.016,22944.953352125063
285267,43878.016,11855.9382562808
285268,43878.016,47096.780021765946
285269,43878.016,10734.219987936665
285270,43878.016,78326.34506052033
285271,43878.016,27986.050675893566
285272,43878.016,24032.081172456106
285273,43878.016,54559.835196766195
285274,43878.016,11834.832673666451
285275,43878.016,14015.551919682734
285276,43878.016,8465.016576364142
285277,43878.016,7773.952851751508
285278,43878.016,21034.753028013438
285279,43878.016,15520.647256381899
285280,43878.016,47454.39691700367
285281,43878.016,43752.09339028076
285282,43878.016,34365.36695326986
285283,43878.016,15908.672347284635
285284,43878.016,51305.03641545663
285285,43878.016,15282.819690514529
285286,43878.016,22457.1228326771
285287,43878.016,34947.81670681397
285288,43878.016,49683.30563473641
285289,43878.016,34630.69286770871
285290,43878.016,29755.831019778183
285291,43878.016,55747.96431889531
285292,43878.016,26259.217412641887
285293,43878.016,51346.51424253189
285294,43878.016,28144.693702624798
285295,43878.016,16065.041467259482
285296,43878.016,44195.98034954821
285297,43878.016,21731.447333522017
285298,43878.016,16719.33183554813
285299,43878.016,66399.78098298502
285300,43878.016,15636.393496406274
285301,43878.016,18039.624674838975
285302,43878.016,76490.5130551754
285303,43878.016,38513.06583015679
285304,43878.016,63980.68815346746
285305,43878.016,29800.75851459573
285306,43878.016,18126.44228292395
285307,43878.016,34266.381623594585
285308,43878.016,37238.17796374834
285309,43878.016,32324.18207198363
285310,43878.016,28873.790491097723
285311,43878.016,40232.08540063307
285312,43878.016,46152.54768304612
285313,43878.016,46375.18884448138
285314,43878.016,37956.2519821643
285315,43878.016,11791.967919797054
285316,43878.016,12592.960755117378
285317,43878.016,54468.86959132759
285318,43878.016,52282.41440921311
285319,43878.016,51473.75396679592
285320,43878.016,42585.63602395203
285321,43878.016,31872.80444752468
285322,43878.016,22812.769681791568
285323,43878.016,35174.08767740833
285324,43878.016,31683.16245926762
285325,43878.016,13767.88740045328
285326,43878.016,9344.006916090642
285327,43878.016,31090.195566413684
285328,43878.016,74711.3388976596
285329,43878.016,49542.023232795735
285330,43878.016,56202.25653781052
285331,43878.016,20725.065780906883
285332,43878.016,39924.97862327909
285333,43878.016,14823.461010352896
285334,43878.016,5522.405818935145
285335,43878.016,13303.003084787637
285336,43878.016,29292.879447763687
285337,43878.016,16786.165493876837
285338,43878.016,21306.332127676633
285339,43878.016,72072.3393012207
285340,43878.016,22539.668928210525
285341,43878.016,22462.861868077707
285342,43878.016,15918.714011994818
285343,43878.016,50699.577833431016
285344,43878.016,50970.57550818713
285345,43878.016,46671.10820608036
285346,43878.016,68534.21807049478
285347,43878.016,51231.532916767435
285348,43878.016,11147.91577081438
285349,43878.016,38470.32500073552
285350,43878.016,60534.73726730697
285351,43878.016,21865.0353391415
285352,43878.016,63280.44366073462
285353,43878.016,44393.99516841957
285354,43878.016,47913.542242258016
285355,43878.016,35585.45392947844
285356,43878.016,10365.161143925681
285357,43878.016,39129.60070689402
285358,43878.016,56173.82189403947
285359,43878.016,22273.397470099088
285360,43878.016,10503.84387416027
285361,43878.016,31780.123953619714
285362,43878.016,26085.917428133744
285363,43878.016,48113.61779232047
285364,43878.016,37500.183328315994
285365,43878.016,9327.985964186548
285366,43878.016,45360.320638331104
285367,43878.016,25225.749622477735
285368,43878.016,58505.178183102216
285369,43878.016,34341.960723185766
285370,43878.016,21076.162360376667
285371,43878.016,46892.045449358724
285372,43878.016,15501.815824961574
285373,43878.016,12325.920361392573
285374,43878.016,59967.45740740766
285375,43878.016,21196.454226039157
285376,43878.016,39009.05055120799
285377,43878.016,49606.609464644476
285378,43878.016,58657.85962493506
285379,43878.016,22607.012628944307
285380,43878.016,27985.074706394284
285381,43878.016,22310.153859248327
285382,43878.016,11838.437644149384
285383,43878.016,32270.01085615244
285384,43878.016,32775.75758449404
285385,43878.016,20841.652902285183
285386,43878.016,7571.4505511187
285387,43878.016,61215.42505593817
285388,43878.016,16607.073694711424
285389,43878.016,17400.32210554572
285390,43878.016,37690.40999653201
285391,43878.016,38419.73850454633
285392,43878.016,37036.753655700166
285393,43878.016,7203.655479644165
285394,43878.016,32501.30125873624
285395,43878.016,9409.3368328271
285396,43878.016,12832.620788052534
285397,43878.016,28361.52584183293
285398,43878.016,53160.98116536416
285399,43878.016,57072.166520098464
285400,43878.016,60316.60201837472
285401,43878.016,40172.74107884807
285402,43878.016,13976.881511362555
285403,43878.016,15362.796511493805
285404,43878.016,28921.14130262882
285405,43878.016,36029.27905121003
285406,43878.016,11581.228469155149
285407,43878.016,42538.903846914065
285408,43878.016,10651.478621187001
285409,43878.016,42048.16333387476
285410,43878.016,8400.53912290251
285411,43878.016,45738.42836489417
285412,43878.016,32445.526161367663
285413,43878.016,17895.11952192767
285414,43878.016,49623.84164088893
285415,43878.016,60725.9536330612
285416,43878.016,44556.83217216079
285417,43878.016,10655.943841504235
285418,43878.016,10493.996075520889
285419,43878.016,10777.697784384121
285420,43878.016,22426.958499293858
285421,43878.016,46395.175565684214
285422,43878.016,19078.368872510582
285423,43878.016,52384.93758448072
285424,43878.016,26823.77532044502
285425,43878.016,27977.7401164362
285426,43878.016,28652.506390138733
285427,43878.016,32389.82297300127
285428,43878.016,29901.84953299139
285429,43878.016,19585.430408789096
285430,43878.016,52496.25616937223
285431,43878.016,8208.442395541959
285432,43878.016,12071.622233889493
285433,43878.016,35480.724176146425
285434,43878.016,44909.369386849285
285435,43878.016,18468.461221361296
285436,43878.016,40467.27639349328
285437,43878.016,49325.73057789677
285438,43878.016,16070.10273943198
285439,43878.016,47712.27790641658
285440,43878.016,59868.808738341984
285441,43878.016,25875.51989364593
285442,43878.016,35083.26644621749
285443,43878.016,60614.6703249131
285444,43878.016,55127.132501293214
285445,43878.016,23386.541878713553
285446,43878.016,39158.01628548568
285447,43878.016,39771.80377383368
285448,43878.016,74902.5964679355
285449,43878.016,45341.73702433248
285450,43878.016,35003.27700120554
285451,43878.016,11314.059187278188
285452,43878.016,34158.96026168888
285453,43878.016,15153.628216915931
285454,43878.016,46312.486687183955
285455,43878.016,13419.211136642114
285456,43878.016,56025.855264562095
285457,43878.016,29043.404449033314
285458,43878.016,58057.661175233836
285459,43878.016,18493.605194467997
285460,43878.016,34055.45050703212
285461,43878.016,51940.37427820572
285462,43878.016,35895.58300309562
285463,43878.016,54874.948900924406
285464,43878.016,6703.4006835483615
285465,43878.016,7754.853235330874
285466,43878.016,29755.285187573874
285467,43878.016,23585.111653231463
285468,43878.016,39904.446288079445
285469,43878.016,34598.57985452267
285470,43878.016,23166.996920232214
285471,43878.016,17156.822170561136
285472,43878.016,32930.81832788221
285473,43878.016,64113.752024763824
285474,43878.016,52193.33696472612
285475,43878.016,17205.869360996538
285476,43878.016,29921.223680752744
285477,43878.016,59501.86192980891
285478,43878.016,40128.20573426897
285479,43878.016,61676.892828530785
285480,43878.016,52678.204943796256
285481,43878.016,48326.327912853354
285482,43878.016,81565.37323331587
285483,43878.016,14423.92775490182
285484,43878.016,51723.02846753026
285485,43878.016,37692.40977256866
285486,43878.016,11197.561136736778
285487,43878.016,13992.931526122537
285488,43878.016,20890.12072270314
285489,43878.016,33957.04652859523
285490,43878.016,36696.393050851344
285491,43878.016,12828.570602002745
285492,43878.016,17983.20683356346
285493,43878.016,47330.76633571835
285494,43878.016,42364.63855522047
285495,43878.016,54452.54334739766
285496,43878.016,18652.030787626623
285497,43878.016,14031.330882978682
285498,43878.016,60946.70894129706
285499,43878.016,17417.496042943254
285500,43878.016,77497.6889230871
285501,43878.016,21052.97596724065
285502,43878.016,43426.689235687714
285503,43878.016,43146.98676592502
285504,43878.016,17803.72245891096
285505,43878.016,27160.98628009002
285506,43878.016,27780.906687608207
285507,43878.016,9900.004155741837
285508,43878.016,55615.04981185796
285509,43878.016,43351.08712441071
285510,43878.016,61458.3865167462
285511,43878.016,30723.574682907583
285512,43878.016,27517.60237013144
285513,43878.016,41192.67936446994
285514,43878.016,38394.93343913652
285515,43878.016,40995.90169120812
285516,43878.016,17240.753366288875
285517,43878.016,67001.44062209132
285518,43878.016,49636.313151236965
285519,43878.016,44045.4261169882
285520,43878.016,7099.7484674703455
285521,43878.016,53510.350006148525
285522,43878.016,43576.55680549472
285523,43878.016,39254.24967021597
285524,43878.016,45715.30099875469
285525,43878.016,46754.44267131916
285526,43878.016,25788.694256325398
285527,43878.016,15821.652903594233
285528,43878.016,34459.86191722885
285529,43878.016,7086.006217487417
285530,43878.016,36370.386133787026
285531,43878.016,37774.59135907728
285532,43878.016,59414.42072920416
285533,43878.016,48518.60377574275
285534,43878.016,23747.551168228365
285535,43878.016,66609.1175426529
285536,43878.016,78226.70415051996
285537,43878.016,10109.978893821468
285538,43878.016,31231.76794858568
285539,43878.016,14310.092160148286
285540,43878.016,54481.54914417386
285541,43878.016,24824.62893233533
285542,43878.016,71799.10231172401
285543,43878.016,29916.786900730185
285544,43878.016,51230.64203049253
285545,43878.016,27642.235791124174
285546,43878.016,55660.91782893763
285547,43878.016,27990.582321071084
285548,43878.016,36638.23395092764
285549,43878.016,12421.894687247237
285550,43878.016,18196.128110325797
285551,43878.016,19496.25395977655
285552,43878.016,34630.54261652653
285553,43878.016,66183.57643323843
285554,43878.016,20897.268217656565
285555,43878.016,34026.85851775529
285556,43878.016,31635.71092505097
285557,43878.016,48573.52668420874
285558,43878.016,51223.17153048415
285559,43878.016,22948.689687131144
285560,43878.016,24119.8730877311
285561,43878.016,44808.369959583106
285562,43878.016,26835.73291631846
285563,43878.016,11698.92054830268
285564,43878.016,59040.30139555418
285565,43878.016,37068.69352636082
285566,43878.016,26869.970286849064
285567,43878.016,36490.64802045703
285568,43878.016,44068.143496385885
285569,43878.016,13240.512831791211
285570,43878.016,50209.72864161207
285571,43878.016,9036.245418343711
285572,43878.016,29523.13097022125
285573,43878.016,18255.297221817887
285574,43878.016,10103.418900948185
285575,43878.016,18138.116300822072
285576,43878.016,47699.766040714945
285577,43878.016,61624.9057847796
285578,43878.016,44466.57502985717
285579,43878.016,13902.605435669991
285580,43878.016,53452.103403497
285581,43878.016,43067.82867727717
285582,43878.016,43503.0591205726
285583,43878.016,12488.924260915459
285584,43878.016,25482.59134221304
285585,43878.016,7633.115137035062
285586,43878.016,22711.414121884085
285587,43878.016,43442.07354966906
285588,43878.016,30985.2792410885
285589,43878.016,23459.195044312197
285590,43878.016,18976.904848164642
285591,43878.016,25479.84979585333
285592,43878.016,14915.622330611606
285593,43878.016,27003.33266092821
285594,43878.016,58085.39685663729
285595,43878.016,13295.545369230886
285596,43878.016,47719.5277566095
285597,43878.016,7864.574729469638
285598,43878.016,9897.72122308564
285599,43878.016,13285.280998963517
285600,43878.016,77579.70769267489
285601,43878.016,36654.2157659313
285602,43878.016,44701.90189110997
285603,43878.016,77523.9942418643
285604,43878.016,28749.51938087192
285605,43878.016,48653.09616484911
285606,43878.016,51910.73104490048
285607,43878.016,44100.70179836066
285608,43878.016,50409.5156798704
285609,43878.016,28892.33760250072
285610,43878.016,55083.12501056444
285611,43878.016,44947.57597907638
285612,43878.016,15157.294089694544
285613,43878.016,76458.59150449534
285614,43878.016,26611.84349472646
285615,43878.016,48923.89531955316
285616,43878.016,64323.37903277846
285617,43878.016,12387.939198635333
285618,43878.016,28256.67520463512
285619,43878.016,18649.237509685834
285620,43878.016,8097.513264394751
285621,43878.016,34716.445762898235
285622,43878.016,23153.65284369205
285623,43878.016,27903.41854781317
285624,43878.016,9873.35069856661
285625,43878.016,8862.955922045434
285626,43878.016,63743.897032521265
285627,43878.016,8045.324924849092
285628,43878.016,47756.8850379309
285629,43878.016,7848.280749022363
285630,43878.016,51739.54901160287
285631,43878.016,15089.471635451884
285632,43878.016,24980.078226634592
285633,43878.016,13571.624051182383
285634,43878.016,17154.58215539066
285635,43878.016,21826.936165271323
285636,43878.016,45844.76379495043
285637,43878.016,14070.136895996377
285638,43878.016,3602.004610581345
285639,43878.016,52561.41025218644
285640,43878.016,36745.24404888008
285641,43878.016,37916.35479693547
285642,43878.016,27319.807348434708
285643,43878.016,28940.35327459059
285644,43878.016,47328.98033425551
285645,43878.016,29439.00390556542
285646,43878.016,30633.468344720684
285647,43878.016,12691.690123379301
285648,43878.016,16390.433082439922
285649,43878.016,24938.69442576993
285650,43878.016,18130.62339148
285651,43878.016,49290.26510588324
285652,43878.016,65974.87297392671
285653,43878.016,43303.147095718676
285654,43878.016,12631.184290990748
285655,43878.016,10855.89091706756
285656,43878.016,28770.61148436132
285657,43878.016,29198.791499984032
285658,43878.016,13161.85358038903
285659,43878.016,54019.39502435938
285660,43878.016,61506.57233156491
285661,43878.016,30574.13414689193
285662,43878.016,12091.87141568858
285663,43878.016,53907.870156199424
285664,43878.016,45822.76243642368
285665,43878.016,52869.890927845845
285666,43878.016,34630.76768622083
285667,43878.016,8758.051015024796
285668,43878.016,34819.17317429148
285669,43878.016,57019.984685439835
285670,43878.016,47789.93904925363
285671,43878.016,20285.59794128348
285672,43878.016,10148.291024238617
285673,43878.016,15767.171203984832
285674,43878.016,51962.47868639958
285675,43878.016,53819.17962915539
285676,43878.016,30333.883726061238
285677,43878.016,37868.16053405508
285678,43878.016,22483.091166491376
285679,43878.016,25747.41659473167
285680,43878.016,54954.56134349749
285681,43878.016,42226.95442193295
285682,43878.016,21749.605300526116
285683,43878.016,42141.821147485476
285684,43878.016,56655.40216733884
285685,43878.016,40479.979904249725
285686,43878.016,11922.806957493252
285687,43878.016,45585.742415557914
285688,43878.016,40658.19609929505
285689,43878.016,46585.10818212084
285690,43878.016,57500.40821701344
285691,43878.016,111486.28803653046
285692,43878.016,12581.970406325803
285693,43878.016,15429.311178007092
285694,43878.016,29963.93260748451
285695,43878.016,34737.86085568075
285696,43878.016,26904.000149186453
285697,43878.016,26023.253515213408
285698,43878.016,71315.73003495313
285699,43878.016,54924.432767174454
285700,43878.016,45165.31474288552
285701,43878.016,16009.435686493742
285702,43878.016,13552.274890120882
285703,43878.016,54358.624780182545
285704,43878.016,30078.749187055662
285705,43878.016,33563.96394946718
285706,43878.016,15476.562823940978
285707,43878.016,17984.011479638273
285708,43878.016,49616.57373902029
285709,43878.016,21053.499203317726
285710,43878.016,17477.333071422323
285711,43878.016,59238.75653137637
285712,43878.016,48298.911918886406
285713,43878.016,67841.48128400977
285714,43878.016,9668.436902507821
285715,43878.016,42438.5958265274
285716,43878.016,68584.86389149522
285717,43878.016,34616.62542669411
285718,43878.016,38882.981467405356
285719,43878.016,20833.780546319165
285720,43878.016,48960.68025458044
285721,43878.016,39265.865669717095
285722,43878.016,111844.79372432912
285723,43878.016,68573.9949166879
285724,43878.016,52636.69456749204
285725,43878.016,76944.93692852075
285726,43878.016,69235.51833498987
285727,43878.016,8106.030839456454
285728,43878.016,21669.64384002127
285729,43878.016,18380.16596814507
285730,43878.016,13460.828152450085
285731,43878.016,41428.24029932241
285732,43878.016,22712.99515401424
285733,43878.016,33819.121942947604
285734,43878.016,36804.8404438131
285735,43878.016,37280.3364626346
285736,43878.016,33961.590579285075
285737,43878.016,24445.71058909215
285738,43878.016,32806.93394183633
285739,43878.016,39538.352925930696
285740,43878.016,40827.84566489385
285741,43878.016,15876.023588422666
285742,43878.016,21295.58397624861
285743,43878.016,44827.26010564177
285744,43878.016,15894.001277195885
285745,43878.016,36002.11158184579
285746,43878.016,26888.778551715728
285747,43878.016,38060.50629077962
285748,43878.016,24788.892501859587
285749,43878.016,11475.494788683
285750,43878.016,7367.465690445685
285751,43878.016,53067.34496184891
285752,43878.016,8204.686620056604
285753,43878.016,44145.10444516532
285754,43878.016,19343.81788860827
285755,43878.016,14872.10916254374
285756,43878.016,21634.126119463643
285757,43878.016,59963.873629197726
285758,43878.016,74424.11528278005
285759,43878.016,11171.882905814791
285760,43878.016,12546.029996501245
285761,43878.016,36799.750129920765
285762,43878.016,78473.01128830573
285763,43878.016,18695.078506295886
285764,43878.016,42907.300108437965
285765,43878.016,34508.94038562323
285766,43878.016,20450.218969848775
285767,43878.016,19587.2861057048
285768,43878.016,42498.77983569188
285769,43878.016,15189.622911497132
285770,43878.016,39047.32258377546
285771,43878.016,53185.73376218573
285772,43878.016,22978.14582003096
285773,43878.016,31664.28754821171
285774,43878.016,31416.75912011732
285775,43878.016,13159.475313302893
285776,43878.016,88509.17599729201
285777,43878.016,29479.516780509384
285778,43878.016,27893.18428345623
285779,43878.016,26053.43160429528
285780,43878.016,18358.8005967763
285781,43878.016,5205.062939057546
285782,43878.016,14073.409824660983
285783,43878.016,26754.337030663468
285784,43878.016,35793.883553541935
285785,43878.016,27223.13875863687
285786,43878.016,75551.93134455086
285787,43878.016,24058.549755617332
285788,43878.016,13559.047925254046
285789,43878.016,46129.18506055867
285790,43878.016,56082.575075321074
285791,43878.016,51557.25389490103
285792,43878.016,16432.9727406121
285793,43878.016,22398.123230599318
285794,43878.016,23063.917459717628
285795,43878.016,12931.932209274619
285796,43878.016,70200.18302921149
285797,43878.016,20597.430553153383
285798,43878.016,11644.897017367977
285799,43878.016,115421.59813978832
285800,43878.016,25858.036984930903
285801,43878.016,41268.38027804914
285802,43878.016,36826.391264757185
285803,43878.016,34071.39187833855
285804,43878.016,32547.821506862274
285805,43878.016,28753.356336588087
285806,43878.016,16857.734097704
285807,43878.016,30198.090362843137
285808,43878.016,49730.352592395895
285809,43878.016,23428.532962318244
285810,43878.016,76799.24722021539
285811,43878.016,43276.98926004324
285812,43878.016,20023.85854642189
285813,43878.016,8365.904406621294
285814,43878.016,14240.769245324334
285815,43878.016,42389.129202120974
285816,43878.016,17335.12862732319
285817,43878.016,27521.497629717815
285818,43878.016,23610.81354586717
285819,43878.016,19322.303865451202
285820,43878.016,10196.215508718027
285821,43878.016,71685.01964800019
285822,43878.016,83965.89386957437
285823,43878.016,27587.95701781766
285824,43878.016,11112.482543081838
285825,43878.016,8373.13407623996
285826,43878.016,59130.34065465665
285827,43878.016,5907.267314883774
285828,43878.016,50590.251100609756
285829,43878.016,27583.72604691781
285830,43878.016,29840.456218906373
285831,43878.016,30533.296416641388
285832,43878.016,66596.93812550655
285833,43878.016,52353.69945345287
285834,43878.016,6717.745421852282
285835,43878.016,22352.59068389865
285836,43878.016,45636.30136524476
285837,43878.016,48658.6528246073
285838,43878.016,37692.2414817081
285839,43878.016,20568.80545579799
285840,43878.016,32442.95557688091
285841,43878.016,24260.92652694883
285842,43878.016,67522.19289231536
285843,43878.016,7165.396265907618
285844,43878.016,55740.20997371007
285845,43878.016,26910.02789493181
285846,43878.016,54869.1888450352
285847,43878.016,8613.188776251973
285848,43878.016,55526.88510740079
285849,43878.016,61065.18359427111
285850,43878.016,20545.75381364301
285851,43878.016,12634.687018130458
285852,43878.016,25050.476356570107
285853,43878.016,39913.54862634612
285854,43878.016,20056.004003507307
285855,43878.016,15405.69607223695
285856,43878.016,37967.4572042723
285857,43878.016,39840.74926145945
285858,43878.016,11236.082234657679
285859,43878.016,53504.36099209372
285860,43878.016,41650.94701009552
285861,43878.016,10463.396808586978
285862,43878.016,53332.955637199666
285863,43878.016,51555.82522303344
285864,43878.016,65369.07283794391
285865,43878.016,13749.188150561544
285866,43878.016,13711.132918465077
285867,43878.016,42026.044653030636
285868,43878.016,49472.60555413888
285869,43878.016,27762.102071865567
285870,43878.016,55724.712175019406
285871,43878.016,63080.305049310206
285872,43878.016,18873.920566865763
285873,43878.016,60352.969093427644
285874,43878.016,64610.48018156803
285875,43878.016,10219.863993780238
285876,43878.016,13671.0502828604
285877,43878.016,34815.24129836608
285878,43878.016,59431.09965387926
285879,43878.016,14826.535562687433
285880,43878.016,60027.53949824741
285881,43878.016,67312.86894059497
285882,43878.016,50481.19698520623
285883,43878.016,20567.028976032514
285884,43878.016,23811.7642300772
285885,43878.016,61478.30462486261
285886,43878.016,45008.22709648802
285887,43878.016,41352.62885490395
285888,43878.016,20241.2455085364
285889,43878.016,26529.897573047547
285890,43878.016,58990.40820793344
285891,43878.016,30219.05861101036
285892,43878.016,9471.935814340739
285893,43878.016,16444.51930752291
285894,43878.016,49704.39729122628
285895,43878.016,33995.412010941625
285896,43878.016,28533.326912059187
285897,43878.016,54858.44193588915
285898,43878.016,21329.197850375447
285899,43878.016,21677.508921022083
285900,43878.016,33150.38736175793
285901,43878.016,35248.343444586375
285902,43878.016,10851.225863494805
285903,43878.016,15823.975874663576
285904,43878.016,65702.43218138907
285905,43878.016,9692.145373064912
285906,43878.016,19250.31505082092
285907,43878.016,20496.385830158233
285908,43878.016,40994.02368138883
285909,43878.016,17939.329446076536
285910,43878.016,56443.11525320377
285911,43878.016,8516.885508460455
285912,43878.016,12207.775897645526
285913,43878.016,18002.56246285796
285914,43878.016,18112.95632847908
285915,43878.016,30855.094906461632
285916,43878.016,42184.44685971998
285917,43878.016,41544.87297585955
285918,43878.016,47433.15928499632
285919,43878.016,12824.627715652256
285920,43878.016,16523.517569774536
285921,43878.016,32265.163392635877
285922,43878.016,31431.96172742977
285923,43878.016,33080.39117550896
285924,43878.016,17951.582839935167
285925,43878.016,8131.951430040078
285926,43878.016,22538.537966786975
285927,43878.016,16631.11152830692
285928,43878.016,15432.13504063349
285929,43878.016,26380.020256595995
285930,43878.016,31756.18703458561
285931,43878.016,14291.088206916025
285932,43878.016,27964.790143888476
285933,43878.016,44152.810834314296
285934,43878.016,32352.494361614183
285935,43878.016,10986.821612273028
285936,43878.016,71311.68378141632
285937,43878.016,72618.48451752099
285938,43878.016,26581.572745143123
285939,43878.016,51109.41189783106
285940,43878.016,46314.47331039982
285941,43878.016,49487.435379546005
285942,43878.016,60837.10448445951
285943,43878.016,34536.890771926846
285944,43878.016,8405.067223820111
285945,43878.016,43518.46323367508
285946,43878.016,10915.250454802304
285947,43878.016,13500.247852724571
285948,43878.016,59469.09703025446
285949,43878.016,15919.580802664694
285950,43878.016,12813.156597391473
285951,43878.016,56364.471306747546
285952,43878.016,52068.504354431934
285953,43878.016,16953.8646224422
285954,43878.016,62923.803151151995
285955,43878.016,30356.397506853806
285956,43878.016,22997.129927012425
285957,43878.016,33646.265773532665
285958,43878.016,76908.30507072742
285959,43878.016,16761.291074865243
285960,43878.016,61081.7749692933
285961,43878.016,17558.532021195744
285962,43878.016,21452.55190743858
285963,43878.016,8985.521345547832
285964,43878.016,31035.888816854793
285965,43878.016,67504.08496578122
285966,43878.016,18347.648852950388
285967,43878.016,25008.840828380187
285968,43878.016,51472.13122573044
285969,43878.016,63581.75296958605
285970,43878.016,63345.467747295355
285971,43878.016,61742.1003085447
285972,43878.016,37429.25341637138
285973,43878.016,10283.278033756022
285974,43878.016,56188.71792913782
285975,43878.016,24460.769606000464
285976,43878.016,13366.489096461535
285977,43878.016,4910.635386295578
285978,43878.016,15168.99621171895
285979,43878.016,34962.163448922285
285980,43878.016,24907.49143086587
285981,43878.016,57706.96508777808
285982,43878.016,21080.184558909416
285983,43878.016,48601.643273329144
285984,43878.016,10440.361270746855
285985,43878.016,39355.05801284354
285986,43878.016,35918.696163839784
285987,43878.016,42341.70292207148
285988,43878.016,9145.327813892805
285989,43878.016,10802.645772534972
285990,43878.016,55205.832457164215
285991,43878.016,13583.011534945002
285992,43878.016,36767.6451524774
285993,43878.016,27310.113600549783
285994,43878.016,55231.79399172698
285995,43878.016,21570.993608924728
285996,43878.016,37569.7818061517
285997,43878.016,22290.421362146495
285998,43878.016,29216.21729475158
285999,43878.016,24301.980119644155
286000,43878.016,42140.35765682901
286001,43878.016,58674.705304724856
286002,43878.016,25605.388934570037
286003,43878.016,51745.50725253638
286004,43878.016,58792.11606801021
286005,43878.016,42956.234495273005
286006,43878.016,20618.54127696097
286007,43878.016,36718.55912373599
286008,43878.016,31579.034487417885
286009,43878.016,54258.52048037575
286010,43878.016,17795.307898378007
286011,43878.016,60540.952216609134
286012,43878.016,11202.47181256269
286013,43878.016,30891.179557597832
286014,43878.016,39861.63505935515
286015,43878.016,31068.69065386181
286016,43878.016,8056.192657225597
286017,43878.016,58342.6550174382
286018,43878.016,35769.253745444796
286019,43878.016,29505.623972105408
286020,43878.016,10774.18473162362
286021,43878.016,36026.916864566854
286022,43878.016,34478.121027912835
286023,43878.016,60496.976546541955
286024,43878.016,74114.89615489444
286025,43878.016,20600.293371953685
286026,43878.016,57961.02241429493
286027,43878.016,46151.79474582435
286028,43878.016,57598.10460835986
286029,43878.016,12809.124900616996
286030,43878.016,49028.58882428292
286031,43878.016,7500.849954143235
286032,43878.016,39945.698795766555
286033,43878.016,47346.77446049795
286034,43878.016,48310.88250205491
286035,43878.016,50287.580635538325
286036,43878.016,48186.88659864075
286037,43878.016,51877.816544837304
286038,43878.016,41755.11851345928
286039,43878.016,47152.97391232441
286040,43878.016,47216.07270749663
286041,43878.016,7762.7458573589265
286042,43878.016,44330.42671526145
286043,43878.016,8957.517128276002
286044,43878.016,12812.460881455194
286045,43878.016,22843.9330926079
286046,43878.016,18809.275650894295
286047,43878.016,14323.991343037967
286048,43878.016,13058.452670229539
286049,43878.016,31142.786437398165
286050,43878.016,58703.22487492263
286051,43878.016,28389.222962942018
286052,43878.016,21407.83609065173
286053,43878.016,48208.71640726437
286054,43878.016,31559.27549695597
286055,43878.016,44185.85648435829
286056,43878.016,34565.69183860854
286057,43878.016,19704.736891949084
286058,43878.016,17113.483815275078
286059,43878.016,5276.184507199061
286060,43878.016,13614.27607519432
286061,43878.016,51535.44014518322
286062,43878.016,25112.151612010715
286063,43878.016,55016.00579263582
286064,43878.016,22749.624165817033
286065,43878.016,50468.59064574053
286066,43878.016,32239.89687204274
286067,43878.016,25177.98793305413
286068,43878.016,33142.76653593241
286069,43878.016,31286.881450857785
286070,43878.016,19211.573584760157
286071,43878.016,60718.67531109103
286072,43878.016,9483.035724741907
286073,43878.016,13876.525165083158
286074,43878.016,40410.450839186
286075,43878.016,28772.52620017613
286076,43878.016,7776.360612025653
286077,43878.016,10703.725825838566
286078,43878.016,13136.561003663803
286079,43878.016,35499.66703566281
286080,43878.016,16997.218399289028
286081,43878.016,65198.73985326196
286082,43878.016,27952.64905900437
286083,43878.016,13269.826411867754
286084,43878.016,27358.79424015726
286085,43878.016,38326.372612942614
286086,43878.016,33322.11668299591
286087,43878.016,40134.78346651417
286088,43878.016,8399.012548975523
286089,43878.016,39448.413874614336
286090,43878.016,7860.693189675359
286091,43878.016,29865.08583539672
286092,43878.016,48076.601895060514
286093,43878.016,11278.589792316729
286094,43878.016,49411.12440631575
286095,43878.016,27492.772031175347
286096,43878.016,52403.49866321108
286097,43878.016,16698.719648938168
286098,43878.016,68558.70141635704
286099,43878.016,49986.023117239005
286100,43878.016,9265.130058518862
286101,43878.016,15190.819943502605
286102,43878.016,25119.53769265231
286103,43878.016,81900.80002247996
286104,43878.016,43030.743397523605
286105,43878.016,19159.820816715146
286106,43878.016,8570.646475489753
286107,43878.016,50217.79245980702
286108,43878.016,52327.319026359706
286109,43878.016,51286.50776802729
286110,43878.016,51697.44016562367
286111,43878.016,49671.629798748414
286112,43878.016,53943.72277832676
286113,43878.016,35982.402943365596
286114,43878.016,32290.70484938536
286115,43878.016,25650.479960281005
286116,43878.016,30236.72442482353
286117,43878.016,50690.670313762384
286118,43878.016,35095.820764131735
286119,43878.016,16980.421690262312
286120,43878.016,40941.936329657874
286121,43878.016,36094.60644221766
286122,43878.016,9422.541083826602
286123,43878.016,29452.38714156372
286124,43878.016,15346.888380978064
286125,43878.016,56613.628145559596
286126,43878.016,33333.92823823804
286127,43878.016,19329.33548108643
286128,43878.016,55493.03037381707
286129,43878.016,64379.11887216439
286130,43878.016,50211.36921111146
286131,43878.016,29085.58619456281
286132,43878.016,7477.095281655166
286133,43878.016,18170.925810605644
286134,43878.016,46486.153592312534
286135,43878.016,59687.11132338256
286136,43878.016,14620.99400992055
286137,43878.016,35840.27752154436
286138,43878.016,23403.02345130848
286139,43878.016,56744.18407462909
286140,43878.016,29737.58100805642
286141,43878.016,10957.255633580487
286142,43878.016,11229.303549813432
286143,43878.016,27262.10201950851
286144,43878.016,49616.42548889269
286145,43878.016,52160.50308223566
286146,43878.016,35012.26550034108
286147,43878.016,48615.14333117043
286148,43878.016,39046.493670384654
286149,43878.016,14551.563114701401
286150,43878.016,115353.53157772264
286151,43878.016,54747.17105933176
286152,43878.016,27241.45311631912
286153,43878.016,62798.44028251892
286154,43878.016,22881.81794558906
286155,43878.016,12685.34488146697
286156,43878.016,24407.48390512881
286157,43878.016,38551.94752146636
286158,43878.016,18285.73852726908
286159,43878.016,33428.02846603232
286160,43878.016,47878.721265664084
286161,43878.016,74830.48964605953
286162,43878.016,7005.620235932476
286163,43878.016,13452.391735446135
286164,43878.016,26029.0859167578
286165,43878.016,23831.156447903108
286166,43878.016,43157.8454594247
286167,43878.016,22932.136998952858
286168,43878.016,13420.503832206592
286169,43878.016,42171.20128355351
286170,43878.016,40403.74394446223
286171,43878.016,10579.890846615266
286172,43878.016,24793.57015916397
286173,43878.016,38873.61588249973
286174,43878.016,47884.58938001892
286175,43878.016,28854.45553000753
286176,43878.016,16205.724670647478
286177,43878.016,28541.649601821035
286178,43878.016,48654.1368834167
286179,43878.016,10469.201414103718
286180,43878.016,51995.630275095595
286181,43878.016,9715.619570120482
286182,43878.016,22767.217076213405
286183,43878.016,21357.02065760377
286184,43878.016,21599.1450492203
286185,43878.016,8643.430052478536
286186,43878.016,43409.763545928225
286187,43878.016,14390.196896214098
286188,43878.016,35040.260847873724
286189,43878.016,45183.29587465663
286190,43878.016,37145.10424638127
286191,43878.016,21850.087715911923
286192,43878.016,46491.54908861555
286193,43878.016,14825.717811102866
286194,43878.016,44376.80476721154
286195,43878.016,51644.3055255583
286196,43878.016,17932.18313247689
286197,43878.016,21056.19466061784
286198,43878.016,42509.4153740602
286199,43878.016,65445.103085915325
286200,43878.016,28967.8693672077
286201,43878.016,50725.98491338576
286202,43878.016,18007.730297660783
286203,43878.016,44179.7420557759
286204,43878.016,28372.724035176925
286205,43878.016,29842.270902197957
286206,43878.016,15558.687760427909
286207,43878.016,25014.457850072555
286208,43878.016,49287.037084117736
286209,43878.016,99273.63652414335
286210,43878.016,21878.997108071835
286211,43878.016,70351.88223363581
286212,43878.016,26132.92621929687
286213,43878.016,47454.46503805951
286214,43878.016,14817.613183070891
286215,43878.016,69391.69710559706
286216,43878.016,12936.335270266745
286217,43878.016,22593.12585874772
286218,43878.016,35391.625865363414
286219,43878.016,35555.28921280726
286220,43878.016,34006.2103193708
286221,43878.016,52035.27576348743
286222,43878.016,22699.96018006414
286223,43878.016,24541.375621075
286224,43878.016,24319.863499566854
286225,43878.016,11496.955588100704
286226,43878.016,52973.21523296782
286227,43878.016,30003.9288201695
286228,43878.016,56597.80937488418
286229,43878.016,37444.98596967444
286230,43878.016,34006.39867650204
286231,43878.016,62677.93731995339
286232,43878.016,13419.256228451772
286233,43878.016,61979.45522036461
286234,43878.016,69319.254024488
286235,43878.016,26028.35788753907
286236,43878.016,35597.27969177834
286237,43878.016,11459.707778292228
286238,43878.016,22883.46263807304
286239,43878.016,9611.695573732055
286240,43878.016,12571.24959950826
286241,43878.016,16119.616811747788
286242,43878.016,16911.61254927913
286243,43878.016,44296.92481497981
286244,43878.016,22353.83456352125
286245,43878.016,24451.81581712742
286246,43878.016,60180.45431188248
286247,43878.016,18831.920309085417
286248,43878.016,29426.491058632895
286249,43878.016,23841.879085862623
286250,43878.016,36920.03789764789
286251,43878.016,83985.47719933961
286252,43878.016,16643.187111989104
286253,43878.016,29027.60827472298
286254,43878.016,33258.89497750012
286255,43878.016,10283.270803553904
286256,43878.016,16993.18157865542
286257,43878.016,14483.903868344234
286258,43878.016,34100.929317865026
286259,43878.016,4920.967985298521
286260,43878.016,10780.418596422496
286261,43878.016,64445.52567255366
286262,43878.016,26785.34638818517
286263,43878.016,13959.039499044118
286264,43878.016,18819.697947268767
286265,43878.016,22619.93694468959
286266,43878.016,39654.14934783167
286267,43878.016,65446.5983754726
286268,43878.016,39466.95843036968
286269,43878.016,43711.25590169734
286270,43878.016,6495.467815807892
286271,43878.016,44862.16427308782
286272,43878.016,26449.296026024665
286273,43878.016,11232.873117964815
286274,43878.016,19249.64287927054
286275,43878.016,23542.019178033195
286276,43878.016,37723.80146964546
286277,43878.016,66801.0156611704
286278,43878.016,63898.50570499938
286279,43878.016,49388.260906308744
286280,43878.016,18953.72361670913
286281,43878.016,34783.055999593766
286282,43878.016,35230.610107033375
286283,43878.016,13593.857207844394
286284,43878.016,17320.02516136277
286285,43878.016,34396.507618959164
286286,43878.016,75576.27368056381
286287,43878.016,28742.315642400867
286288,43878.016,14658.625736227505
286289,43878.016,21377.933391819213
286290,43878.016,16289.07789602135
286291,43878.016,43529.237179984986
286292,43878.016,48956.426232873666
286293,43878.016,19916.695049434755
286294,43878.016,38162.1964037152
286295,43878.016,56821.89089068884
286296,43878.016,7999.587710025676
286297,43878.016,26076.95295494942
286298,43878.016,35187.88882630077
286299,43878.016,16621.25313009134
286300,43878.016,42134.520868640284
286301,43878.016,63196.960646591884
286302,43878.016,39908.69199914081
286303,43878.016,25680.967582166104
286304,43878.016,66524.4076917811
286305,43878.016,23451.72167288266
286306,43878.016,73694.30079159055
286307,43878.016,11495.64668955177
286308,43878.016,61477.79734264328
286309,43878.016,14381.13681731053
286310,43878.016,28302.944978710737
286311,43878.016,7056.623478974133
286312,43878.016,48849.6552654297
286313,43878.016,32941.03142663214
286314,43878.016,27551.84437946235
286315,43878.016,44145.32875382459
286316,43878.016,36776.99492803172
286317,43878.016,40077.518287580635
286318,43878.016,9166.343281097063
286319,43878.016,13969.529618697805
286320,43878.016,54229.0943769314
286321,43878.016,78340.38842905512
286322,43878.016,39470.83019078535
286323,43878.016,37933.108470084
286324,43878.016,18302.205587517867
286325,43878.016,14957.490911161041
286326,43878.016,35078.12100878814
286327,43878.016,36968.24793294376
286328,43878.016,52426.17321851143
286329,43878.016,11292.556177858343
286330,43878.016,21573.925882236308
286331,43878.016,11049.596257204637
286332,43878.016,52873.87472079014
286333,43878.016,118472.96549489597
286334,43878.016,10738.9994447675
286335,43878.016,6215.38081430076
286336,43878.016,17901.59110069203
286337,43878.016,41848.97936877616
286338,43878.016,40123.63826698834
286339,43878.016,6341.571979164781
286340,43878.016,34456.550802758116
286341,43878.016,27835.12584874472
286342,43878.016,22412.993360137294
286343,43878.016,6591.211995718508
286344,43878.016,21300.581095311605
286345,43878.016,53018.39570651674
286346,43878.016,16633.072911233074
286347,43878.016,11930.65848023818
286348,43878.016,54181.3978463041
286349,43878.016,36105.08758966597
286350,43878.016,41577.66521869108
286351,43878.016,37719.479617511046
286352,43878.016,30314.25047597107
286353,43878.016,31626.008616836265
286354,43878.016,8847.687486921313
286355,43878.016,61082.80603590951
286356,43878.016,12407.797732733681
286357,43878.016,26370.420804814778
286358,43878.016,16273.451485587346
286359,43878.016,50299.539858813565
286360,43878.016,22734.27604529742
286361,43878.016,17539.382390946037
286362,43878.016,16894.935629050608
286363,43878.016,17576.78466548144
286364,43878.016,41973.019871062155
286365,43878.016,52193.66440339518
286366,43878.016,13861.393243456028
286367,43878.016,9684.45435022274
286368,43878.016,65053.2562210107
286369,43878.016,46068.092272524256
286370,43878.016,43981.054200006074
286371,43878.016,33107.68497523132
286372,43878.016,21613.610577832274
286373,43878.016,49902.99059627236
286374,43878.016,44140.013648186774
286375,43878.016,59278.960940732075
286376,43878.016,61724.80063145882
286377,43878.016,14909.558220245312
286378,43878.016,23156.370607402703
286379,43878.016,57690.2485592427
286380,43878.016,12335.573599964857
286381,43878.016,54973.47106576711
286382,43878.016,33753.30521386856
286383,43878.016,23270.767258774846
286384,43878.016,20974.91705899955
286385,43878.016,15538.79312751558
286386,43878.016,76823.33167379498
286387,43878.016,23896.27372539141
286388,43878.016,52381.2779776254
286389,43878.016,33247.18194309228
286390,43878.016,49680.03582404394
286391,43878.016,8226.649695571847
286392,43878.016,9639.885467040613
286393,43878.016,31641.120163086154
286394,43878.016,64199.61601086206
286395,43878.016,39102.81934927523
286396,43878.016,49408.04116680414
286397,43878.016,20383.077833382125
286398,43878.016,28940.77784708341
286399,43878.016,56545.03687938979
286400,43878.016,19687.162466795242
286401,43878.016,26322.50619954936
286402,43878.016,31795.9546087243
286403,43878.016,11859.517290827236
286404,43878.016,50734.39542594295
286405,43878.016,17197.63306885107
286406,43878.016,43580.57593966624
286407,43878.016,24800.262919562774
286408,43878.016,22601.3751326001
286409,43878.016,18205.35446588803
286410,43878.016,13658.213096082667
286411,43878.016,46177.88074492872
286412,43878.016,15506.026957815237
286413,43878.016,17676.223189418917
286414,43878.016,20181.12162716468
286415,43878.016,51231.53101170394
286416,43878.016,21664.871483917654
286417,43878.016,42664.39858812167
286418,43878.016,66568.57589323168
286419,43878.016,28366.615390831626
286420,43878.016,15116.864338830159
286421,43878.016,34356.74960888401
286422,43878.016,31967.530743977564
286423,43878.016,15967.576183964964
286424,43878.016,35533.012221550816
286425,43878.016,20562.07485345118
286426,43878.016,26703.19614717494
286427,43878.016,41409.98084505041
286428,43878.016,15602.483128156087
286429,43878.016,13313.744915463467
286430,43878.016,6619.98432048422
286431,43878.016,13756.09067438981
286432,43878.016,25375.335050218328
286433,43878.016,29989.00465226994
286434,43878.016,30049.358912809865
286435,43878.016,63098.725549167684
286436,43878.016,25291.81525095927
286437,43878.016,45654.794690120085
286438,43878.016,31651.42370767907
286439,43878.016,54737.77891427042
286440,43878.016,45356.8808806267
286441,43878.016,27346.576047216717
286442,43878.016,8167.536963958674
286443,43878.016,12150.637611735436
286444,43878.016,18261.17705784197
286445,43878.016,23212.802229336467
286446,43878.016,40933.397138956585
286447,43878.016,12507.164368734382
286448,43878.016,61719.646167164545
286449,43878.016,64031.02854793838
286450,43878.016,10350.288443716618
286451,43878.016,44661.18731028938
286452,43878.016,35084.04045632228
286453,43878.016,15083.138382153555
286454,43878.016,59676.51751088762
286455,43878.016,63976.068600717575
286456,43878.016,34524.48244048666
286457,43878.016,48538.34082803365
286458,43878.016,55016.85514783813
286459,43878.016,64376.32989830749
286460,43878.016,27503.74163539495
286461,43878.016,46770.997419128966
286462,43878.016,14639.186747490454
286463,43878.016,41723.31849550514
286464,43878.016,59885.19842606404
286465,43878.016,54260.214892211145
286466,43878.016,65748.2022242981
286467,43878.016,37276.97069570391
286468,43878.016,30336.046320708556
286469,43878.016,10576.656372163403
286470,43878.016,23942.25693603581
286471,43878.016,16117.359236172959
286472,43878.016,17005.133022646743
286473,43878.016,62082.120892485655
286474,43878.016,11961.315501855737
286475,43878.016,24585.619932259877
286476,43878.016,53473.677143412286
286477,43878.016,65699.41968334727
286478,43878.016,31556.968273552826
286479,43878.016,13218.684163165995
286480,43878.016,19791.858655095537
286481,43878.016,32228.24761778756
286482,43878.016,14058.025777572064
286483,43878.016,52919.53155883016
286484,43878.016,54341.84380040186
286485,43878.016,15406.421764792889
286486,43878.016,16411.61591896574
286487,43878.016,14448.08172558678
286488,43878.016,45094.62543398597
286489,43878.016,47609.46012824193
286490,43878.016,37107.2419611986
286491,43878.016,15710.360336842508
286492,43878.016,44180.64527024716
286493,43878.016,21437.142545240433
286494,43878.016,60627.80739530261
286495,43878.016,54784.50330137816
286496,43878.016,45053.39196211286
286497,43878.016,12921.69697484567
286498,43878.016,55094.22272367691
286499,43878.016,20116.23757591835
286500,43878.016,40910.25500814911
286501,43878.016,23279.17041282256
286502,43878.016,14940.655548722547
286503,43878.016,11051.60944624692
286504,43878.016,46968.70424568131
286505,43878.016,32112.758556324854
286506,43878.016,37041.875635964134
286507,43878.016,32447.872341791906
286508,43878.016,9283.269062112005
286509,43878.016,45185.60886705664
286510,43878.016,20001.167931093627
286511,43878.016,69352.83707193968
286512,43878.016,23430.307092721694
286513,43878.016,15462.601793025244
286514,43878.016,52956.36660654575
286515,43878.016,19718.034280191117
286516,43878.016,47887.69930454215
286517,43878.016,11529.659170119709
286518,43878.016,31675.641337945126
286519,43878.016,15984.36825844389
286520,43878.016,12805.16912863676
286521,43878.016,53165.83428692516
286522,43878.016,13712.114144692705
286523,43878.016,40915.1978843991
286524,43878.016,13185.696041245541
286525,43878.016,58986.26486212984
286526,43878.016,79742.63878507323
286527,43878.016,66449.34726894728
286528,43878.016,85827.2308772606
286529,43878.016,23212.539616895545
286530,43878.016,27185.16144792367
286531,43878.016,55991.72071707403
286532,43878.016,28365.44902322361
286533,43878.016,42536.004650584946
286534,43878.016,41476.94183812052
286535,43878.016,19370.464755506615
286536,43878.016,27542.802637657038
286537,43878.016,23906.57231070392
286538,43878.016,13855.397027270921
286539,43878.016,39992.44686231198
286540,43878.016,48604.13582237183
286541,43878.016,47153.96320292121
286542,43878.016,48394.53571972627
286543,43878.016,10945.570547599382
286544,43878.016,59446.78087358803
286545,43878.016,17454.032617808218
286546,43878.016,17203.036751227697
286547,43878.016,14174.508485804576
286548,43878.016,20197.6112911071
286549,43878.016,29993.36176458057
286550,43878.016,34197.82695835619
286551,43878.016,58860.17485259913
286552,43878.016,20326.982986865394
286553,43878.016,13800.224529033707
286554,43878.016,36452.16142339151
286555,43878.016,33813.918391419815
286556,43878.016,43983.00983658364
286557,43878.016,36875.29113084095
286558,43878.016,22792.570015339687
286559,43878.016,25361.27161080277
286560,43878.016,52307.70196572281
286561,43878.016,11891.364955402945
286562,43878.016,39465.36239032308
286563,43878.016,34368.13979460342
286564,43878.016,11928.83337936981
286565,43878.016,59650.74960313682
286566,43878.016,27124.208327949116
286567,43878.016,27501.110456954077
286568,43878.016,18180.27970733538
286569,43878.016,28058.081348727414
286570,43878.016,25843.35902259049
286571,43878.016,44805.324062053754
286572,43878.016,31534.73714069012
286573,43878.016,27588.96834531089
286574,43878.016,55995.16693995457
286575,43878.016,19451.768806297172
286576,43878.016,20638.58170712969
286577,43878.016,62848.31348411436
286578,43878.016,60610.76609164078
286579,43878.016,11420.269310216347
286580,43878.016,45916.63506172528
286581,43878.016,38568.64134511309
286582,43878.016,44754.77421461476
286583,43878.016,9151.241592282542
286584,43878.016,49989.18543000548
286585,43878.016,33262.834780191195
286586,43878.016,23365.889066622844
286587,43878.016,43543.86697826373
286588,43878.016,50497.00627011618
286589,43878.016,55921.97193465478
286590,43878.016,26444.069112172474
286591,43878.016,63390.31579465685
286592,43878.016,30804.95652138032
286593,43878.016,30566.67436786348
286594,43878.016,57397.65243628206
286595,43878.016,56688.40805745092
286596,43878.016,9325.83983533106
286597,43878.016,37375.08141990094
286598,43878.016,39183.28334159874
286599,43878.016,19558.024877216107
286600,43878.016,35970.70339025273
286601,43878.016,9377.202568643457
286602,43878.016,30794.64315634314
286603,43878.016,56606.904750990216
286604,43878.016,18341.05678360329
286605,43878.016,76104.00452258551
286606,43878.016,14454.421476836167
286607,43878.016,49272.34480022699
286608,43878.016,20719.912828712095
286609,43878.016,25809.25679688522
286610,43878.016,42444.37097302018
286611,43878.016,35420.941594406155
286612,43878.016,30383.17590778168
286613,43878.016,20530.3568060879
286614,43878.016,14381.814491005798
286615,43878.016,7075.240884143968
286616,43878.016,32729.36030675298
286617,43878.016,18433.441908959805
286618,43878.016,14722.644869046435
286619,43878.016,45378.51935126334
286620,43878.016,24692.915045093025
286621,43878.016,17622.482957184755
286622,43878.016,13317.126534099627
286623,43878.016,53834.28710079208
286624,43878.016,17345.816648620043
286625,43878.016,11803.061656330214
286626,43878.016,38542.13491809461
286627,43878.016,50765.772468295385
286628,43878.016,26315.9146186174
286629,43878.016,34137.200577075455
286630,43878.016,26499.953811033087
286631,43878.016,97990.89588680229
286632,43878.016,54979.38511164418
286633,43878.016,2639.4343998750805
286634,43878.016,48727.87692428719
286635,43878.016,12412.426988793339
286636,43878.016,18362.209229581193
286637,43878.016,57110.33738481829
286638,43878.016,13857.208238596684
286639,43878.016,18146.327092265627
286640,43878.016,29476.850170774036
286641,43878.016,21132.009859499034
286642,43878.016,10143.271429463577
286643,43878.016,68295.89191392751
286644,43878.016,43673.33536772814
286645,43878.016,19916.27111972318
286646,43878.016,14892.914540787173
286647,43878.016,38569.22999071302
286648,43878.016,16109.899619846516
286649,43878.016,45816.415955993914
286650,43878.016,16579.73586988428
286651,43878.016,27032.295343459442
286652,43878.016,10704.370255069407
286653,43878.016,34290.72692132168
286654,43878.016,37404.62444605232
286655,43878.016,42661.88280357245
286656,43878.016,37497.48016208995
286657,43878.016,13058.08546407039
286658,43878.016,17703.689572446252
286659,43878.016,43696.36046352921
286660,43878.016,14985.354187954152
286661,43878.016,68922.8045032932
286662,43878.016,29594.497329779853
286663,43878.016,46694.684103754415
286664,43878.016,53824.101983456465
286665,43878.016,26656.494078951117
286666,43878.016,23291.828357317427
286667,43878.016,41526.115654763096
286668,43878.016,14361.962251165984
286669,43878.016,40505.049374621034
286670,43878.016,49604.68835236519
286671,43878.016,32251.51181390216
286672,43878.016,18034.803388077773
286673,43878.016,13356.404390220257
286674,43878.016,35290.310385366414
286675,43878.016,54344.87783264174
286676,43878.016,21120.900160252128
286677,43878.016,29835.91996709574
286678,43878.016,55166.47776202033
286679,43878.016,41086.59121715166
286680,43878.016,59114.26473664498
286681,43878.016,61064.57374232397
286682,43878.016,72481.67265874046
286683,43878.016,52973.038284419614
286684,43878.016,15439.953963279353
286685,43878.016,37714.27356807583
286686,43878.016,28846.613835825832
286687,43878.016,61457.61763791199
286688,43878.016,39373.394465973804
286689,43878.016,41619.97320530512
286690,43878.016,47994.88252391081
286691,43878.016,14033.22224544876
286692,43878.016,66480.47061253239
286693,43878.016,36473.28416521333
286694,43878.016,10478.959046699174
286695,43878.016,8275.42538577657
286696,43878.016,18686.347862529336
286697,43878.016,47810.5384838653
286698,43878.016,15126.06783406243
286699,43878.016,12635.24252406431
286700,43878.016,53888.25361618607
286701,43878.016,18177.903534440735
286702,43878.016,35502.55875742364
286703,43878.016,17599.21201065417
286704,43878.016,57739.09711161147
286705,43878.016,28990.53299905811
286706,43878.016,37731.55040089752
286707,43878.016,55748.83959247702
286708,43878.016,43498.78239729397
286709,43878.016,22994.60084891827
286710,43878.016,19039.325790967025
286711,43878.016,35676.58376074283
286712,43878.016,20047.911187848167
286713,43878.016,10522.1929562754
286714,43878.016,39222.875605010246
286715,43878.016,33946.27155623025
286716,43878.016,19514.14250113821
286717,43878.016,19966.96119897694
286718,43878.016,14294.915179910773
286719,43878.016,54020.35492278025
286720,43878.016,51339.490280311635
286721,43878.016,53689.062315698
286722,43878.016,49712.102039589045
286723,43878.016,14280.912573187119
286724,43878.016,36515.43423179189
286725,43878.016,56151.35801223226
286726,43878.016,38127.189255850804
286727,43878.016,32534.10396461616
286728,43878.016,19756.69084060722
286729,43878.016,52525.782008564456
286730,43878.016,46681.60877851188
286731,43878.016,49099.71669781519
286732,43878.016,16936.90284852355
286733,43878.016,50713.139399344596
286734,43878.016,56631.594740831024
286735,43878.016,10738.430252280055
286736,43878.016,35099.472683255255
286737,43878.016,39759.62016187959
286738,43878.016,17563.673999024788
286739,43878.016,35303.77735131731
286740,43878.016,15406.341387585537
286741,43878.016,51760.413784640856
286742,43878.016,22909.424027013654
286743,43878.016,73116.76327703716
286744,43878.016,34735.69592333462
286745,43878.016,25672.09947023275
286746,43878.016,20134.99163417237
286747,43878.016,39207.59609112944
286748,43878.016,37797.38094439775
286749,43878.016,18994.560246688783
286750,43878.016,14106.391005847443
286751,43878.016,54029.42424409104
286752,43878.016,8235.887924275357
286753,43878.016,24736.28849688192
286754,43878.016,25014.490789676584
286755,43878.016,29237.6048591871
286756,43878.016,24344.862842637092
286757,43878.016,31900.457934353963
286758,43878.016,30249.138206546602
286759,43878.016,13263.234153786212
286760,43878.016,11391.388382783844
286761,43878.016,38538.13794463249
286762,43878.016,15826.346184186052
286763,43878.016,8138.689648534858
286764,43878.016,55113.4416745991
286765,43878.016,34202.78226339958
286766,43878.016,11029.36287595344
286767,43878.016,19365.111687743934
286768,43878.016,12091.187956651596
286769,43878.016,23655.3704019553
286770,43878.016,48877.81763525
286771,43878.016,38923.40825414254
286772,43878.016,38743.12518657614
286773,43878.016,69194.2394079624
286774,43878.016,62865.43492087571
286775,43878.016,23877.095620251286
286776,43878.016,39537.8971403663
286777,43878.016,33895.06045504257
286778,43878.016,50817.09765413784
286779,43878.016,67951.16211673025
286780,43878.016,51235.469908612366
286781,43878.016,30950.68595611876
286782,43878.016,26800.64967915541
286783,43878.016,40736.08877022683
286784,43878.016,23318.28395882306
286785,43878.016,23426.04730414341
286786,43878.016,14619.219559540375
286787,43878.016,10575.577806042758
286788,43878.016,58340.371980142234
286789,43878.016,49569.35596499883
286790,43878.016,20415.544814974153
286791,43878.016,44909.66386733246
286792,43878.016,30118.84209478734
286793,43878.016,46510.33294663665
286794,43878.016,31856.50680494235
286795,43878.016,30036.4216801731
286796,43878.016,30325.887274751578
286797,43878.016,40034.48159369124
286798,43878.016,27084.078903681737
286799,43878.016,39938.89772559919
286800,43878.016,13482.493914275494
286801,43878.016,27657.840044732267
286802,43878.016,45240.408726400776
286803,43878.016,49372.41034937989
286804,43878.016,16467.846799510742
286805,43878.016,65284.90545759755
286806,43878.016,20873.36429016915
286807,43878.016,23508.46731846512
286808,43878.016,67584.75306978013
286809,43878.016,11941.019272450785
286810,43878.016,27812.281989087056
286811,43878.016,30998.59238720715
286812,43878.016,40342.36335153178
286813,43878.016,29904.536653984404
286814,43878.016,37265.1926032281
286815,43878.016,46167.88978604524
286816,43878.016,36160.75427287226
286817,43878.016,18579.780511009336
286818,43878.016,19585.476201121317
286819,43878.016,58189.52292610027
286820,43878.016,46530.16129453713
286821,43878.016,16486.930236904816
286822,43878.016,18725.82594683283
286823,43878.016,21539.808171368837
286824,43878.016,11495.761552655471
286825,43878.016,39475.92934875639
286826,43878.016,31944.624317326492
286827,43878.016,14047.163915149285
286828,43878.016,37823.636269158735
286829,43878.016,46942.936097601225
286830,43878.016,17428.0657794705
286831,43878.016,8318.721949548884
286832,43878.016,9788.568332806413
286833,43878.016,31904.635373102305
286834,43878.016,21610.99470896153
286835,43878.016,14894.955889315128
286836,43878.016,50616.1192991967
286837,43878.016,30577.01713776624
286838,43878.016,65591.6772988672
286839,43878.016,22593.32974792797
286840,43878.016,52686.34445480485
286841,43878.016,54678.128110866164
286842,43878.016,25225.097720353686
286843,43878.016,29624.37774844946
286844,43878.016,53367.06981630686
286845,43878.016,41858.67902195065
286846,43878.016,6904.762711659586
286847,43878.016,9063.15085143621
286848,43878.016,38651.50174979007
286849,43878.016,37126.36692693205
286850,43878.016,46672.02779351039
286851,43878.016,59400.684546290875
286852,43878.016,50476.93041550051
286853,43878.016,22660.453237909085
286854,43878.016,55195.9881475457
286855,43878.016,20218.36144798964
286856,43878.016,38266.58689351122
286857,43878.016,79400.51390112878
286858,43878.016,25470.40606473552
286859,43878.016,5848.424859528726
286860,43878.016,60407.16662960801
286861,43878.016,35166.29483785939
286862,43878.016,69102.55596576899
286863,43878.016,30594.901358759675
286864,43878.016,40370.97260913532
286865,43878.016,40187.452448258264
286866,43878.016,50697.16989215831
286867,43878.016,34259.51550013091
286868,43878.016,32168.15491143357
286869,43878.016,54780.94914331651
286870,43878.016,39677.18051963035
286871,43878.016,29122.94473846013
286872,43878.016,29825.500262270034
286873,43878.016,8465.73414638459
286874,43878.016,12677.063089857076
286875,43878.016,17833.357359228226
286876,43878.016,11569.162341562469
286877,43878.016,40499.50774702468
286878,43878.016,40782.64187312584
286879,43878.016,34140.37853417638
286880,43878.016,34637.6952545107
286881,43878.016,16716.146361933108
286882,43878.016,51940.53193738208
286883,43878.016,45013.36230237288
286884,43878.016,52673.4601867147
286885,43878.016,58178.52499102025
286886,43878.016,82670.40089498881
286887,43878.016,51300.93049643801
286888,43878.016,39331.88694205896
286889,43878.016,45807.40280305958
286890,43878.016,45175.09779450475
286891,43878.016,11278.16219991819
286892,43878.016,57988.66045936796
286893,43878.016,58159.989408939095
286894,43878.016,38352.27016395585
286895,43878.016,22477.157139782696
286896,43878.016,7310.9383981168
286897,43878.016,49765.879197390095
286898,43878.016,12381.182256331707
286899,43878.016,53608.017695064445
286900,43878.016,48063.17502515553
286901,43878.016,23671.832224923353
286902,43878.016,31716.583291623316
286903,43878.016,20085.425634041592
286904,43878.016,52014.87661249528
286905,43878.016,26502.15142163711
286906,43878.016,33376.450101429204
286907,43878.016,56235.41245651709
286908,43878.016,32864.832538454946
286909,43878.016,17695.717920005074
286910,43878.016,11036.361630619858
286911,43878.016,19967.67522300652
286912,43878.016,32070.081386824157
286913,43878.016,8656.732593807677
286914,43878.016,45695.42178370828
286915,43878.016,13841.969478826037
286916,43878.016,19960.573354128337
286917,43878.016,36657.36888260585
286918,43878.016,69727.4419705567
286919,43878.016,61394.92242708947
286920,43878.016,31269.44288159672
286921,43878.016,43216.03145062091
286922,43878.016,60933.636209576856
286923,43878.016,5891.690088906695
286924,43878.016,48318.09489334132
286925,43878.016,67253.49936436118
286926,43878.016,41806.95277686857
286927,43878.016,10409.738593709773
286928,43878.016,56722.044891123165
286929,43878.016,7821.616796193526
286930,43878.016,37953.94910667726
286931,43878.016,34359.52816158264
286932,43878.016,45910.681647747486
286933,43878.016,16136.240065121294
286934,43878.016,33281.57214856885
286935,43878.016,57812.56287905167
286936,43878.016,30009.42539013618
286937,43878.016,24768.79429853316
286938,43878.016,37547.544296144246
286939,43878.016,13030.341547739265
286940,43878.016,28016.63725193386
286941,43878.016,26197.046487970565
286942,43878.016,50753.76163852307
286943,43878.016,42137.11008370923
286944,43878.016,26572.27401973792
286945,43878.016,37133.95240687145
286946,43878.016,35268.93882338149
286947,43878.016,43047.237580660476
286948,43878.016,66327.36814901484
286949,43878.016,75538.03383167462
286950,43878.016,36338.54198856782
286951,43878.016,67345.72591087972
286952,43878.016,27545.39059281166
286953,43878.016,47835.790550674516
286954,43878.016,7330.6736465261165
286955,43878.016,35501.74863897342
286956,43878.016,12579.646395808812
286957,43878.016,45261.66013270509
286958,43878.016,13906.58702457639
286959,43878.016,51002.455571989805
286960,43878.016,11780.650824910776
286961,43878.016,7665.5026483731845
286962,43878.016,77218.53905886567
286963,43878.016,61102.06098722017
286964,43878.016,13163.86399184297
286965,43878.016,15185.400696535191
286966,43878.016,11427.969732928519
286967,43878.016,54739.27369543681
286968,43878.016,28584.65352002697
286969,43878.016,28542.46472892057
286970,43878.016,62914.67027197056
286971,43878.016,33156.71678590128
286972,43878.016,10208.413434801816
286973,43878.016,92434.9126229542
286974,43878.016,37325.062168119344
286975,43878.016,12443.397556212976
286976,43878.016,13128.764918227027
286977,43878.016,15657.939079571288
286978,43878.016,54541.37232405118
286979,43878.016,31254.24397590316
286980,43878.016,17665.91309813257
286981,43878.016,13670.236211032352
286982,43878.016,46241.41312144052
286983,43878.016,45290.124794775016
286984,43878.016,17783.294207838146
286985,43878.016,58714.142646822525
286986,43878.016,8428.07435061167
286987,43878.016,9484.761800455417
286988,43878.016,58312.716577052895
286989,43878.016,29290.01029424277
286990,43878.016,49457.29209877778
286991,43878.016,35917.75701276857
286992,43878.016,30294.50687286514
286993,43878.016,23268.983635076507
286994,43878.016,7793.990869814109
286995,43878.016,72754.9666731379
286996,43878.016,18554.916832758332
286997,43878.016,26695.748111245055
286998,43878.016,21840.424865431887
286999,43878.016,50997.06681083368
287000,43878.016,7512.32226297448
287001,43878.016,58701.28617828583
287002,43878.016,20014.292471401917
287003,43878.016,15402.484434037633
287004,43878.016,26303.50940359712
287005,43878.016,8570.079550446373
287006,43878.016,11677.00010379921
287007,43878.016,20580.17172828357
287008,43878.016,52302.857893878834
287009,43878.016,13277.927818862956
287010,43878.016,32205.687754199367
287011,43878.016,15749.103930243182
287012,43878.016,71668.42313242707
287013,43878.016,26297.122656557174
287014,43878.016,33817.959804180566
287015,43878.016,11013.044166128568
287016,43878.016,10420.586586228848
287017,43878.016,34605.87246456701
287018,43878.016,61939.244955439375
287019,43878.016,45096.29575007781
287020,43878.016,39900.43803266867
287021,43878.016,79794.68859542278
287022,43878.016,60440.09721596917
287023,43878.016,61583.591646203466
287024,43878.016,51639.6365049679
287025,43878.016,16698.47271807321
287026,43878.016,55814.12209069769
287027,43878.016,58531.48202869592
287028,43878.016,51820.42890195921
287029,43878.016,26465.958967458802
287030,43878.016,21038.200678134668
287031,43878.016,12373.542270789956
287032,43878.016,42644.988031096225
287033,43878.016,48495.44816255587
287034,43878.016,33832.8159669146
287035,43878.016,32863.371545414295
287036,43878.016,21111.130763548204
287037,43878.016,60260.79471458764
287038,43878.016,62129.76350928787
287039,43878.016,40268.06265950472
287040,43878.016,57020.99919738787
287041,43878.016,27526.001423023736
287042,43878.016,36159.93468866882
287043,43878.016,56862.77696175009
287044,43878.016,74348.88902765918
287045,43878.016,49029.38360115816
287046,43878.016,31366.605359318448
287047,43878.016,77839.29478733968
287048,43878.016,75556.68492290417
287049,43878.016,15991.256055831105
287050,43878.016,41437.13919393626
287051,43878.016,12721.980077528167
287052,43878.016,14786.327858803077
287053,43878.016,76009.2431629716
287054,43878.016,51924.72102691557
287055,43878.016,56961.19662163012
287056,43878.016,56994.80927800028
287057,43878.016,25075.678840404464
287058,43878.016,35070.47791135806
287059,43878.016,61984.632724441726
287060,43878.016,50476.34178475241
287061,43878.016,17702.34868853165
287062,43878.016,31052.18329895496
287063,43878.016,29901.12033591064
287064,43878.016,24507.060194978672
287065,43878.016,18897.886231444918
287066,43878.016,20882.764718642193
287067,43878.016,43336.50188193035
287068,43878.016,11166.30650314761
287069,43878.016,54268.328902449466
287070,43878.016,65768.33262269621
287071,43878.016,45259.54664368531
287072,43878.016,56647.16168417278
287073,43878.016,12761.282862723117
287074,43878.016,42714.21953618565
287075,43878.016,39422.819501837526
287076,43878.016,10376.586900300483
287077,43878.016,20819.2861847991
287078,43878.016,45259.203979441016
287079,43878.016,39717.9179152502
287080,43878.016,22333.79254725665
287081,43878.016,29400.168134893676
287082,43878.016,43123.79293867382
287083,43878.016,39745.24581491182
287084,43878.016,11312.213144886757
287085,43878.016,23877.49056774851
287086,43878.016,33354.453590054625
287087,43878.016,24733.14405411008
287088,43878.016,14934.296915440373
287089,43878.016,10060.327638162767
287090,43878.016,26159.86288129605
287091,43878.016,43746.043429319405
287092,43878.016,31001.59171798609
287093,43878.016,52128.775531354906
287094,43878.016,13477.330885078445
287095,43878.016,44584.844024956816
287096,43878.016,38527.32262286305
287097,43878.016,24681.471870274145
287098,43878.016,72378.27273259006
287099,43878.016,25705.159321890576
287100,43878.016,29152.81223057378
287101,43878.016,58482.55126878871
287102,43878.016,23070.10185928926
287103,43878.016,8961.916946238829
287104,43878.016,21548.22740464353
287105,43878.016,33051.392596323785
287106,43878.016,6558.795051062832
287107,43878.016,34858.04038875637
287108,43878.016,57855.76718692895
287109,43878.016,25929.604059938367
287110,43878.016,29616.75389811605
287111,43878.016,46770.71741407824
287112,43878.016,48488.27428319061
287113,43878.016,10967.172784558237
287114,43878.016,39711.75792621726
287115,43878.016,65113.076538003355
287116,43878.016,50179.810549428024
287117,43878.016,19134.374348765054
287118,43878.016,27174.944782449627
287119,43878.016,54895.98896452337
287120,43878.016,53064.18053985305
287121,43878.016,62858.910576353854
287122,43878.016,8042.933283948471
287123,43878.016,19027.13026614505
287124,43878.016,10542.860526086979
287125,43878.016,42321.35981099192
287126,43878.016,54331.005209355986
287127,43878.016,16175.82896818806
287128,43878.016,10007.846809707944
287129,43878.016,39516.58059664399
287130,43878.016,55491.628219502156
287131,43878.016,44427.80935827119
287132,43878.016,19355.882077898452
287133,43878.016,14461.942010495999
287134,43878.016,13680.25487790212
287135,43878.016,33577.18694876156
287136,43878.016,57862.379584110204
287137,43878.016,44121.80004583014
287138,43878.016,14628.262485624933
287139,43878.016,46973.5590845692
287140,43878.016,48431.00914801541
287141,43878.016,46584.917724524385
287142,43878.016,15983.84974636647
287143,43878.016,75857.27281326948
287144,43878.016,9954.136170344607
287145,43878.016,53088.93599841792
287146,43878.016,18276.941992342
287147,43878.016,21355.943253478115
287148,43878.016,62893.34828693783
287149,43878.016,22681.83343599284
287150,43878.016,13861.91551310418
287151,43878.016,16890.06927265675
287152,43878.016,28259.784907544836
287153,43878.016,41489.89982020701
287154,43878.016,9099.259405018807
287155,43878.016,11424.23177892514
287156,43878.016,29212.990363330293
287157,43878.016,71078.80350312592
287158,43878.016,38842.97189849481
287159,43878.016,61855.66444513337
287160,43878.016,51655.48452927113
287161,43878.016,29234.738076221165
287162,43878.016,3673.256453491449
287163,43878.016,13894.716463688577
287164,43878.016,19296.226483185215
287165,43878.016,18347.563262521806
287166,43878.016,66381.0179029787
287167,43878.016,10052.203211264903
287168,43878.016,15441.602724048944
287169,43878.016,17574.65726503661
287170,43878.016,69617.12470138569
287171,43878.016,22250.141850236512
287172,43878.016,13988.766476738137
287173,43878.016,58832.99219392233
287174,43878.016,67715.98455408419
287175,43878.016,29731.588714021596
287176,43878.016,52441.54437776713
287177,43878.016,36451.09538513615
287178,43878.016,44217.80713136495
287179,43878.016,78181.0259783959
287180,43878.016,45635.32978854492
287181,43878.016,7802.959023170944
287182,43878.016,42773.28777320215
287183,43878.016,62319.98894982234
287184,43878.016,6597.771632990705
287185,43878.016,22056.49996189165
287186,43878.016,19859.773346028745
287187,43878.016,28732.769120395285
287188,43878.016,64179.84784569008
287189,43878.016,17917.84583456312
287190,43878.016,41459.99338371879
287191,43878.016,54627.77850267063
287192,43878.016,35477.34164169982
287193,43878.016,21144.650581993763
287194,43878.016,16622.18770712415
287195,43878.016,19602.34696830244
287196,43878.016,25680.320064736603
287197,43878.016,46125.6708453827
287198,43878.016,64287.53698066476
287199,43878.016,21781.299554158042
287200,43878.016,46056.30745994195
287201,43878.016,18955.2203504918
287202,43878.016,29857.56968350817
287203,43878.016,14062.503837101865
287204,43878.016,19456.791832832798
287205,43878.016,20843.843998079938
287206,43878.016,38627.844672835665
287207,43878.016,44034.11444926127
287208,43878.016,59386.299961145196
287209,43878.016,38703.250337575824
287210,43878.016,7177.715763665324
287211,43878.016,63592.95541981385
287212,43878.016,23076.131867024185
287213,43878.016,34009.49722146497
287214,43878.016,45586.13250872629
287215,43878.016,26888.095720622772
287216,43878.016,73238.22882537809
287217,43878.016,19279.22439917646
287218,43878.016,50415.17757918751
287219,43878.016,15554.664871987468
287220,43878.016,61204.25018182822
287221,43878.016,56047.6603205273
287222,43878.016,51031.535942751434
287223,43878.016,10728.691802638408
287224,43878.016,5990.553331037386
287225,43878.016,57688.03536294589
287226,43878.016,29839.17366885978
287227,43878.016,13658.903339872242
287228,43878.016,27178.436992094146
287229,43878.016,13765.732082821203
287230,43878.016,29595.27354364158
287231,43878.016,12012.721543389154
287232,43878.016,42266.11995974365
287233,43878.016,52362.01727344875
287234,43878.016,42635.266850696506
287235,43878.016,24355.305902721262
287236,43878.016,70298.77679991206
287237,43878.016,54434.71217828157
287238,43878.016,33017.09208278175
287239,43878.016,34910.58883375944
287240,43878.016,26498.73047916551
287241,43878.016,37287.58848637208
287242,43878.016,67319.08070242866
287243,43878.016,31467.386877094283
287244,43878.016,65639.38845399184
287245,43878.016,50005.318083427264
287246,43878.016,15206.563227704932
287247,43878.016,4189.057936871266
287248,43878.016,14398.428032940303
287249,43878.016,22243.697663987863
287250,43878.016,36326.59037711021
287251,43878.016,18570.82277533269
287252,43878.016,35058.00391865508
287253,43878.016,43976.19114649278
287254,43878.016,51794.12346178764
287255,43878.016,33328.91518579974
287256,43878.016,9002.406508055892
287257,43878.016,50655.65950776652
287258,43878.016,58747.63509270109
287259,43878.016,22385.29775366598
287260,43878.016,59759.11907819539
287261,43878.016,47831.05516224783
287262,43878.016,67828.10492170748
287263,43878.016,10642.844949870212
287264,43878.016,38211.567862364915
287265,43878.016,42489.6914199918
287266,43878.016,13917.348937346102
287267,43878.016,46307.195211592174
287268,43878.016,48739.03376104782
287269,43878.016,15888.238501352505
287270,43878.016,13628.731142371264
287271,43878.016,73596.62717997399
287272,43878.016,51651.63589930077
287273,43878.016,13857.623880745536
287274,43878.016,54281.9845634953
287275,43878.016,12564.092414984929
287276,43878.016,41179.77046868156
287277,43878.016,20135.471367859693
287278,43878.016,77490.22167428661
287279,43878.016,71585.54772394098
287280,43878.016,19147.458367858642
287281,43878.016,38939.7690656654
287282,43878.016,20988.810992120474
287283,43878.016,59122.87712517263
287284,43878.016,37488.02516519085
287285,43878.016,47799.17102094154
287286,43878.016,31441.74857697486
287287,43878.016,17224.326607126313
287288,43878.016,11860.875086332286
287289,43878.016,28592.905344345352
287290,43878.016,62179.89457004388
287291,43878.016,22750.95942065981
287292,43878.016,20674.320026629386
287293,43878.016,20650.87041412148
287294,43878.016,46615.19946217501
287295,43878.016,85022.17228370505
287296,43878.016,43460.62440685836
287297,43878.016,16848.011197458163
287298,43878.016,13233.209575624789
287299,43878.016,25545.005901792752
287300,43878.016,35043.88467293469
287301,43878.016,53388.805738899966
287302,43878.016,20351.739604155624
287303,43878.016,15870.921906206384
287304,43878.016,53104.39244382371
287305,43878.016,19197.355501579103
287306,43878.016,16281.899123529856
287307,43878.016,23305.15724733427
287308,43878.016,10746.987167701387
287309,43878.016,31385.725067310996
287310,43878.016,10080.812067916972
287311,43878.016,6330.56933264183
287312,43878.016,54584.20267929619
287313,43878.016,38227.742150770246
287314,43878.016,26892.334513525064
287315,43878.016,10076.503422876516
287316,43878.016,40015.01100391148
287317,43878.016,31768.757987157816
287318,43878.016,60533.65633974064
287319,43878.016,29868.72894396408
287320,43878.016,11604.269622297832
287321,43878.016,43891.14040259571
287322,43878.016,56599.93524313658
287323,43878.016,10011.424586157334
287324,43878.016,38286.71223510389
287325,43878.016,54501.47237355808
287326,43878.016,26971.844043409033
287327,43878.016,36225.84973868604
287328,43878.016,17212.47277971921
287329,43878.016,42607.35073785171
287330,43878.016,60291.571942543844
287331,43878.016,29320.75717001572
287332,43878.016,42529.06248950057
287333,43878.016,76860.10001128825
287334,43878.016,31166.866055661652
287335,43878.016,7334.191234619264
287336,43878.016,50944.38165858707
287337,43878.016,32820.225637377116
287338,43878.016,54245.990370762265
287339,43878.016,47995.42435998009
287340,43878.016,57190.917608229676
287341,43878.016,61420.67734956597
287342,43878.016,41522.62500014437
287343,43878.016,11186.483193116106
287344,43878.016,37150.22226871673
287345,43878.016,21552.51433059204
287346,43878.016,21962.793344606776
287347,43878.016,32973.46957456537
287348,43878.016,31565.905407674247
287349,43878.016,37389.61382011519
287350,43878.016,7257.286376662693
287351,43878.016,22925.816640725912
287352,43878.016,44960.41806268293
287353,43878.016,54185.70426105191
287354,43878.016,48713.43777132853
287355,43878.016,9640.654873064766
287356,43878.016,34828.33225289109
287357,43878.016,36292.96643915585
287358,43878.016,32727.06205896233
287359,43878.016,47745.2299222731
287360,43878.016,10118.801637306511
287361,43878.016,63025.242752289014
287362,43878.016,39413.938465882595
287363,43878.016,48845.27074957587
287364,43878.016,24673.212880349365
287365,43878.016,39306.95408335987
287366,43878.016,48714.8454528991
287367,43878.016,20121.551067329136
287368,43878.016,42944.87519675699
287369,43878.016,14162.724322661765
287370,43878.016,30417.021348768412
287371,43878.016,12598.804650234064
287372,43878.016,35903.626549008775
287373,43878.016,26282.831612465383
287374,43878.016,62406.44646927589
287375,43878.016,31005.30305828433
287376,43878.016,37229.52377773667
287377,43878.016,45159.34261225522
287378,43878.016,18105.25952379548
287379,43878.016,63004.40735485022
287380,43878.016,10704.041346084263
287381,43878.016,50898.251700055764
287382,43878.016,58205.14138449394
287383,43878.016,19103.216723291578
287384,43878.016,68411.86772920226
287385,43878.016,31195.478432523607
287386,43878.016,19391.14831275673
287387,43878.016,25031.443190945836
287388,43878.016,28057.125562233396
287389,43878.016,49955.31087237985
287390,43878.016,15108.013463631667
287391,43878.016,26479.68387668381
287392,43878.016,50429.85968605103
287393,43878.016,47112.55275504978
287394,43878.016,20274.591338833296
287395,43878.016,116570.42190133783
287396,43878.016,44994.49404285566
287397,43878.016,62767.272676547145
287398,43878.016,76787.0917958667
287399,43878.016,13811.577899614786
287400,43878.016,10181.108406024654
287401,43878.016,51743.264936707965
287402,43878.016,50433.64307753721
287403,43878.016,13058.640676930507
287404,43878.016,33905.667167810214
287405,43878.016,48440.74063661665
287406,43878.016,30674.851552730193
287407,43878.016,32191.250610867308
287408,43878.016,11574.425251145893
287409,43878.016,13862.67371253102
287410,43878.016,26764.24161654648
287411,43878.016,22762.84602787193
287412,43878.016,21843.72147251917
287413,43878.016,49986.45161836485
287414,43878.016,31168.663694921426
287415,43878.016,19322.30346580368
287416,43878.016,17779.929860144424
287417,43878.016,70050.32702972859
287418,43878.016,33963.73046854392
287419,43878.016,31073.5470793409
287420,43878.016,14587.132129370471
287421,43878.016,40088.064716690584
287422,43878.016,48045.2032925163
287423,43878.016,39274.91203420357
287424,43878.016,18817.952723949336
287425,43878.016,17010.950620615826
287426,43878.016,30464.47207618534
287427,43878.016,50645.03993083933
287428,43878.016,35395.58285242778
287429,43878.016,67997.1953392568
287430,43878.016,21844.979303924825
287431,43878.016,51413.076640735446
287432,43878.016,81162.30927656936
287433,43878.016,52991.19043998474
287434,43878.016,5306.603407262101
287435,43878.016,13936.563002762725
287436,43878.016,53660.86304930932
287437,43878.016,33869.56789819129
287438,43878.016,62274.615973575295
287439,43878.016,37652.513739438415
287440,43878.016,6901.792619122995
287441,43878.016,21558.067666697487
287442,43878.016,35282.25095990647
287443,43878.016,59432.533517164826
287444,43878.016,48453.94271731671
287445,43878.016,22484.801145503727
287446,43878.016,37224.21688713937
287447,43878.016,75030.58458322275
287448,43878.016,57140.72021766664
287449,43878.016,76915.23576633574
287450,43878.016,58851.13803199055
287451,43878.016,42385.309663399625
287452,43878.016,29422.536398495096
287453,43878.016,8499.04046054785
287454,43878.016,33299.500359263184
287455,43878.016,46491.66530099418
287456,43878.016,78032.35626205616
287457,43878.016,40077.826857138105
287458,43878.016,21165.02942410121
287459,43878.016,29779.64380969118
287460,43878.016,22195.515206786557
287461,43878.016,28000.281304832322
287462,43878.016,37929.25039203907
287463,43878.016,46666.17514873875
287464,43878.016,8700.17696843713
287465,43878.016,59080.33105225458
287466,43878.016,32767.279978121194
287467,43878.016,41609.58682130929
287468,43878.016,57967.81038120534
287469,43878.016,35975.98919734762
287470,43878.016,11111.434705211948
287471,43878.016,45235.38913580116
287472,43878.016,21695.8158579945
287473,43878.016,28215.969779342897
287474,43878.016,50612.76033098518
287475,43878.016,24701.531329457943
287476,43878.016,10556.163171814966
287477,43878.016,61247.50762804776
287478,43878.016,29059.168278820063
287479,43878.016,64410.1806986205
287480,43878.016,56394.26358356606
287481,43878.016,31170.099524580295
287482,43878.016,38706.37598180879
287483,43878.016,52805.32250045277
287484,43878.016,28071.0642716579
287485,43878.016,55505.65680887437
287486,43878.016,4848.703116089894
287487,43878.016,18099.912349239392
287488,43878.016,7722.836537520534
287489,43878.016,43642.43708537459
287490,43878.016,33474.62571443682
287491,43878.016,37184.37265833927
287492,43878.016,46975.37049736835
287493,43878.016,21275.861751196528
287494,43878.016,43728.10127046538
287495,43878.016,22851.09241126029
287496,43878.016,63194.874677126456
287497,43878.016,18868.590425648326
287498,43878.016,62709.64732918726
287499,43878.016,65960.4173496831
287500,43878.016,12819.10032443524
287501,43878.016,43446.79042378594
287502,43878.016,48722.212614823235
287503,43878.016,54475.13921522148
287504,43878.016,11949.027825188956
287505,43878.016,35810.0444586082
287506,43878.016,23215.24287409056
287507,43878.016,11677.428521268945
287508,43878.016,7729.426639693768
287509,43878.016,16801.529831663745
287510,43878.016,21006.823489530907
287511,43878.016,19716.72765467104
287512,43878.016,21326.3693987274
287513,43878.016,33315.13027735484
287514,43878.016,32861.24308063674
287515,43878.016,23270.496811781697
287516,43878.016,11428.997892603134
287517,43878.016,40348.727587553396
287518,43878.016,14301.732798694731
287519,43878.016,14031.149369253284
287520,43878.016,32596.396717944088
287521,43878.016,50862.112427080254
287522,43878.016,23651.98578367244
287523,43878.016,6552.509662668611
287524,43878.016,13260.610384067533
287525,43878.016,47263.97338640219
287526,43878.016,43369.108170610525
287527,43878.016,78368.37498348067
287528,43878.016,38117.11924457709
287529,43878.016,70674.17650377133
287530,43878.016,46795.11627516006
287531,43878.016,8296.776503185616
287532,43878.016,20713.935605646835
287533,43878.016,39124.00915314571
287534,43878.016,22301.945933362844
287535,43878.016,62849.92998917076
287536,43878.016,19202.99317763736
287537,43878.016,23125.934161189994
287538,43878.016,42008.80267272478
287539,43878.016,33584.12045154408
287540,43878.016,20886.60251230398
287541,43878.016,50688.81816884395
287542,43878.016,26199.40506825269
287543,43878.016,27218.967764677538
287544,43878.016,38439.85309669884
287545,43878.016,56485.5347693789
287546,43878.016,20943.202403612384
287547,43878.016,19168.159005525682
287548,43878.016,7576.6474804436675
287549,43878.016,40820.321083685216
287550,43878.016,56287.07371078663
287551,43878.016,46004.70142794702
287552,43878.016,37987.023150412315
287553,43878.016,64099.84332008925
287554,43878.016,16879.778881975297
287555,43878.016,39449.60368682951
287556,43878.016,27139.62255357699
287557,43878.016,30011.23987844442
287558,43878.016,17485.107289553478
287559,43878.016,60675.45056528384
287560,43878.016,35127.08345452585
287561,43878.016,29550.61775239876
287562,43878.016,25049.462721022606
287563,43878.016,23724.289803867992
287564,43878.016,31917.06586652211
287565,43878.016,13130.426912517887
287566,43878.016,46203.99903360363
287567,43878.016,28877.67507435884
287568,43878.016,21491.302291003543
287569,43878.016,14635.901744795125
287570,43878.016,23912.29384770554
287571,43878.016,33866.0934842204
287572,43878.016,42607.36859092316
287573,43878.016,15990.156849036046
287574,43878.016,58020.00474424188
287575,43878.016,67704.86064150218
287576,43878.016,58339.252595628685
287577,43878.016,80249.1432444833
287578,43878.016,55175.533492371535
287579,43878.016,18618.321222313785
287580,43878.016,22401.424559869945
287581,43878.016,50443.48507121846
287582,43878.016,57888.56176576497
287583,43878.016,45928.00991924746
287584,43878.016,59311.435355223424
287585,43878.016,14626.832622272
287586,43878.016,72519.3849829852
287587,43878.016,48654.10659105337
287588,43878.016,68315.62025778453
287589,43878.016,14205.238734533788
287590,43878.016,50660.8474047176
287591,43878.016,52481.253249115565
287592,43878.016,66692.7752410488
287593,43878.016,15266.288629045903
287594,43878.016,41205.295945541395
287595,43878.016,36487.768066879784
287596,43878.016,17948.500157341867
287597,43878.016,49111.959621601294
287598,43878.016,24719.91326328732
287599,43878.016,65803.69221556361
287600,43878.016,23007.225619265897
287601,43878.016,11593.271208740514
287602,43878.016,49891.533432734854
287603,43878.016,23569.392455648365
287604,43878.016,22823.087366870594
287605,43878.016,15509.096941767473
287606,43878.016,36053.32657650877
287607,43878.016,19429.57428640768
287608,43878.016,12813.108181918979
287609,43878.016,23485.721040790613
287610,43878.016,54382.30428756011
287611,43878.016,58575.11985783368
287612,43878.016,26111.440971261545
287613,43878.016,15864.60094437503
287614,43878.016,39276.06563463548
287615,43878.016,34663.35132534241
287616,43878.016,34117.080273204956
287617,43878.016,43910.817616326814
287618,43878.016,16949.514567494258
287619,43878.016,70767.90900382178
287620,43878.016,45879.03049932362
287621,43878.016,13113.606681618758
287622,43878.016,92815.77507270279
287623,43878.016,62173.854345511776
287624,43878.016,47604.060481986
287625,43878.016,26611.43004094953
287626,43878.016,34357.97046122882
287627,43878.016,20352.814533338136
287628,43878.016,22588.21358786159
287629,43878.016,20155.438328783945
287630,43878.016,57252.958749607315
287631,43878.016,30842.07952020388
287632,43878.016,10694.40028114077
287633,43878.016,33721.06321188904
287634,43878.016,13077.157925481122
287635,43878.016,41953.40018896245
287636,43878.016,7229.394132697093
287637,43878.016,33845.33882338755
287638,43878.016,37735.3323506262
287639,43878.016,32042.90939798361
287640,43878.016,14886.356466845396
287641,43878.016,9201.725932438101
287642,43878.016,24283.667134524363
287643,43878.016,53566.231158632705
287644,43878.016,24782.148115622404
287645,43878.016,10750.23919024557
287646,43878.016,15631.626064708405
287647,43878.016,10598.829172472007
287648,43878.016,56514.242772621685
287649,43878.016,37394.291528874535
287650,43878.016,42840.18803380257
287651,43878.016,19700.14843843363
287652,43878.016,63823.396101336424
287653,43878.016,15314.616365567023
287654,43878.016,72544.60408591555
287655,43878.016,5493.134576256164
287656,43878.016,46430.61001533015
287657,43878.016,26686.519366697037
287658,43878.016,55092.7354640066
287659,43878.016,19194.082837266425
287660,43878.016,11669.76870523846
287661,43878.016,18729.50381754325
287662,43878.016,16315.520488914566
287663,43878.016,21630.100868134497
287664,43878.016,14320.913945149821
287665,43878.016,14531.05021950653
287666,43878.016,19988.903635515697
287667,43878.016,43294.89819908219
287668,43878.016,50069.92054881378
287669,43878.016,12339.235535626101
287670,43878.016,12205.246924079209
287671,43878.016,55841.782992714034
287672,43878.016,12040.261401584236
287673,43878.016,22721.454462671885
287674,43878.016,27151.602159728456
287675,43878.016,29899.80855180186
287676,43878.016,18142.1797372498
287677,43878.016,56339.696037714486
287678,43878.016,18838.24850946453
287679,43878.016,48418.41200678285
287680,43878.016,47634.65890353473
287681,43878.016,34156.23749547048
287682,43878.016,24670.721898369822
287683,43878.016,13161.623202858977
287684,43878.016,10635.179252227212
287685,43878.016,9368.808635333713
287686,43878.016,46476.483595811
287687,43878.016,39414.81393797073
287688,43878.016,34542.75189716306
287689,43878.016,21431.181949885613
287690,43878.016,52543.587804671995
287691,43878.016,15957.315989995659
287692,43878.016,19633.20555620697
287693,43878.016,39539.79747105231
287694,43878.016,52996.96993990343
287695,43878.016,54417.59114563263
287696,43878.016,9964.22732126133
287697,43878.016,37323.262700259496
287698,43878.016,9986.794286356586
287699,43878.016,52709.405549077186
287700,43878.016,46634.02306078707
287701,43878.016,26284.345257868627
287702,43878.016,57200.067835491005
287703,43878.016,53916.369093610636
287704,43878.016,16503.53805329205
287705,43878.016,41239.77520655469
287706,43878.016,66508.11601699697
287707,43878.016,17245.632017086537
287708,43878.016,27866.983767544643
287709,43878.016,82938.31352195135
287710,43878.016,14928.354028548638
287711,43878.016,70148.17418873517
287712,43878.016,38936.19577622655
287713,43878.016,17209.74905021822
287714,43878.016,55852.97762667077
287715,43878.016,27521.62798292394
287716,43878.016,50855.79136399112
287717,43878.016,28810.086636573847
287718,43878.016,22509.067809816468
287719,43878.016,74347.85838238995
287720,43878.016,15306.32386651066
287721,43878.016,48766.230089685385
287722,43878.016,17163.030354826136
287723,43878.016,58208.863670632156
287724,43878.016,15384.101765260175
287725,43878.016,29505.09915794241
287726,43878.016,50658.56540635523
287727,43878.016,35427.37211232584
287728,43878.016,46450.656107992625
287729,43878.016,28586.75577372809
287730,43878.016,63342.08060236712
287731,43878.016,33094.99961700681
287732,43878.016,37981.379503781165
287733,43878.016,20532.310364129917
287734,43878.016,29781.113684379277
287735,43878.016,12400.162411432126
287736,43878.016,31184.60784506469
287737,43878.016,63997.878358777314
287738,43878.016,17802.455000223592
287739,43878.016,38398.80286736202
287740,43878.016,12906.748033436732
287741,43878.016,36580.61020448125
287742,43878.016,21924.99674799215
287743,43878.016,35398.06832781155
287744,43878.016,13573.77687259179
287745,43878.016,37271.051879823346
287746,43878.016,50140.37385398775
287747,43878.016,63924.59281986057
287748,43878.016,30218.90803368661
287749,43878.016,6568.851958893042
287750,43878.016,12425.297674217145
287751,43878.016,56385.25521094392
287752,43878.016,27413.440715102635
287753,43878.016,26721.4064527219
287754,43878.016,37442.98598935386
287755,43878.016,42796.94946073926
287756,43878.016,67128.69515122582
287757,43878.016,19571.574790443767
287758,43878.016,40250.66596197539
287759,43878.016,13128.49391710305
287760,43878.016,32601.242644754326
287761,43878.016,10567.489809300327
287762,43878.016,65803.09856209406
287763,43878.016,42502.47463519906
287764,43878.016,36136.51502469961
287765,43878.016,38263.15613172536
287766,43878.016,32227.49509742552
287767,43878.016,9824.054360873171
287768,43878.016,34685.99870786816
287769,43878.016,16872.649721700902
287770,43878.016,6964.715690218215
287771,43878.016,45244.71011324178
287772,43878.016,11894.694342650724
287773,43878.016,11867.377701871234
287774,43878.016,48639.807854816885
287775,43878.016,29390.255093270644
287776,43878.016,36392.8747393451
287777,43878.016,30966.485915582678
287778,43878.016,45346.81769158854
287779,43878.016,52199.3687888638
287780,43878.016,32056.310958368562
287781,43878.016,18764.81823568938
287782,43878.016,56154.844495444464
287783,43878.016,65226.44133316914
287784,43878.016,15582.830806907208
287785,43878.016,10793.672060824347
287786,43878.016,29761.248475264892
287787,43878.016,36964.402896089436
287788,43878.016,64844.60209417187
287789,43878.016,18038.825895860886
287790,43878.016,28858.076020310626
287791,43878.016,30260.903581203864
287792,43878.016,29472.272735894956
287793,43878.016,35764.49799336322
287794,43878.016,27381.98010970773
287795,43878.016,18045.31478755197
287796,43878.016,46744.653697636524
287797,43878.016,40345.86926431359
287798,43878.016,62093.866055792365
287799,43878.016,28096.384256837388
287800,43878.016,51243.95572124836
287801,43878.016,16984.69821990588
287802,43878.016,10650.687228282171
287803,43878.016,43541.6820017952
287804,43878.016,18308.806146600793
287805,43878.016,36619.77313693796
287806,43878.016,41812.87952465321
287807,43878.016,14170.281176337809
287808,43878.016,40916.333540951025
287809,43878.016,25834.294403799744
287810,43878.016,33324.42660910397
287811,43878.016,69771.09162433364
287812,43878.016,2447.4779907764782
287813,43878.016,12213.436665862708
287814,43878.016,77310.7207772071
287815,43878.016,22803.820004469133
287816,43878.016,10306.559053764611
287817,43878.016,22290.060680272116
287818,43878.016,41135.05952203704
287819,43878.016,81993.86518108862
287820,43878.016,6723.0686438718085
287821,43878.016,74273.58738002839
287822,43878.016,37452.07910930698
287823,43878.016,19633.895555552295
287824,43878.016,24221.933741697725
287825,43878.016,47368.92151174334
287826,43878.016,64324.64051277008
287827,43878.016,35007.02306379952
287828,43878.016,18785.60241433452
287829,43878.016,35475.704874923205
287830,43878.016,51602.38915867022
287831,43878.016,25459.938906253137
287832,43878.016,51034.26577621532
287833,43878.016,11147.114110214485
287834,43878.016,22266.77132065398
287835,43878.016,33257.926528196054
287836,43878.016,49955.900138014
287837,43878.016,25515.666829255424
287838,43878.016,36744.90253838625
287839,43878.016,27946.959794174923
287840,43878.016,9790.945625027533
287841,43878.016,51772.18744595512
287842,43878.016,15481.320387019834
287843,43878.016,17118.28140026612
287844,43878.016,46440.66195675948
287845,43878.016,42505.91284019671
287846,43878.016,36368.65413848227
287847,43878.016,8020.011137463621
287848,43878.016,31412.831565628465
287849,43878.016,71250.68759153047
287850,43878.016,10723.536705587236
287851,43878.016,48195.86142981152
287852,43878.016,43932.84776966628
287853,43878.016,25140.23800777699
287854,43878.016,24393.962395237842
287855,43878.016,13864.302315505578
287856,43878.016,58470.52437255459
287857,43878.016,8876.804956510028
287858,43878.016,61427.991904140115
287859,43878.016,25435.994684642577
287860,43878.016,20752.30027446608
287861,43878.016,82143.61933476591
287862,43878.016,64528.490389702245
287863,43878.016,49546.0999264113
287864,43878.016,24546.73857510649
287865,43878.016,13974.646476322972
287866,43878.016,60219.62752036095
287867,43878.016,48089.27432715389
287868,43878.016,10506.503722801983
287869,43878.016,29898.07351752425
287870,43878.016,49970.44982144263
287871,43878.016,24594.79440230653
287872,43878.016,36345.93299821531
287873,43878.016,24499.69753435282
287874,43878.016,53583.59568261733
287875,43878.016,36482.44053570937
287876,43878.016,47037.20697028531
287877,43878.016,20751.043100830244
287878,43878.016,35510.762019732356
287879,43878.016,7229.827058159628
287880,43878.016,39261.39623378991
287881,43878.016,23405.172758410587
287882,43878.016,23465.183296933657
287883,43878.016,31363.203070685384
287884,43878.016,49200.235769540595
287885,43878.016,28762.30235561166
287886,43878.016,49397.99087840169
287887,43878.016,16447.31816519725
287888,43878.016,23211.12829553088
287889,43878.016,53520.117725272285
287890,43878.016,49400.53252988353
287891,43878.016,36181.48232256329
287892,43878.016,22441.53708128335
287893,43878.016,35732.735867294534
287894,43878.016,32427.019030951484
287895,43878.016,17050.90678223296
287896,43878.016,47082.40987864515
287897,43878.016,55900.85694044944
287898,43878.016,9543.96005711383
287899,43878.016,61098.95647421488
287900,43878.016,29907.187651930686
287901,43878.016,18640.652306789394
287902,43878.016,36868.21443234279
287903,43878.016,53371.01744751652
287904,43878.016,13661.343081785726
287905,43878.016,61515.35710709079
287906,43878.016,56798.699738895484
287907,43878.016,25775.35294271709
287908,43878.016,29375.187332303823
287909,43878.016,48714.22435348584
287910,43878.016,32354.819537328523
287911,43878.016,17379.705369936866
287912,43878.016,33062.608489098384
287913,43878.016,19460.184396627763
287914,43878.016,62058.274590669826
287915,43878.016,13874.06382620737
287916,43878.016,50085.746104540434
287917,43878.016,62780.63191994925
287918,43878.016,11991.726831563608
287919,43878.016,49574.54355180972
287920,43878.016,22979.68357842267
287921,43878.016,53007.17026898417
287922,43878.016,41357.22877660146
287923,43878.016,38010.76459650863
287924,43878.016,14595.709021931089
287925,43878.016,47592.75352069093
287926,43878.016,59058.59146756786
287927,43878.016,35497.85530605559
287928,43878.016,12653.95759335812
287929,43878.016,16816.097666731835
287930,43878.016,42265.27637869137
287931,43878.016,53504.64720819065
287932,43878.016,15899.055508796206
287933,43878.016,16499.58236143282
287934,43878.016,62878.33285632893
287935,43878.016,14375.732924677812
287936,43878.016,32879.573886965605
287937,43878.016,44124.44578415864
287938,43878.016,33578.464102668666
287939,43878.016,20320.779114512436
287940,43878.016,20125.732273805217
287941,43878.016,23849.353257161245
287942,43878.016,16453.71087878954
287943,43878.016,46072.199788163154
287944,43878.016,66606.31787851402
287945,43878.016,8928.334403983565
287946,43878.016,38628.09266188727
287947,43878.016,14773.129171752476
287948,43878.016,53861.47951980412
287949,43878.016,59612.43556974973
287950,43878.016,57467.042823133044
287951,43878.016,37401.02192952366
287952,43878.016,57147.787330583
287953,43878.016,39094.49161859203
287954,43878.016,65777.49439349103
287955,43878.016,28517.80466854094
287956,43878.016,14253.337191502265
287957,43878.016,51409.928481068026
287958,43878.016,9375.856314016686
287959,43878.016,56124.8041421691
287960,43878.016,39032.57653344685
287961,43878.016,31146.126939931597
287962,43878.016,62166.93650656519
287963,43878.016,53047.274950651285
287964,43878.016,57796.49925321903
287965,43878.016,37908.173192041584
287966,43878.016,37929.81269088215
287967,43878.016,13647.583174786607
287968,43878.016,21730.931730530447
287969,43878.016,28284.6604029699
287970,43878.016,48883.1099683535
287971,43878.016,10518.037191387863
287972,43878.016,25717.24852267916
287973,43878.016,35934.700020567674
287974,43878.016,35887.969006474435
287975,43878.016,44033.34027410168
287976,43878.016,89354.53344739243
287977,43878.016,37488.1079604154
287978,43878.016,41472.51803300768
287979,43878.016,24743.152584589334
287980,43878.016,53041.838907002166
287981,43878.016,48021.23713586219
287982,43878.016,36774.96595590284
287983,43878.016,12029.467181351933
287984,43878.016,78516.99474042824
287985,43878.016,31954.239172751226
287986,43878.016,58345.690728641996
287987,43878.016,42197.95220160692
287988,43878.016,11862.196095955707
287989,43878.016,55757.789616932394
287990,43878.016,43019.78972819579
287991,43878.016,41128.61946086113
287992,43878.016,51894.770400416055
287993,43878.016,53718.489790005806
287994,43878.016,50953.871893447016
287995,43878.016,64104.992010280526
287996,43878.016,41912.26662857012
287997,43878.016,52490.02969022978
287998,43878.016,39663.073446061564
287999,43878.016,50591.11230103398
288000,43878.016,54488.86790080796
288001,43878.016,33652.354721708034
288002,43878.016,17803.83598297991
288003,43878.016,39152.73455694533
288004,43878.016,11273.646053423336
288005,43878.016,27781.89786647646
288006,43878.016,9829.077747333948
288007,43878.016,19310.921783293645
288008,43878.016,24160.123197925594
288009,43878.016,11651.597204692676
288010,43878.016,23464.58161977505
288011,43878.016,47873.946270427376
288012,43878.016,59243.1188762908
288013,43878.016,59723.06830404173
288014,43878.016,46738.5501430638
288015,43878.016,30531.340285429433
288016,43878.016,13462.101335601945
288017,43878.016,33934.29339821349
288018,43878.016,48319.66720786152
288019,43878.016,50955.26596718139
288020,43878.016,20267.233925363264
288021,43878.016,63671.0529353846
288022,43878.016,26712.401711563125
288023,43878.016,51706.81053834797
288024,43878.016,29199.875089574307
288025,43878.016,59080.932041749315
288026,43878.016,16021.624031708061
288027,43878.016,21617.821635551943
288028,43878.016,13761.516870106201
288029,43878.016,31934.22124686104
288030,43878.016,40993.53387050904
288031,43878.016,58500.9870493981
288032,43878.016,35080.081692394844
288033,43878.016,73237.73035534301
288034,43878.016,15258.294402089079
288035,43878.016,18748.280265409707
288036,43878.016,10446.727206698337
288037,43878.016,56583.048478090925
288038,43878.016,23991.664742130004
288039,43878.016,39941.51182557149
288040,43878.016,53009.64857139461
288041,43878.016,10833.817430274697
288042,43878.016,16676.168015326744
288043,43878.016,18461.583542105247
288044,43878.016,55951.611377233254
288045,43878.016,11693.5641997217
288046,43878.016,14121.610988497547
288047,43878.016,34552.86684425808
288048,43878.016,37913.00916924062
288049,43878.016,67985.34458294547
288050,43878.016,34321.01575158183
288051,43878.016,31862.087450120067
288052,43878.016,33173.72140398975
288053,43878.016,8457.992411164303
288054,43878.016,77089.55641453604
288055,43878.016,56627.06667940014
288056,43878.016,52884.34502611404
288057,43878.016,22386.35103857502
288058,43878.016,51944.72502105931
288059,43878.016,49245.630814756565
288060,43878.016,17457.89653030516
288061,43878.016,7559.852883979868
288062,43878.016,63947.56259173365
288063,43878.016,21420.20405400554
288064,43878.016,56557.224097570215
288065,43878.016,14348.532269577836
288066,43878.016,9560.589500147522
288067,43878.016,48052.306410881574
288068,43878.016,67900.94711143959
288069,43878.016,60151.65268447173
288070,43878.016,13365.405569128654
288071,43878.016,21769.54644143014
288072,43878.016,52197.23806882344
288073,43878.016,44497.51186779796
288074,43878.016,21069.844353095745
288075,43878.016,34168.82035638714
288076,43878.016,9730.896548303312
288077,43878.016,42514.424016138
288078,43878.016,58448.089964213934
288079,43878.016,27059.77189549313
288080,43878.016,34208.48285059665
288081,43878.016,65504.777190015324
288082,43878.016,36501.08908040726
288083,43878.016,63313.20828603306
288084,43878.016,41653.03678275269
288085,43878.016,32243.262933587834
288086,43878.016,23969.021630375246
288087,43878.016,32989.83115657121
288088,43878.016,35080.73673714164
288089,43878.016,43546.37759992192
288090,43878.016,34053.50422073917
288091,43878.016,24689.069514733186
288092,43878.016,42721.20282760328
288093,43878.016,42000.18542871547
288094,43878.016,17344.448593148434
288095,43878.016,11119.959958861939
288096,43878.016,73895.27398917073
288097,43878.016,67681.44099321967
288098,43878.016,27339.62910746447
288099,43878.016,23432.1234157491
288100,43878.016,8735.500394195627
288101,43878.016,29439.642149750955
288102,43878.016,9375.141214054227
288103,43878.016,69254.48410890215
288104,43878.016,12140.822328028882
288105,43878.016,27290.559336347855
288106,43878.016,35210.17537558935
288107,43878.016,36946.67142201173
288108,43878.016,28347.35068421227
288109,43878.016,71994.08746536379
288110,43878.016,17487.19781940778
288111,43878.016,12781.878501633857
288112,43878.016,47047.81743912929
288113,43878.016,22259.503446817682
288114,43878.016,24828.454931186745
288115,43878.016,72405.46627162583
288116,43878.016,41037.74462274365
288117,43878.016,15865.068811193858
288118,43878.016,80423.42997053961
288119,43878.016,46986.000276406834
288120,43878.016,14883.956639131406
288121,43878.016,46543.554958924506
288122,43878.016,28658.898754766284
288123,43878.016,22004.036071647675
288124,43878.016,36072.36402105462
288125,43878.016,12677.085994191424
288126,43878.016,33244.77436397513
288127,43878.016,14290.34492829855
288128,43878.016,48518.00529625781
288129,43878.016,5536.053720649551
288130,43878.016,39921.64358206963
288131,43878.016,32087.322125636256
288132,43878.016,48658.83798190489
288133,43878.016,22284.586060541904
288134,43878.016,30888.543522725187
288135,43878.016,53737.143526559164
288136,43878.016,11200.941051459205
288137,43878.016,21367.349567791087
288138,43878.016,32351.708765193307
288139,43878.016,24358.14719944255
288140,43878.016,35429.06397606499
288141,43878.016,42153.00522654775
288142,43878.016,61138.881701682534
288143,43878.016,54828.2892229387
288144,43878.016,58700.590026689424
288145,43878.016,44809.366627838855
288146,43878.016,13248.992163158979
288147,43878.016,24168.880185941707
288148,43878.016,110696.74663731334
288149,43878.016,22970.411694812195
288150,43878.016,69017.77083029712
288151,43878.016,16394.98207365828
288152,43878.016,27805.26887509311
288153,43878.016,39934.40593466049
288154,43878.016,8737.119976163365
288155,43878.016,18954.95151992803
288156,43878.016,10738.395225731309
288157,43878.016,7386.213533736457
288158,43878.016,14593.572965782307
288159,43878.016,62556.14609370887
288160,43878.016,33863.8027541129
288161,43878.016,20157.4427542005
288162,43878.016,92938.6327133111
288163,43878.016,34347.465088969126
288164,43878.016,12942.646824129673
288165,43878.016,20845.025131934697
288166,43878.016,6840.051168277073
288167,43878.016,50694.51120987457
288168,43878.016,16273.462663223858
288169,43878.016,19505.38436238284
288170,43878.016,50185.10383159659
288171,43878.016,37560.650773855836
288172,43878.016,13354.226663994446
288173,43878.016,53249.56563202955
288174,43878.016,37559.08766024228
288175,43878.016,51659.13906858555
288176,43878.016,17179.96953279991
288177,43878.016,47152.24463823868
288178,43878.016,23336.6872760266
288179,43878.016,18266.081191546815
288180,43878.016,46420.253224793196
288181,43878.016,52493.57399132651
288182,43878.016,53872.88756292128
288183,43878.016,84198.86316806429
288184,43878.016,34505.83479907381
288185,43878.016,47856.43445943838
288186,43878.016,54612.32948695257
288187,43878.016,15576.484431793167
288188,43878.016,57437.06496854242
288189,43878.016,27210.748591513035
288190,43878.016,43470.859618302864
288191,43878.016,48197.2594043126
288192,43878.016,13121.769333007964
288193,43878.016,47553.241928522926
288194,43878.016,8970.239694266202
288195,43878.016,7683.764504140903
288196,43878.016,44528.12557536103
288197,43878.016,29133.893514602194
288198,43878.016,6470.777679476276
288199,43878.016,48856.61111296037
288200,43878.016,38173.31181589914
288201,43878.016,62715.87799100486
288202,43878.016,28220.979936416352
288203,43878.016,18833.405008610327
288204,43878.016,13385.180906608603
288205,43878.016,25044.07832570152
288206,43878.016,8725.671008836334
288207,43878.016,66666.11168081043
288208,43878.016,61233.03370599849
288209,43878.016,12361.752907925642
288210,43878.016,60831.97169759442
288211,43878.016,46896.241424548156
288212,43878.016,32736.21281555177
288213,43878.016,60376.79507297126
288214,43878.016,17743.205458966644
288215,43878.016,38972.492590811475
288216,43878.016,24153.65410434977
288217,43878.016,50521.05237839054
288218,43878.016,20245.097306891716
288219,43878.016,40420.572806920325
288220,43878.016,23976.37347597994
288221,43878.016,19254.426464427335
288222,43878.016,14565.85409084795
288223,43878.016,15245.131756973129
288224,43878.016,64217.25122390851
288225,43878.016,27223.333150621213
288226,43878.016,31852.814921545894
288227,43878.016,26140.64080478252
288228,43878.016,40241.98077792246
288229,43878.016,25374.45362327624
288230,43878.016,57748.43307488872
288231,43878.016,35329.96550787217
288232,43878.016,35545.5812006105
288233,43878.016,35376.528915359784
288234,43878.016,47343.75235868942
288235,43878.016,63763.38672264858
288236,43878.016,35378.922395448404
288237,43878.016,29063.475276462912
288238,43878.016,35084.65237826288
288239,43878.016,8350.84245956119
288240,43878.016,14816.428299680543
288241,43878.016,10382.083179295814
288242,43878.016,24621.01151929927
288243,43878.016,12699.558540463848
288244,43878.016,9788.364472988005
288245,43878.016,28373.085817033974
288246,43878.016,52677.74931426374
288247,43878.016,35074.30942659366
288248,43878.016,9449.609876749717
288249,43878.016,49333.00263624021
288250,43878.016,23278.97349783913
288251,43878.016,27203.693679934335
288252,43878.016,31868.42203290626
288253,43878.016,30179.182797559384
288254,43878.016,118601.84816527831
288255,43878.016,74334.71055695324
288256,43878.016,41458.21882745146
288257,43878.016,31080.111552096692
288258,43878.016,33548.04410392954
288259,43878.016,26541.56529856051
288260,43878.016,73448.0238299908
288261,43878.016,17354.16119162858
288262,43878.016,30253.921797411058
288263,43878.016,116470.60206137148
288264,43878.016,39692.743098264
288265,43878.016,18199.929287925814
288266,43878.016,60421.61887463678
288267,43878.016,22936.37797116047
288268,43878.016,38117.22859202482
288269,43878.016,36917.26725843286
288270,43878.016,71987.86880359813
288271,43878.016,33830.49583608336
288272,43878.016,21552.728440680075
288273,43878.016,44140.11526988857
288274,43878.016,51420.60665589048
288275,43878.016,28900.86042942687
288276,43878.016,56036.49682600457
288277,43878.016,55052.83312177143
288278,43878.016,62374.41289363037
288279,43878.016,16559.814788257496
288280,43878.016,83101.02521543004
288281,43878.016,30867.200370802257
288282,43878.016,45732.71819688995
288283,43878.016,48323.235292275414
288284,43878.016,13499.898088950937
288285,43878.016,41539.10454382297
288286,43878.016,34265.59604931105
288287,43878.016,28205.14070456267
288288,43878.016,14256.499239930403
288289,43878.016,45769.226837632006
288290,43878.016,37912.81632912437
288291,43878.016,35201.5757675
288292,43878.016,53096.93079304589
288293,43878.016,7146.680007546506
288294,43878.016,23164.92714638327
288295,43878.016,12885.759501588931
288296,43878.016,21056.662514158823
288297,43878.016,24639.020619571587
288298,43878.016,55949.888200756126
288299,43878.016,61153.77959613875
288300,43878.016,45100.78430486871
288301,43878.016,19313.122492865434
288302,43878.016,25743.983977174765
288303,43878.016,27695.99831977242
288304,43878.016,25019.284882149546
288305,43878.016,47823.44034604557
288306,43878.016,17024.99129440358
288307,43878.016,13554.469222470663
288308,43878.016,53365.61678518056
288309,43878.016,46553.44685533501
288310,43878.016,35492.20323864318
288311,43878.016,14358.95511070367
288312,43878.016,63654.591796126195
288313,43878.016,14155.407278453316
288314,43878.016,33545.04723494936
288315,43878.016,18623.625485046905
288316,43878.016,11294.972588369974
288317,43878.016,20047.201630670053
288318,43878.016,37691.35036389299
288319,43878.016,10247.59374087556
288320,43878.016,29237.43721154346
288321,43878.016,46121.69680509529
288322,43878.016,22333.48809121438
288323,43878.016,23983.68338633704
288324,43878.016,25421.577002900958
288325,43878.016,22887.317296070305
288326,43878.016,20758.02850279551
288327,43878.016,30407.620102661178
288328,43878.016,12677.811413235595
288329,43878.016,79160.75159246442
288330,43878.016,17493.011030723595
288331,43878.016,36393.18417637502
288332,43878.016,50745.56008485366
288333,43878.016,48699.97869539905
288334,43878.016,56692.90051514843
288335,43878.016,42654.40238924143
288336,43878.016,44981.93674227987
288337,43878.016,17310.42530242367
288338,43878.016,13759.079881196947
288339,43878.016,61697.115399852344
288340,43878.016,40482.26416542786
288341,43878.016,30528.697910210267
288342,43878.016,57366.2134146127
288343,43878.016,67606.59554594809
288344,43878.016,60298.774633882225
288345,43878.016,54339.71512589474
288346,43878.016,8493.066656755467
288347,43878.016,14639.413296626542
288348,43878.016,55171.645693237464
288349,43878.016,14626.997927067956
288350,43878.016,25352.379476839946
288351,43878.016,7661.817227585423
288352,43878.016,18105.630375889792
288353,43878.016,35952.173699631094
288354,43878.016,22881.97099739914
288355,43878.016,16518.62419766455
288356,43878.016,13625.7299325557
288357,43878.016,57228.564946727514
288358,43878.016,26291.328482930818
288359,43878.016,48872.868635082894
288360,43878.016,15936.45719263851
288361,43878.016,49368.79915265536
288362,43878.016,30472.77040326837
288363,43878.016,49861.94177909501
288364,43878.016,7212.724478054353
288365,43878.016,26971.247306217094
288366,43878.016,36098.43525658747
288367,43878.016,16672.93809782042
288368,43878.016,20741.42272319701
288369,43878.016,53537.10508101797
288370,43878.016,9450.778383641258
288371,43878.016,45940.554013513545
288372,43878.016,31231.229066148368
288373,43878.016,57868.532808900054
288374,43878.016,16081.740261845842
288375,43878.016,48162.657021063416
288376,43878.016,58920.1463156536
288377,43878.016,30757.225730556343
288378,43878.016,22634.130407459892
288379,43878.016,68710.8742083242
288380,43878.016,14503.454068944524
288381,43878.016,18136.54604438311
288382,43878.016,15243.134075648803
288383,43878.016,31939.30176895923
288384,43878.016,11470.062961548185
288385,43878.016,47604.5161537339
288386,43878.016,34400.824173198984
288387,43878.016,42841.94051310919
288388,43878.016,16434.092185265392
288389,43878.016,18658.280380246288
288390,43878.016,43909.04188388486
288391,43878.016,23886.754501939904
288392,43878.016,21489.400612565634
288393,43878.016,29544.938295721786
288394,43878.016,23726.657199071804
288395,43878.016,15556.973775710238
288396,43878.016,13481.70331351943
288397,43878.016,25001.49598232364
288398,43878.016,29131.222690210456
288399,43878.016,9958.797147257701
288400,43878.016,39437.0843380698
288401,43878.016,42610.70510381393
288402,43878.016,13587.520514889058
288403,43878.016,25420.79595281442
288404,43878.016,31238.796482835623
288405,43878.016,58068.02882606852
288406,43878.016,71207.2657256346
288407,43878.016,23616.382731779526
288408,43878.016,6763.273091007858
288409,43878.016,8321.490468284435
288410,43878.016,4419.95825951008
288411,43878.016,23607.174337391127
288412,43878.016,11576.101932711823
288413,43878.016,18215.87893742713
288414,43878.016,17711.9406523403
288415,43878.016,36796.63813865423
288416,43878.016,12146.621981460394
288417,43878.016,21064.869907035012
288418,43878.016,38008.412883927325
288419,43878.016,60262.43795888527
288420,43878.016,39356.74944508951
288421,43878.016,34526.76315359214
288422,43878.016,8653.985497965688
288423,43878.016,31956.30428537163
288424,43878.016,13037.043738093893
288425,43878.016,47906.773775302514
288426,43878.016,21432.835448274254
288427,43878.016,31166.399380859166
288428,43878.016,56716.00303051766
288429,43878.016,43615.385319865636
288430,43878.016,19186.789315985785
288431,43878.016,33568.64304970969
288432,43878.016,51797.99451301381
288433,43878.016,34945.45911109234
288434,43878.016,39290.27195763266
288435,43878.016,22714.10097835428
288436,43878.016,32134.881831262916
288437,43878.016,16947.848952807533
288438,43878.016,44887.131583573464
288439,43878.016,53049.15605856517
288440,43878.016,8524.74543959083
288441,43878.016,21576.34301881009
288442,43878.016,27719.233074236032
288443,43878.016,26957.725258315466
288444,43878.016,15654.01931009351
288445,43878.016,48187.96340530615
288446,43878.016,58715.46467741379
288447,43878.016,21295.124314913584
288448,43878.016,50153.670560715545
288449,43878.016,44207.971077474125
288450,43878.016,12453.123181698158
288451,43878.016,18205.166507273436
288452,43878.016,31612.71388967318
288453,43878.016,14208.315511695522
288454,43878.016,21224.67048329815
288455,43878.016,22000.55410394099
288456,43878.016,19084.26599800822
288457,43878.016,57264.18263696472
288458,43878.016,33640.42197307985
288459,43878.016,17892.8509825943
288460,43878.016,35053.72998862738
288461,43878.016,36217.789619197276
288462,43878.016,56606.69034340921
288463,43878.016,68251.97382091418
288464,43878.016,41211.630787763715
288465,43878.016,64565.97433873257
288466,43878.016,50229.2875195437
288467,43878.016,32898.37578703459
288468,43878.016,47762.17619461444
288469,43878.016,58512.21937362274
288470,43878.016,51062.47575076343
288471,43878.016,43309.39551704969
288472,43878.016,10164.577093696807
288473,43878.016,10519.016726643475
288474,43878.016,37460.71756527015
288475,43878.016,37571.82849139167
288476,43878.016,61070.40300375403
288477,43878.016,55619.910979306704
288478,43878.016,26232.670117080663
288479,43878.016,32608.467220744133
288480,43878.016,23587.399188903102
288481,43878.016,45377.2319330699
288482,43878.016,54108.07734132644
288483,43878.016,49122.40636738449
288484,43878.016,22852.415239440248
288485,43878.016,20160.35071684491
288486,43878.016,41203.43471732204
288487,43878.016,74880.52837364952
288488,43878.016,45439.181476079226
288489,43878.016,41094.30269961701
288490,43878.016,23350.39511604383
288491,43878.016,10873.649311747302
288492,43878.016,22692.7056138174
288493,43878.016,20092.544095129426
288494,43878.016,16384.56285838181
288495,43878.016,20053.154822838136
288496,43878.016,45786.57144419066
288497,43878.016,38283.46879008668
288498,43878.016,34366.91163889061
288499,43878.016,49161.31864598567
288500,43878.016,68173.48685375163
288501,43878.016,50623.69733906557
288502,43878.016,23627.58705546807
288503,43878.016,39572.95120443079
288504,43878.016,17740.54210184991
288505,43878.016,44290.404688873394
288506,43878.016,10089.247892287087
288507,43878.016,32380.297194404775
288508,43878.016,23106.195169084618
288509,43878.016,78104.25252928965
288510,43878.016,25465.617159706828
288511,43878.016,63617.86359143574
288512,43878.016,36080.34045363018
288513,43878.016,44457.8742256798
288514,43878.016,53902.39156942719
288515,43878.016,37769.03244736831
288516,43878.016,18464.347496737504
288517,43878.016,43389.36236314615
288518,43878.016,56849.57883933359
288519,43878.016,75792.55353110588
288520,43878.016,11889.584137745795
288521,43878.016,27922.23402902726
288522,43878.016,72459.3032090772
288523,43878.016,18315.432597579922
288524,43878.016,74089.17804587625
288525,43878.016,25118.01094178525
288526,43878.016,26651.27907017146
288527,43878.016,16917.517854756235
288528,43878.016,42246.58341401214
288529,43878.016,49669.7483381779
288530,43878.016,38018.88788621014
288531,43878.016,44986.305366105924
288532,43878.016,20963.959359428445
288533,43878.016,45205.44005954152
288534,43878.016,57158.22507159501
288535,43878.016,20114.810569864643
288536,43878.016,35806.48776599008
288537,43878.016,68795.83895603508
288538,43878.016,22431.79059524183
288539,43878.016,57525.81041154786
288540,43878.016,47412.56455723725
288541,43878.016,19523.65798992957
288542,43878.016,14044.423541091746
288543,43878.016,75833.55974762754
288544,43878.016,67279.35655542588
288545,43878.016,61444.399839652404
288546,43878.016,33307.953525691984
288547,43878.016,6350.249260419007
288548,43878.016,47599.66599697132
288549,43878.016,47250.796656271435
288550,43878.016,34851.163326699374
288551,43878.016,43669.97624132526
288552,43878.016,48573.59854135666
288553,43878.016,45604.02547149315
288554,43878.016,14627.425761928562
288555,43878.016,13177.13453400331
288556,43878.016,42462.957911163
288557,43878.016,12710.089378081668
288558,43878.016,48184.017288367904
288559,43878.016,46912.817653333695
288560,43878.016,76817.27704748449
288561,43878.016,42675.48881245726
288562,43878.016,24917.707896739277
288563,43878.016,38328.56663811245
288564,43878.016,39290.71973724291
288565,43878.016,35093.61668113638
288566,43878.016,17490.92562866751
288567,43878.016,22931.143115769486
288568,43878.016,43819.49610026275
288569,43878.016,18192.260626886098
288570,43878.016,37266.31766292734
288571,43878.016,40006.30609698235
288572,43878.016,54346.754160571596
288573,43878.016,13288.796870934659
288574,43878.016,25707.87625901993
288575,43878.016,11837.24900371679
288576,43878.016,41202.59641364078
288577,43878.016,13033.485253416868
288578,43878.016,20206.892031861706
288579,43878.016,38648.23881501393
288580,43878.016,26624.65709502564
288581,43878.016,16185.931532972398
288582,43878.016,19921.615809182025
288583,43878.016,64936.53723699019
288584,43878.016,62932.71824329176
288585,43878.016,41780.12383851412
288586,43878.016,52402.086338265595
288587,43878.016,18231.178787598437
288588,43878.016,64144.40718175911
288589,43878.016,21202.878031412933
288590,43878.016,24043.92161533433
288591,43878.016,7770.837817305044
288592,43878.016,14348.11421305173
288593,43878.016,49644.17737882339
288594,43878.016,13369.834689736039
288595,43878.016,9406.4982764565
288596,43878.016,17154.65211728562
288597,43878.016,15295.45282451929
288598,43878.016,25562.20506414459
288599,43878.016,61168.16086442337
288600,43878.016,23046.933451540248
288601,43878.016,5836.211788693867
288602,43878.016,17120.838354321557
288603,43878.016,41208.455326582356
288604,43878.016,36392.477549198884
288605,43878.016,16347.128605098673
288606,43878.016,50390.08902394685
288607,43878.016,24047.892620633782
288608,43878.016,36690.507050645916
288609,43878.016,24827.016138410763
288610,43878.016,36864.97633146561
288611,43878.016,63919.836701960674
288612,43878.016,32929.60257191731
288613,43878.016,39116.49363095815
288614,43878.016,24984.575572155598
288615,43878.016,7859.964957940706
288616,43878.016,62717.00457255067
288617,43878.016,73963.179893595
288618,43878.016,2684.057714713289
288619,43878.016,12486.589600227953
288620,43878.016,51458.561649167765
288621,43878.016,47447.57905561534
288622,43878.016,61636.1683210254
288623,43878.016,48525.77008887238
288624,43878.016,18221.02094568905
288625,43878.016,35257.085066763444
288626,43878.016,10039.19471768917
288627,43878.016,46691.17214096279
288628,43878.016,30360.965530813566
288629,43878.016,82207.11075399452
288630,43878.016,47322.89147913784
288631,43878.016,43440.73233691906
288632,43878.016,6592.347584232192
288633,43878.016,43918.247854787995
288634,43878.016,77872.60915925729
288635,43878.016,41101.958365438026
288636,43878.016,51217.68728451643
288637,43878.016,21884.99301591561
288638,43878.016,38586.8770112284
288639,43878.016,46359.31012733486
288640,43878.016,64587.094848371606
288641,43878.016,28865.788021104396
288642,43878.016,12989.91927946698
288643,43878.016,35652.49627363988
288644,43878.016,27308.094703557384
288645,43878.016,27631.115893060378
288646,43878.016,67986.1283597879
288647,43878.016,13889.372857655493
288648,43878.016,8463.120921171667
288649,43878.016,21262.600797821382
288650,43878.016,30401.16954387768
288651,43878.016,45876.77657204846
288652,43878.016,8381.929284949072
288653,43878.016,25497.04683108107
288654,43878.016,26576.945975090086
288655,43878.016,59067.78906380603
288656,43878.016,22282.88710482847
288657,43878.016,46680.85191634181
288658,43878.016,14962.757752154177
288659,43878.016,25201.323212547926
288660,43878.016,22597.323694473325
288661,43878.016,48472.82188421339
288662,43878.016,12618.28634576448
288663,43878.016,46474.53876328824
288664,43878.016,44091.39262970746
288665,43878.016,57539.30600846639
288666,43878.016,12353.461539244207
288667,43878.016,33717.44654881863
288668,43878.016,25247.19659092958
288669,43878.016,28973.18765003498
288670,43878.016,6747.407286459741
288671,43878.016,76260.80099694512
288672,43878.016,71157.18416890502
288673,43878.016,37093.04387037866
288674,43878.016,37217.99841602244
288675,43878.016,19652.45247180964
288676,43878.016,50728.23399393205
288677,43878.016,33154.78999856407
288678,43878.016,28846.833695033947
288679,43878.016,35270.936048595744
288680,43878.016,70737.36031347213
288681,43878.016,17403.93750021657
288682,43878.016,18832.595039687054
288683,43878.016,68144.21716230795
288684,43878.016,73350.72428116752
288685,43878.016,28563.665927192447
288686,43878.016,16633.39617379461
288687,43878.016,7697.260286189529
288688,43878.016,14449.8839282338
288689,43878.016,13790.977079544255
288690,43878.016,13337.30328852582
288691,43878.016,50366.16660098084
288692,43878.016,7131.835744165871
288693,43878.016,8069.648776466268
288694,43878.016,22787.653864181484
288695,43878.016,33645.48058018418
288696,43878.016,22214.310354149242
288697,43878.016,56546.41006397682
288698,43878.016,77078.78399168531
288699,43878.016,74141.6722204738
288700,43878.016,39431.10295783375
288701,43878.016,38799.96538924804
288702,43878.016,41698.99161806117
288703,43878.016,71465.67950879486
288704,43878.016,46674.09446866202
288705,43878.016,9951.244326703074
288706,43878.016,36207.57972933335
288707,43878.016,68633.5777733754
288708,43878.016,20146.417883392194
288709,43878.016,44775.25119278298
288710,43878.016,12556.078683868722
288711,43878.016,57833.35982041971
288712,43878.016,15327.686210631202
288713,43878.016,54180.96697250139
288714,43878.016,9242.31652501708
288715,43878.016,42693.565857588794
288716,43878.016,38616.836574298526
288717,43878.016,55687.606915051685
288718,43878.016,22837.479823518832
288719,43878.016,91400.74192238788
288720,43878.016,36912.97735310594
288721,43878.016,55202.16240046833
288722,43878.016,49830.308430470286
288723,43878.016,7694.3551326675815
288724,43878.016,31314.952229992294
288725,43878.016,18354.653305176507
288726,43878.016,53140.93721649311
288727,43878.016,15791.39777907967
288728,43878.016,21751.256090906638
288729,43878.016,39082.25472309458
288730,43878.016,8520.469074739685
288731,43878.016,65622.77296885231
288732,43878.016,56917.50688462027
288733,43878.016,33772.99800393612
288734,43878.016,9384.006999002224
288735,43878.016,45841.602486677366
288736,43878.016,18409.808179776643
288737,43878.016,44922.42760759561
288738,43878.016,60142.687085633406
288739,43878.016,94562.57733121792
288740,43878.016,32954.73742668971
288741,43878.016,26115.532273243043
288742,43878.016,22257.387962840156
288743,43878.016,27207.674697993483
288744,43878.016,10805.029161866887
288745,43878.016,18168.604687743587
288746,43878.016,13475.589127379217
288747,43878.016,22427.371653624887
288748,43878.016,46843.563163340514
288749,43878.016,22771.87805249182
288750,43878.016,25079.13230270979
288751,43878.016,25273.801643574898
288752,43878.016,22181.969885914015
288753,43878.016,52871.10559858505
288754,43878.016,54546.83248723935
288755,43878.016,50131.108160523836
288756,43878.016,15619.074814381975
288757,43878.016,62691.95454001426
288758,43878.016,66897.46673683479
288759,43878.016,28356.21423717746
288760,43878.016,27997.52911577703
288761,43878.016,60934.19237855243
288762,43878.016,51647.80451462247
288763,43878.016,12309.54665342193
288764,43878.016,52430.58091387552
288765,43878.016,39144.68034592279
288766,43878.016,26038.596601425914
288767,43878.016,35006.7252308757
288768,43878.016,41950.382759127104
288769,43878.016,43257.82362957475
288770,43878.016,23980.096578388384
288771,43878.016,45766.62765863375
288772,43878.016,34346.664648670194
288773,43878.016,15734.202490597843
288774,43878.016,63671.63036111999
288775,43878.016,64010.16231010847
288776,43878.016,14050.55191737705
288777,43878.016,52163.40797205411
288778,43878.016,7139.694571404868
288779,43878.016,28159.53876900281
288780,43878.016,52188.82745858531
288781,43878.016,52232.29663318572
288782,43878.016,13522.172748684596
288783,43878.016,15471.117123936157
288784,43878.016,53039.85577784293
288785,43878.016,77594.8872567097
288786,43878.016,32700.706515862505
288787,43878.016,14055.280513166126
288788,43878.016,66512.55930582894
288789,43878.016,11124.181631681919
288790,43878.016,42925.0168718703
288791,43878.016,53147.8271039949
288792,43878.016,53168.26380655141
288793,43878.016,97235.65206822935
288794,43878.016,15736.350560032428
288795,43878.016,49240.180034232115
288796,43878.016,15796.281904803891
288797,43878.016,33379.26099859279
288798,43878.016,60994.438524112375
288799,43878.016,34541.064718120084
288800,43878.016,76220.7147071619
288801,43878.016,14156.077467073452
288802,43878.016,31387.032311934254
288803,43878.016,14475.621698253572
288804,43878.016,41763.90742066455
288805,43878.016,8564.68161989432
288806,43878.016,25166.00313027235
288807,43878.016,41411.74144627972
288808,43878.016,36745.14755585102
288809,43878.016,73726.85991945138
288810,43878.016,11788.3846892731
288811,43878.016,57689.823351448526
288812,43878.016,28157.93038969116
288813,43878.016,13072.521419165647
288814,43878.016,14370.987706831636
288815,43878.016,48969.043049471584
288816,43878.016,43798.90752415578
288817,43878.016,43372.72355347851
288818,43878.016,25775.330990869446
288819,43878.016,13497.783477581375
288820,43878.016,39618.92060935009
288821,43878.016,14584.68434924149
288822,43878.016,39170.69800561098
288823,43878.016,16402.65727742289
288824,43878.016,6906.515835529614
288825,43878.016,52336.130245710905
288826,43878.016,13913.130422705804
288827,43878.016,59348.43500232164
288828,43878.016,26189.656727462738
288829,43878.016,18021.910607295387
288830,43878.016,45224.98670710526
288831,43878.016,96183.81736421993
288832,43878.016,28373.42749817519
288833,43878.016,43941.541358168084
288834,43878.016,70614.31622722537
288835,43878.016,16477.06103448436
288836,43878.016,34899.13238070972
288837,43878.016,27829.941408180406
288838,43878.016,42944.59166761665
288839,43878.016,25536.82601633358
288840,43878.016,49833.34049496412
288841,43878.016,35423.14962249281
288842,43878.016,47881.210502722875
288843,43878.016,38042.408600382296
288844,43878.016,21258.79737806731
288845,43878.016,68713.6272498694
288846,43878.016,52641.49374149529
288847,43878.016,48296.305205846416
288848,43878.016,31410.877204331187
288849,43878.016,37973.457746399916
288850,43878.016,26901.202897895204
288851,43878.016,84380.8131011306
288852,43878.016,32472.957718696267
288853,43878.016,49650.45632450006
288854,43878.016,61725.80451769174
288855,43878.016,5692.701785547614
288856,43878.016,15119.094401272183
288857,43878.016,67667.17683389055
288858,43878.016,52297.63559523487
288859,43878.016,9214.27789686122
288860,43878.016,17798.335217169464
288861,43878.016,18655.268967654894
288862,43878.016,29984.33369853304
288863,43878.016,10782.731207629431
288864,43878.016,42330.72528046758
288865,43878.016,29342.377956204647
288866,43878.016,34144.83742187057
288867,43878.016,66116.74629512665
288868,43878.016,13825.768161841319
288869,43878.016,7072.628797348991
288870,43878.016,12437.514183589217
288871,43878.016,51369.90694947111
288872,43878.016,27303.543792928627
288873,43878.016,9966.636100812004
288874,43878.016,23969.51635386098
288875,43878.016,43194.00037694682
288876,43878.016,16986.254453580565
288877,43878.016,48384.10990511099
288878,43878.016,30771.14068452122
288879,43878.016,24435.090550257286
288880,43878.016,20680.53435953321
288881,43878.016,60545.32122100058
288882,43878.016,44204.93195778252
288883,43878.016,28780.784743347795
288884,43878.016,35378.22100534302
288885,43878.016,48167.29807223491
288886,43878.016,50210.366628769974
288887,43878.016,41747.52838412534
288888,43878.016,26253.550182494902
288889,43878.016,33398.27433558736
288890,43878.016,55318.45702438819
288891,43878.016,28842.252177504495
288892,43878.016,58160.96872847582
288893,43878.016,21575.3326922579
288894,43878.016,30634.858283451606
288895,43878.016,34786.156265841404
288896,43878.016,44660.34092309575
288897,43878.016,46505.67045863421
288898,43878.016,52338.37359418888
288899,43878.016,8751.877603610175
288900,43878.016,48299.73064606032
288901,43878.016,64514.77561241121
288902,43878.016,14259.0519621358
288903,43878.016,23842.620739610462
288904,43878.016,11554.627051316376
288905,43878.016,19476.407309123002
288906,43878.016,22883.982028021903
288907,43878.016,57541.51053366838
288908,43878.016,14593.696957237642
288909,43878.016,46280.000764483164
288910,43878.016,50400.94750468195
288911,43878.016,55744.0672611819
288912,43878.016,28406.520054521978
288913,43878.016,6794.065493795804
288914,43878.016,21079.309860632093
288915,43878.016,43953.30090831806
288916,43878.016,49124.58130714635
288917,43878.016,55747.03939451096
288918,43878.016,56093.47441394472
288919,43878.016,9385.365228921242
288920,43878.016,13919.977088761781
288921,43878.016,12290.392101577778
288922,43878.016,18895.067291717984
288923,43878.016,24212.225900707534
288924,43878.016,28122.07894049391
288925,43878.016,25879.746633366
288926,43878.016,51998.61105247132
288927,43878.016,18581.549926158754
288928,43878.016,18837.15220315691
288929,43878.016,61143.68298498709
288930,43878.016,51907.53830325393
288931,43878.016,62002.55107486681
288932,43878.016,43521.85829982541
288933,43878.016,46368.1457001784
288934,43878.016,31690.948316117705
288935,43878.016,56383.76716766492
288936,43878.016,37680.47961025701
288937,43878.016,114458.44768315238
288938,43878.016,63169.519303669185
288939,43878.016,44184.70541731895
288940,43878.016,60393.56233914582
288941,43878.016,8451.431128591741
288942,43878.016,55482.799590049966
288943,43878.016,46759.878876749244
288944,43878.016,5706.034435312322
288945,43878.016,51896.88995725534
288946,43878.016,21483.69912515474
288947,43878.016,9339.86567960734
288948,43878.016,13578.3540417057
288949,43878.016,25866.108890749947
288950,43878.016,35584.17026544334
288951,43878.016,58018.9775042956
288952,43878.016,22582.3480614982
288953,43878.016,8132.33744856008
288954,43878.016,45705.869008144015
288955,43878.016,33257.2526832646
288956,43878.016,11818.36721577197
288957,43878.016,9925.795042195497
288958,43878.016,15776.76533031337
288959,43878.016,44305.373266340495
288960,43878.016,11682.034978234959
288961,43878.016,19036.728946057872
288962,43878.016,73630.07661373419
288963,43878.016,9766.096574253905
288964,43878.016,10539.08186194736
288965,43878.016,43405.79458140761
288966,43878.016,20655.448843280297
288967,43878.016,18347.61252038371
288968,43878.016,15249.998493467621
288969,43878.016,51763.47781026319
288970,43878.016,41558.91754342914
288971,43878.016,21475.382944844045
288972,43878.016,29061.13792823283
288973,43878.016,108903.56518350999
288974,43878.016,11414.375172187893
288975,43878.016,30983.712589060266
288976,43878.016,15306.990686932952
288977,43878.016,26815.11730421724
288978,43878.016,32346.478668790252
288979,43878.016,37639.760430391565
288980,43878.016,83970.38088521725
288981,43878.016,20676.317775459414
288982,43878.016,18101.078977218764
288983,43878.016,15412.903354291057
288984,43878.016,16059.312112070742
288985,43878.016,9705.735550434398
288986,43878.016,24824.886716615132
288987,43878.016,36210.482889143605
288988,43878.016,45156.469698230314
288989,43878.016,31781.541707434582
288990,43878.016,5201.285775295512
288991,43878.016,17193.775346027036
288992,43878.016,53349.58805201976
288993,43878.016,16280.618066824618
288994,43878.016,65549.7275578072
288995,43878.016,59117.11693759949
288996,43878.016,68296.35728261273
288997,43878.016,40885.91638906369
288998,43878.016,69714.53079190341
288999,43878.016,8238.26517551621
289000,43878.016,35335.60351271533
289001,43878.016,40433.59739015699
289002,43878.016,9864.131672090696
289003,43878.016,26302.2134883319
289004,43878.016,50500.21990649016
289005,43878.016,35649.92559247613
289006,43878.016,25632.459262959466
289007,43878.016,22866.95214296096
289008,43878.016,24341.331169337085
289009,43878.016,9295.430447603176
289010,43878.016,57063.76318709835
289011,43878.016,65658.8926919252
289012,43878.016,57574.569846446335
289013,43878.016,48273.148296629486
289014,43878.016,16055.376402111462
289015,43878.016,13593.264103684409
289016,43878.016,65372.97198367828
289017,43878.016,61242.78541456957
289018,43878.016,31988.03702934638
289019,43878.016,45413.71168598385
289020,43878.016,31669.755481381013
289021,43878.016,21157.787914867535
289022,43878.016,22476.48261212243
289023,43878.016,23389.8993186569
289024,43878.016,13733.789645874442
289025,43878.016,8677.905694913417
289026,43878.016,35300.1389431974
289027,43878.016,36654.59690202129
289028,43878.016,45270.58323551771
289029,43878.016,38977.26096800165
289030,43878.016,38225.50983564291
289031,43878.016,11060.998524285098
289032,43878.016,22685.643206227764
289033,43878.016,44149.49747362454
289034,43878.016,21731.61689003898
289035,43878.016,10512.02741279936
289036,43878.016,52964.36023722703
289037,43878.016,54290.59721418436
289038,43878.016,14354.300150444042
289039,43878.016,44333.2733989495
289040,43878.016,18598.57176412484
289041,43878.016,12347.14610483487
289042,43878.016,6612.6958521780325
289043,43878.016,48076.01682688478
289044,43878.016,16483.362758635376
289045,43878.016,46293.604416423346
289046,43878.016,14750.568441208401
289047,43878.016,28954.265179851427
289048,43878.016,50241.64007731138
289049,43878.016,32160.17741662426
289050,43878.016,21106.628950984697
289051,43878.016,20322.174984342964
289052,43878.016,33824.196681375375
289053,43878.016,25686.200058913662
289054,43878.016,11273.549264479447
289055,43878.016,7657.414113188214
289056,43878.016,47212.91582598678
289057,43878.016,129603.85416147836
289058,43878.016,21743.275878205404
289059,43878.016,35484.62568112749
289060,43878.016,13469.560963316262
289061,43878.016,47064.59644323793
289062,43878.016,16087.76424604036
289063,43878.016,36519.192776050666
289064,43878.016,63383.36605107871
289065,43878.016,38612.11687711688
289066,43878.016,28296.990334266513
289067,43878.016,11114.059756417599
289068,43878.016,37013.55125548816
289069,43878.016,38140.61150731485
289070,43878.016,19913.630174617087
289071,43878.016,17691.50494677382
289072,43878.016,8725.357643625488
289073,43878.016,46438.596398794914
289074,43878.016,15172.290984833875
289075,43878.016,29603.443766504988
289076,43878.016,38116.71841953435
289077,43878.016,32553.615341440433
289078,43878.016,55843.15383876521
289079,43878.016,24862.954565386837
289080,43878.016,16148.254351351992
289081,43878.016,28556.47628849882
289082,43878.016,22628.870191444017
289083,43878.016,40101.06431761531
289084,43878.016,13715.359409127326
289085,43878.016,24224.87959934824
289086,43878.016,20126.2787030898
289087,43878.016,40349.68283199872
289088,43878.016,23394.685358757728
289089,43878.016,30594.453602157646
289090,43878.016,54373.47276690105
289091,43878.016,50388.33384927134
289092,43878.016,29569.683039559397
289093,43878.016,10937.640072714044
289094,43878.016,48519.96247617864
289095,43878.016,47476.32659307288
289096,43878.016,16355.929372289549
289097,43878.016,28880.821581090324
289098,43878.016,23857.64358601114
289099,43878.016,10260.873352316974
289100,43878.016,45562.51757871699
289101,43878.016,34918.44191788289
289102,43878.016,19640.48095930422
289103,43878.016,43576.99212657777
289104,43878.016,13231.373514324603
289105,43878.016,39820.83999690747
289106,43878.016,29804.084029857167
289107,43878.016,62915.74352019925
289108,43878.016,13421.552277161863
289109,43878.016,10214.531786915448
289110,43878.016,51040.41004491086
289111,43878.016,35817.909251701865
289112,43878.016,36037.397310987966
289113,43878.016,20817.199362557258
289114,43878.016,7447.849956632216
289115,43878.016,59315.72049987529
289116,43878.016,25845.437525598816
289117,43878.016,13701.407899845319
289118,43878.016,32221.685937894774
289119,43878.016,34989.07688553089
289120,43878.016,26005.979235013587
289121,43878.016,9571.316735460749
289122,43878.016,25137.617396921374
289123,43878.016,44966.9812360199
289124,43878.016,18164.83947131657
289125,43878.016,39990.47174396199
289126,43878.016,70044.93154084274
289127,43878.016,16050.790104338483
289128,43878.016,2679.4156948627488
289129,43878.016,31993.718139591583
289130,43878.016,33835.95045582995
289131,43878.016,60124.008644598485
289132,43878.016,110568.66346266643
289133,43878.016,42815.212326031746
289134,43878.016,21520.53942667347
289135,43878.016,11816.71687942662
289136,43878.016,39441.583004401284
289137,43878.016,34851.40863886109
289138,43878.016,9681.700445210086
289139,43878.016,66172.56316059391
289140,43878.016,25282.461030062095
289141,43878.016,44763.02954233865
289142,43878.016,12468.05472860811
289143,43878.016,77299.84932472197
289144,43878.016,42617.30969756642
289145,43878.016,58896.13793797342
289146,43878.016,18633.35038861387
289147,43878.016,43595.13028483101
289148,43878.016,55068.39994007174
289149,43878.016,22713.14841486107
289150,43878.016,7834.175322420442
289151,43878.016,42877.21582762192
289152,43878.016,48421.93740144236
289153,43878.016,10295.86634604
289154,43878.016,68747.94075360183
289155,43878.016,42714.118961966255
289156,43878.016,43034.07045475971
289157,43878.016,28838.456301002047
289158,43878.016,19459.068136267713
289159,43878.016,55718.348422138195
289160,43878.016,14622.648607755167
289161,43878.016,51046.164731844845
289162,43878.016,26285.89083125625
289163,43878.016,17611.501889543262
289164,43878.016,15449.108513029332
289165,43878.016,69267.25799985696
289166,43878.016,68285.57689613395
289167,43878.016,54664.950621731085
289168,43878.016,31354.424919253088
289169,43878.016,69640.60632413263
289170,43878.016,23352.96619539725
289171,43878.016,31839.126253379553
289172,43878.016,26950.16433132677
289173,43878.016,15966.904186288442
289174,43878.016,56311.25016768177
289175,43878.016,14960.28626928106
289176,43878.016,18716.37451263628
289177,43878.016,51053.254488927036
289178,43878.016,37711.741103917484
289179,43878.016,37170.39776306458
289180,43878.016,35023.91412609272
289181,43878.016,12808.589287929542
289182,43878.016,99737.54811559852
289183,43878.016,32934.18293123385
289184,43878.016,29791.255121911832
289185,43878.016,29379.102749293754
289186,43878.016,49625.07333476195
289187,43878.016,32631.324351159852
289188,43878.016,14315.868736726816
289189,43878.016,39133.24331217459
289190,43878.016,21820.199633669657
289191,43878.016,18635.441260684303
289192,43878.016,23964.62464105886
289193,43878.016,11412.20857854301
289194,43878.016,11668.093172775494
289195,43878.016,23885.18027023743
289196,43878.016,39382.91687071558
289197,43878.016,50549.491129334776
289198,43878.016,27774.188739919147
289199,43878.016,29216.670377375598
289200,43878.016,9373.107143709429
289201,43878.016,31122.165320030228
289202,43878.016,30297.069473557407
289203,43878.016,24141.97282448972
289204,43878.016,51709.19213064243
289205,43878.016,28862.160559848817
289206,43878.016,31194.53659665616
289207,43878.016,61763.75963855896
289208,43878.016,18443.25779810583
289209,43878.016,8638.666088712273
289210,43878.016,18703.56360270944
289211,43878.016,36439.580571676466
289212,43878.016,52758.97097046063
289213,43878.016,11250.869674925716
289214,43878.016,65964.28894740752
289215,43878.016,54699.68747605117
289216,43878.016,25878.059199649026
289217,43878.016,40366.62165451669
289218,43878.016,65080.59091284487
289219,43878.016,27143.55802229474
289220,43878.016,47281.44023955017
289221,43878.016,61739.67697631154
289222,43878.016,38036.669333522164
289223,43878.016,40843.56832388427
289224,43878.016,22490.995011407045
289225,43878.016,44759.53285635384
289226,43878.016,35053.806061036084
289227,43878.016,51723.668886515785
289228,43878.016,83914.96751078327
289229,43878.016,11559.433235661296
289230,43878.016,22770.74530942859
289231,43878.016,5620.169651158564
289232,43878.016,31751.987417628006
289233,43878.016,24505.907358296816
289234,43878.016,11589.40608186832
289235,43878.016,34932.65135833395
289236,43878.016,30307.41062400326
289237,43878.016,16239.341468346993
289238,43878.016,22018.98035946205
289239,43878.016,16864.997384729035
289240,43878.016,71486.36145180718
289241,43878.016,39401.12104093003
289242,43878.016,47531.99470495228
289243,43878.016,7529.384166160419
289244,43878.016,47919.497307157115
289245,43878.016,17155.572060779006
289246,43878.016,24395.574161711083
289247,43878.016,34836.73067893592
289248,43878.016,35198.300329040176
289249,43878.016,21146.07736492804
289250,43878.016,90238.31180213667
289251,43878.016,21736.03921417991
289252,43878.016,56705.78523574901
289253,43878.016,6297.876564314714
289254,43878.016,64752.726633701466
289255,43878.016,18590.97060790979
289256,43878.016,42030.276200373926
289257,43878.016,56048.74526568386
289258,43878.016,41266.46674346868
289259,43878.016,43725.649854459814
289260,43878.016,31577.08225997046
289261,43878.016,6391.025190188644
289262,43878.016,73936.04219215708
289263,43878.016,6779.180363051958
289264,43878.016,21586.960129531995
289265,43878.016,53563.89193212071
289266,43878.016,13935.224247765665
289267,43878.016,49968.07981372938
289268,43878.016,12083.840180278155
289269,43878.016,33647.75488453271
289270,43878.016,20926.444177717847
289271,43878.016,40094.46991994222
289272,43878.016,57588.95730007885
289273,43878.016,51226.56081370615
289274,43878.016,23240.16604834734
289275,43878.016,45614.64649050227
289276,43878.016,39313.91356505703
289277,43878.016,46939.62645643588
289278,43878.016,28990.384685147248
289279,43878.016,58378.33413893684
289280,43878.016,16962.49694158921
289281,43878.016,42388.96058684654
289282,43878.016,62149.94485507476
289283,43878.016,5570.584479068019
289284,43878.016,31754.615579612782
289285,43878.016,59515.10430745319
289286,43878.016,51558.09144852586
289287,43878.016,49561.180039377476
289288,43878.016,28730.470602224286
289289,43878.016,47179.51524236635
289290,43878.016,27585.722289266625
289291,43878.016,17727.428828932196
289292,43878.016,49320.49411884517
289293,43878.016,48667.12211621316
289294,43878.016,9664.908342053355
289295,43878.016,9941.870547376417
289296,43878.016,25388.867277162903
289297,43878.016,76189.57218433643
289298,43878.016,43772.39037172012
289299,43878.016,29672.037265819185
289300,43878.016,30169.956585018943
289301,43878.016,45396.33749708203
289302,43878.016,70207.75358240311
289303,43878.016,35856.39538554832
289304,43878.016,58541.260725187356
289305,43878.016,23855.43711996414
289306,43878.016,23088.971729477118
289307,43878.016,58409.67520080445
289308,43878.016,43321.424384553175
289309,43878.016,54615.89574374193
289310,43878.016,7316.632436955952
289311,43878.016,7617.400834323188
289312,43878.016,37168.22563381702
289313,43878.016,13919.859020700489
289314,43878.016,58165.834557119415
289315,43878.016,49695.75808832011
289316,43878.016,55911.592874918686
289317,43878.016,106933.12834378738
289318,43878.016,53980.07875660805
289319,43878.016,21797.386109253137
289320,43878.016,49503.73350318719
289321,43878.016,49030.87948056981
289322,43878.016,33736.98086768968
289323,43878.016,6917.45207857789
289324,43878.016,12443.537603557685
289325,43878.016,51513.92846967166
289326,43878.016,15802.236980688553
289327,43878.016,10885.910200655393
289328,43878.016,76710.39767829886
289329,43878.016,47688.626600046766
289330,43878.016,61782.80088711071
289331,43878.016,54620.375304561705
289332,43878.016,15636.727862935895
289333,43878.016,18408.645446750674
289334,43878.016,20108.78426637609
289335,43878.016,54307.24144139691
289336,43878.016,40729.33543569781
289337,43878.016,48228.09627215823
289338,43878.016,11702.560593650685
289339,43878.016,51738.0265210504
289340,43878.016,54998.513377945244
289341,43878.016,7680.676466379434
289342,43878.016,41911.4042649969
289343,43878.016,68257.92986517336
289344,43878.016,22639.367058180953
289345,43878.016,32733.267886599577
289346,43878.016,16486.91271063829
289347,43878.016,46464.114488036306
289348,43878.016,48168.80738019273
289349,43878.016,14531.874886486472
289350,43878.016,16421.657626534576
289351,43878.016,43306.404525897095
289352,43878.016,26526.536294442714
289353,43878.016,15367.716581323959
289354,43878.016,54767.33180282643
289355,43878.016,54256.53144611596
289356,43878.016,35170.500168299186
289357,43878.016,57410.72615224283
289358,43878.016,64359.87682591875
289359,43878.016,34177.215501454535
289360,43878.016,68813.30270714255
289361,43878.016,36305.52830453722
289362,43878.016,28481.91212745459
289363,43878.016,15786.581017941311
289364,43878.016,23698.73720012344
289365,43878.016,35094.97720250095
289366,43878.016,33834.61849651761
289367,43878.016,55843.370178607074
289368,43878.016,14794.779172580842
289369,43878.016,40167.35178145289
289370,43878.016,21972.915502673735
289371,43878.016,53998.44460502459
289372,43878.016,39493.26322040872
289373,43878.016,54207.543982229174
289374,43878.016,11193.659738673918
289375,43878.016,48487.18737010731
289376,43878.016,33305.791101737486
289377,43878.016,29771.19624699896
289378,43878.016,55118.158595961475
289379,43878.016,42510.69087744169
289380,43878.016,10910.261952229988
289381,43878.016,19343.053310138475
289382,43878.016,43507.62612148414
289383,43878.016,33061.47351233042
289384,43878.016,34512.55012167768
289385,43878.016,39093.09670291749
289386,43878.016,44580.94430153743
289387,43878.016,35950.53269109046
289388,43878.016,20381.14881923194
289389,43878.016,44695.81709361078
289390,43878.016,15804.688202159792
289391,43878.016,30103.782726931822
289392,43878.016,5108.944013489195
289393,43878.016,20337.073738282645
289394,43878.016,61294.34252662444
289395,43878.016,29377.230946871052
289396,43878.016,15120.422439314943
289397,43878.016,45544.57460413063
289398,43878.016,36020.0680044264
289399,43878.016,53349.02692502622
289400,43878.016,37464.98843011839
289401,43878.016,8957.610417515903
289402,43878.016,78413.5599632764
289403,43878.016,37489.549955859264
289404,43878.016,27832.853944361872
289405,43878.016,18232.365804569123
289406,43878.016,24840.468524569395
289407,43878.016,30539.700142415608
289408,43878.016,54090.021003942136
289409,43878.016,16309.564134175187
289410,43878.016,28998.073956201755
289411,43878.016,47934.688606235795
289412,43878.016,49681.68818089632
289413,43878.016,60868.35711954677
289414,43878.016,23175.937204612623
289415,43878.016,33918.0276423753
289416,43878.016,42948.369339680015
289417,43878.016,28330.35094466129
289418,43878.016,10628.273796225905
289419,43878.016,29513.877105400603
289420,43878.016,62104.5647083791
289421,43878.016,23778.72338320613
289422,43878.016,27638.76115652849
289423,43878.016,14422.838013671404
289424,43878.016,16841.852443000203
289425,43878.016,25685.83155135189
289426,43878.016,57363.642489219455
289427,43878.016,13802.11719984663
289428,43878.016,30045.159656416097
289429,43878.016,56815.23451064736
289430,43878.016,55263.6641695833
289431,43878.016,29078.718403317995
289432,43878.016,6680.018855629247
289433,43878.016,44382.21649984561
289434,43878.016,7571.0385348493655
289435,43878.016,58327.487640437124
289436,43878.016,25309.317847917806
289437,43878.016,29674.165841745176
289438,43878.016,64667.18533617808
289439,43878.016,32781.82437017784
289440,43878.016,9603.830875954372
289441,43878.016,11180.158466991246
289442,43878.016,32928.19164955245
289443,43878.016,82702.42123882868
289444,43878.016,31065.70943924796
289445,43878.016,34855.321601990145
289446,43878.016,55368.65317570232
289447,43878.016,43674.14103980777
289448,43878.016,24893.879006035506
289449,43878.016,45728.62447711468
289450,43878.016,31215.171030346708
289451,43878.016,77592.68913029537
289452,43878.016,28179.33486346206
289453,43878.016,13728.775129244032
289454,43878.016,41519.66469553117
289455,43878.016,42918.572855646205
289456,43878.016,63277.03036630159
289457,43878.016,52537.276581848106
289458,43878.016,15694.622228819813
289459,43878.016,8651.854691521987
289460,43878.016,25620.250014723944
289461,43878.016,30421.802222426548
289462,43878.016,68228.8970447023
289463,43878.016,14311.061343025684
289464,43878.016,42320.40203014768
289465,43878.016,22435.6136051672
289466,43878.016,37183.5589080573
289467,43878.016,37562.392552329664
289468,43878.016,17878.984287530748
289469,43878.016,59960.84977324886
289470,43878.016,16417.826063609427
289471,43878.016,29294.91040181705
289472,43878.016,43160.62381039613
289473,43878.016,41990.02173505354
289474,43878.016,45745.76111818038
289475,43878.016,40963.5762425088
289476,43878.016,42262.92986115974
289477,43878.016,37434.03277156279
289478,43878.016,13005.977277869544
289479,43878.016,72766.00208432574
289480,43878.016,23311.63034788721
289481,43878.016,15465.83897813573
289482,43878.016,48689.044324642105
289483,43878.016,44388.862841701106
289484,43878.016,13622.013759484262
289485,43878.016,15792.740536480362
289486,43878.016,39361.56483756502
289487,43878.016,46483.083189334786
289488,43878.016,35061.129344838686
289489,43878.016,28665.613598599048
289490,43878.016,80762.35899238335
289491,43878.016,14356.693071963473
289492,43878.016,28136.70431168884
289493,43878.016,9327.283422935994
289494,43878.016,66967.8334971935
289495,43878.016,23170.955231366708
289496,43878.016,48554.61986949835
289497,43878.016,26357.11904226363
289498,43878.016,15470.794156397125
289499,43878.016,70589.99475029121
289500,43878.016,7328.2124498718795
289501,43878.016,36327.56845973407
289502,43878.016,25233.76050500336
289503,43878.016,40536.81730896531
289504,43878.016,45453.04807951562
289505,43878.016,17863.107454070425
289506,43878.016,16207.381810946348
289507,43878.016,14809.109831807129
289508,43878.016,18294.075273309303
289509,43878.016,37456.20434038074
289510,43878.016,28530.58993743423
289511,43878.016,25347.071866430277
289512,43878.016,6146.691198967455
289513,43878.016,32013.89009421262
289514,43878.016,59764.69437492075
289515,43878.016,62792.331400726056
289516,43878.016,9791.025064178537
289517,43878.016,26954.876924764645
289518,43878.016,15871.48822297617
289519,43878.016,59822.36930473535
289520,43878.016,26363.501079593825
289521,43878.016,9643.118832084143
289522,43878.016,55920.455553370666
289523,43878.016,7962.252406137794
289524,43878.016,62697.17258203006
289525,43878.016,23632.457509006905
289526,43878.016,7862.608748279969
289527,43878.016,35401.81626621275
289528,43878.016,59510.90827986937
289529,43878.016,46090.31557636751
289530,43878.016,60142.02562940614
289531,43878.016,35552.287282174155
289532,43878.016,70114.06336203705
289533,43878.016,28739.56871501773
289534,43878.016,54462.43328587227
289535,43878.016,52566.22701404016
289536,43878.016,53865.70275068073
289537,43878.016,53152.5863349279
289538,43878.016,24193.972719562495
289539,43878.016,11908.379204969873
289540,43878.016,76438.53095311143
289541,43878.016,33073.394158732954
289542,43878.016,44083.15113968566
289543,43878.016,36158.80111087295
289544,43878.016,68790.57802634839
289545,43878.016,15975.00558308396
289546,43878.016,40086.93572322566
289547,43878.016,37072.3746135344
289548,43878.016,8092.095402827199
289549,43878.016,25608.824483161196
289550,43878.016,67368.34730186874
289551,43878.016,13890.838019622659
289552,43878.016,45266.01219591894
289553,43878.016,29812.231712415563
289554,43878.016,62336.41540418893
289555,43878.016,38319.4336724264
289556,43878.016,24564.80660057364
289557,43878.016,9614.307920556086
289558,43878.016,31273.224648819603
289559,43878.016,61416.46452899993
289560,43878.016,44380.10981875919
289561,43878.016,19701.906609979756
289562,43878.016,65791.42562377064
289563,43878.016,48775.92808298603
289564,43878.016,36719.33253405886
289565,43878.016,33040.63652751535
289566,43878.016,26787.701541441078
289567,43878.016,28423.071980089888
289568,43878.016,12372.871698548206
289569,43878.016,12875.298688387928
289570,43878.016,53824.76809115604
289571,43878.016,98946.0091987656
289572,43878.016,11120.06328470649
289573,43878.016,40349.923430000366
289574,43878.016,31913.60989200372
289575,43878.016,22010.752879387168
289576,43878.016,4997.2111694575915
289577,43878.016,20358.828868480647
289578,43878.016,37007.47736886787
289579,43878.016,17558.424028159
289580,43878.016,7657.876969180216
289581,43878.016,48965.48895511243
289582,43878.016,32012.01000987821
289583,43878.016,39507.711161685904
289584,43878.016,40690.62387135276
289585,43878.016,22485.241389203282
289586,43878.016,53958.70138572746
289587,43878.016,34958.04014027802
289588,43878.016,22742.4149194096
289589,43878.016,20089.062458907683
289590,43878.016,15556.314371250104
289591,43878.016,36495.53546857835
289592,43878.016,26427.115774781454
289593,43878.016,20203.255807410682
289594,43878.016,5694.043010128929
289595,43878.016,16083.796645674052
289596,43878.016,12660.626614657576
289597,43878.016,8861.513251280661
289598,43878.016,71885.32723767511
289599,43878.016,58753.540103773754
289600,43878.016,18619.038723308164
289601,43878.016,29480.73685807891
289602,43878.016,56979.59313917468
289603,43878.016,32240.250668676214
289604,43878.016,65344.408329359445
289605,43878.016,11392.365494899866
289606,43878.016,45064.01930639092
289607,43878.016,22042.32167470243
289608,43878.016,45504.035638379275
289609,43878.016,67367.93126144151
289610,43878.016,63256.778129023274
289611,43878.016,59941.349742741964
289612,43878.016,39430.34040086247
289613,43878.016,26294.827124844178
289614,43878.016,33595.02616408167
289615,43878.016,12790.985634738308
289616,43878.016,48505.26616149635
289617,43878.016,29446.58626971482
289618,43878.016,40630.49574278851
289619,43878.016,28401.88188160747
289620,43878.016,44149.05438809777
289621,43878.016,55996.95334659796
289622,43878.016,51572.409985814724
289623,43878.016,51601.079305907086
289624,43878.016,5383.901868495124
289625,43878.016,54020.09857692234
289626,43878.016,69253.33981933742
289627,43878.016,18720.91421563972
289628,43878.016,33584.246158823924
289629,43878.016,5927.649834059378
289630,43878.016,55180.00208993632
289631,43878.016,16694.37378473002
289632,43878.016,58437.37879343929
289633,43878.016,56656.3536592958
289634,43878.016,48649.76238001004
289635,43878.016,93167.83093105177
289636,43878.016,13148.51899596675
289637,43878.016,60039.15076679424
289638,43878.016,16833.568109462227
289639,43878.016,14398.427816869318
289640,43878.016,61851.79808461399
289641,43878.016,11041.75678719924
289642,43878.016,7725.145070053208
289643,43878.016,51672.59995140437
289644,43878.016,53818.383412034185
289645,43878.016,21609.272215853784
289646,43878.016,28855.64689447271
289647,43878.016,26239.65031492839
289648,43878.016,45141.616538026356
289649,43878.016,58223.77376154454
289650,43878.016,53021.71415805977
289651,43878.016,8787.0071554835
289652,43878.016,8287.726605421842
289653,43878.016,13093.506911771803
289654,43878.016,44420.21839137945
289655,43878.016,7300.690921397011
289656,43878.016,21998.478932462436
289657,43878.016,46446.4921312377
289658,43878.016,56190.99879416146
289659,43878.016,32267.65411894358
289660,43878.016,9039.576971174916
289661,43878.016,47003.085148878905
289662,43878.016,46276.91690090504
289663,43878.016,9608.321801572047
289664,43878.016,52878.939843051485
289665,43878.016,8859.541102401077
289666,43878.016,6599.262418270411
289667,43878.016,47138.21947925494
289668,43878.016,10323.73297749247
289669,43878.016,35435.47169294123
289670,43878.016,16539.96455302504
289671,43878.016,51908.17237433148
289672,43878.016,66809.91162067899
289673,43878.016,27480.908263937767
289674,43878.016,32452.154605585034
289675,43878.016,23249.138856948735
289676,43878.016,26399.914319903237
289677,43878.016,34377.75543187738
289678,43878.016,61590.51157080924
289679,43878.016,54536.58933778455
289680,43878.016,15800.675345645668
289681,43878.016,21767.346119751644
289682,43878.016,57561.41011123865
289683,43878.016,25406.8371450315
289684,43878.016,34005.01312612328
289685,43878.016,61191.21540102153
289686,43878.016,9103.462324290087
289687,43878.016,20814.748815699615
289688,43878.016,15134.130562037255
289689,43878.016,22031.92426432318
289690,43878.016,56921.16011774026
289691,43878.016,8938.28082575073
289692,43878.016,26576.85466610068
289693,43878.016,7775.343130262377
289694,43878.016,46706.20574889228
289695,43878.016,12750.43829240682
289696,43878.016,37394.14794004686
289697,43878.016,61093.119271578944
289698,43878.016,32369.16437861843
289699,43878.016,65958.0020884148
289700,43878.016,40911.25931469852
289701,43878.016,53047.41133212553
289702,43878.016,31921.958074936698
289703,43878.016,14009.923291430545
289704,43878.016,59876.53359234274
289705,43878.016,41372.770471299234
289706,43878.016,18629.990286030872
289707,43878.016,16958.40642586069
289708,43878.016,16879.475472066162
289709,43878.016,76530.89998992374
289710,43878.016,54597.36792195058
289711,43878.016,73725.89270309084
289712,43878.016,54074.487318791755
289713,43878.016,29882.479314639422
289714,43878.016,19884.91481373647
289715,43878.016,10032.225489808965
289716,43878.016,49709.27891838479
289717,43878.016,33019.449544660834
289718,43878.016,69815.46340584575
289719,43878.016,8455.24117315306
289720,43878.016,37425.043692855696
289721,43878.016,34222.049411814856
289722,43878.016,55703.15432097678
289723,43878.016,12786.863162486981
289724,43878.016,15365.706951753918
289725,43878.016,11080.882687434154
289726,43878.016,32290.02494590261
289727,43878.016,55065.82691024013
289728,43878.016,15539.40601437294
289729,43878.016,39041.77952888478
289730,43878.016,50654.00088413316
289731,43878.016,35718.069456387115
289732,43878.016,15376.9320543361
289733,43878.016,69523.15679712803
289734,43878.016,22019.579953150853
289735,43878.016,28672.88941837614
289736,43878.016,67056.35779923863
289737,43878.016,57608.979112810106
289738,43878.016,9866.920536269128
289739,43878.016,75281.34944513587
289740,43878.016,6959.920315416233
289741,43878.016,50261.53164553281
289742,43878.016,64408.55228778602
289743,43878.016,47744.578024848386
289744,43878.016,46596.71738226425
289745,43878.016,48666.3969425539
289746,43878.016,47036.41340626129
289747,43878.016,66605.15837652833
289748,43878.016,36234.48443411422
289749,43878.016,75378.76820858038
289750,43878.016,24711.626219396752
289751,43878.016,44229.12009659042
289752,43878.016,26155.651724337426
289753,43878.016,60780.62124818449
289754,43878.016,70728.51863295733
289755,43878.016,22061.26401128735
289756,43878.016,21848.726007123696
289757,43878.016,33412.05493837363
289758,43878.016,47214.37252113915
289759,43878.016,19614.03009141969
289760,43878.016,22136.102288455084
289761,43878.016,12660.94482655705
289762,43878.016,47710.99298558464
289763,43878.016,51313.83498256229
289764,43878.016,72924.4612227878
289765,43878.016,51992.366622422356
289766,43878.016,17628.054506399985
289767,43878.016,59782.74481097356
289768,43878.016,12840.34586154678
289769,43878.016,46736.22631922731
289770,43878.016,6816.879485969731
289771,43878.016,67225.422929933
289772,43878.016,40514.468771891574
289773,43878.016,22336.56671843262
289774,43878.016,40765.166065969075
289775,43878.016,15339.771096601895
289776,43878.016,13147.86584117987
289777,43878.016,55032.08449188581
289778,43878.016,74641.98015059957
289779,43878.016,9839.691686711205
289780,43878.016,17194.124019263483
289781,43878.016,20536.513096313713
289782,43878.016,46116.902395989215
289783,43878.016,21713.341598574472
289784,43878.016,117173.12401273171
289785,43878.016,30918.77299644138
289786,43878.016,20163.773853172745
289787,43878.016,11334.084921024936
289788,43878.016,11315.15816541337
289789,43878.016,30322.072117328866
289790,43878.016,30641.540014756374
289791,43878.016,31286.76999589445
289792,43878.016,25025.614581003163
289793,43878.016,78258.04342348003
289794,43878.016,12287.381729306653
289795,43878.016,18762.973247691953
289796,43878.016,37114.70276843031
289797,43878.016,33847.286129973996
289798,43878.016,22541.883976687528
289799,43878.016,56166.89808406183
289800,43878.016,19856.61950859154
289801,43878.016,49127.73203849729
289802,43878.016,56040.971470311
289803,43878.016,45795.53398763847
289804,43878.016,14136.25028391693
289805,43878.016,71164.18015352119
289806,43878.016,30137.272050501648
289807,43878.016,5991.873223760312
289808,43878.016,22566.394347813297
289809,43878.016,41496.277330117045
289810,43878.016,50230.87588139589
289811,43878.016,47190.251762701504
289812,43878.016,22540.019662515093
289813,43878.016,14225.938290520273
289814,43878.016,66746.26775511046
289815,43878.016,17595.276386328325
289816,43878.016,52811.14167662847
289817,43878.016,72772.35835529763
289818,43878.016,37757.59915094878
289819,43878.016,16028.956496136048
289820,43878.016,39945.4714387158
289821,43878.016,15800.507743727369
289822,43878.016,14347.693152000595
289823,43878.016,22647.552267442148
289824,43878.016,34765.88364497758
289825,43878.016,40369.50138031608
289826,43878.016,8954.859087313249
289827,43878.016,20209.916612010264
289828,43878.016,51486.77161196366
289829,43878.016,51767.05028615606
289830,43878.016,28139.393594813562
289831,43878.016,39826.646257429275
289832,43878.016,21684.621860020256
289833,43878.016,49037.47134173363
289834,43878.016,19192.060987355602
289835,43878.016,52984.543701665505
289836,43878.016,60044.327436468986
289837,43878.016,64687.70307456966
289838,43878.016,35177.95048394278
289839,43878.016,38440.14666389997
289840,43878.016,53238.33531836459
289841,43878.016,57066.360706088715
289842,43878.016,57076.940862009964
289843,43878.016,34314.060948670405
289844,43878.016,21208.713106281077
289845,43878.016,16844.589924837626
289846,43878.016,28283.055744692912
289847,43878.016,45616.76907673683
289848,43878.016,48434.23587437888
289849,43878.016,70565.052863234
289850,43878.016,39239.744206076466
289851,43878.016,56964.219229997376
289852,43878.016,62352.40295924527
289853,43878.016,29821.06043969819
289854,43878.016,15569.347917065466
289855,43878.016,20215.168850023536
289856,43878.016,6974.947828077045
289857,43878.016,53863.94798706574
289858,43878.016,36316.80186214331
289859,43878.016,27126.065130347477
289860,43878.016,18646.688068785246
289861,43878.016,32802.327413950086
289862,43878.016,57626.25127174582
289863,43878.016,32310.88787277575
289864,43878.016,29651.646957811754
289865,43878.016,12926.759765297153
289866,43878.016,22372.92420118504
289867,43878.016,12346.418330827859
289868,43878.016,43904.46704799301
289869,43878.016,35390.81685631159
289870,43878.016,21226.30889709197
289871,43878.016,55974.47768663005
289872,43878.016,8855.287969466684
289873,43878.016,26688.028044472638
289874,43878.016,21172.43441650263
289875,43878.016,61590.84710226868
289876,43878.016,36609.32047173306
289877,43878.016,48398.835885748726
289878,43878.016,20470.22043926733
289879,43878.016,60137.186358142375
289880,43878.016,33683.64173273057
289881,43878.016,22031.446904465258
289882,43878.016,32073.482844859438
289883,43878.016,62681.55338523731
289884,43878.016,48629.158922231436
289885,43878.016,42566.158933146195
289886,43878.016,21748.411725941933
289887,43878.016,39362.11172572765
289888,43878.016,19969.93924989029
289889,43878.016,17721.353169953378
289890,43878.016,64166.841758398616
289891,43878.016,38570.18636477156
289892,43878.016,34757.340936581146
289893,43878.016,59967.19980790269
289894,43878.016,43176.07888227575
289895,43878.016,54548.56959060327
289896,43878.016,15335.631460175977
289897,43878.016,74843.7621021897
289898,43878.016,17479.455155388856
289899,43878.016,10496.300755472575
289900,43878.016,22184.977730930223
289901,43878.016,109975.80463738996
289902,43878.016,23026.30413240326
289903,43878.016,46496.071695050705
289904,43878.016,20739.16977111193
289905,43878.016,16985.499363710795
289906,43878.016,51026.536790303995
289907,43878.016,41965.54438262755
289908,43878.016,98166.57270125225
289909,43878.016,69644.04465928987
289910,43878.016,16559.896977703953
289911,43878.016,33562.152700865074
289912,43878.016,24301.707300251714
289913,43878.016,63050.67610566132
289914,43878.016,26226.473849729973
289915,43878.016,42534.72373079014
289916,43878.016,46558.299522312715
289917,43878.016,34775.51555580381
289918,43878.016,26344.710473952673
289919,43878.016,21965.46589756059
289920,43878.016,40481.1550627428
289921,43878.016,42868.08426567219
289922,43878.016,48210.76183611517
289923,43878.016,19811.805759748975
289924,43878.016,18662.89349694523
289925,43878.016,41029.575199716484
289926,43878.016,28346.85147932125
289927,43878.016,32791.10884482506
289928,43878.016,67078.14505727567
289929,43878.016,47809.55775140631
289930,43878.016,9776.823215346138
289931,43878.016,37412.979705047415
289932,43878.016,23952.646679065027
289933,43878.016,20890.68838704049
289934,43878.016,65741.36147221462
289935,43878.016,21014.26198373318
289936,43878.016,51082.2845337358
289937,43878.016,21440.818463157993
289938,43878.016,70655.74181195199
289939,43878.016,67278.51134298198
289940,43878.016,19007.087644134972
289941,43878.016,53527.11123287794
289942,43878.016,39991.96240749773
289943,43878.016,28141.49980059885
289944,43878.016,50637.230925411364
289945,43878.016,44664.51856221222
289946,43878.016,62514.58609974666
289947,43878.016,26412.45713974692
289948,43878.016,10716.926479083138
289949,43878.016,17869.014142261625
289950,43878.016,19925.28371810791
289951,43878.016,17743.862204338828
289952,43878.016,18016.988614672482
289953,43878.016,17707.213204113672
289954,43878.016,16154.554176455946
289955,43878.016,46105.70089852735
289956,43878.016,25773.88665383163
289957,43878.016,62856.60996609872
289958,43878.016,15468.011916711095
289959,43878.016,7823.688423157756
289960,43878.016,36534.74962511263
289961,43878.016,16188.796526937107
289962,43878.016,40481.159507979166
289963,43878.016,20937.405741796916
289964,43878.016,13827.37816884415
289965,43878.016,60685.25094566419
289966,43878.016,24640.72152517327
289967,43878.016,45809.24395061541
289968,43878.016,24079.991365943122
289969,43878.016,10860.866366215836
289970,43878.016,72418.48501482094
289971,43878.016,14515.363079783563
289972,43878.016,29687.816747090732
289973,43878.016,24212.07026491575
289974,43878.016,107546.44044343285
289975,43878.016,18600.706779055614
289976,43878.016,9422.920017589442
289977,43878.016,42961.9149249734
289978,43878.016,42526.17439832713
289979,43878.016,37715.755585045365
289980,43878.016,14413.64782501184
289981,43878.016,35031.86927388562
289982,43878.016,37033.96289416876
289983,43878.016,5797.830853207047
289984,43878.016,57677.30778687079
289985,43878.016,52644.959084118265
289986,43878.016,43911.907620471306
289987,43878.016,34692.291224494125
289988,43878.016,15293.866846941051
289989,43878.016,36716.92291957759
289990,43878.016,21039.351322479244
289991,43878.016,19263.34520042547
289992,43878.016,58927.09567811042
289993,43878.016,34893.811123841064
289994,43878.016,56083.85642900373
289995,43878.016,11126.362374229127
289996,43878.016,32802.200646594036
289997,43878.016,16518.533084377563
289998,43878.016,77694.06179885498
289999,43878.016,37406.92878884814
290000,43878.016,22602.596309627246
290001,43878.016,18231.54534346184
290002,43878.016,31747.374223644707
290003,43878.016,50281.46396684591
290004,43878.016,69449.73159723364
290005,43878.016,26860.787923861753
290006,43878.016,52403.760073206664
290007,43878.016,120594.30381330923
290008,43878.016,38285.30277456762
290009,43878.016,40647.47701649926
290010,43878.016,63204.26748084816
290011,43878.016,66207.2545426085
290012,43878.016,10474.201371365652
290013,43878.016,46898.654414998324
290014,43878.016,37884.792052873374
290015,43878.016,46953.37383679066
290016,43878.016,32216.527527804326
290017,43878.016,22885.31020827661
290018,43878.016,60602.27891921933
290019,43878.016,18802.15194261344
290020,43878.016,64396.21039919878
290021,43878.016,123055.46678052629
290022,43878.016,34539.013822299676
290023,43878.016,11247.687701105504
290024,43878.016,12017.330529313625
290025,43878.016,18269.755897084848
290026,43878.016,30396.06488151914
290027,43878.016,14214.694867097096
290028,43878.016,25637.51869664706
290029,43878.016,16586.523224755994
290030,43878.016,50159.517644955544
290031,43878.016,43446.52521186906
290032,43878.016,31507.160256702657
290033,43878.016,73030.2015878923
290034,43878.016,11314.573200597728
290035,43878.016,10426.592905452942
290036,43878.016,47031.39142555064
290037,43878.016,40583.25291586614
290038,43878.016,46563.12827947596
290039,43878.016,27789.59499769035
290040,43878.016,29032.897680042894
290041,43878.016,33819.13566366992
290042,43878.016,113351.63074952982
290043,43878.016,54943.71004976149
290044,43878.016,7005.422184502902
290045,43878.016,83835.89893195487
290046,43878.016,43606.09729900169
290047,43878.016,56477.564599034566
290048,43878.016,33810.09658141884
290049,43878.016,52935.25168213414
290050,43878.016,13526.85905894423
290051,43878.016,12063.374782382025
290052,43878.016,11593.627937954745
290053,43878.016,44738.63452483479
290054,43878.016,40263.62464400974
290055,43878.016,19673.186173178296
290056,43878.016,9330.75406703791
290057,43878.016,39473.37310675874
290058,43878.016,26584.052954417286
290059,43878.016,20479.60364298595
290060,43878.016,27174.375831596695
290061,43878.016,29146.27212370827
290062,43878.016,11073.495458227624
290063,43878.016,29399.767624650118
290064,43878.016,9667.312074032205
290065,43878.016,55176.19687647482
290066,43878.016,8262.896172300005
290067,43878.016,52448.53323503549
290068,43878.016,48383.239077476326
290069,43878.016,7949.98468566102
290070,43878.016,60394.84799231665
290071,43878.016,31701.521366255725
290072,43878.016,34165.29020545031
290073,43878.016,80970.49027815886
290074,43878.016,51484.11558817465
290075,43878.016,31963.65624132284
290076,43878.016,55920.26294755214
290077,43878.016,11264.68435882238
290078,43878.016,58777.67309172229
290079,43878.016,27010.727936473544
290080,43878.016,20680.788111886694
290081,43878.016,51519.43371892432
290082,43878.016,74419.45035815444
290083,43878.016,32698.779470378
290084,43878.016,33115.983224920084
290085,43878.016,23592.155146580917
290086,43878.016,49696.19513487482
290087,43878.016,9288.34244147367
290088,43878.016,45273.85905692486
290089,43878.016,51209.62365917469
290090,43878.016,8739.234297778483
290091,43878.016,34926.53237068826
290092,43878.016,90065.69833855855
290093,43878.016,9866.004179903615
290094,43878.016,19941.41842866219
290095,43878.016,37495.369605926484
290096,43878.016,38722.22768159331
290097,43878.016,25704.34009869053
290098,43878.016,41467.97124569909
290099,43878.016,34544.30886603417
290100,43878.016,18959.56711337621
290101,43878.016,31294.354636813667
290102,43878.016,38758.85195308667
290103,43878.016,9997.664211959294
290104,43878.016,108582.0629699762
290105,43878.016,9704.41589405302
290106,43878.016,53736.82144512564
290107,43878.016,35055.559813318054
290108,43878.016,25745.30026402084
290109,43878.016,26090.40999521486
290110,43878.016,10483.036924948652
290111,43878.016,114801.90565706542
290112,43878.016,21527.128660980332
290113,43878.016,6263.543009843938
290114,43878.016,30765.66748132817
290115,43878.016,38009.05819144742
290116,43878.016,78165.9615158884
290117,43878.016,34773.80933572286
290118,43878.016,66295.42677517034
290119,43878.016,36530.079574848394
290120,43878.016,36639.784873175784
290121,43878.016,38590.8029885556
290122,43878.016,58244.70183917977
290123,43878.016,41451.97144269739
290124,43878.016,7594.942268534175
290125,43878.016,21511.047939422955
290126,43878.016,61588.9022947245
290127,43878.016,7525.985878539809
290128,43878.016,36838.37850494158
290129,43878.016,74344.84718731817
290130,43878.016,13330.237243890051
290131,43878.016,20506.9974731337
290132,43878.016,19891.560298481825
290133,43878.016,21335.17632209854
290134,43878.016,22738.671770038774
290135,43878.016,59129.55708066661
290136,43878.016,13424.647461869476
290137,43878.016,25307.960195849686
290138,43878.016,27352.435741727677
290139,43878.016,8770.099622417361
290140,43878.016,56984.46836553727
290141,43878.016,23768.464640288905
290142,43878.016,45051.14394482776
290143,43878.016,45558.21452916136
290144,43878.016,17366.263449538565
290145,43878.016,31896.064403151973
290146,43878.016,38418.07395674128
290147,43878.016,50029.46481377925
290148,43878.016,46369.173523119935
290149,43878.016,11159.999405113722
290150,43878.016,23300.38319538485
290151,43878.016,21951.517753424912
290152,43878.016,36298.859530491856
290153,43878.016,21636.836768189016
290154,43878.016,12965.4985959477
290155,43878.016,20243.68892298786
290156,43878.016,9182.91346024906
290157,43878.016,20807.788884356556
290158,43878.016,33088.171222138546
290159,43878.016,31278.597709892685
290160,43878.016,45383.90481824452
290161,43878.016,67287.1376470733
290162,43878.016,54583.88287567769
290163,43878.016,42126.81034575797
290164,43878.016,63226.20023559659
290165,43878.016,14236.296289838905
290166,43878.016,42082.39626304875
290167,43878.016,12417.324021201828
290168,43878.016,29932.239851436087
290169,43878.016,64703.84820384228
290170,43878.016,37398.9741002541
290171,43878.016,19473.42899217059
290172,43878.016,6833.144585348388
290173,43878.016,27066.39347070933
290174,43878.016,77390.83444650182
290175,43878.016,23001.398284253253
290176,43878.016,34434.277958674975
290177,43878.016,18820.519478241815
290178,43878.016,23837.96359263751
290179,43878.016,79134.25681797042
290180,43878.016,47078.27641934092
290181,43878.016,11841.94007531429
290182,43878.016,21241.59487624841
290183,43878.016,63184.879538804504
290184,43878.016,37657.886467954944
290185,43878.016,30000.976351415055
290186,43878.016,46376.20973630733
290187,43878.016,35380.60153843359
290188,43878.016,32601.101673960016
290189,43878.016,8083.992908068209
290190,43878.016,22158.788209843984
290191,43878.016,18411.916483240864
290192,43878.016,22647.444423324032
290193,43878.016,11805.020637952486
290194,43878.016,17619.776735720236
290195,43878.016,41721.92993250964
290196,43878.016,17776.01698718788
290197,43878.016,45983.00874259185
290198,43878.016,39098.806930410356
290199,43878.016,17680.634651691264
290200,43878.016,12135.942057876317
290201,43878.016,47218.41080304477
290202,43878.016,6882.116225089366
290203,43878.016,17770.801386347473
290204,43878.016,29786.58144129473
290205,43878.016,30901.30168837096
290206,43878.016,13562.686968760705
290207,43878.016,66831.12407328811
290208,43878.016,28688.897428575216
290209,43878.016,44191.59841446924
290210,43878.016,68065.10966684336
290211,43878.016,71131.47099255906
290212,43878.016,59925.232907746926
290213,43878.016,36836.05161330356
290214,43878.016,70387.3260344732
290215,43878.016,49067.9836460043
290216,43878.016,39857.388266167385
290217,43878.016,10114.692356508294
290218,43878.016,30840.85889482481
290219,43878.016,9381.602889002026
290220,43878.016,31863.743673938472
290221,43878.016,25371.59807989092
290222,43878.016,21290.339155131198
290223,43878.016,37037.919672923184
290224,43878.016,20259.566915126197
290225,43878.016,25828.351298773923
290226,43878.016,9493.028299548607
290227,43878.016,33659.012023306925
290228,43878.016,48470.76499168895
290229,43878.016,27722.827987199045
290230,43878.016,33756.87968410007
290231,43878.016,37047.413914547236
290232,43878.016,20839.774680028386
290233,43878.016,29022.020480470157
290234,43878.016,12913.474384861167
290235,43878.016,17205.721160475776
290236,43878.016,8954.013787295251
290237,43878.016,68717.23198421387
290238,43878.016,63337.39468043926
290239,43878.016,10358.175111113613
290240,43878.016,54905.452147613934
290241,43878.016,10768.756422216502
290242,43878.016,12444.71437269055
290243,43878.016,62929.68798730454
290244,43878.016,22936.278901023434
290245,43878.016,55390.57117346056
290246,43878.016,23519.498834654045
290247,43878.016,51505.707353568694
290248,43878.016,19022.3124528299
290249,43878.016,22317.401477213672
290250,43878.016,31751.35499497164
290251,43878.016,48329.4230202392
290252,43878.016,19955.55063793617
290253,43878.016,43732.6717344805
290254,43878.016,22881.07900107845
290255,43878.016,54099.740554137104
290256,43878.016,29141.35038740727
290257,43878.016,11503.760631127938
290258,43878.016,21205.526450488942
290259,43878.016,25094.659622846295
290260,43878.016,18643.566651051748
290261,43878.016,53389.039176890816
290262,43878.016,56203.52514711439
290263,43878.016,29468.281986614333
290264,43878.016,39385.589492367435
290265,43878.016,63488.160342540374
290266,43878.016,21531.392270452532
290267,43878.016,10437.30331809499
290268,43878.016,31693.795293049672
290269,43878.016,49963.11733231942
290270,43878.016,42553.27360307791
290271,43878.016,24697.160135341397
290272,43878.016,24367.99335995258
290273,43878.016,20286.899254794163
290274,43878.016,50850.20233778847
290275,43878.016,25568.541441562793
290276,43878.016,50783.49996764419
290277,43878.016,23002.058350037227
290278,43878.016,9691.72579831249
290279,43878.016,44511.19809451378
290280,43878.016,13947.53328696648
290281,43878.016,61723.01291478806
290282,43878.016,37931.907201028036
290283,43878.016,14783.199523881347
290284,43878.016,66037.62433897614
290285,43878.016,61587.907166001794
290286,43878.016,68963.57693778993
290287,43878.016,15782.916826157387
290288,43878.016,41654.782991449494
290289,43878.016,16760.953516823745
290290,43878.016,54683.49985147137
290291,43878.016,25762.463096755644
290292,43878.016,74340.64541506287
290293,43878.016,17696.671823712888
290294,43878.016,83090.09070978465
290295,43878.016,60502.43150674228
290296,43878.016,53360.6296094348
290297,43878.016,49287.42997523263
290298,43878.016,71612.76845890559
290299,43878.016,9597.155453066112
290300,43878.016,23723.32327375468
290301,43878.016,52139.69850140985
290302,43878.016,7598.937816119409
290303,43878.016,28849.25127308676
290304,43878.016,48021.59022711845
290305,43878.016,36416.79211678401
290306,43878.016,42432.321090683334
290307,43878.016,24620.943246473933
290308,43878.016,41954.033334176755
290309,43878.016,28291.288965709406
290310,43878.016,24079.545764230523
290311,43878.016,16855.389013947613
290312,43878.016,9846.793226475762
290313,43878.016,13712.223052043599
290314,43878.016,32272.741895085324
290315,43878.016,28767.35826490404
290316,43878.016,59377.133227785445
290317,43878.016,33400.40573571954
290318,43878.016,14913.464011134343
290319,43878.016,46090.000110600915
290320,43878.016,12791.654449332036
290321,43878.016,54142.800992463104
290322,43878.016,37203.217551100795
290323,43878.016,28791.797610450667
290324,43878.016,18822.36420589213
290325,43878.016,10671.534877989898
290326,43878.016,14614.683771644195
290327,43878.016,8916.092590711385
290328,43878.016,61130.10045087482
290329,43878.016,78347.98838411216
290330,43878.016,19449.893785638033
290331,43878.016,26222.84815580238
290332,43878.016,79899.24592020074
290333,43878.016,37091.1679996658
290334,43878.016,11818.502230773625
290335,43878.016,52678.16876039817
290336,43878.016,35329.33812623302
290337,43878.016,7724.6192231366995
290338,43878.016,33660.91290322146
290339,43878.016,23936.393210579998
290340,43878.016,19753.350570252132
290341,43878.016,9123.321673147593
290342,43878.016,25715.277656095062
290343,43878.016,18452.579144957166
290344,43878.016,34603.58531950421
290345,43878.016,34672.175084462324
290346,43878.016,53001.11712518013
290347,43878.016,63919.920239138795
290348,43878.016,33895.40492324742
290349,43878.016,24759.60728374935
290350,43878.016,72362.36252468318
290351,43878.016,32744.681903451048
290352,43878.016,10858.063669911624
290353,43878.016,17423.408091769845
290354,43878.016,22448.21733106763
290355,43878.016,32729.320337092446
290356,43878.016,66159.56610125124
290357,43878.016,20539.356852836136
290358,43878.016,35581.993630590245
290359,43878.016,56602.91737341877
290360,43878.016,17843.466364079166
290361,43878.016,29625.521489187915
290362,43878.016,35432.657623810104
290363,43878.016,58391.7660883071
290364,43878.016,4867.9046242682725
290365,43878.016,10351.106946267437
290366,43878.016,26717.170177401673
290367,43878.016,21019.548932164347
290368,43878.016,24639.540700524536
290369,43878.016,12012.459197221408
290370,43878.016,45887.91907139374
290371,43878.016,40131.74923837152
290372,43878.016,51450.82205314477
290373,43878.016,47831.24905810884
290374,43878.016,13276.84772027647
290375,43878.016,20413.32283307262
290376,43878.016,41051.37220527451
290377,43878.016,63387.832978031525
290378,43878.016,56760.652963786764
290379,43878.016,14018.78859333101
290380,43878.016,16837.82048344812
290381,43878.016,10652.000287355733
290382,43878.016,75433.50295346435
290383,43878.016,68527.83704388322
290384,43878.016,33959.25668791576
290385,43878.016,19855.01622653912
290386,43878.016,36472.71110591433
290387,43878.016,17704.74145101608
290388,43878.016,20154.399871192876
290389,43878.016,28042.885747699256
290390,43878.016,35672.09386703797
290391,43878.016,52963.151949965
290392,43878.016,52589.51882551453
290393,43878.016,54776.578851329476
290394,43878.016,59423.984833205024
290395,43878.016,36464.05036800741
290396,43878.016,36014.970177184376
290397,43878.016,81775.45236336779
290398,43878.016,27560.987555340434
290399,43878.016,15161.62215142866
290400,43878.016,11294.51353319701
290401,43878.016,119483.20218225851
290402,43878.016,50123.78041555437
290403,43878.016,28057.316766654316
290404,43878.016,35074.12929814829
290405,43878.016,38941.75389627161
290406,43878.016,16009.626026790194
290407,43878.016,29711.0005873552
290408,43878.016,33732.616942229004
290409,43878.016,18631.054645801112
290410,43878.016,9233.187747627873
290411,43878.016,31757.445157983435
290412,43878.016,35630.04122695561
290413,43878.016,46280.098100017196
290414,43878.016,39625.234027712744
290415,43878.016,11922.554162210366
290416,43878.016,23353.759704640477
290417,43878.016,52479.60606205658
290418,43878.016,11204.895153981577
290419,43878.016,51987.62410083061
290420,43878.016,9052.089633053229
290421,43878.016,46497.415546340264
290422,43878.016,34372.78761720609
290423,43878.016,40925.47940001058
290424,43878.016,44007.40980689338
290425,43878.016,38034.138240081746
290426,43878.016,26227.123657566633
290427,43878.016,51083.73640641711
290428,43878.016,14076.933911061024
290429,43878.016,15980.692408006345
290430,43878.016,42690.490284982996
290431,43878.016,3617.5726473160767
290432,43878.016,66181.33758897193
290433,43878.016,27601.42662468151
290434,43878.016,6656.59814849237
290435,43878.016,65665.53439877294
290436,43878.016,10745.14073226912
290437,43878.016,27194.240038389067
290438,43878.016,56034.8270928029
290439,43878.016,14227.201008995084
290440,43878.016,21234.149150074558
290441,43878.016,44298.96963669742
290442,43878.016,52836.541732832775
290443,43878.016,26638.30225872731
290444,43878.016,26860.692780348043
290445,43878.016,53751.97126664819
290446,43878.016,28549.223904685998
290447,43878.016,33165.90105162925
290448,43878.016,7264.5612610074595
290449,43878.016,48961.52232717522
290450,43878.016,27754.90304283437
290451,43878.016,48549.52308074518
290452,43878.016,70030.77845018284
290453,43878.016,27928.382075450147
290454,43878.016,27084.986723561375
290455,43878.016,8123.9719099896065
290456,43878.016,15730.164652624047
290457,43878.016,52823.4432817502
290458,43878.016,15631.949767388653
290459,43878.016,47497.80537157734
290460,43878.016,35224.86128026042
290461,43878.016,44011.885526873826
290462,43878.016,19889.51984811953
290463,43878.016,39996.58217088294
290464,43878.016,65405.55618935551
290465,43878.016,79163.29785324879
290466,43878.016,43840.105764976804
290467,43878.016,46237.768242545055
290468,43878.016,77389.71764339873
290469,43878.016,20107.91836941692
290470,43878.016,61176.10705366592
290471,43878.016,24744.40802122075
290472,43878.016,8726.407308058917
290473,43878.016,61462.133563054354
290474,43878.016,49478.91200144911
290475,43878.016,30395.23899698635
290476,43878.016,46049.82033545162
290477,43878.016,60074.80461621986
290478,43878.016,13706.936865164453
290479,43878.016,17890.76867753362
290480,43878.016,63526.46565141655
290481,43878.016,55542.429421564026
290482,43878.016,16735.806891504162
290483,43878.016,26878.578759343327
290484,43878.016,60645.009984896824
290485,43878.016,77244.2925652734
290486,43878.016,2545.0688917792595
290487,43878.016,27164.116827569997
290488,43878.016,66967.24691757774
290489,43878.016,33143.860485872356
290490,43878.016,36642.263314381766
290491,43878.016,18457.929409036802
290492,43878.016,20836.148589069042
290493,43878.016,18459.882005130166
290494,43878.016,17991.066831066775
290495,43878.016,23401.23304123312
290496,43878.016,11316.616235776433
290497,43878.016,56792.52960397886
290498,43878.016,32835.22399836085
290499,43878.016,24571.408251987286
290500,43878.016,54534.37416193958
290501,43878.016,23244.50474684927
290502,43878.016,45471.40243252798
290503,43878.016,8769.915223979879
290504,43878.016,20814.041323385423
290505,43878.016,41823.0811324905
290506,43878.016,21489.62435480126
290507,43878.016,58816.77401420764
290508,43878.016,59341.284107954445
290509,43878.016,49567.83673776053
290510,43878.016,6315.536679240515
290511,43878.016,16324.879285080127
290512,43878.016,35094.50602023439
290513,43878.016,39617.58844762356
290514,43878.016,38445.88541776688
290515,43878.016,78014.20283376174
290516,43878.016,62593.49923464228
290517,43878.016,35750.03562492786
290518,43878.016,5184.276218777276
290519,43878.016,47800.13772920861
290520,43878.016,46284.9064090453
290521,43878.016,25112.872472937233
290522,43878.016,28524.47651450689
290523,43878.016,66685.82759219936
290524,43878.016,45249.64720468837
290525,43878.016,61123.11589810357
290526,43878.016,9060.581746117276
290527,43878.016,50393.15710822752
290528,43878.016,55089.03096183894
290529,43878.016,47501.096353243294
290530,43878.016,17821.21160874847
290531,43878.016,27480.87707111044
290532,43878.016,45143.91172291606
290533,43878.016,60588.71991371676
290534,43878.016,47811.04662957182
290535,43878.016,49774.06094252023
290536,43878.016,53867.84012013094
290537,43878.016,12918.68662722276
290538,43878.016,31820.94669446362
290539,43878.016,14246.282049997322
290540,43878.016,8934.879400829981
290541,43878.016,7443.964393468032
290542,43878.016,30996.01963879087
290543,43878.016,49076.55704096779
290544,43878.016,45953.40680905578
290545,43878.016,35291.23949153538
290546,43878.016,37241.04725506184
290547,43878.016,19965.85604529722
290548,43878.016,58782.02119984394
290549,43878.016,24380.990091670697
290550,43878.016,53136.78824122093
290551,43878.016,59251.72013058764
290552,43878.016,44146.724478281605
290553,43878.016,54258.474162543294
290554,43878.016,70363.63926462078
290555,43878.016,14532.818989299298
290556,43878.016,24543.556589126812
290557,43878.016,56867.79553858976
290558,43878.016,34672.59799235268
290559,43878.016,38577.56922679925
290560,43878.016,22514.760980068197
290561,43878.016,52197.17492038554
290562,43878.016,19492.191070144683
290563,43878.016,46838.88593245613
290564,43878.016,9771.550195277481
290565,43878.016,47379.8713121793
290566,43878.016,36081.89600193084
290567,43878.016,54865.202258570665
290568,43878.016,79303.59344131335
290569,43878.016,29096.416747398125
290570,43878.016,71329.41076276154
290571,43878.016,21241.878108713852
290572,43878.016,56888.99610858152
290573,43878.016,19682.562284914133
290574,43878.016,29663.768919049315
290575,43878.016,23301.473262049298
290576,43878.016,29182.12288711407
290577,43878.016,52305.72653125899
290578,43878.016,56570.978511551046
290579,43878.016,64739.64892015061
290580,43878.016,60325.80538614717
290581,43878.016,39989.426997441085
290582,43878.016,53542.484751516815
290583,43878.016,38286.513649739885
290584,43878.016,10282.161241813687
290585,43878.016,46804.52414369599
290586,43878.016,28691.774149192213
290587,43878.016,24381.59550756433
290588,43878.016,33102.8065981925
290589,43878.016,34606.11093614522
290590,43878.016,22423.324931227206
290591,43878.016,16354.104237806227
290592,43878.016,48372.847395135155
290593,43878.016,31901.051704954476
290594,43878.016,16414.749090722846
290595,43878.016,18504.82096178882
290596,43878.016,61527.69868119461
290597,43878.016,32740.629812552495
290598,43878.016,39247.67591378825
290599,43878.016,25377.894699810116
290600,43878.016,14263.955925836806
290601,43878.016,68459.31345688192
290602,43878.016,49074.43788673873
290603,43878.016,33536.05793462903
290604,43878.016,12369.850488302453
290605,43878.016,47536.82662539775
290606,43878.016,30920.952345789727
290607,43878.016,30867.074728721647
290608,43878.016,34163.393705883514
290609,43878.016,11483.773690530981
290610,43878.016,39576.62730006131
290611,43878.016,41572.11146037787
290612,43878.016,19228.418578700006
290613,43878.016,40797.60985625587
290614,43878.016,15222.382750297014
290615,43878.016,18073.87731845993
290616,43878.016,8702.561452099468
290617,43878.016,50958.2326146223
290618,43878.016,78344.35457532915
290619,43878.016,8273.766244446782
290620,43878.016,6445.959420918318
290621,43878.016,40384.88273603733
290622,43878.016,15923.564825507867
290623,43878.016,34752.78362652648
290624,43878.016,48968.87392184255
290625,43878.016,11193.513458464666
290626,43878.016,28674.65513677552
290627,43878.016,47209.14216867977
290628,43878.016,69353.5981309217
290629,43878.016,17909.532756364955
290630,43878.016,7728.304017000987
290631,43878.016,75193.48182379377
290632,43878.016,18184.56387325745
290633,43878.016,59635.16272005879
290634,43878.016,18211.99859555222
290635,43878.016,49506.75601028351
290636,43878.016,24731.789765880214
290637,43878.016,32396.49666167883
290638,43878.016,17697.978227284595
290639,43878.016,34976.33770107325
290640,43878.016,33108.453796608206
290641,43878.016,36230.20173353702
290642,43878.016,5600.756161996889
290643,43878.016,56521.526594462135
290644,43878.016,24835.313460940357
290645,43878.016,52627.33904402903
290646,43878.016,7365.207864919964
290647,43878.016,64164.72636204918
290648,43878.016,7171.2402562770285
290649,43878.016,52805.79929624499
290650,43878.016,31170.842430719516
290651,43878.016,20596.46213178668
290652,43878.016,21458.84423445795
290653,43878.016,87651.78368135642
290654,43878.016,12964.017091445183
290655,43878.016,17570.51697731837
290656,43878.016,60375.613548925096
290657,43878.016,22853.633542358006
290658,43878.016,32641.130663327094
290659,43878.016,40700.80474372231
290660,43878.016,38827.21494206736
290661,43878.016,12092.687182233814
290662,43878.016,14120.02625467062
290663,43878.016,11216.433486732067
290664,43878.016,60285.85178577047
290665,43878.016,32300.127449168514
290666,43878.016,24669.3602507349
290667,43878.016,83475.13858960003
290668,43878.016,63450.52582051063
290669,43878.016,44112.67093374849
290670,43878.016,22236.56086841889
290671,43878.016,14617.205298538074
290672,43878.016,31217.20317689638
290673,43878.016,62154.72620466692
290674,43878.016,13492.18983439237
290675,43878.016,58312.14550692268
290676,43878.016,26207.849548778606
290677,43878.016,47450.88304882009
290678,43878.016,55829.30389221194
290679,43878.016,42483.36380096117
290680,43878.016,54691.43334875392
290681,43878.016,21681.72645281576
290682,43878.016,74288.02203146677
290683,43878.016,74853.6231633977
290684,43878.016,63637.924364014805
290685,43878.016,67509.28771719965
290686,43878.016,11232.40449412754
290687,43878.016,8489.695339096024
290688,43878.016,31157.72797483758
290689,43878.016,33787.13130777607
290690,43878.016,46496.36596945996
290691,43878.016,48270.55320464754
290692,43878.016,28200.963373070892
290693,43878.016,23824.195269984786
290694,43878.016,20099.849368016454
290695,43878.016,48704.53655584171
290696,43878.016,56521.216506817764
290697,43878.016,42688.7574070104
290698,43878.016,18059.940358478223
290699,43878.016,46222.243381336266
290700,43878.016,41003.99200501137
290701,43878.016,13958.906337304938
290702,43878.016,23708.692826952396
290703,43878.016,17071.374189691094
290704,43878.016,40113.39198734905
290705,43878.016,35182.254276117455
290706,43878.016,9223.874011252707
290707,43878.016,55762.044438665296
290708,43878.016,18475.885914633436
290709,43878.016,17921.096878763903
290710,43878.016,42095.295362621626
290711,43878.016,64266.65341408275
290712,43878.016,16415.840257043947
290713,43878.016,55645.02227291168
290714,43878.016,28952.794844963424
290715,43878.016,28325.534962357382
290716,43878.016,55345.79393459167
290717,43878.016,33364.96968299962
290718,43878.016,21012.31431089828
290719,43878.016,55495.71396913372
290720,43878.016,9296.183880502505
290721,43878.016,17735.04086371987
290722,43878.016,77894.56579865696
290723,43878.016,39497.699365628505
290724,43878.016,43948.77701703228
290725,43878.016,23690.879644602606
290726,43878.016,42638.69561822625
290727,43878.016,55133.205409970644
290728,43878.016,13894.447452378176
290729,43878.016,95224.07302485108
290730,43878.016,77107.55917769016
290731,43878.016,38637.23154373996
290732,43878.016,33129.57843742683
290733,43878.016,14018.315780427783
290734,43878.016,15274.485865517996
290735,43878.016,35375.639147638954
290736,43878.016,64002.393447740506
290737,43878.016,46834.946116435676
290738,43878.016,62768.6294855287
290739,43878.016,57985.33068912465
290740,43878.016,24096.102955625112
290741,43878.016,14849.715602708231
290742,43878.016,8950.950502647385
290743,43878.016,8967.267345215352
290744,43878.016,54441.45730207787
290745,43878.016,11758.67702696049
290746,43878.016,20807.51303402766
290747,43878.016,42609.22922827588
290748,43878.016,13209.50718750389
290749,43878.016,14794.076798901224
290750,43878.016,9285.395026346849
290751,43878.016,35974.53565268239
290752,43878.016,48849.44326044831
290753,43878.016,8050.245168327608
290754,43878.016,58495.92568380084
290755,43878.016,14364.39504634709
290756,43878.016,45471.32005712376
290757,43878.016,10212.998652506925
290758,43878.016,15131.386435341736
290759,43878.016,19563.47120579438
290760,43878.016,45622.59256361959
290761,43878.016,27629.661227911078
290762,43878.016,51154.170877486715
290763,43878.016,56762.137161911174
290764,43878.016,68602.52794980777
290765,43878.016,26495.794791212007
290766,43878.016,57438.815653880396
290767,43878.016,35989.6224604373
290768,43878.016,11607.935213753064
290769,43878.016,47784.194728706556
290770,43878.016,19120.233799630852
290771,43878.016,48199.89023707784
290772,43878.016,43532.33540715264
290773,43878.016,47222.545059628465
290774,43878.016,26210.39406799274
290775,43878.016,33463.99176258254
290776,43878.016,64300.17584411621
290777,43878.016,21981.996075776544
290778,43878.016,41968.31145368102
290779,43878.016,28034.632232456042
290780,43878.016,34826.14675006589
290781,43878.016,61194.88952835395
290782,43878.016,27257.603822138168
290783,43878.016,46913.37105905083
290784,43878.016,8793.378357502554
290785,43878.016,18883.049259256957
290786,43878.016,16237.303078236715
290787,43878.016,41078.08125576509
290788,43878.016,24208.931736793325
290789,43878.016,53306.038296597166
290790,43878.016,17636.746370265846
290791,43878.016,56068.77463613687
290792,43878.016,59535.89697534871
290793,43878.016,42296.72563088142
290794,43878.016,48562.24682113389
290795,43878.016,28382.583750911606
290796,43878.016,24067.463589056082
290797,43878.016,39113.65817423363
290798,43878.016,29227.701785939436
290799,43878.016,23778.260855123874
290800,43878.016,25330.788837355096
290801,43878.016,16527.094351525866
290802,43878.016,53803.71888547313
290803,43878.016,30138.57474907123
290804,43878.016,24856.168738249497
290805,43878.016,50033.21112093806
290806,43878.016,16717.70634734006
290807,43878.016,33990.195174478766
290808,43878.016,60795.93386445902
290809,43878.016,37122.42873312889
290810,43878.016,20648.913814623073
290811,43878.016,68332.27224414767
290812,43878.016,33710.843511386236
290813,43878.016,32682.714189323302
290814,43878.016,58839.86827176797
290815,43878.016,65766.90287200623
290816,43878.016,31740.905561740594
290817,43878.016,18725.595364275574
290818,43878.016,14896.084839386765
290819,43878.016,23829.200503260065
290820,43878.016,27761.115755943767
290821,43878.016,25555.716550966597
290822,43878.016,10832.499215074196
290823,43878.016,16082.267721002067
290824,43878.016,90897.70888752899
290825,43878.016,74516.8637432846
290826,43878.016,18082.178572122044
290827,43878.016,37325.9414742025
290828,43878.016,18966.44489556926
290829,43878.016,11471.67243125508
290830,43878.016,30297.30364604217
290831,43878.016,22509.458699966788
290832,43878.016,23320.407550505395
290833,43878.016,8365.9349212593
290834,43878.016,73554.7720613885
290835,43878.016,9270.630667437601
290836,43878.016,20040.896079217673
290837,43878.016,22981.147939817678
290838,43878.016,37507.53266300381
290839,43878.016,35968.76888150532
290840,43878.016,84040.82187956305
290841,43878.016,22164.91977937267
290842,43878.016,32286.185912708424
290843,43878.016,39433.771220294424
290844,43878.016,36418.08582208169
290845,43878.016,45306.155935666065
290846,43878.016,14877.726204426977
290847,43878.016,17383.764571517288
290848,43878.016,46115.21656314644
290849,43878.016,26771.710975432892
290850,43878.016,10879.507840480164
290851,43878.016,56913.45402368389
290852,43878.016,58489.81150373202
290853,43878.016,28832.68232756835
290854,43878.016,16217.72915996174
290855,43878.016,11371.805071367859
290856,43878.016,53433.51535577684
290857,43878.016,6183.919133954038
290858,43878.016,25287.11643857365
290859,43878.016,17415.38435204934
290860,43878.016,27228.7082250962
290861,43878.016,20294.660315200104
290862,43878.016,48488.946406692965
290863,43878.016,49172.060515965684
290864,43878.016,4673.364862889315
290865,43878.016,27654.070952322378
290866,43878.016,11311.565206795949
290867,43878.016,14022.720607200703
290868,43878.016,30151.815967865823
290869,43878.016,54135.5712805466
290870,43878.016,7343.927880749044
290871,43878.016,52814.66771631532
290872,43878.016,46979.08825157536
290873,43878.016,24899.631649417657
290874,43878.016,57021.87280559312
290875,43878.016,31704.654481940615
290876,43878.016,22027.67913046633
290877,43878.016,31965.91346619242
290878,43878.016,22045.855306304824
290879,43878.016,17433.806365866007
290880,43878.016,17836.541387720245
290881,43878.016,22771.04685049263
290882,43878.016,21443.598595694144
290883,43878.016,18400.05611378584
290884,43878.016,48907.192997455786
290885,43878.016,28663.385027261742
290886,43878.016,28333.159431381067
290887,43878.016,18390.39085395125
290888,43878.016,25708.970205895777
290889,43878.016,24051.42400698463
290890,43878.016,18798.42115012573
290891,43878.016,48928.66290220346
290892,43878.016,50785.21796393365
290893,43878.016,12680.930526989847
290894,43878.016,23432.71085420836
290895,43878.016,28750.30193080641
290896,43878.016,48074.67815773834
290897,43878.016,25321.413389381534
290898,43878.016,39809.12570760013
290899,43878.016,13856.24351794986
290900,43878.016,35317.21227013255
290901,43878.016,22696.271821795217
290902,43878.016,13931.809192632418
290903,43878.016,35628.327445043076
290904,43878.016,22191.477700543233
290905,43878.016,70505.13477347349
290906,43878.016,40156.036400197365
290907,43878.016,21951.86634163563
290908,43878.016,37711.66951140293
290909,43878.016,68022.60312526021
290910,43878.016,75093.93984710614
290911,43878.016,46309.432700058926
290912,43878.016,38573.990162755144
290913,43878.016,14901.86841502632
290914,43878.016,79389.75413943062
290915,43878.016,52094.30400379449
290916,43878.016,12095.879433112408
290917,43878.016,29159.113727075222
290918,43878.016,13042.443798236556
290919,43878.016,48629.71661414465
290920,43878.016,52247.28198762953
290921,43878.016,41003.76044833617
290922,43878.016,40531.634807991235
290923,43878.016,36485.66730182273
290924,43878.016,43679.86071765586
290925,43878.016,41549.33971343954
290926,43878.016,44177.432689963556
290927,43878.016,44086.81306922551
290928,43878.016,19617.702355039808
290929,43878.016,56151.102859479215
290930,43878.016,37478.22561566337
290931,43878.016,7251.057959513567
290932,43878.016,16218.68006638811
290933,43878.016,33541.31011614329
290934,43878.016,75023.22199805215
290935,43878.016,41922.97762174874
290936,43878.016,54353.034115752074
290937,43878.016,39921.65853641047
290938,43878.016,36640.559829286234
290939,43878.016,43237.947966366526
290940,43878.016,13730.128634839202
290941,43878.016,70365.08040251957
290942,43878.016,39562.75644532063
290943,43878.016,12962.504454184289
290944,43878.016,53419.627641175815
290945,43878.016,22221.984188270057
290946,43878.016,39364.4677480142
290947,43878.016,7297.231328686636
290948,43878.016,56636.59995180119
290949,43878.016,17373.938723388586
290950,43878.016,25190.149335464408
290951,43878.016,39510.82355537781
290952,43878.016,94238.76294837605
290953,43878.016,60541.61261603557
290954,43878.016,34983.10679770936
290955,43878.016,22066.830128790556
290956,43878.016,42499.54932028309
290957,43878.016,11827.749414794653
290958,43878.016,58903.75994181946
290959,43878.016,26733.58515561582
290960,43878.016,37046.53839154857
290961,43878.016,32593.159621724655
290962,43878.016,44592.915126987406
290963,43878.016,20428.92694611702
290964,43878.016,20074.66619867514
290965,43878.016,63344.29874236271
290966,43878.016,18262.768036085716
290967,43878.016,33610.71831469293
290968,43878.016,11434.779005139302
290969,43878.016,49362.258962788495
290970,43878.016,10027.122485198372
290971,43878.016,67971.52649530784
290972,43878.016,28947.85099724828
290973,43878.016,9173.193215342495
290974,43878.016,70749.14901877193
290975,43878.016,52360.69390873775
290976,43878.016,29575.31566948713
290977,43878.016,35556.2423640561
290978,43878.016,24177.774447930933
290979,43878.016,33795.002442048055
290980,43878.016,16485.38935880883
290981,43878.016,45176.21897832531
290982,43878.016,44628.78781852218
290983,43878.016,36768.38434631437
290984,43878.016,45607.66612762351
290985,43878.016,48551.297016979
290986,43878.016,78850.42076742827
290987,43878.016,18760.51799629727
290988,43878.016,11676.734705396797
290989,43878.016,42812.01571946621
290990,43878.016,80599.57262492231
290991,43878.016,43130.72497767889
290992,43878.016,34355.4271180498
290993,43878.016,53646.22287162634
290994,43878.016,42034.47369169282
290995,43878.016,38348.38863617907
290996,43878.016,27425.861896351867
290997,43878.016,49281.69060818949
290998,43878.016,16717.59399534849
290999,43878.016,48244.93644400269
291000,43878.016,31624.35371805768
291001,43878.016,57366.39024936397
291002,43878.016,51749.055865663155
291003,43878.016,27706.468199455947
291004,43878.016,19169.338391305362
291005,43878.016,16034.192769243682
291006,43878.016,66273.50657928885
291007,43878.016,52146.20700504216
291008,43878.016,6796.240572460108
291009,43878.016,21910.373967637235
291010,43878.016,10361.10024674312
291011,43878.016,68241.50098058877
291012,43878.016,19266.84274059469
291013,43878.016,11698.221546552419
291014,43878.016,17702.681832045644
291015,43878.016,15577.084348456097
291016,43878.016,7469.483621602364
291017,43878.016,35704.21670187115
291018,43878.016,52992.385384210385
291019,43878.016,10713.999992457686
291020,43878.016,28018.739622943416
291021,43878.016,44036.27379557775
291022,43878.016,51816.789871906025
291023,43878.016,12657.423704347624
291024,43878.016,31945.568836833932
291025,43878.016,34148.27015685317
291026,43878.016,23270.435804013003
291027,43878.016,32485.37924438297
291028,43878.016,59874.591433203124
291029,43878.016,63159.99370996735
291030,43878.016,31494.265486638018
291031,43878.016,12702.858752262222
291032,43878.016,57953.038862254216
291033,43878.016,42310.859668893405
291034,43878.016,32464.841904321736
291035,43878.016,21661.581359741496
291036,43878.016,21548.53919746964
291037,43878.016,23267.55532319581
291038,43878.016,27523.21751291279
291039,43878.016,65533.912902340395
291040,43878.016,28181.910824021925
291041,43878.016,16697.47538206804
291042,43878.016,48124.32362348082
291043,43878.016,43670.21890580265
291044,43878.016,45834.193689215426
291045,43878.016,31856.078454871713
291046,43878.016,56444.69360669817
291047,43878.016,37118.47705701839
291048,43878.016,17837.648270132475
291049,43878.016,27093.86529364413
291050,43878.016,18226.948628105856
291051,43878.016,39483.28968569164
291052,43878.016,30499.438151887065
291053,43878.016,48331.73248945557
291054,43878.016,19504.783032746134
291055,43878.016,11417.581142720945
291056,43878.016,9588.36527001209
291057,43878.016,26994.70667345014
291058,43878.016,39066.47533496961
291059,43878.016,46876.47086997056
291060,43878.016,13127.192476727196
291061,43878.016,24568.03940292196
291062,43878.016,55590.41127932671
291063,43878.016,52310.790422487145
291064,43878.016,15258.958105794316
291065,43878.016,40406.60425225132
291066,43878.016,47202.91165181338
291067,43878.016,7343.343179572416
291068,43878.016,44585.85808592732
291069,43878.016,46229.524867670436
291070,43878.016,36022.265966036306
291071,43878.016,73796.61470972074
291072,43878.016,18038.900019347333
291073,43878.016,26874.231046955716
291074,43878.016,31494.511323901253
291075,43878.016,46190.665392466755
291076,43878.016,17298.239275454143
291077,43878.016,53902.043911879366
291078,43878.016,16840.939992012525
291079,43878.016,14255.668531287227
291080,43878.016,38301.46221423181
291081,43878.016,9003.48928786511
291082,43878.016,48663.391142565
291083,43878.016,9986.293634255708
291084,43878.016,9740.197503178215
291085,43878.016,49881.4492837158
291086,43878.016,52461.52044353434
291087,43878.016,20963.10228235841
291088,43878.016,61223.46775495326
291089,43878.016,32977.355070987964
291090,43878.016,16952.269800654532
291091,43878.016,55891.20497048203
291092,43878.016,45491.237921186534
291093,43878.016,33627.93804206883
291094,43878.016,55446.849481230565
291095,43878.016,57621.17444748862
291096,43878.016,30614.22997502987
291097,43878.016,11754.137584290982
291098,43878.016,42911.877234085725
291099,43878.016,56171.05590156287
291100,43878.016,73743.31592027361
291101,43878.016,63720.894498898226
291102,43878.016,26714.50113478834
291103,43878.016,41721.86773658602
291104,43878.016,12223.764020662455
291105,43878.016,42190.573257003365
291106,43878.016,23695.045032747043
291107,43878.016,42406.03454117104
291108,43878.016,48375.54249381894
291109,43878.016,57016.06751281037
291110,43878.016,27279.74332738296
291111,43878.016,16092.929339771965
291112,43878.016,36712.01076733988
291113,43878.016,29220.44641968126
291114,43878.016,9656.72437682559
291115,43878.016,31587.52562146105
291116,43878.016,49248.09906248169
291117,43878.016,13356.673225960074
291118,43878.016,10649.297585511527
291119,43878.016,56608.74136857005
291120,43878.016,63790.636270411436
291121,43878.016,54157.70644323367
291122,43878.016,40925.175807750995
291123,43878.016,49966.33140011636
291124,43878.016,9833.591867488709
291125,43878.016,36365.20057944887
291126,43878.016,35868.932787178455
291127,43878.016,41533.58055817284
291128,43878.016,41643.4058486419
291129,43878.016,6588.708095582814
291130,43878.016,29294.64862828718
291131,43878.016,7880.066082812088
291132,43878.016,13322.615426536195
291133,43878.016,20888.96475416515
291134,43878.016,7700.7613518509415
291135,43878.016,18746.09678284079
291136,43878.016,28986.584343720075
291137,43878.016,59405.44457554109
291138,43878.016,7456.305542864777
291139,43878.016,50714.01430907276
291140,43878.016,20868.107171317934
291141,43878.016,16741.381965073153
291142,43878.016,24048.365697191446
291143,43878.016,46547.18118572414
291144,43878.016,11017.355771801911
291145,43878.016,25995.69636949429
291146,43878.016,68653.20459531312
291147,43878.016,14297.538665005257
291148,43878.016,8250.062263826789
291149,43878.016,30930.982225642612
291150,43878.016,62411.27417232021
291151,43878.016,68147.88011495759
291152,43878.016,29105.574336222213
291153,43878.016,11523.5121743899
291154,43878.016,37789.38470486989
291155,43878.016,57901.54505363886
291156,43878.016,15687.52816942293
291157,43878.016,26345.44863914272
291158,43878.016,15216.036770343087
291159,43878.016,56646.15771221729
291160,43878.016,43825.58265757781
291161,43878.016,90210.2904327803
291162,43878.016,48009.28601395674
291163,43878.016,14810.717314446942
291164,43878.016,31377.02333269707
291165,43878.016,17495.875331153697
291166,43878.016,46871.977652088615
291167,43878.016,10472.594190482305
291168,43878.016,43941.556419325396
291169,43878.016,11432.241274555492
291170,43878.016,11686.102914561257
291171,43878.016,12333.852772857346
291172,43878.016,35664.398160124016
291173,43878.016,62746.56298101145
291174,43878.016,58721.57049934733
291175,43878.016,18410.754220764273
291176,43878.016,19579.70106098902
291177,43878.016,37128.88924835192
291178,43878.016,44147.17447978583
291179,43878.016,52533.85699572475
291180,43878.016,53682.90042393043
291181,43878.016,54349.96237551924
291182,43878.016,30503.570493779334
291183,43878.016,23066.68026301945
291184,43878.016,13230.361384008977
291185,43878.016,29248.256138937682
291186,43878.016,43719.12194876932
291187,43878.016,14418.330552454288
291188,43878.016,12844.569484554155
291189,43878.016,18974.769515576885
291190,43878.016,26515.5907865134
291191,43878.016,8109.386348062365
291192,43878.016,11802.336013944832
291193,43878.016,21028.483096795742
291194,43878.016,57880.5970074613
291195,43878.016,19997.942056916425
291196,43878.016,15512.277555881563
291197,43878.016,30729.21662087162
291198,43878.016,18793.58296526168
291199,43878.016,18438.266508980356
291200,43878.016,27295.077838613335
291201,43878.016,48561.187384498044
291202,43878.016,16342.403234062374
291203,43878.016,23486.454117332156
291204,43878.016,66873.31879960412
291205,43878.016,12622.249436012096
291206,43878.016,51638.74195192829
291207,43878.016,12955.115502440445
291208,43878.016,54206.89263215484
291209,43878.016,8652.782424858937
291210,43878.016,45702.08579609684
291211,43878.016,20045.160768358415
291212,43878.016,51738.156556366645
291213,43878.016,43069.75029478581
291214,43878.016,5880.559811244669
291215,43878.016,33426.30758671441
291216,43878.016,61514.961370408724
291217,43878.016,51393.233124744555
291218,43878.016,94618.23428142843
291219,43878.016,46089.6660153255
291220,43878.016,49537.824984628234
291221,43878.016,50462.37238865028
291222,43878.016,59427.36588641635
291223,43878.016,21081.05203624473
291224,43878.016,12616.590704898312
291225,43878.016,59909.55259329915
291226,43878.016,6470.359748165431
291227,43878.016,50212.43145969073
291228,43878.016,37629.512611210645
291229,43878.016,53555.261856722216
291230,43878.016,46522.20486766731
291231,43878.016,9786.800568991783
291232,43878.016,6528.875325313393
291233,43878.016,55694.00984627588
291234,43878.016,16419.758493479792
291235,43878.016,53049.846412559855
291236,43878.016,14295.69708598647
291237,43878.016,17564.742359116157
291238,43878.016,13172.611134324457
291239,43878.016,15867.927768195877
291240,43878.016,15530.163650886083
291241,43878.016,24156.726258255723
291242,43878.016,60695.333315405675
291243,43878.016,40061.64211162823
291244,43878.016,39656.79727651607
291245,43878.016,39157.524999063375
291246,43878.016,23482.72595694816
291247,43878.016,35830.86671191564
291248,43878.016,47732.78886609201
291249,43878.016,48983.02496035997
291250,43878.016,11392.54209741946
291251,43878.016,19296.750499184505
291252,43878.016,11762.996257495557
291253,43878.016,62023.22293861268
291254,43878.016,39201.75376142073
291255,43878.016,36423.765384821636
291256,43878.016,24297.024726953954
291257,43878.016,33638.29363427466
291258,43878.016,10833.35640914804
291259,43878.016,58507.800440684514
291260,43878.016,43780.33645278953
291261,43878.016,31551.135727489444
291262,43878.016,13493.06480205432
291263,43878.016,40221.752421126956
291264,43878.016,36820.33221319478
291265,43878.016,66509.05425357644
291266,43878.016,18045.64608733531
291267,43878.016,66222.92344010808
291268,43878.016,45456.86242552232
291269,43878.016,15206.550974867861
291270,43878.016,16951.482491967115
291271,43878.016,12622.761953334753
291272,43878.016,58649.675439286024
291273,43878.016,10682.507749403016
291274,43878.016,47983.78325152717
291275,43878.016,29550.16046039373
291276,43878.016,12912.0483373411
291277,43878.016,19954.5864383739
291278,43878.016,68922.04402790521
291279,43878.016,48668.04358307308
291280,43878.016,54659.36030144624
291281,43878.016,22497.704874936982
291282,43878.016,13966.438466377971
291283,43878.016,37256.148802649324
291284,43878.016,52206.8651998943
291285,43878.016,22660.99338880358
291286,43878.016,47028.267896750476
291287,43878.016,26010.63992456244
291288,43878.016,26982.41485700977
291289,43878.016,67619.26352084495
291290,43878.016,26941.362796053072
291291,43878.016,28542.43911085209
291292,43878.016,15486.334223523547
291293,43878.016,51037.79358276518
291294,43878.016,14401.31936985407
291295,43878.016,34828.82324610367
291296,43878.016,37708.45530179652
291297,43878.016,22815.094546694025
291298,43878.016,32982.67193565008
291299,43878.016,128103.73904254369
291300,43878.016,60612.300766752895
291301,43878.016,17374.337651165362
291302,43878.016,11895.488653783135
291303,43878.016,20962.60718857797
291304,43878.016,12094.280095660111
291305,43878.016,50340.21397439306
291306,43878.016,21647.819235110062
291307,43878.016,12070.578848584597
291308,43878.016,46638.97669295358
291309,43878.016,23329.525239470648
291310,43878.016,48346.37487340997
291311,43878.016,42121.342238042336
291312,43878.016,71466.95566242162
291313,43878.016,5769.472229256446
291314,43878.016,7779.447299011691
291315,43878.016,39871.641617640315
291316,43878.016,19169.184726310625
291317,43878.016,31580.855430230924
291318,43878.016,18428.266976033512
291319,43878.016,18011.668456276704
291320,43878.016,33520.10455517909
291321,43878.016,24164.467941899726
291322,43878.016,48104.20809914005
291323,43878.016,45724.492261780455
291324,43878.016,9334.825662170015
291325,43878.016,39809.422338378
291326,43878.016,12675.39489981628
291327,43878.016,14040.078917555415
291328,43878.016,34836.022438747445
291329,43878.016,46199.57939472855
291330,43878.016,54359.49569075214
291331,43878.016,9530.004656966228
291332,43878.016,20573.309828703423
291333,43878.016,50434.87207090105
291334,43878.016,54877.86386608386
291335,43878.016,67488.09687745488
291336,43878.016,44503.67615044895
291337,43878.016,45978.707378963256
291338,43878.016,22480.550905246488
291339,43878.016,59579.11246076096
291340,43878.016,64436.69972457882
291341,43878.016,14986.713701608021
291342,43878.016,58053.285727370596
291343,43878.016,37650.06164143316
291344,43878.016,16391.471892423106
291345,43878.016,53629.95139732696
291346,43878.016,48578.920704357464
291347,43878.016,9512.553814548954
291348,43878.016,12501.944446639392
291349,43878.016,27781.09797645262
291350,43878.016,47572.27855945642
291351,43878.016,35780.31219700314
291352,43878.016,27507.83675953533
291353,43878.016,32247.071201811024
291354,43878.016,24805.630763520305
291355,43878.016,28809.939420005543
291356,43878.016,19019.604664154376
291357,43878.016,14018.985700550431
291358,43878.016,31255.141307408303
291359,43878.016,17166.747405234644
291360,43878.016,14040.693400640928
291361,43878.016,57519.4563830594
291362,43878.016,30791.474183296934
291363,43878.016,33584.58765158234
291364,43878.016,9289.257597577694
291365,43878.016,61603.10059705673
291366,43878.016,26549.423684664303
291367,43878.016,4729.479860777414
291368,43878.016,44201.10603044259
291369,43878.016,35986.92708783716
291370,43878.016,19659.038022880504
291371,43878.016,42342.374186282985
291372,43878.016,34809.56033239012
291373,43878.016,12805.388827800107
291374,43878.016,18571.430896082806
291375,43878.016,9969.892011179403
291376,43878.016,29444.26619504603
291377,43878.016,69767.78933544633
291378,43878.016,43290.42114109983
291379,43878.016,10170.423571149197
291380,43878.016,41316.09011332625
291381,43878.016,10843.293936764021
291382,43878.016,13844.494417059572
291383,43878.016,10563.414261491109
291384,43878.016,11593.041465135919
291385,43878.016,39027.01695181775
291386,43878.016,32582.349255938552
291387,43878.016,28214.65777871658
291388,43878.016,49035.66523523951
291389,43878.016,30243.804168332306
291390,43878.016,15380.64493465383
291391,43878.016,51063.25166142586
291392,43878.016,21980.47467386926
291393,43878.016,24179.85153997436
291394,43878.016,40530.57062640938
291395,43878.016,30844.413076741224
291396,43878.016,45610.51346496063
291397,43878.016,45876.182475063455
291398,43878.016,77154.64879466027
291399,43878.016,13054.754813338866
291400,43878.016,36026.32573924069
291401,43878.016,34942.96983767671
291402,43878.016,18443.098269033413
291403,43878.016,64214.73248365234
291404,43878.016,47152.214917820595
291405,43878.016,35297.724170799884
291406,43878.016,26895.75916148607
291407,43878.016,23119.275357561804
291408,43878.016,35608.11340838126
291409,43878.016,49203.62413737872
291410,43878.016,34863.910812873866
291411,43878.016,39681.37854509817
291412,43878.016,59270.268703155234
291413,43878.016,38586.72703882417
291414,43878.016,8265.379110610993
291415,43878.016,69498.50990019228
291416,43878.016,65225.28504392909
291417,43878.016,54702.22473078343
291418,43878.016,35262.44644530146
291419,43878.016,29755.082013989144
291420,43878.016,86081.45795275815
291421,43878.016,44261.55780221878
291422,43878.016,14498.676684675034
291423,43878.016,36871.22242864986
291424,43878.016,25920.606846621413
291425,43878.016,8556.852157241496
291426,43878.016,24871.03339473831
291427,43878.016,26994.418074172794
291428,43878.016,27561.69167301143
291429,43878.016,40773.087177051675
291430,43878.016,42713.77631482814
291431,43878.016,27109.46306645234
291432,43878.016,27344.934378530474
291433,43878.016,13926.94717278607
291434,43878.016,12558.189881322667
291435,43878.016,41131.126873976726
291436,43878.016,40644.87345301081
291437,43878.016,14186.760337888607
291438,43878.016,23362.82024186878
291439,43878.016,19130.928163515015
291440,43878.016,8041.97014411681
291441,43878.016,42864.1460088862
291442,43878.016,27762.66006140704
291443,43878.016,21535.713404373568
291444,43878.016,19986.0077956641
291445,43878.016,22102.10222786964
291446,43878.016,8689.321298142982
291447,43878.016,13081.677906601897
291448,43878.016,22713.46251092784
291449,43878.016,55435.69928178721
291450,43878.016,65370.685817056925
291451,43878.016,57957.25182763204
291452,43878.016,44675.319878130525
291453,43878.016,51577.89780720527
291454,43878.016,63411.47545070561
291455,43878.016,46518.44648909965
291456,43878.016,59111.63930262098
291457,43878.016,52666.6614206203
291458,43878.016,51958.261083728125
291459,43878.016,24921.283989416876
291460,43878.016,19050.98716106928
291461,43878.016,65168.38180168809
291462,43878.016,27106.53203228046
291463,43878.016,26103.609743692883
291464,43878.016,53211.20221924609
291465,43878.016,66831.29381829844
291466,43878.016,38342.95677365439
291467,43878.016,7855.450643351587
291468,43878.016,67540.16594992857
291469,43878.016,20764.69519333325
291470,43878.016,20721.564294132637
291471,43878.016,46575.90619849079
291472,43878.016,14223.886920600708
291473,43878.016,6456.393090616713
291474,43878.016,68469.99917601503
291475,43878.016,21871.693291414686
291476,43878.016,42479.243141704595
291477,43878.016,19628.15151296443
291478,43878.016,55280.56642390262
291479,43878.016,44560.48367740259
291480,43878.016,49957.45092887209
291481,43878.016,36532.67401958758
291482,43878.016,27991.478211621
291483,43878.016,27477.177969921304
291484,43878.016,56341.34931204888
291485,43878.016,34782.49559320002
291486,43878.016,21928.022772943234
291487,43878.016,15756.448071579109
291488,43878.016,10465.182283212971
291489,43878.016,45472.744111534485
291490,43878.016,37831.91080808194
291491,43878.016,49633.89437078419
291492,43878.016,19803.203155037052
291493,43878.016,53107.30246000058
291494,43878.016,36601.82222865572
291495,43878.016,16047.452809173144
291496,43878.016,64505.205133898104
291497,43878.016,30150.422606179836
291498,43878.016,22489.78045366951
291499,43878.016,35220.68329193826
291500,43878.016,14260.972054641155
291501,43878.016,21975.501559008393
291502,43878.016,50245.97164536873
291503,43878.016,20128.058474709153
291504,43878.016,28694.62345592432
291505,43878.016,28360.140402884997
291506,43878.016,26541.353381808094
291507,43878.016,16876.55033762646
291508,43878.016,71793.55252780943
291509,43878.016,55594.60132402667
291510,43878.016,58726.9687802387
291511,43878.016,10767.332065144827
291512,43878.016,40399.05451139205
291513,43878.016,18677.385320610476
291514,43878.016,26847.391751640826
291515,43878.016,20279.541091872237
291516,43878.016,8047.366912845266
291517,43878.016,62961.96581958955
291518,43878.016,29658.385355361967
291519,43878.016,7703.31112857086
291520,43878.016,36267.50418442392
291521,43878.016,37515.8855831518
291522,43878.016,17763.77524778103
291523,43878.016,26027.56500823023
291524,43878.016,18399.1832929371
291525,43878.016,11353.199690664707
291526,43878.016,16223.06711295427
291527,43878.016,61602.88966471187
291528,43878.016,38234.103945552866
291529,43878.016,53902.00157386735
291530,43878.016,22885.262284460063
291531,43878.016,9045.801345180551
291532,43878.016,37103.88196857454
291533,43878.016,14093.960018480744
291534,43878.016,40852.63860729662
291535,43878.016,24175.984802465566
291536,43878.016,80161.79287111477
291537,43878.016,44357.07587004218
291538,43878.016,76323.07119985194
291539,43878.016,67360.83360619754
291540,43878.016,21456.781263732104
291541,43878.016,42103.34406499231
291542,43878.016,43095.5110985242
291543,43878.016,18297.140923463325
291544,43878.016,55913.26953461823
291545,43878.016,35912.475383838806
291546,43878.016,44131.52223918318
291547,43878.016,54240.1461499721
291548,43878.016,15784.504156409816
291549,43878.016,11386.852643743732
291550,43878.016,16504.569872191743
291551,43878.016,44797.644431990346
291552,43878.016,10643.857550446752
291553,43878.016,55342.748373964314
291554,43878.016,58856.91254897591
291555,43878.016,50679.82121273645
291556,43878.016,22819.06592177924
291557,43878.016,22764.420635049846
291558,43878.016,44439.12605196846
291559,43878.016,10041.145110709216
291560,43878.016,45230.513239313404
291561,43878.016,57929.19505812568
291562,43878.016,41829.62992600433
291563,43878.016,15455.58735718602
291564,43878.016,21699.16802280943
291565,43878.016,23324.239752012836
291566,43878.016,83041.1020696794
291567,43878.016,9860.322277635605
291568,43878.016,49549.346002101265
291569,43878.016,21258.957487814856
291570,43878.016,25666.540962691306
291571,43878.016,13991.404703002068
291572,43878.016,48387.437670836116
291573,43878.016,50086.53273159314
291574,43878.016,11761.357105562596
291575,43878.016,52371.9675556952
291576,43878.016,23345.72191389498
291577,43878.016,52074.981547509204
291578,43878.016,27770.949057513393
291579,43878.016,10737.23811465997
291580,43878.016,16494.77202039035
291581,43878.016,18498.668530812458
291582,43878.016,17518.73162060523
291583,43878.016,37791.0806472733
291584,43878.016,63080.47287478384
291585,43878.016,36567.17851972376
291586,43878.016,18572.76564146124
291587,43878.016,44088.00004627638
291588,43878.016,29172.792035345876
291589,43878.016,76370.58846268682
291590,43878.016,43415.77375172833
291591,43878.016,64254.855717059385
291592,43878.016,36858.535387169155
291593,43878.016,61499.828467289284
291594,43878.016,31786.023809850234
291595,43878.016,50671.10125337708
291596,43878.016,27903.973734575695
291597,43878.016,86152.2649867303
291598,43878.016,9357.943785725834
291599,43878.016,59744.0938576483
291600,43878.016,37987.84815589131
291601,43878.016,22398.816981129046
291602,43878.016,31308.885646984127
291603,43878.016,61711.894450461004
291604,43878.016,80562.05900807938
291605,43878.016,27437.167684317195
291606,43878.016,53197.10744486515
291607,43878.016,72744.10237374743
291608,43878.016,36809.00602603357
291609,43878.016,16419.923742314608
291610,43878.016,10621.294974666644
291611,43878.016,36950.453413456926
291612,43878.016,23219.640388626634
291613,43878.016,66562.64949139845
291614,43878.016,21161.652762214177
291615,43878.016,9784.595807414762
291616,43878.016,52511.08779613925
291617,43878.016,18693.119380601802
291618,43878.016,43855.268597857335
291619,43878.016,59412.94663651603
291620,43878.016,50173.32334238419
291621,43878.016,49393.88806731995
291622,43878.016,38630.23660806141
291623,43878.016,38016.81134091256
291624,43878.016,25736.703330140244
291625,43878.016,25055.396600442524
291626,43878.016,47839.50802797994
291627,43878.016,37121.26135017668
291628,43878.016,34800.634634388865
291629,43878.016,59838.33553648715
291630,43878.016,27202.683567988614
291631,43878.016,15138.809187575707
291632,43878.016,36618.68457904621
291633,43878.016,62563.00919953528
291634,43878.016,10217.83230371723
291635,43878.016,37572.56612307596
291636,43878.016,36828.342758424915
291637,43878.016,28419.177108936405
291638,43878.016,44769.95162930308
291639,43878.016,15408.415833523164
291640,43878.016,91989.70965865791
291641,43878.016,21044.667107290094
291642,43878.016,50336.65873514111
291643,43878.016,17902.42020430148
291644,43878.016,74680.94463105036
291645,43878.016,35802.69608865218
291646,43878.016,42886.362926325324
291647,43878.016,36115.48589247744
291648,43878.016,23076.593113348976
291649,43878.016,62259.7084442612
291650,43878.016,45335.66010871689
291651,43878.016,9004.895133463237
291652,43878.016,7627.67224816779
291653,43878.016,55266.83866405118
291654,43878.016,11257.958862182622
291655,43878.016,48183.53731292979
291656,43878.016,48685.19213286714
291657,43878.016,21114.80864247482
291658,43878.016,48812.523410160735
291659,43878.016,10022.26631705423
291660,43878.016,15801.929639493721
291661,43878.016,12614.105717235267
291662,43878.016,58265.0447980426
291663,43878.016,55356.561352888086
291664,43878.016,31043.700996102856
291665,43878.016,69386.8154345414
291666,43878.016,34066.81389103817
291667,43878.016,39355.23911987848
291668,43878.016,16442.040199348638
291669,43878.016,59003.02488234712
291670,43878.016,22997.069747062058
291671,43878.016,11606.39205190437
291672,43878.016,19251.64409176566
291673,43878.016,12025.600628760903
291674,43878.016,50416.1042036357
291675,43878.016,16849.433189707663
291676,43878.016,47977.88548040358
291677,43878.016,50582.90145971348
291678,43878.016,13044.79203193393
291679,43878.016,46373.72511835677
291680,43878.016,42117.59915305448
291681,43878.016,14303.112688642683
291682,43878.016,9045.510666124183
291683,43878.016,14948.184418463565
291684,43878.016,52675.75941322734
291685,43878.016,30970.540641964086
291686,43878.016,18696.332848941893
291687,43878.016,9918.14708520559
291688,43878.016,56689.53766965627
291689,43878.016,26153.372953610662
291690,43878.016,31136.438993739383
291691,43878.016,18617.000082295977
291692,43878.016,42497.032738329806
291693,43878.016,3826.1822803784876
291694,43878.016,50906.63817467424
291695,43878.016,5910.717107654595
291696,43878.016,8785.17913171398
291697,43878.016,21044.576851471138
291698,43878.016,26676.63385657918
291699,43878.016,52430.64065912788
291700,43878.016,50233.54481394171
291701,43878.016,17499.346725441002
291702,43878.016,73732.92875817372
291703,43878.016,30696.375217210018
291704,43878.016,26288.3139353426
291705,43878.016,41977.21679822395
291706,43878.016,14258.139787909602
291707,43878.016,15399.660176346622
291708,43878.016,63212.48826649878
291709,43878.016,42933.68293701642
291710,43878.016,11765.725544741616
291711,43878.016,70425.94678651252
291712,43878.016,25551.178565525315
291713,43878.016,67489.35376663024
291714,43878.016,47555.904705323475
291715,43878.016,45798.63996535005
291716,43878.016,20187.30584066404
291717,43878.016,49248.33800844035
291718,43878.016,46022.68535835519
291719,43878.016,28097.972452588503
291720,43878.016,39139.229647090004
291721,43878.016,44731.93373985256
291722,43878.016,42212.51600904551
291723,43878.016,53405.38319287384
291724,43878.016,24881.98423834337
291725,43878.016,14834.88509359631
291726,43878.016,35577.14404391764
291727,43878.016,13595.738813725695
291728,43878.016,41162.4370163665
291729,43878.016,68734.517236549
291730,43878.016,22895.250999327425
291731,43878.016,32350.13403117452
291732,43878.016,18165.763630578494
291733,43878.016,25080.36626859022
291734,43878.016,25344.07725802883
291735,43878.016,27896.428360342514
291736,43878.016,27710.212819753626
291737,43878.016,31979.699692120368
291738,43878.016,40666.00699544269
291739,43878.016,10030.555661838443
291740,43878.016,56170.83317786764
291741,43878.016,5462.359299629722
291742,43878.016,62266.908917949644
291743,43878.016,17424.821355260414
291744,43878.016,12490.229913646152
291745,43878.016,37639.07916248115
291746,43878.016,7385.044213277243
291747,43878.016,30058.182815743294
291748,43878.016,35037.944101969806
291749,43878.016,46411.644154976144
291750,43878.016,46909.70184179142
291751,43878.016,51642.7546856074
291752,43878.016,37671.47026304922
291753,43878.016,48723.10476267418
291754,43878.016,35429.68946358856
291755,43878.016,49836.15070778844
291756,43878.016,43741.983441632496
291757,43878.016,41831.8798849636
291758,43878.016,13763.867242083925
291759,43878.016,20608.90864755761
291760,43878.016,10891.128920535935
291761,43878.016,46326.46757676233
291762,43878.016,20479.61384717799
291763,43878.016,20684.82450739994
291764,43878.016,33535.52343327683
291765,43878.016,41717.77622536233
291766,43878.016,30007.095312179557
291767,43878.016,25199.88788676506
291768,43878.016,51646.97345442931
291769,43878.016,72607.96604537732
291770,43878.016,23824.812241610525
291771,43878.016,12429.09673178297
291772,43878.016,8387.607205624457
291773,43878.016,13632.547594745965
291774,43878.016,34378.73692558288
291775,43878.016,61462.32961965319
291776,43878.016,30251.03142156028
291777,43878.016,20777.32455394075
291778,43878.016,15466.993378382716
291779,43878.016,59245.379785816454
291780,43878.016,34827.333217528474
291781,43878.016,18790.978878468384
291782,43878.016,31898.2730585703
291783,43878.016,66846.29568140792
291784,43878.016,12738.849182718124
291785,43878.016,27904.364926948576
291786,43878.016,50759.36952080902
291787,43878.016,39884.81639443031
291788,43878.016,19174.30911283641
291789,43878.016,35064.98989600206
291790,43878.016,52901.58871444152
291791,43878.016,58432.25898117095
291792,43878.016,7373.330839189937
291793,43878.016,16384.46971902091
291794,43878.016,4345.911666125097
291795,43878.016,21594.561088320417
291796,43878.016,19413.294830425606
291797,43878.016,49551.80512819106
291798,43878.016,53953.08615110085
291799,43878.016,42287.60440913483
291800,43878.016,47721.28381397993
291801,43878.016,18493.646052319866
291802,43878.016,57247.78998514399
291803,43878.016,76231.35589592549
291804,43878.016,66581.55496344865
291805,43878.016,24769.436151701513
291806,43878.016,35133.970185450686
291807,43878.016,14714.555311144975
291808,43878.016,14154.78324130016
291809,43878.016,53805.188358652136
291810,43878.016,44695.497856432994
291811,43878.016,67040.4220851779
291812,43878.016,8384.38101319367
291813,43878.016,13476.86557280627
291814,43878.016,41778.587454914756
291815,43878.016,62296.836895782595
291816,43878.016,35302.373537446336
291817,43878.016,63531.24561466995
291818,43878.016,42460.04552270083
291819,43878.016,52231.42222244156
291820,43878.016,44693.8450815367
291821,43878.016,31505.624047264515
291822,43878.016,55635.487232588974
291823,43878.016,50563.70443882608
291824,43878.016,43639.16764368615
291825,43878.016,22641.36052868563
291826,43878.016,39779.88442370622
291827,43878.016,9287.746445599716
291828,43878.016,69193.86422876662
291829,43878.016,25615.59309326951
291830,43878.016,9357.612601278242
291831,43878.016,58995.67946197163
291832,43878.016,11913.056039404231
291833,43878.016,58097.4500596004
291834,43878.016,9765.97865358123
291835,43878.016,70863.01393359086
291836,43878.016,58529.66216765653
291837,43878.016,27620.665596494706
291838,43878.016,30962.895207409667
291839,43878.016,58392.64866124385
291840,43878.016,53992.92381859209
291841,43878.016,62166.76919144231
291842,43878.016,47011.79277388739
291843,43878.016,33276.523130470065
291844,43878.016,35359.14077686241
291845,43878.016,53340.79904583399
291846,43878.016,47096.53625667804
291847,43878.016,47945.658055544955
291848,43878.016,44499.202024925406
291849,43878.016,5917.010204488985
291850,43878.016,40738.21521060146
291851,43878.016,61513.14409010533
291852,43878.016,9166.270283597652
291853,43878.016,13309.539047323891
291854,43878.016,9018.239296906397
291855,43878.016,16577.86370515265
291856,43878.016,27060.67059209514
291857,43878.016,54233.78141518422
291858,43878.016,42899.502337720136
291859,43878.016,47506.46892113475
291860,43878.016,16908.670687169622
291861,43878.016,14238.252614024592
291862,43878.016,38860.519117252166
291863,43878.016,27392.593668491387
291864,43878.016,72806.07794506167
291865,43878.016,45741.85869259975
291866,43878.016,49206.503732295285
291867,43878.016,52459.50070455238
291868,43878.016,43658.728023930096
291869,43878.016,10050.692269177482
291870,43878.016,101041.94132916516
291871,43878.016,31684.786603251207
291872,43878.016,41523.845367679685
291873,43878.016,68181.42892958138
291874,43878.016,37369.036304274174
291875,43878.016,20650.847787366307
291876,43878.016,11739.389139528264
291877,43878.016,9267.724342002062
291878,43878.016,10601.997786617545
291879,43878.016,23584.314270630202
291880,43878.016,31399.639272990287
291881,43878.016,50231.375831995305
291882,43878.016,31996.615049142823
291883,43878.016,68770.65422368917
291884,43878.016,60057.47366824281
291885,43878.016,21793.559655718444
291886,43878.016,13451.845388700312
291887,43878.016,29876.700056007863
291888,43878.016,54310.218318641324
291889,43878.016,67989.5324785101
291890,43878.016,21485.85737771364
291891,43878.016,19681.86137698799
291892,43878.016,36787.56636306956
291893,43878.016,11055.434927502542
291894,43878.016,70255.15035291319
291895,43878.016,17918.96617054277
291896,43878.016,14602.706565938846
291897,43878.016,51127.0666858299
291898,43878.016,34483.9809640647
291899,43878.016,53102.46092325725
291900,43878.016,40796.12861517715
291901,43878.016,58182.97183676352
291902,43878.016,53450.960624414554
291903,43878.016,10074.274748734091
291904,43878.016,60311.93185462576
291905,43878.016,23846.752134552942
291906,43878.016,6624.484289653911
291907,43878.016,46194.03103415044
291908,43878.016,29005.732075592696
291909,43878.016,20415.466301660254
291910,43878.016,6473.421400256437
291911,43878.016,60071.15958881339
291912,43878.016,64676.334407635775
291913,43878.016,21066.700713483307
291914,43878.016,15988.449959526006
291915,43878.016,42827.11098918551
291916,43878.016,30189.76831353757
291917,43878.016,31914.123138641018
291918,43878.016,114734.51536060889
291919,43878.016,22802.091231609844
291920,43878.016,59207.197516265645
291921,43878.016,24970.545116809833
291922,43878.016,59991.63581846987
291923,43878.016,24772.181801900308
291924,43878.016,18121.67315223508
291925,43878.016,72810.5387667855
291926,43878.016,29282.492595327094
291927,43878.016,50557.64243510888
291928,43878.016,35929.58468690739
291929,43878.016,37281.67699830608
291930,43878.016,70505.76698441876
291931,43878.016,33740.95989595044
291932,43878.016,18551.590088738714
291933,43878.016,35221.33727358617
291934,43878.016,19451.229118205745
291935,43878.016,48662.97169685542
291936,43878.016,54549.55643756333
291937,43878.016,24498.893331942596
291938,43878.016,54952.539802722466
291939,43878.016,18130.294666633283
291940,43878.016,18030.5086434092
291941,43878.016,41210.30961586753
291942,43878.016,31141.78027103383
291943,43878.016,50204.242232449724
291944,43878.016,34169.705806080194
291945,43878.016,25953.041330733
291946,43878.016,46811.602909115005
291947,43878.016,19652.932519242113
291948,43878.016,22651.262788088166
291949,43878.016,27103.77721494385
291950,43878.016,57964.24743462787
291951,43878.016,64614.968214921915
291952,43878.016,39964.357478035985
291953,43878.016,53140.79052777299
291954,43878.016,50005.83860052168
291955,43878.016,15255.05701387924
291956,43878.016,18157.004893654725
291957,43878.016,17986.810627461142
291958,43878.016,29141.557662631654
291959,43878.016,28185.219741024557
291960,43878.016,53664.1445805729
291961,43878.016,57288.39478060931
291962,43878.016,75117.25822935393
291963,43878.016,18438.88148677504
291964,43878.016,58933.1656892875
291965,43878.016,37170.07858406031
291966,43878.016,5504.693709452729
291967,43878.016,50207.6672532002
291968,43878.016,10105.751806760307
291969,43878.016,34614.553157515365
291970,43878.016,8213.812599609513
291971,43878.016,36325.8605891871
291972,43878.016,63886.3227199705
291973,43878.016,35823.90296346508
291974,43878.016,13319.047890742666
291975,43878.016,47569.685159706285
291976,43878.016,32290.457553477783
291977,43878.016,24518.17777295565
291978,43878.016,21979.975829042345
291979,43878.016,9961.362356737895
291980,43878.016,51859.59966682297
291981,43878.016,30530.28852432869
291982,43878.016,48077.263551479184
291983,43878.016,62033.45596078308
291984,43878.016,8337.475714724324
291985,43878.016,53419.63607999364
291986,43878.016,51343.612464498816
291987,43878.016,25427.63153209788
291988,43878.016,28986.780728045975
291989,43878.016,34966.047990781546
291990,43878.016,12218.868964498295
291991,43878.016,24910.325001194364
291992,43878.016,27019.489085678713
291993,43878.016,62336.54662304306
291994,43878.016,40543.630399745336
291995,43878.016,10177.969017521196
291996,43878.016,28225.7053592706
291997,43878.016,35397.79146579559
291998,43878.016,37358.51397225779
291999,43878.016,14079.272387624766
292000,43878.016,22578.85086378945
292001,43878.016,27433.980332767027
292002,43878.016,35210.78467029994
292003,43878.016,21666.120657989
292004,43878.016,41018.85488579154
292005,43878.016,30292.233872273857
292006,43878.016,64292.55727924672
292007,43878.016,19775.57990895303
292008,43878.016,45525.81695377748
292009,43878.016,47420.731581408865
292010,43878.016,11622.023887464993
292011,43878.016,45761.503314596506
292012,43878.016,17819.671387759256
292013,43878.016,41126.79258130293
292014,43878.016,13686.243187203887
292015,43878.016,42598.49613022867
292016,43878.016,27758.672999079175
292017,43878.016,21496.163674845862
292018,43878.016,42755.75517112136
292019,43878.016,29156.123494914453
292020,43878.016,68494.89363785673
292021,43878.016,64901.73260940367
292022,43878.016,19522.891023779448
292023,43878.016,49877.973763251546
292024,43878.016,74402.64968118577
292025,43878.016,83975.48415902053
292026,43878.016,25477.39565101367
292027,43878.016,48733.64821629261
292028,43878.016,11136.911289183472
292029,43878.016,54715.08088702664
292030,43878.016,43149.03557104798
292031,43878.016,54996.975451507176
292032,43878.016,30786.833565245313
292033,43878.016,65046.9181976084
292034,43878.016,44121.43462315117
292035,43878.016,21898.85456042202
292036,43878.016,10883.742345584404
292037,43878.016,27815.927039070793
292038,43878.016,38542.221897736585
292039,43878.016,35684.852186105476
292040,43878.016,13498.61518319887
292041,43878.016,49230.17657804391
292042,43878.016,23868.842050058996
292043,43878.016,16708.016002991742
292044,43878.016,41933.33099099271
292045,43878.016,47221.05645539328
292046,43878.016,12998.4614142051
292047,43878.016,33017.498180173854
292048,43878.016,24166.051819907465
292049,43878.016,33557.48657242374
292050,43878.016,27432.383781879093
292051,43878.016,15090.553096357704
292052,43878.016,55817.35566587025
292053,43878.016,18950.423713078515
292054,43878.016,20307.609171128326
292055,43878.016,16925.70239205339
292056,43878.016,43375.03068670777
292057,43878.016,20241.989666681413
292058,43878.016,16441.19979441055
292059,43878.016,106779.6629298778
292060,43878.016,62456.34121748662
292061,43878.016,17992.366794836507
292062,43878.016,19591.448024862722
292063,43878.016,32918.85181332731
292064,43878.016,16702.939734601405
292065,43878.016,9564.78459093596
292066,43878.016,55813.098764976305
292067,43878.016,33366.98047650542
292068,43878.016,60619.15645053476
292069,43878.016,42998.186037523476
292070,43878.016,18775.68420279719
292071,43878.016,37950.06601056117
292072,43878.016,8768.53003094913
292073,43878.016,27976.481097851927
292074,43878.016,10591.839861970599
292075,43878.016,23575.69873957397
292076,43878.016,33301.887201862424
292077,43878.016,54387.265437234586
292078,43878.016,12948.931558826544
292079,43878.016,26397.39287896758
292080,43878.016,21217.29722192308
292081,43878.016,19999.609200986502
292082,43878.016,36553.16516361703
292083,43878.016,12892.101223770273
292084,43878.016,34040.44474293162
292085,43878.016,50535.766103032656
292086,43878.016,23251.688307246674
292087,43878.016,28611.050961830613
292088,43878.016,8199.359655047809
292089,43878.016,20258.53914881198
292090,43878.016,26196.15548689225
292091,43878.016,53883.83859438976
292092,43878.016,69668.28144754827
292093,43878.016,43489.9199322082
292094,43878.016,51706.208551306314
292095,43878.016,40637.1170657755
292096,43878.016,39508.15314249737
292097,43878.016,14100.481781674258
292098,43878.016,33156.36763716754
292099,43878.016,43248.40679697876
292100,43878.016,34528.55401817577
292101,43878.016,55800.32565875214
292102,43878.016,14131.620868424488
292103,43878.016,18768.90906007256
292104,43878.016,46313.39051736788
292105,43878.016,63124.09548094546
292106,43878.016,25007.28691913592
292107,43878.016,34613.91367017081
292108,43878.016,22327.2109128957
292109,43878.016,46532.33865981488
292110,43878.016,28941.751204344488
292111,43878.016,62269.272658548354
292112,43878.016,15079.633537205322
292113,43878.016,51573.71946272904
292114,43878.016,19159.38394566132
292115,43878.016,43985.21226031211
292116,43878.016,8782.962967343688
292117,43878.016,54282.419647998606
292118,43878.016,21753.64201571197
292119,43878.016,48485.871134699824
292120,43878.016,95093.08721699403
292121,43878.016,32647.727518704272
292122,43878.016,35077.69516047165
292123,43878.016,63207.24129253254
292124,43878.016,105716.51643883812
292125,43878.016,31089.13021803869
292126,43878.016,59272.96927522165
292127,43878.016,34943.5226090161
292128,43878.016,30543.451131863552
292129,43878.016,48559.98379043491
292130,43878.016,23946.930508572495
292131,43878.016,72397.89532580461
292132,43878.016,74912.28614930801
292133,43878.016,46918.877990287096
292134,43878.016,19468.334856713387
292135,43878.016,22544.997065562748
292136,43878.016,9283.539591174682
292137,43878.016,49440.22249142233
292138,43878.016,28869.110476084163
292139,43878.016,12130.27943447266
292140,43878.016,40624.76553428038
292141,43878.016,21369.898714424315
292142,43878.016,27845.47454769752
292143,43878.016,64310.56472094611
292144,43878.016,70048.59269253087
292145,43878.016,23631.64926865201
292146,43878.016,26273.602074819006
292147,43878.016,15974.210698071547
292148,43878.016,25478.66456709883
292149,43878.016,16153.164812059273
292150,43878.016,30900.933000663572
292151,43878.016,21799.028354896218
292152,43878.016,28410.448951304825
292153,43878.016,17154.893344431726
292154,43878.016,25359.02336356928
292155,43878.016,37900.053634233394
292156,43878.016,23983.376137741543
292157,43878.016,15954.991719469668
292158,43878.016,60143.37338829668
292159,43878.016,24959.91119154874
292160,43878.016,24276.289148829837
292161,43878.016,9417.290754416998
292162,43878.016,54337.08201501022
292163,43878.016,15153.58603655554
292164,43878.016,69661.73527957105
292165,43878.016,28059.42357623946
292166,43878.016,53725.86359458495
292167,43878.016,13734.901905499311
292168,43878.016,13655.501835720997
292169,43878.016,53758.58024422922
292170,43878.016,14555.194061801794
292171,43878.016,25464.402187160053
292172,43878.016,62521.50207085227
292173,43878.016,46559.03494619584
292174,43878.016,39653.075045239944
292175,43878.016,38211.17562929119
292176,43878.016,12378.931365089215
292177,43878.016,28596.14083936257
292178,43878.016,16153.341087090095
292179,43878.016,41030.90054882691
292180,43878.016,21240.001394935687
292181,43878.016,14279.394683800962
292182,43878.016,38363.60717574091
292183,43878.016,65867.44102741912
292184,43878.016,26768.746744395914
292185,43878.016,45613.02881827661
292186,43878.016,13211.36759692355
292187,43878.016,12995.53874519304
292188,43878.016,34510.08158356313
292189,43878.016,9155.276773928083
292190,43878.016,24274.474182080343
292191,43878.016,30679.527187258438
292192,43878.016,52373.3532856037
292193,43878.016,55407.2954628158
292194,43878.016,41905.304824713785
292195,43878.016,24606.334690343705
292196,43878.016,6461.156873685668
292197,43878.016,65694.95163949832
292198,43878.016,58253.52684389275
292199,43878.016,51926.592839443634
292200,43878.016,51035.36047616349
292201,43878.016,27423.878397608867
292202,43878.016,19174.12179670063
292203,43878.016,38524.43391371773
292204,43878.016,29920.161875671813
292205,43878.016,16115.538992112019
292206,43878.016,11037.935218228806
292207,43878.016,72066.25298532426
292208,43878.016,52805.45957821622
292209,43878.016,53766.62488727592
292210,43878.016,31970.063944497746
292211,43878.016,28757.30220170621
292212,43878.016,8442.148790204308
292213,43878.016,24176.221455254192
292214,43878.016,121094.70269896103
292215,43878.016,11082.0142371565
292216,43878.016,20448.92349088174
292217,43878.016,26217.473537908554
292218,43878.016,16324.490294618505
292219,43878.016,12949.027281912371
292220,43878.016,52091.462997975956
292221,43878.016,34099.46878581427
292222,43878.016,56084.492817474355
292223,43878.016,43596.7782170436
292224,43878.016,45615.39698831613
292225,43878.016,27111.014921439128
292226,43878.016,57337.535865469334
292227,43878.016,19563.518315900197
292228,43878.016,49704.16874085974
292229,43878.016,56500.492302711005
292230,43878.016,14208.128937907215
292231,43878.016,61742.68178186426
292232,43878.016,41815.73563738973
292233,43878.016,48479.04222667036
292234,43878.016,26459.055215581837
292235,43878.016,14651.04847243086
292236,43878.016,45406.7226653606
292237,43878.016,47259.87473484683
292238,43878.016,65046.48356693353
292239,43878.016,16556.264965225924
292240,43878.016,30451.98056580093
292241,43878.016,63395.089279226326
292242,43878.016,57234.38298951003
292243,43878.016,31947.86442706849
292244,43878.016,16358.824503307012
292245,43878.016,14034.811681989388
292246,43878.016,45938.585049504996
292247,43878.016,34841.98569629214
292248,43878.016,8957.398412393133
292249,43878.016,29585.35159257003
292250,43878.016,38136.230099756365
292251,43878.016,37590.1585773248
292252,43878.016,22693.117816310565
292253,43878.016,45730.20440523477
292254,43878.016,60285.825549087866
292255,43878.016,64195.728648299955
292256,43878.016,65251.74061154002
292257,43878.016,10732.770794618347
292258,43878.016,10063.591391885067
292259,43878.016,41458.597043902184
292260,43878.016,35397.31569638484
292261,43878.016,94017.53675482745
292262,43878.016,19400.340285215472
292263,43878.016,49420.02526880813
292264,43878.016,24778.89682450625
292265,43878.016,39332.88722327218
292266,43878.016,49050.09459061542
292267,43878.016,12209.185371212008
292268,43878.016,23255.093113205367
292269,43878.016,11562.493152284393
292270,43878.016,16126.566241879862
292271,43878.016,37929.598156420565
292272,43878.016,50854.922293946
292273,43878.016,111591.9817335755
292274,43878.016,15146.281409365505
292275,43878.016,47318.21638402595
292276,43878.016,57018.3849195997
292277,43878.016,9247.819195141297
292278,43878.016,16488.21175747419
292279,43878.016,5238.907384515628
292280,43878.016,26248.197734991758
292281,43878.016,24996.35416397915
292282,43878.016,64389.838801998274
292283,43878.016,10135.537040209314
292284,43878.016,14783.114837424142
292285,43878.016,53153.50621427219
292286,43878.016,27092.5067472671
292287,43878.016,24484.526722422062
292288,43878.016,49315.544058029314
292289,43878.016,47586.87667375812
292290,43878.016,81421.2552533922
292291,43878.016,25256.899183231773
292292,43878.016,129044.71758851968
292293,43878.016,20744.137642760732
292294,43878.016,19617.055955179396
292295,43878.016,59577.45115860373
292296,43878.016,10605.649902469095
292297,43878.016,23776.536841243524
292298,43878.016,9326.39685477982
292299,43878.016,20470.564253685294
292300,43878.016,51954.20483049607
292301,43878.016,46883.34597143774
292302,43878.016,46627.96019612042
292303,43878.016,11141.679086827928
292304,43878.016,16555.523361881715
292305,43878.016,33147.20585654968
292306,43878.016,17670.3536418232
292307,43878.016,42463.41725338707
292308,43878.016,57526.84289825178
292309,43878.016,45244.745200324
292310,43878.016,41424.18139967553
292311,43878.016,44187.28189224318
292312,43878.016,11984.438364775919
292313,43878.016,42602.61971120349
292314,43878.016,27040.87923017425
292315,43878.016,11316.5523898695
292316,43878.016,33766.995990181116
292317,43878.016,25568.617318620294
292318,43878.016,27595.00636633176
292319,43878.016,19289.100783461985
292320,43878.016,98375.53900619944
292321,43878.016,18873.358043411976
292322,43878.016,11488.164783299719
292323,43878.016,44346.66851377591
292324,43878.016,41109.181562608406
292325,43878.016,21168.782410876625
292326,43878.016,31221.35948636206
292327,43878.016,28231.923947645682
292328,43878.016,15505.388695643298
292329,43878.016,10448.940640588704
292330,43878.016,52859.315343959584
292331,43878.016,27127.61641285935
292332,43878.016,59015.940649584336
292333,43878.016,54553.58892076499
292334,43878.016,44841.16137513513
292335,43878.016,33501.65062275734
292336,43878.016,23497.214784372594
292337,43878.016,13863.38288249205
292338,43878.016,17825.110176214064
292339,43878.016,28491.236857550088
292340,43878.016,26363.19404573786
292341,43878.016,26607.427262640686
292342,43878.016,14177.45059440907
292343,43878.016,38150.32236108543
292344,43878.016,73427.49577983699
292345,43878.016,38455.63049396956
292346,43878.016,49248.75327604851
292347,43878.016,69891.45061620392
292348,43878.016,35968.23816545254
292349,43878.016,50504.115867873115
292350,43878.016,25327.957995744273
292351,43878.016,28284.09501410209
292352,43878.016,22636.711871483272
292353,43878.016,16117.637766867709
292354,43878.016,40406.54162688415
292355,43878.016,13430.96172251816
292356,43878.016,37325.68284056382
292357,43878.016,53060.05640243897
292358,43878.016,13456.217697078187
292359,43878.016,22724.17184259841
292360,43878.016,37426.20710359015
292361,43878.016,55024.33350223212
292362,43878.016,16073.702427453083
292363,43878.016,8857.12899641543
292364,43878.016,22465.444797642824
292365,43878.016,48506.05182396736
292366,43878.016,25424.46204452785
292367,43878.016,34358.583291412884
292368,43878.016,51944.95082455833
292369,43878.016,75986.30073750876
292370,43878.016,16828.15762987101
292371,43878.016,16574.19710882257
292372,43878.016,66313.75388656526
292373,43878.016,64527.07857548974
292374,43878.016,33640.61522968917
292375,43878.016,16733.420245718207
292376,43878.016,47691.959136173486
292377,43878.016,32120.171388415474
292378,43878.016,48361.33302613372
292379,43878.016,27208.56559830258
292380,43878.016,24608.678740810847
292381,43878.016,25175.66018345146
292382,43878.016,34111.28554090411
292383,43878.016,42306.86252457347
292384,43878.016,20501.325099409074
292385,43878.016,43826.78667557295
292386,43878.016,15093.851189795603
292387,43878.016,46278.2347980246
292388,43878.016,13009.725304193016
292389,43878.016,55295.00715778793
292390,43878.016,51129.24909639214
292391,43878.016,47133.71036689138
292392,43878.016,43457.71686048763
292393,43878.016,12864.194054658126
292394,43878.016,64054.336437061
292395,43878.016,8149.07530082509
292396,43878.016,26564.907693468125
292397,43878.016,51040.592953331645
292398,43878.016,53607.39369234894
292399,43878.016,18517.41593719542
292400,43878.016,24782.964870597723
292401,43878.016,28902.456819170115
292402,43878.016,17160.844911196786
292403,43878.016,35480.86787138458
292404,43878.016,53280.66050191657
292405,43878.016,29489.60632565523
292406,43878.016,44043.001157542785
292407,43878.016,11112.249637306806
292408,43878.016,18486.28939465838
292409,43878.016,17818.43734961874
292410,43878.016,45777.966829942474
292411,43878.016,20732.85819752837
292412,43878.016,8284.367554701315
292413,43878.016,44341.368624835406
292414,43878.016,13358.433423712459
292415,43878.016,61901.08946092569
292416,43878.016,39209.96841875765
292417,43878.016,43954.53012006793
292418,43878.016,67626.82528158693
292419,43878.016,31783.897993343653
292420,43878.016,14028.40383651552
292421,43878.016,37647.657566772126
292422,43878.016,27390.659208692174
292423,43878.016,39040.79347484025
292424,43878.016,46311.428041945524
292425,43878.016,16775.582773570273
292426,43878.016,44201.630883706304
292427,43878.016,56248.34832598505
292428,43878.016,14260.219430336565
292429,43878.016,53491.845439581884
292430,43878.016,21991.012056862422
292431,43878.016,53819.739598811706
292432,43878.016,46506.753820853235
292433,43878.016,36322.04228545392
292434,43878.016,47520.54302410716
292435,43878.016,32867.151632573914
292436,43878.016,42187.366284389085
292437,43878.016,39916.500296524326
292438,43878.016,66623.46940901196
292439,43878.016,12794.252151695991
292440,43878.016,46632.06852204255
292441,43878.016,54513.41725522689
292442,43878.016,32201.095239112223
292443,43878.016,6694.243221991008
292444,43878.016,41958.85395424239
292445,43878.016,79440.01685432887
292446,43878.016,7870.930185293108
292447,43878.016,23091.51330353146
292448,43878.016,14421.356441062791
292449,43878.016,25707.05224257305
292450,43878.016,17830.73231981574
292451,43878.016,26650.267403124853
292452,43878.016,51526.666471048935
292453,43878.016,7943.523504297512
292454,43878.016,52184.777222301826
292455,43878.016,19037.159666595282
292456,43878.016,47324.89555528113
292457,43878.016,5128.356424577124
292458,43878.016,12291.497201132976
292459,43878.016,17719.37253679149
292460,43878.016,46656.42839200976
292461,43878.016,53342.139122604785
292462,43878.016,13622.241036690446
292463,43878.016,51927.34765951602
292464,43878.016,14553.943477385086
292465,43878.016,24801.872476358018
292466,43878.016,49418.99131357728
292467,43878.016,37875.1307702328
292468,43878.016,24084.97513178855
292469,43878.016,39347.71680459339
292470,43878.016,44919.236882658864
292471,43878.016,18887.916966460154
292472,43878.016,30835.426831714867
292473,43878.016,63255.22181463446
292474,43878.016,34431.58568503621
292475,43878.016,37081.590137969615
292476,43878.016,11746.115821880063
292477,43878.016,31239.670723360075
292478,43878.016,52823.34842255425
292479,43878.016,37960.06721816692
292480,43878.016,11968.00668470911
292481,43878.016,56087.62893378297
292482,43878.016,11101.018114994422
292483,43878.016,48943.88049954876
292484,43878.016,28331.745336809843
292485,43878.016,8137.26557834853
292486,43878.016,16338.91621366292
292487,43878.016,41660.70858316362
292488,43878.016,17498.718988047065
292489,43878.016,14204.328983173174
292490,43878.016,64157.54947925544
292491,43878.016,7255.503078807447
292492,43878.016,26366.68675004015
292493,43878.016,53400.274739327324
292494,43878.016,50048.93508081191
292495,43878.016,44031.92487801193
292496,43878.016,54359.95019286172
292497,43878.016,54325.708686165875
292498,43878.016,54233.94284278942
292499,43878.016,30216.329292306127
292500,43878.016,6944.498516030047
292501,43878.016,68498.15429273635
292502,43878.016,11901.660145198752
292503,43878.016,10993.030451740084
292504,43878.016,28459.908933057086
292505,43878.016,20837.207746423635
292506,43878.016,44070.925138082115
292507,43878.016,45885.053976853946
292508,43878.016,72396.01446315263
292509,43878.016,28755.63364238522
292510,43878.016,28104.044105814133
292511,43878.016,46414.86046927823
292512,43878.016,50621.060621628945
292513,43878.016,58513.66717763253
292514,43878.016,45330.54220894978
292515,43878.016,8073.099714445875
292516,43878.016,51786.11930915449
292517,43878.016,24343.2897882467
292518,43878.016,13675.873071272134
292519,43878.016,44677.290164725375
292520,43878.016,31852.180457381735
292521,43878.016,61940.61828300868
292522,43878.016,11810.181261058546
292523,43878.016,44909.151045145576
292524,43878.016,13741.371126932687
292525,43878.016,35602.24184147086
292526,43878.016,6267.568161189057
292527,43878.016,40529.98895879222
292528,43878.016,19636.256172494464
292529,43878.016,18383.24890646427
292530,43878.016,44768.17150142004
292531,43878.016,37851.93303242367
292532,43878.016,37422.876219774305
292533,43878.016,45107.90018133637
292534,43878.016,33244.57472324005
292535,43878.016,61515.54655362501
292536,43878.016,11379.529201695417
292537,43878.016,28309.604143783432
292538,43878.016,17141.409446054786
292539,43878.016,38099.18730395851
292540,43878.016,58691.31985257658
292541,43878.016,30266.914913605735
292542,43878.016,39686.8144320032
292543,43878.016,9059.408743808035
292544,43878.016,52430.52502312389
292545,43878.016,47880.08983896402
292546,43878.016,7856.780302082933
292547,43878.016,34872.6445130482
292548,43878.016,32305.549356835854
292549,43878.016,15043.396714887438
292550,43878.016,51460.73177509246
292551,43878.016,50933.332799042335
292552,43878.016,22136.170388921677
292553,43878.016,12888.328309316996
292554,43878.016,7497.569647305218
292555,43878.016,12215.865508833544
292556,43878.016,30999.855922255912
292557,43878.016,47035.0997292346
292558,43878.016,37816.83171653518
292559,43878.016,26014.713967028456
292560,43878.016,17740.61582069893
292561,43878.016,45177.834986163725
292562,43878.016,46425.474198557
292563,43878.016,26189.92034497218
292564,43878.016,26589.78287473112
292565,43878.016,18959.70259693321
292566,43878.016,20564.96324713322
292567,43878.016,14938.726168915766
292568,43878.016,8774.260237456318
292569,43878.016,57588.94275787687
292570,43878.016,22948.66310273107
292571,43878.016,13356.051264853806
292572,43878.016,22881.397585051818
292573,43878.016,46052.32849781647
292574,43878.016,59153.8771583972
292575,43878.016,29153.33260657368
292576,43878.016,28355.331215679384
292577,43878.016,29733.277375516118
292578,43878.016,28850.286328476253
292579,43878.016,52796.99621991169
292580,43878.016,16209.966456282586
292581,43878.016,27034.03904749023
292582,43878.016,49288.96385899286
292583,43878.016,6300.596320658942
292584,43878.016,13146.17873267793
292585,43878.016,13320.96698417165
292586,43878.016,55711.6021848753
292587,43878.016,32203.935174333248
292588,43878.016,36600.48578268834
292589,43878.016,61502.84029133042
292590,43878.016,51597.090816749886
292591,43878.016,18396.281502582067
292592,43878.016,12861.951099889056
292593,43878.016,22618.79094279275
292594,43878.016,49780.721669002676
292595,43878.016,51028.62414884018
292596,43878.016,45693.21147262675
292597,43878.016,7335.472670725411
292598,43878.016,10611.29341199564
292599,43878.016,27540.60289834619
292600,43878.016,39741.727348155626
292601,43878.016,16946.85732113055
292602,43878.016,45182.23507453019
292603,43878.016,30071.553097369262
292604,43878.016,63734.31977205749
292605,43878.016,48970.793151656944
292606,43878.016,31990.313803790963
292607,43878.016,26696.265552005072
292608,43878.016,43313.14760411848
292609,43878.016,10491.509963185992
292610,43878.016,55904.172676126625
292611,43878.016,33026.94800626257
292612,43878.016,22092.847339480963
292613,43878.016,34267.76361327983
292614,43878.016,24054.073394025974
292615,43878.016,45745.99373546218
292616,43878.016,17414.15134170616
292617,43878.016,5658.234618266695
292618,43878.016,37224.48201016667
292619,43878.016,70935.92636699189
292620,43878.016,56594.32229118527
292621,43878.016,42889.13496253029
292622,43878.016,22951.35899791265
292623,43878.016,19733.1801682907
292624,43878.016,21787.942053310893
292625,43878.016,35117.46327536156
292626,43878.016,51440.342616828304
292627,43878.016,49525.23092233385
292628,43878.016,9416.708204812341
292629,43878.016,18126.914315436
292630,43878.016,18378.68550498257
292631,43878.016,37916.50669221995
292632,43878.016,28468.624868604795
292633,43878.016,21174.083738398374
292634,43878.016,57265.66252430148
292635,43878.016,50866.31176946588
292636,43878.016,45478.27674776373
292637,43878.016,44473.173642100446
292638,43878.016,43843.39074024044
292639,43878.016,55372.423346203825
292640,43878.016,10895.348641601018
292641,43878.016,72883.73883806278
292642,43878.016,40093.048313516665
292643,43878.016,20066.92588998372
292644,43878.016,64258.07690877212
292645,43878.016,39689.491696532146
292646,43878.016,54262.27756789833
292647,43878.016,6146.911115580186
292648,43878.016,51981.242742056755
292649,43878.016,30241.501286668594
292650,43878.016,6656.094991919811
292651,43878.016,30647.034047187644
292652,43878.016,42993.40758228468
292653,43878.016,63432.2372217934
292654,43878.016,31172.886659939464
292655,43878.016,15925.03122656957
292656,43878.016,49759.461772605224
292657,43878.016,55100.32541097936
292658,43878.016,16024.147466977143
292659,43878.016,6217.263744489643
292660,43878.016,9006.46029558998
292661,43878.016,37433.574211285995
292662,43878.016,53890.27275765514
292663,43878.016,28165.039592048954
292664,43878.016,134417.87171702084
292665,43878.016,39871.49561407038
292666,43878.016,14491.240316230089
292667,43878.016,38990.07362781451
292668,43878.016,53045.89274693378
292669,43878.016,12092.353789392668
292670,43878.016,77767.71003290312
292671,43878.016,19001.613233964712
292672,43878.016,39449.30708431602
292673,43878.016,10696.420002906376
292674,43878.016,45680.50613910021
292675,43878.016,49950.46302857796
292676,43878.016,12504.769209129034
292677,43878.016,7273.767827015925
292678,43878.016,52151.085907910674
292679,43878.016,22035.783268938445
292680,43878.016,62584.55118452359
292681,43878.016,9932.131757752628
292682,43878.016,13070.431699962704
292683,43878.016,51482.45958207344
292684,43878.016,28716.1454679524
292685,43878.016,7789.313816557927
292686,43878.016,51203.6986456468
292687,43878.016,37607.88618276471
292688,43878.016,35230.90300504716
292689,43878.016,23081.401027309716
292690,43878.016,43305.64768516268
292691,43878.016,54404.203195497175
292692,43878.016,55193.46722070522
292693,43878.016,26093.95938377744
292694,43878.016,71569.01489262808
292695,43878.016,12641.724160664073
292696,43878.016,19325.43272048142
292697,43878.016,35091.055268579425
292698,43878.016,24142.41348962666
292699,43878.016,17124.735877004954
292700,43878.016,15324.529616129445
292701,43878.016,61071.61979002529
292702,43878.016,19758.458299854858
292703,43878.016,55339.54723495716
292704,43878.016,22591.43732444587
292705,43878.016,33594.625222026814
292706,43878.016,29063.10729099793
292707,43878.016,25260.056768904014
292708,43878.016,31788.333786529503
292709,43878.016,32362.768271949644
292710,43878.016,44945.98524338145
292711,43878.016,29586.39488883797
292712,43878.016,30651.898080435625
292713,43878.016,13725.455822751843
292714,43878.016,41306.572400627985
292715,43878.016,78480.76738561685
292716,43878.016,42595.49844777485
292717,43878.016,34243.927256780924
292718,43878.016,18043.13288286374
292719,43878.016,12289.217361997707
292720,43878.016,59309.383546508456
292721,43878.016,49741.99234776489
292722,43878.016,36939.22619832929
292723,43878.016,12226.350010805081
292724,43878.016,16609.127021331842
292725,43878.016,26086.313708225705
292726,43878.016,14916.995686519389
292727,43878.016,7906.079230466586
292728,43878.016,36306.041562680126
292729,43878.016,49251.338917836205
292730,43878.016,58564.73348366262
292731,43878.016,14841.318695907883
292732,43878.016,14739.004643799273
292733,43878.016,72804.79095761111
292734,43878.016,66545.17395217087
292735,43878.016,11344.844654800072
292736,43878.016,46758.02012124154
292737,43878.016,48380.77753261623
292738,43878.016,39927.01477636951
292739,43878.016,72799.06193317815
292740,43878.016,53629.928741879274
292741,43878.016,10974.751313037212
292742,43878.016,10929.171624752047
292743,43878.016,24263.572284725673
292744,43878.016,39603.03064965821
292745,43878.016,34041.652559863855
292746,43878.016,25919.015074367257
292747,43878.016,45707.73379173753
292748,43878.016,59678.48342095176
292749,43878.016,59305.951369312956
292750,43878.016,42978.81861408367
292751,43878.016,62411.718647863345
292752,43878.016,15997.319562998284
292753,43878.016,18797.188043108104
292754,43878.016,61139.33565483061
292755,43878.016,8023.426497822379
292756,43878.016,9521.54243442417
292757,43878.016,14274.44530696906
292758,43878.016,31736.66684315447
292759,43878.016,46086.33792517446
292760,43878.016,40830.55186088774
292761,43878.016,35869.111407981465
292762,43878.016,56418.49428521404
292763,43878.016,63910.37052296678
292764,43878.016,45970.95830667821
292765,43878.016,35399.340214192875
292766,43878.016,49069.29851052459
292767,43878.016,65049.39551136657
292768,43878.016,11999.66160992
292769,43878.016,58863.55718834962
292770,43878.016,42131.65034503848
292771,43878.016,52057.28468407102
292772,43878.016,17776.1895855652
292773,43878.016,10910.184705610078
292774,43878.016,29830.26180503388
292775,43878.016,21522.81015189837
292776,43878.016,71022.52954992937
292777,43878.016,37014.596582839295
292778,43878.016,15668.971633908639
292779,43878.016,71935.07842717746
292780,43878.016,40850.057914491525
292781,43878.016,27582.502234493182
292782,43878.016,10294.589469752083
292783,43878.016,22783.052592584947
292784,43878.016,17625.703094018747
292785,43878.016,59740.76447599477
292786,43878.016,24562.438111968488
292787,43878.016,47801.179615987065
292788,43878.016,58474.83861792327
292789,43878.016,21335.112602996232
292790,43878.016,15206.03118131607
292791,43878.016,19041.302536409556
292792,43878.016,16293.640584315812
292793,43878.016,58472.46807347366
292794,43878.016,36074.47345107801
292795,43878.016,31754.80601412099
292796,43878.016,23166.283470851613
292797,43878.016,16939.692487516717
292798,43878.016,33199.13929456069
292799,43878.016,26640.547145336957
292800,43878.016,18679.68726388598
292801,43878.016,46905.06216967686
292802,43878.016,44314.73499506231
292803,43878.016,33446.43047031702
292804,43878.016,33560.72249401937
292805,43878.016,18052.31720407269
292806,43878.016,4942.992928473304
292807,43878.016,75924.98037052686
292808,43878.016,60111.31062008917
292809,43878.016,21880.168097457983
292810,43878.016,16356.279855643192
292811,43878.016,14908.576943609058
292812,43878.016,36617.978410442534
292813,43878.016,10188.42332995106
292814,43878.016,9005.639991602708
292815,43878.016,8665.0547796531
292816,43878.016,39638.182793206084
292817,43878.016,5361.788428415767
292818,43878.016,24756.87527529082
292819,43878.016,7639.945274428471
292820,43878.016,58464.54130992205
292821,43878.016,40271.49069373608
292822,43878.016,68094.6112451511
292823,43878.016,47004.56185910924
292824,43878.016,32617.669119861144
292825,43878.016,70674.76433855774
292826,43878.016,38582.310062307326
292827,43878.016,4878.103117086237
292828,43878.016,18140.640975461203
292829,43878.016,50744.79394613482
292830,43878.016,36548.267602094566
292831,43878.016,35460.42883490184
292832,43878.016,32547.92207114937
292833,43878.016,12863.877760659461
292834,43878.016,13745.959972579658
292835,43878.016,9437.2725323268
292836,43878.016,41436.355578389106
292837,43878.016,36354.518529296496
292838,43878.016,33826.253287253545
292839,43878.016,10616.78972219311
292840,43878.016,59211.96087281039
292841,43878.016,19729.878844204144
292842,43878.016,48734.097974226235
292843,43878.016,54238.38712248815
292844,43878.016,24784.83054851549
292845,43878.016,32778.53136548704
292846,43878.016,55502.735895563324
292847,43878.016,25953.59953466687
292848,43878.016,52220.59582009141
292849,43878.016,24668.12704641802
292850,43878.016,22609.12540444199
292851,43878.016,64500.080358140905
292852,43878.016,39698.56543953729
292853,43878.016,23817.562153736922
292854,43878.016,16081.02669247835
292855,43878.016,20326.11487157949
292856,43878.016,54899.5761006973
292857,43878.016,47386.51179117616
292858,43878.016,42009.9653011797
292859,43878.016,9524.824543829456
292860,43878.016,16378.541699163587
292861,43878.016,26330.98778018171
292862,43878.016,23524.297355812552
292863,43878.016,37870.60355346927
292864,43878.016,21591.430199732877
292865,43878.016,47756.999516985845
292866,43878.016,40209.94013304483
292867,43878.016,47263.93881207295
292868,43878.016,36863.686682087704
292869,43878.016,10171.673558604496
292870,43878.016,32661.372029710878
292871,43878.016,50705.797617152966
292872,43878.016,36793.6675557417
292873,43878.016,23752.931441999528
292874,43878.016,5475.02982950234
292875,43878.016,44611.181386186945
292876,43878.016,69981.49163661773
292877,43878.016,53361.56319393307
292878,43878.016,68708.28929625606
292879,43878.016,21664.34768672439
292880,43878.016,25576.251756224367
292881,43878.016,21043.73767378506
292882,43878.016,29393.673290476185
292883,43878.016,36848.72618164534
292884,43878.016,24721.249310679756
292885,43878.016,27906.251089559977
292886,43878.016,21377.790342079308
292887,43878.016,60137.04990493932
292888,43878.016,18932.1801587282
292889,43878.016,7537.560166762673
292890,43878.016,54746.365070704946
292891,43878.016,19653.496263796744
292892,43878.016,9412.354837445366
292893,43878.016,9778.975189431025
292894,43878.016,37240.85809934704
292895,43878.016,55644.62062919072
292896,43878.016,16042.264484031723
292897,43878.016,51080.566711819134
292898,43878.016,38528.67894815324
292899,43878.016,7947.670170457249
292900,43878.016,64279.99959874031
292901,43878.016,60877.60545930743
292902,43878.016,29916.751850130353
292903,43878.016,13956.831102228754
292904,43878.016,36966.764418507206
292905,43878.016,33381.952490394346
292906,43878.016,38330.76363542248
292907,43878.016,13658.484838717246
292908,43878.016,21928.43973281536
292909,43878.016,63158.473393192064
292910,43878.016,44088.32222504033
292911,43878.016,25518.381212780638
292912,43878.016,12045.65008884051
292913,43878.016,27384.61402763337
292914,43878.016,51516.00662011013
292915,43878.016,57941.52042142925
292916,43878.016,42673.96888499025
292917,43878.016,13301.07189478862
292918,43878.016,41645.34533523672
292919,43878.016,28607.061497438233
292920,43878.016,20388.27047639416
292921,43878.016,58441.29485311265
292922,43878.016,67657.42975698145
292923,43878.016,26423.89021608774
292924,43878.016,53533.252077794605
292925,43878.016,29323.678702257894
292926,43878.016,52337.28278124056
292927,43878.016,43956.84138941247
292928,43878.016,14479.081796010947
292929,43878.016,49421.66438742639
292930,43878.016,35296.389798042626
292931,43878.016,61831.84360957335
292932,43878.016,42863.763614033385
292933,43878.016,27674.614400537816
292934,43878.016,20118.823544489867
292935,43878.016,16100.419676241629
292936,43878.016,31821.65990286028
292937,43878.016,57065.54514001172
292938,43878.016,22581.7637702606
292939,43878.016,46153.608782044226
292940,43878.016,16868.67665822929
292941,43878.016,8612.750019361009
292942,43878.016,34755.70883725484
292943,43878.016,49617.60920145009
292944,43878.016,15821.88970677377
292945,43878.016,8271.814391828737
292946,43878.016,38572.36608095803
292947,43878.016,22219.65969334185
292948,43878.016,51831.00697327932
292949,43878.016,11571.288812157172
292950,43878.016,66400.46993727695
292951,43878.016,24488.80248637572
292952,43878.016,18898.178801158094
292953,43878.016,14613.523365607562
292954,43878.016,15761.858365625578
292955,43878.016,53681.708331115595
292956,43878.016,7875.476612880374
292957,43878.016,19112.75526912993
292958,43878.016,37183.83630608385
292959,43878.016,20647.057720798235
292960,43878.016,19138.701785302794
292961,43878.016,43244.942993670295
292962,43878.016,68417.09466832694
292963,43878.016,38988.65940047408
292964,43878.016,55591.70154453793
292965,43878.016,18846.066168352205
292966,43878.016,52187.364687798174
292967,43878.016,19394.678536697647
292968,43878.016,33151.01800960152
292969,43878.016,69169.24238500398
292970,43878.016,59570.075354753215
292971,43878.016,39463.3228091395
292972,43878.016,8660.08022124815
292973,43878.016,15850.843369481207
292974,43878.016,38898.902150980306
292975,43878.016,40529.365599759054
292976,43878.016,40800.612310248835
292977,43878.016,53291.09716306617
292978,43878.016,41280.09847713259
292979,43878.016,24512.33408907132
292980,43878.016,78982.08874276475
292981,43878.016,26570.53877669757
292982,43878.016,51096.604015662655
292983,43878.016,14689.523354634714
292984,43878.016,44084.093898693434
292985,43878.016,19518.303256125644
292986,43878.016,56177.180777107766
292987,43878.016,17507.286715214595
292988,43878.016,37408.120810661894
292989,43878.016,82284.9262191532
292990,43878.016,45684.89987784725
292991,43878.016,44698.41621145861
292992,43878.016,49726.283617116766
292993,43878.016,6510.158985405571
292994,43878.016,56914.040550565325
292995,43878.016,12304.969596464274
292996,43878.016,64244.05697313345
292997,43878.016,19940.200784537486
292998,43878.016,32243.533265334638
292999,43878.016,79628.7325608135
293000,43878.016,55347.35800888616
293001,43878.016,47724.10038057903
293002,43878.016,21217.622646462565
293003,43878.016,50303.25749365405
293004,43878.016,60756.80967561691
293005,43878.016,56618.309886662675
293006,43878.016,11016.090268420265
293007,43878.016,16114.385172530529
293008,43878.016,59913.35120860817
293009,43878.016,12043.582707727284
293010,43878.016,58868.00015576757
293011,43878.016,13407.05398406176
293012,43878.016,15504.38755335318
293013,43878.016,55516.29120388882
293014,43878.016,7290.4394480120045
293015,43878.016,27294.818586429996
293016,43878.016,11498.557031313878
293017,43878.016,17479.126830564073
293018,43878.016,29368.357908147318
293019,43878.016,10148.289624770301
293020,43878.016,11780.892425103752
293021,43878.016,20868.31365399865
293022,43878.016,8596.744959217953
293023,43878.016,20962.65044285923
293024,43878.016,31177.693661905512
293025,43878.016,5750.762208029069
293026,43878.016,66425.78326490472
293027,43878.016,9020.268256904037
293028,43878.016,45684.28045461524
293029,43878.016,56747.7995697048
293030,43878.016,30849.81959142962
293031,43878.016,30398.516054934957
293032,43878.016,14131.957071889143
293033,43878.016,25586.76766815907
293034,43878.016,49030.61434827267
293035,43878.016,11271.01978359513
293036,43878.016,42862.408484754495
293037,43878.016,37826.13877574988
293038,43878.016,22743.11455407607
293039,43878.016,20758.549000502528
293040,43878.016,33592.867114847875
293041,43878.016,57045.288435815724
293042,43878.016,14036.398579227725
293043,43878.016,34288.68133524854
293044,43878.016,64675.67440198347
293045,43878.016,54073.64925541903
293046,43878.016,24732.215105566247
293047,43878.016,25216.777115901572
293048,43878.016,42018.36978091378
293049,43878.016,73148.85222127511
293050,43878.016,36326.60241649384
293051,43878.016,10291.607030037154
293052,43878.016,17022.22817098446
293053,43878.016,39581.808624436366
293054,43878.016,18208.044169868263
293055,43878.016,46490.43874967616
293056,43878.016,57815.60206190735
293057,43878.016,8812.664917182152
293058,43878.016,21662.613898032516
293059,43878.016,27677.24339958054
293060,43878.016,51893.51655494945
293061,43878.016,23725.355718627005
293062,43878.016,23207.581881669314
293063,43878.016,14990.971680190469
293064,43878.016,36454.71365676775
293065,43878.016,13050.810509004532
293066,43878.016,60333.2903226788
293067,43878.016,36772.37019266062
293068,43878.016,25368.26592008087
293069,43878.016,54069.918134017535
293070,43878.016,5878.560909220925
293071,43878.016,18212.549905147247
293072,43878.016,19904.915910424923
293073,43878.016,31145.682777655016
293074,43878.016,56291.45283997072
293075,43878.016,52620.91402280188
293076,43878.016,25006.992341897847
293077,43878.016,8131.503358472373
293078,43878.016,21143.242240288106
293079,43878.016,25443.779049992958
293080,43878.016,38139.336592793334
293081,43878.016,30080.973931880908
293082,43878.016,63266.4333725249
293083,43878.016,67966.7055167394
293084,43878.016,20293.17921275385
293085,43878.016,68607.82195507587
293086,43878.016,13923.469932028203
293087,43878.016,76142.55946751688
293088,43878.016,54244.85693200973
293089,43878.016,30357.78056047294
293090,43878.016,42446.665030598684
293091,43878.016,32943.04812264511
293092,43878.016,13659.953610590881
293093,43878.016,42622.050499104465
293094,43878.016,64301.07441119508
293095,43878.016,14028.893364016187
293096,43878.016,40159.44372981742
293097,43878.016,26197.26426511444
293098,43878.016,31086.774624275804
293099,43878.016,53318.092650770996
293100,43878.016,34478.23009706762
293101,43878.016,12105.15172917659
293102,43878.016,7636.735872514653
293103,43878.016,48199.8574125912
293104,43878.016,51933.59135504403
293105,43878.016,15285.068136547847
293106,43878.016,85593.56636949614
293107,43878.016,20476.31019429962
293108,43878.016,49348.1713276513
293109,43878.016,21177.485163038677
293110,43878.016,12893.501965911193
293111,43878.016,29364.390579018793
293112,43878.016,25261.964697368876
293113,43878.016,24553.34892696807
293114,43878.016,28182.045817706687
293115,43878.016,29456.516412120378
293116,43878.016,30537.654159461017
293117,43878.016,16321.923857599797
293118,43878.016,53461.34302207541
293119,43878.016,15743.09876930481
293120,43878.016,26752.843470280113
293121,43878.016,47615.61646096555
293122,43878.016,53686.03153362385
293123,43878.016,43617.61067713623
293124,43878.016,32340.35630548307
293125,43878.016,15406.19835890074
293126,43878.016,10295.216993489268
293127,43878.016,33037.226261754244
293128,43878.016,79878.42730952577
293129,43878.016,26731.913272261343
293130,43878.016,22552.723165419997
293131,43878.016,35261.85084433349
293132,43878.016,56585.33766451199
293133,43878.016,63464.321858793795
293134,43878.016,21217.319212373026
293135,43878.016,64562.74241443332
293136,43878.016,33944.395780767074
293137,43878.016,26334.91283741112
293138,43878.016,52236.36439687758
293139,43878.016,29888.17027126872
293140,43878.016,69297.59231689251
293141,43878.016,26191.095989964913
293142,43878.016,57453.984781843516
293143,43878.016,64439.6002556206
293144,43878.016,12708.05801298361
293145,43878.016,21936.621371820816
293146,43878.016,16857.75674685743
293147,43878.016,32013.384849560534
293148,43878.016,49931.62316250732
293149,43878.016,16850.09264382043
293150,43878.016,7772.5612157647
293151,43878.016,64309.44323290213
293152,43878.016,46462.344467876785
293153,43878.016,55937.111505633766
293154,43878.016,81530.37792090804
293155,43878.016,54373.40473576665
293156,43878.016,32085.913144005783
293157,43878.016,46679.69666936369
293158,43878.016,26212.760335204584
293159,43878.016,21991.075946255387
293160,43878.016,38267.570681659745
293161,43878.016,62583.721522559965
293162,43878.016,49700.61463787851
293163,43878.016,43706.69038584316
293164,43878.016,65038.96928472792
293165,43878.016,13985.448555910072
293166,43878.016,59374.189008439644
293167,43878.016,13455.101108865161
293168,43878.016,28102.262452964347
293169,43878.016,16023.137194803296
293170,43878.016,12045.453534912342
293171,43878.016,26163.543444201438
293172,43878.016,41630.73066955378
293173,43878.016,32215.55268961931
293174,43878.016,36531.56919028841
293175,43878.016,43406.28619506126
293176,43878.016,23485.999578608385
293177,43878.016,21799.63594867043
293178,43878.016,25057.58054394325
293179,43878.016,41064.302317185604
293180,43878.016,24632.186303728664
293181,43878.016,25555.677099684246
293182,43878.016,11830.159887418964
293183,43878.016,10765.913736892708
293184,43878.016,31779.00765123611
293185,43878.016,27380.38745389206
293186,43878.016,13178.655612565144
293187,43878.016,70010.23719587894
293188,43878.016,49713.917711513845
293189,43878.016,39782.56074386031
293190,43878.016,59022.90396821702
293191,43878.016,49702.86843490087
293192,43878.016,64219.479326260785
293193,43878.016,24162.607563190148
293194,43878.016,47545.98907537552
293195,43878.016,55176.439444047224
293196,43878.016,13288.530600259535
293197,43878.016,21155.101294474545
293198,43878.016,65380.8905372925
293199,43878.016,98459.56461536126
293200,43878.016,52481.11163199224
293201,43878.016,29755.860202997108
293202,43878.016,46977.20464000696
293203,43878.016,48112.14291104455
293204,43878.016,32383.818046422533
293205,43878.016,38108.577160240224
293206,43878.016,17281.201978547157
293207,43878.016,69555.69637056525
293208,43878.016,78269.55228235874
293209,43878.016,31290.645135643834
293210,43878.016,30211.107447751594
293211,43878.016,25312.075288192464
293212,43878.016,68030.73248358617
293213,43878.016,12360.780515142313
293214,43878.016,55058.08139324968
293215,43878.016,10974.773967957546
293216,43878.016,53248.48069988925
293217,43878.016,10203.880530232813
293218,43878.016,22144.3861553385
293219,43878.016,15639.493123495069
293220,43878.016,32777.440492805756
293221,43878.016,54094.00463898551
293222,43878.016,21405.841924238255
293223,43878.016,35610.34123499191
293224,43878.016,46547.84442548605
293225,43878.016,39718.45319547689
293226,43878.016,16173.115211351373
293227,43878.016,54167.58219319958
293228,43878.016,17935.213086883243
293229,43878.016,7249.901094751816
293230,43878.016,47111.380926510334
293231,43878.016,57050.53262903134
293232,43878.016,22759.99373354163
293233,43878.016,76495.79009818802
293234,43878.016,42127.18494712812
293235,43878.016,38927.70136113328
293236,43878.016,63689.1794158546
293237,43878.016,39496.44696613471
293238,43878.016,65628.67894885335
293239,43878.016,16814.172586536806
293240,43878.016,13306.86904579086
293241,43878.016,79972.38748564509
293242,43878.016,41325.25862149181
293243,43878.016,21644.039115759377
293244,43878.016,30727.837228194523
293245,43878.016,39393.86430414458
293246,43878.016,29637.008805516507
293247,43878.016,36110.94986943349
293248,43878.016,11911.54701746953
293249,43878.016,8979.90639837076
293250,43878.016,11161.11587538144
293251,43878.016,65225.35942002394
293252,43878.016,34192.94141675995
293253,43878.016,26262.668142199123
293254,43878.016,9739.996603891725
293255,43878.016,12685.984105715232
293256,43878.016,12486.681034654752
293257,43878.016,52564.40214788534
293258,43878.016,45190.824349118346
293259,43878.016,11148.812135188453
293260,43878.016,18754.445964560684
293261,43878.016,40951.212736858986
293262,43878.016,71877.49254059284
293263,43878.016,44281.74283764535
293264,43878.016,56031.55317138194
293265,43878.016,16070.236159091543
293266,43878.016,29611.44672344572
293267,43878.016,16791.087001956468
293268,43878.016,7408.078513157492
293269,43878.016,17087.489124734362
293270,43878.016,17737.680243011735
293271,43878.016,9334.846896032797
293272,43878.016,36504.47798548914
293273,43878.016,77240.46987879272
293274,43878.016,11076.74340813397
293275,43878.016,39615.47637728804
293276,43878.016,11707.37469631288
293277,43878.016,71755.91425888501
293278,43878.016,36079.72708162095
293279,43878.016,35994.13309580636
293280,43878.016,22268.777526006506
293281,43878.016,48766.49416780001
293282,43878.016,51798.992936203904
293283,43878.016,32179.623705568145
293284,43878.016,21043.215709315235
293285,43878.016,33927.32030642453
293286,43878.016,38865.49163087532
293287,43878.016,13269.274165505478
293288,43878.016,33809.58029266497
293289,43878.016,16787.999926470453
293290,43878.016,65838.10729331472
293291,43878.016,28707.061987541165
293292,43878.016,34326.949993100825
293293,43878.016,7617.515953194982
293294,43878.016,79964.12203253107
293295,43878.016,94895.84091202308
293296,43878.016,24210.951683569983
293297,43878.016,32232.08647987816
293298,43878.016,30730.016246963616
293299,43878.016,27762.592975342806
293300,43878.016,67107.98543664278
293301,43878.016,16976.505459060187
293302,43878.016,18901.026771066397
293303,43878.016,50551.35953871671
293304,43878.016,42567.88494804374
293305,43878.016,13978.508428339721
293306,43878.016,26446.723736038814
293307,43878.016,30934.20164525186
293308,43878.016,16633.667800432595
293309,43878.016,49535.72682312491
293310,43878.016,19211.32646800369
293311,43878.016,12292.755836535032
293312,43878.016,58980.93944577178
293313,43878.016,11868.879587917023
293314,43878.016,14874.643303279798
293315,43878.016,23569.092777974773
293316,43878.016,56687.3076229502
293317,43878.016,54947.07278635309
293318,43878.016,12425.054610365094
293319,43878.016,27540.182124530562
293320,43878.016,37877.426333895455
293321,43878.016,64577.796797779876
293322,43878.016,19327.825742146055
293323,43878.016,26668.30763751179
293324,43878.016,33861.056301615994
293325,43878.016,83074.8506630147
293326,43878.016,33404.1046772998
293327,43878.016,28668.67600365951
293328,43878.016,15073.263097517396
293329,43878.016,49513.03743117576
293330,43878.016,33301.937786081486
293331,43878.016,23113.616561788254
293332,43878.016,44108.86121237348
293333,43878.016,75436.6832116007
293334,43878.016,11399.30772360234
293335,43878.016,14459.253212785143
293336,43878.016,17437.68946175002
293337,43878.016,12455.5555323023
293338,43878.016,23274.6989364954
293339,43878.016,43415.567946138435
293340,43878.016,27621.788552474733
293341,43878.016,57799.33212025287
293342,43878.016,45664.33211326105
293343,43878.016,35238.61861311453
293344,43878.016,23062.344415049447
293345,43878.016,40708.83461935872
293346,43878.016,25387.01758968677
293347,43878.016,33165.27872022249
293348,43878.016,30029.209072473408
293349,43878.016,20021.76109079931
293350,43878.016,42195.85569449728
293351,43878.016,28461.99888165371
293352,43878.016,12498.402947502907
293353,43878.016,34300.49563175237
293354,43878.016,42586.332413835924
293355,43878.016,8148.272128565036
293356,43878.016,8067.891554983222
293357,43878.016,43563.46292223601
293358,43878.016,58483.79395996468
293359,43878.016,32442.060325662922
293360,43878.016,48876.01632693404
293361,43878.016,36956.26796395618
293362,43878.016,18897.673620253136
293363,43878.016,15090.468953171348
293364,43878.016,57584.61139623413
293365,43878.016,4927.070638297524
293366,43878.016,48943.545826842485
293367,43878.016,8315.269921308472
293368,43878.016,32757.37962695562
293369,43878.016,44139.765619654696
293370,43878.016,25971.85004403513
293371,43878.016,31905.88805653236
293372,43878.016,48844.329675403766
293373,43878.016,50832.327406101715
293374,43878.016,22758.58501268708
293375,43878.016,42092.035168435046
293376,43878.016,55394.89470915049
293377,43878.016,32963.859603423785
293378,43878.016,35322.02075055759
293379,43878.016,31264.786927730667
293380,43878.016,68746.71747862079
293381,43878.016,31109.551394148948
293382,43878.016,22761.739820984283
293383,43878.016,51633.028676227215
293384,43878.016,23818.553704192793
293385,43878.016,49835.45610785891
293386,43878.016,32724.522441124227
293387,43878.016,12978.153020600172
293388,43878.016,19341.044859079262
293389,43878.016,52372.664536224154
293390,43878.016,15152.809030346178
293391,43878.016,49709.993733759686
293392,43878.016,41316.7361147316
293393,43878.016,10259.277448561414
293394,43878.016,55725.86605989212
293395,43878.016,26679.4450473124
293396,43878.016,43675.74723421442
293397,43878.016,48824.633786775354
293398,43878.016,16692.08344694138
293399,43878.016,97602.97881353532
293400,43878.016,16403.476570569343
293401,43878.016,35932.54764639928
293402,43878.016,25280.515439861618
293403,43878.016,22496.18014724584
293404,43878.016,51275.05636401991
293405,43878.016,20481.90634453567
293406,43878.016,44987.40618882838
293407,43878.016,64617.06255512351
293408,43878.016,53841.10399858051
293409,43878.016,11258.90918498196
293410,43878.016,36321.64225603807
293411,43878.016,32566.171047581523
293412,43878.016,16851.79524224212
293413,43878.016,29354.788733354977
293414,43878.016,39707.0332491043
293415,43878.016,33787.529188676825
293416,43878.016,60184.457943460075
293417,43878.016,34389.43230069751
293418,43878.016,46920.675460407816
293419,43878.016,48981.581291432776
293420,43878.016,37452.89824912972
293421,43878.016,19253.073487787467
293422,43878.016,27119.294322073925
293423,43878.016,59148.69799615919
293424,43878.016,41616.27661333438
293425,43878.016,77845.27901527761
293426,43878.016,48711.636712457286
293427,43878.016,45728.44214496991
293428,43878.016,12782.66708523275
293429,43878.016,55642.89161983765
293430,43878.016,21782.064929587665
293431,43878.016,53911.75897977855
293432,43878.016,25963.17633227461
293433,43878.016,20747.50904959671
293434,43878.016,56016.19710032758
293435,43878.016,53162.78263143248
293436,43878.016,21446.341784738805
293437,43878.016,7219.4540340952135
293438,43878.016,92875.34679693186
293439,43878.016,14611.704704089636
293440,43878.016,51419.32427148918
293441,43878.016,49763.368992711665
293442,43878.016,53097.43242389383
293443,43878.016,36156.789608099614
293444,43878.016,34334.488001120306
293445,43878.016,36565.61583595876
293446,43878.016,31543.549614425094
293447,43878.016,34229.54710131927
293448,43878.016,37446.63836857834
293449,43878.016,19554.481725302965
293450,43878.016,10847.255425178202
293451,43878.016,50609.46000007962
293452,43878.016,57271.410066679506
293453,43878.016,56461.7782410443
293454,43878.016,12141.570292673901
293455,43878.016,8464.518990134637
293456,43878.016,7791.337247785229
293457,43878.016,50164.17494580309
293458,43878.016,54762.42584702511
293459,43878.016,71547.18386542414
293460,43878.016,12270.648975919115
293461,43878.016,9399.670304747417
293462,43878.016,24920.518390188852
293463,43878.016,43893.62899489538
293464,43878.016,17561.52087750736
293465,43878.016,68187.20799737064
293466,43878.016,6931.423773593945
293467,43878.016,16008.628883802268
293468,43878.016,55784.497030939645
293469,43878.016,68516.37004140668
293470,43878.016,48483.29708433422
293471,43878.016,14774.69746947586
293472,43878.016,39182.025648285315
293473,43878.016,65891.74251163627
293474,43878.016,30290.210623615083
293475,43878.016,18889.209743801537
293476,43878.016,25343.36530289421
293477,43878.016,25975.463560145818
293478,43878.016,21968.90347391358
293479,43878.016,21465.105711984816
293480,43878.016,20015.1303398933
293481,43878.016,38738.537201452484
293482,43878.016,46947.971971532264
293483,43878.016,58834.34422943602
293484,43878.016,33495.46494927907
293485,43878.016,20437.32950759227
293486,43878.016,13018.080980045788
293487,43878.016,30683.694939876576
293488,43878.016,55446.850191875565
293489,43878.016,45487.66468701995
293490,43878.016,10942.027076369264
293491,43878.016,13484.698042138736
293492,43878.016,41637.51894981438
293493,43878.016,15290.069167395792
293494,43878.016,27590.00844025281
293495,43878.016,49124.66270018249
293496,43878.016,59545.72183475448
293497,43878.016,76270.84307877088
293498,43878.016,61668.873316318
293499,43878.016,52917.8325288467
293500,43878.016,26485.716736421495
293501,43878.016,35043.919910595265
293502,43878.016,30344.17152578948
293503,43878.016,6867.412767846463
293504,43878.016,10942.224342809466
293505,43878.016,11385.160699467602
293506,43878.016,66509.40706675706
293507,43878.016,46347.96090032893
293508,43878.016,50283.91092482669
293509,43878.016,32869.81365963466
293510,43878.016,19523.016681864705
293511,43878.016,12842.078193586887
293512,43878.016,46418.769733282796
293513,43878.016,23167.860132581412
293514,43878.016,58573.79970989893
293515,43878.016,39197.73552857248
293516,43878.016,47041.50588220563
293517,43878.016,41005.03296468832
293518,43878.016,25336.72740187171
293519,43878.016,48533.89504125305
293520,43878.016,24825.46810058614
293521,43878.016,51239.24552543643
293522,43878.016,49174.61699010617
293523,43878.016,24503.05262634774
293524,43878.016,37934.55320841662
293525,43878.016,35798.051166523306
293526,43878.016,8988.627698837361
293527,43878.016,9325.32845624735
293528,43878.016,47447.52428967355
293529,43878.016,61177.24434716247
293530,43878.016,26363.30390200567
293531,43878.016,27565.162351176667
293532,43878.016,41945.861381319075
293533,43878.016,23246.823636337336
293534,43878.016,27820.12736893748
293535,43878.016,63576.46003025225
293536,43878.016,38406.27339573358
293537,43878.016,78273.44076966032
293538,43878.016,60449.34678848328
293539,43878.016,48168.47531375969
293540,43878.016,14570.52309511981
293541,43878.016,34489.44897499231
293542,43878.016,51707.21652470513
293543,43878.016,23515.07950269541
293544,43878.016,23157.981839034353
293545,43878.016,9020.545312250199
293546,43878.016,49397.19946171083
293547,43878.016,21209.353312203184
293548,43878.016,36251.346991718645
293549,43878.016,16343.678997144529
293550,43878.016,13295.719448175527
293551,43878.016,9712.514475661505
293552,43878.016,23530.49927838353
293553,43878.016,25516.756847714856
293554,43878.016,43092.505831015485
293555,43878.016,14939.33929007867
293556,43878.016,16979.695679162713
293557,43878.016,11020.97501876334
293558,43878.016,38066.09628314454
293559,43878.016,54821.55777015965
293560,43878.016,18328.323392798633
293561,43878.016,21012.137483161983
293562,43878.016,40380.05921121962
293563,43878.016,25539.845626440754
293564,43878.016,36213.082176480806
293565,43878.016,7951.727283032216
293566,43878.016,11337.162109354966
293567,43878.016,29178.49829887974
293568,43878.016,14169.744473109802
293569,43878.016,13472.769931872934
293570,43878.016,25578.27541079796
293571,43878.016,25957.715292161087
293572,43878.016,14721.152972727126
293573,43878.016,13009.687134583446
293574,43878.016,36339.38482735996
293575,43878.016,9385.96968312031
293576,43878.016,54628.402222312885
293577,43878.016,6794.09325521378
293578,43878.016,40499.04771693648
293579,43878.016,46691.218203012555
293580,43878.016,73077.3331669694
293581,43878.016,13994.444570164538
293582,43878.016,50415.80258306786
293583,43878.016,15978.047503788794
293584,43878.016,61624.25682217353
293585,43878.016,10331.767011127047
293586,43878.016,27254.421890463487
293587,43878.016,25006.589023087625
293588,43878.016,61651.89796043158
293589,43878.016,35094.12623996183
293590,43878.016,29504.46659017016
293591,43878.016,20038.356824879724
293592,43878.016,15245.087095432847
293593,43878.016,11300.276233752
293594,43878.016,22204.624991711666
293595,43878.016,48775.39236141822
293596,43878.016,84663.99825157218
293597,43878.016,18054.84821803721
293598,43878.016,9703.16809841908
293599,43878.016,33768.36430492332
293600,43878.016,6327.243301143463
293601,43878.016,42902.936119402235
293602,43878.016,15238.325706097261
293603,43878.016,58753.78507881403
293604,43878.016,16336.574192970036
293605,43878.016,38319.73433304468
293606,43878.016,16577.34487948097
293607,43878.016,19331.47299458633
293608,43878.016,9649.669568520809
293609,43878.016,15678.793463171029
293610,43878.016,56701.40235566211
293611,43878.016,118159.82580263664
293612,43878.016,15048.87398452307
293613,43878.016,7158.3133181506
293614,43878.016,6484.350322093916
293615,43878.016,75261.20517229883
293616,43878.016,44268.77456041847
293617,43878.016,55901.88304387756
293618,43878.016,70048.82983205342
293619,43878.016,15258.055504615797
293620,43878.016,7038.80516985675
293621,43878.016,18359.637981190892
293622,43878.016,14751.804056267125
293623,43878.016,36076.18910412792
293624,43878.016,31330.32250784883
293625,43878.016,56931.57951503187
293626,43878.016,45380.228550334476
293627,43878.016,12904.638088503361
293628,43878.016,22745.258123449123
293629,43878.016,38417.36811403914
293630,43878.016,98183.19273201645
293631,43878.016,76670.25556163814
293632,43878.016,46167.95927735525
293633,43878.016,59835.28147377081
293634,43878.016,50023.532756832225
293635,43878.016,16776.41699179425
293636,43878.016,46009.85060382786
293637,43878.016,57967.71818713551
293638,43878.016,40763.88352986384
293639,43878.016,13462.49239143478
293640,43878.016,23380.178496569144
293641,43878.016,53978.95054296127
293642,43878.016,7465.057564057277
293643,43878.016,22105.722747944867
293644,43878.016,21162.832978157905
293645,43878.016,26608.3185552759
293646,43878.016,22715.782556096947
293647,43878.016,23994.63108359352
293648,43878.016,35656.51543776367
293649,43878.016,52842.84305724414
293650,43878.016,4752.897404720984
293651,43878.016,21095.719354176403
293652,43878.016,119224.35076523134
293653,43878.016,45309.32662199337
293654,43878.016,18086.480160639796
293655,43878.016,26479.547177382246
293656,43878.016,17480.908591310872
293657,43878.016,54184.24570512125
293658,43878.016,20698.34915009861
293659,43878.016,49166.512878077636
293660,43878.016,30508.919544907483
293661,43878.016,50876.000740500334
293662,43878.016,45241.17142218021
293663,43878.016,10053.34510048599
293664,43878.016,6790.676405778772
293665,43878.016,22998.94891933639
293666,43878.016,13422.039479754887
293667,43878.016,20438.657319129423
293668,43878.016,42165.71823923615
293669,43878.016,13815.039492469126
293670,43878.016,46782.13134457546
293671,43878.016,26576.333661141423
293672,43878.016,25244.764662957976
293673,43878.016,37803.673790513094
293674,43878.016,35733.925201233826
293675,43878.016,37200.021746711296
293676,43878.016,46181.37278238536
293677,43878.016,63045.474932113706
293678,43878.016,51388.143287404084
293679,43878.016,26636.576790410614
293680,43878.016,60230.84451248702
293681,43878.016,49501.3943832601
293682,43878.016,80452.6296906168
293683,43878.016,13644.688920775594
293684,43878.016,66375.57811610286
293685,43878.016,14562.41446293972
293686,43878.016,65438.85459478133
293687,43878.016,50603.55055884881
293688,43878.016,63263.85063896165
293689,43878.016,13761.704471661917
293690,43878.016,31963.724740088255
293691,43878.016,10790.600990930381
293692,43878.016,40609.93762626146
293693,43878.016,75361.82141519884
293694,43878.016,50868.534764522185
293695,43878.016,46612.623058222205
293696,43878.016,26627.259356060244
293697,43878.016,29282.714926623292
293698,43878.016,39564.48505304106
293699,43878.016,35399.522930910716
293700,43878.016,8806.577183725009
293701,43878.016,38380.23732592143
293702,43878.016,60313.438543845725
293703,43878.016,33878.703781873985
293704,43878.016,8013.150179638884
293705,43878.016,30177.16005646221
293706,43878.016,33197.121295615165
293707,43878.016,44701.38240558621
293708,43878.016,10341.391213962364
293709,43878.016,74992.9326595436
293710,43878.016,51138.7627237031
293711,43878.016,16914.964427367886
293712,43878.016,16882.839663572908
293713,43878.016,42774.12668069525
293714,43878.016,84189.8797336878
293715,43878.016,50254.42449718836
293716,43878.016,51104.71829863675
293717,43878.016,46031.69238783476
293718,43878.016,52728.75422943436
293719,43878.016,45667.42660132447
293720,43878.016,19318.63077325821
293721,43878.016,13960.86528333819
293722,43878.016,22688.89447513895
293723,43878.016,29596.60520710082
293724,43878.016,7576.548264340978
293725,43878.016,50912.651001394515
293726,43878.016,43726.00982277176
293727,43878.016,25973.716231103528
293728,43878.016,32738.6965388491
293729,43878.016,40929.386899539626
293730,43878.016,20816.531288349062
293731,43878.016,47320.46661149823
293732,43878.016,15346.47479539924
293733,43878.016,59813.04484301215
293734,43878.016,12224.127913309552
293735,43878.016,24179.76364005784
293736,43878.016,16212.337869875273
293737,43878.016,45633.32032031066
293738,43878.016,20564.99226611116
293739,43878.016,16985.906019037902
293740,43878.016,9926.169131042501
293741,43878.016,11913.598406536508
293742,43878.016,17667.3275036585
293743,43878.016,35537.541543322164
293744,43878.016,41049.55622182191
293745,43878.016,25242.842595301012
293746,43878.016,8291.572988817192
293747,43878.016,25284.834664191894
293748,43878.016,21684.054196618876
293749,43878.016,21108.109262696868
293750,43878.016,59759.17208042499
293751,43878.016,56720.23365720224
293752,43878.016,46194.974746771906
293753,43878.016,42109.66533782022
293754,43878.016,53612.9089663394
293755,43878.016,30418.461191131937
293756,43878.016,21649.638735799283
293757,43878.016,50411.14195282871
293758,43878.016,18199.002939581173
293759,43878.016,10639.866037918388
293760,43878.016,33083.04673474145
293761,43878.016,13361.671971421143
293762,43878.016,28348.593236314427
293763,43878.016,32671.45893460385
293764,43878.016,69932.36781931414
293765,43878.016,5032.470468870558
293766,43878.016,47748.55727022396
293767,43878.016,36710.16137627167
293768,43878.016,17936.102350341313
293769,43878.016,31022.38172415187
293770,43878.016,47888.40686343967
293771,43878.016,27301.730789147707
293772,43878.016,9285.005804132517
293773,43878.016,34979.858572313744
293774,43878.016,19700.15407377971
293775,43878.016,48161.41157355867
293776,43878.016,36305.83466846392
293777,43878.016,51503.738244615386
293778,43878.016,42087.00480366195
293779,43878.016,69953.75293256374
293780,43878.016,36015.734889501604
293781,43878.016,30023.54340802272
293782,43878.016,48652.64385795079
293783,43878.016,6040.1129245931415
293784,43878.016,55008.18839931375
293785,43878.016,26316.390557726663
293786,43878.016,27639.874129552645
293787,43878.016,57616.72536802811
293788,43878.016,78368.4760256202
293789,43878.016,24851.347705201904
293790,43878.016,9584.32798069833
293791,43878.016,18187.264932386483
293792,43878.016,44653.46081854992
293793,43878.016,48855.170551740615
293794,43878.016,26198.812422106974
293795,43878.016,7834.955560426934
293796,43878.016,58709.357124244154
293797,43878.016,29182.07073799474
293798,43878.016,44541.01663139706
293799,43878.016,61142.34516695053
293800,43878.016,54405.83058760198
293801,43878.016,81562.87319463713
293802,43878.016,87396.3059745827
293803,43878.016,43115.79999725407
293804,43878.016,24066.59429705391
293805,43878.016,18673.848538531853
293806,43878.016,32892.367026078326
293807,43878.016,49224.37600631245
293808,43878.016,25130.897220335115
293809,43878.016,11874.392503453144
293810,43878.016,49050.94921339225
293811,43878.016,18786.96654293282
293812,43878.016,26431.895236239307
293813,43878.016,55465.55523901533
293814,43878.016,35205.6369505773
293815,43878.016,66747.62835321901
293816,43878.016,23781.105578899285
293817,43878.016,20261.176865745205
293818,43878.016,6003.76543515973
293819,43878.016,15116.481242398728
293820,43878.016,54895.59178888105
293821,43878.016,14720.301115202632
293822,43878.016,16650.633243508048
293823,43878.016,46115.851697143306
293824,43878.016,15491.754713697528
293825,43878.016,26701.698277117564
293826,43878.016,29888.651131354367
293827,43878.016,25411.399045696806
293828,43878.016,43259.09433821513
293829,43878.016,24277.218243159674
293830,43878.016,28178.12280261572
293831,43878.016,37773.61076828722
293832,43878.016,12051.511620861549
293833,43878.016,15393.318409973823
293834,43878.016,34957.75344475563
293835,43878.016,37607.97421848714
293836,43878.016,13886.333653578013
293837,43878.016,55050.79972533767
293838,43878.016,53527.21583512932
293839,43878.016,14898.565772555878
293840,43878.016,35786.74873264459
293841,43878.016,59085.25562621863
293842,43878.016,34894.43209042652
293843,43878.016,53935.560538369115
293844,43878.016,21130.494880379636
293845,43878.016,16104.381060986967
293846,43878.016,7740.644747330185
293847,43878.016,8160.786973186652
293848,43878.016,55041.172158258254
293849,43878.016,7733.3440452287305
293850,43878.016,43902.08791276992
293851,43878.016,44490.70876923692
293852,43878.016,34547.984401537295
293853,43878.016,41541.085900410646
293854,43878.016,46495.30636688412
293855,43878.016,32104.413462557455
293856,43878.016,10144.166364013134
293857,43878.016,71003.61760879323
293858,43878.016,18160.110056385955
293859,43878.016,86256.14690253224
293860,43878.016,26223.52692152245
293861,43878.016,19387.39760458264
293862,43878.016,15296.534517023338
293863,43878.016,21824.10651979004
293864,43878.016,61814.27717336007
293865,43878.016,10706.229409977692
293866,43878.016,51149.32835381999
293867,43878.016,10900.115834090731
293868,43878.016,69482.77329955774
293869,43878.016,35786.60004104307
293870,43878.016,34665.56910595159
293871,43878.016,63423.35964563689
293872,43878.016,6524.47655718424
293873,43878.016,7370.11708093318
293874,43878.016,66926.60506791597
293875,43878.016,29107.85719069789
293876,43878.016,15291.882286303173
293877,43878.016,57302.41144689229
293878,43878.016,21617.135672045326
293879,43878.016,33502.102776487336
293880,43878.016,60767.19455625763
293881,43878.016,10639.474632589528
293882,43878.016,21438.685462562767
293883,43878.016,24479.99444233761
293884,43878.016,39068.953527732665
293885,43878.016,52159.35326194539
293886,43878.016,47436.64457255553
293887,43878.016,69233.04659401
293888,43878.016,47649.98584614111
293889,43878.016,31764.30739677449
293890,43878.016,9606.7992197883
293891,43878.016,17650.330540252056
293892,43878.016,9451.814363311327
293893,43878.016,119532.67085566488
293894,43878.016,38202.357202352105
293895,43878.016,7592.113974441218
293896,43878.016,18313.81601822229
293897,43878.016,18471.83365610281
293898,43878.016,44467.30149212382
293899,43878.016,16276.71561193842
293900,43878.016,35769.64872936193
293901,43878.016,14147.320590175346
293902,43878.016,17428.467202594446
293903,43878.016,47005.332199895405
293904,43878.016,42074.94577155054
293905,43878.016,45124.82521620795
293906,43878.016,36000.17988767147
293907,43878.016,26429.020872292596
293908,43878.016,63711.29435423832
293909,43878.016,29648.46391596002
293910,43878.016,35641.29490785789
293911,43878.016,30934.082202399444
293912,43878.016,61249.871174340995
293913,43878.016,73566.28446282583
293914,43878.016,21491.449878562395
293915,43878.016,47473.75822724683
293916,43878.016,32154.907884251515
293917,43878.016,55100.55955197604
293918,43878.016,41233.31828438837
293919,43878.016,68424.88272650364
293920,43878.016,28673.29528799421
293921,43878.016,10017.296109540466
293922,43878.016,16580.222930327003
293923,43878.016,46831.32063264797
293924,43878.016,8231.524679752947
293925,43878.016,42867.63555044566
293926,43878.016,71934.470978907
293927,43878.016,90368.60897214749
293928,43878.016,11027.87234529014
293929,43878.016,67933.29971005127
293930,43878.016,61946.72282938532
293931,43878.016,14008.043152994962
293932,43878.016,21777.964380396497
293933,43878.016,8331.043559353151
293934,43878.016,9732.939089310254
293935,43878.016,58349.23486724975
293936,43878.016,43887.07214152853
293937,43878.016,9877.642604582237
293938,43878.016,63890.633374351084
293939,43878.016,46869.42641255407
293940,43878.016,12119.913393634051
293941,43878.016,48551.6211705368
293942,43878.016,51473.14402485798
293943,43878.016,12227.09794904338
293944,43878.016,85175.67824002808
293945,43878.016,41820.02445691636
293946,43878.016,26364.789439168948
293947,43878.016,70397.65405582516
293948,43878.016,17291.12718766238
293949,43878.016,11837.788831136442
293950,43878.016,72627.92878172215
293951,43878.016,45118.17748017576
293952,43878.016,47468.43691029023
293953,43878.016,22234.23200677727
293954,43878.016,38201.22473518119
293955,43878.016,33766.35604689751
293956,43878.016,16431.052598584873
293957,43878.016,55647.18225287048
293958,43878.016,55347.069210635644
293959,43878.016,53257.19268307812
293960,43878.016,37457.70622777908
293961,43878.016,16819.893477976544
293962,43878.016,45356.137730555696
293963,43878.016,30076.40942119906
293964,43878.016,23409.098823807606
293965,43878.016,50247.95876256941
293966,43878.016,7756.910697935441
293967,43878.016,67557.88284710013
293968,43878.016,35208.61751942167
293969,43878.016,52701.7850051041
293970,43878.016,41958.25565866293
293971,43878.016,42589.81266980423
293972,43878.016,18980.052489492235
293973,43878.016,52745.20202978833
293974,43878.016,4820.681844563665
293975,43878.016,7159.088612181444
293976,43878.016,65988.2381535726
293977,43878.016,50553.39788264341
293978,43878.016,33293.780554256125
293979,43878.016,30891.866553826454
293980,43878.016,25418.744662475256
293981,43878.016,10794.6275924579
293982,43878.016,47851.67110791734
293983,43878.016,69513.30405555411
293984,43878.016,26283.17149556743
293985,43878.016,22922.225035919833
293986,43878.016,30070.037905586145
293987,43878.016,17693.32258936376
293988,43878.016,26576.96504264237
293989,43878.016,23313.38669509153
293990,43878.016,32998.66716881575
293991,43878.016,54638.11300500821
293992,43878.016,19193.581839049544
293993,43878.016,20423.2280891108
293994,43878.016,17543.511100446827
293995,43878.016,22963.12708000114
293996,43878.016,10247.28770375571
293997,43878.016,33752.679640041795
293998,43878.016,10158.485002474283
293999,43878.016,15502.092236265833
294000,43878.016,12945.529810708991
294001,43878.016,12068.191658829495
294002,43878.016,35997.581429501384
294003,43878.016,25941.050615922275
294004,43878.016,31195.733765844598
294005,43878.016,37288.08267340548
294006,43878.016,9774.521038522054
294007,43878.016,36192.492208085445
294008,43878.016,30848.397742073117
294009,43878.016,18343.623001007163
294010,43878.016,31098.027532171367
294011,43878.016,22535.96983601566
294012,43878.016,27751.274842931856
294013,43878.016,51483.91035990339
294014,43878.016,11799.210263445912
294015,43878.016,63786.85557537076
294016,43878.016,54097.847830419225
294017,43878.016,42875.61265145417
294018,43878.016,44462.243098927385
294019,43878.016,19203.13260874061
294020,43878.016,59710.56315603472
294021,43878.016,30328.64640912649
294022,43878.016,27722.109300339594
294023,43878.016,31396.148889320488
294024,43878.016,20820.717598763124
294025,43878.016,51181.13403403417
294026,43878.016,64643.11595937466
294027,43878.016,53493.49195991517
294028,43878.016,9543.865054272008
294029,43878.016,46936.954378080736
294030,43878.016,28886.03675322678
294031,43878.016,51771.37925405184
294032,43878.016,48896.724198684904
294033,43878.016,13065.01796585007
294034,43878.016,43718.35736442666
294035,43878.016,61886.01234178732
294036,43878.016,74810.02046187702
294037,43878.016,21260.607090175567
294038,43878.016,12603.117806974044
294039,43878.016,23725.594310364246
294040,43878.016,92895.01540337749
294041,43878.016,23957.64646901095
294042,43878.016,16539.76240779469
294043,43878.016,8249.037887461289
294044,43878.016,53346.60613094344
294045,43878.016,39104.143366659344
294046,43878.016,36408.308556118216
294047,43878.016,18885.746675313152
294048,43878.016,31462.54940200241
294049,43878.016,25496.733226726545
294050,43878.016,41025.10363688265
294051,43878.016,7981.807119242327
294052,43878.016,18477.900391978834
294053,43878.016,43397.31065614783
294054,43878.016,14579.849688359946
294055,43878.016,64391.89202477134
294056,43878.016,27653.226784388393
294057,43878.016,25379.75586269365
294058,43878.016,40841.43308569352
294059,43878.016,15975.747786778613
294060,43878.016,11095.017560350503
294061,43878.016,15534.325675429225
294062,43878.016,117359.03591421392
294063,43878.016,51322.19906664108
294064,43878.016,20640.22859264723
294065,43878.016,32645.192038394227
294066,43878.016,12728.039734640293
294067,43878.016,58674.01027428392
294068,43878.016,58749.148780519055
294069,43878.016,73520.47353860966
294070,43878.016,43387.80754704977
294071,43878.016,42531.76489504679
294072,43878.016,58204.63349924543
294073,43878.016,60312.73089058602
294074,43878.016,15058.552674608338
294075,43878.016,26139.270233480653
294076,43878.016,28733.201699596757
294077,43878.016,35940.5639079499
294078,43878.016,55332.78929654997
294079,43878.016,17776.635232739918
294080,43878.016,18534.69712401357
294081,43878.016,46122.60266893274
294082,43878.016,20075.541276908454
294083,43878.016,48356.83062290657
294084,43878.016,49875.340916452464
294085,43878.016,33234.2708128252
294086,43878.016,51175.05476399907
294087,43878.016,22771.76037207102
294088,43878.016,19663.389640619866
294089,43878.016,31621.65296086638
294090,43878.016,58261.81151367845
294091,43878.016,20012.952642724515
294092,43878.016,47917.09333819927
294093,43878.016,67490.88200028798
294094,43878.016,34814.69159449805
294095,43878.016,34721.82143789061
294096,43878.016,29566.906500568293
294097,43878.016,9285.494695857351
294098,43878.016,26531.290687790883
294099,43878.016,21136.90985363341
294100,43878.016,42502.08569532552
294101,43878.016,25497.100990486328
294102,43878.016,8881.417772955778
294103,43878.016,33833.387900231835
294104,43878.016,16407.50484462697
294105,43878.016,22666.157463469375
294106,43878.016,21396.82010143754
294107,43878.016,20560.962620106868
294108,43878.016,55848.34810033969
294109,43878.016,50427.00768521357
294110,43878.016,18099.82822975184
294111,43878.016,23855.687647898307
294112,43878.016,34986.38526899061
294113,43878.016,44498.64255451792
294114,43878.016,23999.975016875465
294115,43878.016,47868.33752976739
294116,43878.016,10101.520008592288
294117,43878.016,13451.744103656487
294118,43878.016,55381.60936088704
294119,43878.016,33690.753241010505
294120,43878.016,47710.34553280047
294121,43878.016,27104.731799836696
294122,43878.016,31486.9110080553
294123,43878.016,60156.057361519575
294124,43878.016,14812.441868178887
294125,43878.016,8805.370661488498
294126,43878.016,62312.29993066061
294127,43878.016,27032.881124624546
294128,43878.016,43494.3315880231
294129,43878.016,69861.81795848634
294130,43878.016,12600.02313791861
294131,43878.016,62559.82730428161
294132,43878.016,42777.625162516844
294133,43878.016,48445.124738254104
294134,43878.016,66269.0997267236
294135,43878.016,23474.124837282787
294136,43878.016,17403.58650693139
294137,43878.016,77305.29337993178
294138,43878.016,19032.615691670348
294139,43878.016,18256.196810363468
294140,43878.016,37835.756594851846
294141,43878.016,23067.438993655403
294142,43878.016,63153.22974380025
294143,43878.016,17583.710334722145
294144,43878.016,30869.910850848166
294145,43878.016,58309.025955512734
294146,43878.016,41190.719907912804
294147,43878.016,20753.292878118555
294148,43878.016,51443.15531684316
294149,43878.016,6411.165918153728
294150,43878.016,18769.205273285497
294151,43878.016,66685.10681287017
294152,43878.016,32294.94273561556
294153,43878.016,17379.18765408659
294154,43878.016,7253.666672187528
294155,43878.016,13430.475012709914
294156,43878.016,60132.74302820612
294157,43878.016,57329.43465856992
294158,43878.016,24535.540909401116
294159,43878.016,20184.595136254917
294160,43878.016,34263.03977646732
294161,43878.016,24927.081021311
294162,43878.016,58621.32831169622
294163,43878.016,37361.61011634198
294164,43878.016,15667.641420714406
294165,43878.016,50269.81570001982
294166,43878.016,12020.152039857578
294167,43878.016,33972.71618203734
294168,43878.016,47246.795486803676
294169,43878.016,22061.84922706503
294170,43878.016,20018.941977892715
294171,43878.016,70879.79963276332
294172,43878.016,54249.47342499381
294173,43878.016,30754.98115210766
294174,43878.016,22281.621534002366
294175,43878.016,23611.527330004283
294176,43878.016,10080.401330515233
294177,43878.016,28518.4572538163
294178,43878.016,20050.48646884382
294179,43878.016,67416.34016963204
294180,43878.016,18930.7589449947
294181,43878.016,24860.81062965089
294182,43878.016,56220.31264661855
294183,43878.016,18690.260363717673
294184,43878.016,13520.061809502486
294185,43878.016,20910.610172414203
294186,43878.016,36403.3775691743
294187,43878.016,39818.91216250295
294188,43878.016,13555.385019783065
294189,43878.016,30560.96463902943
294190,43878.016,51514.48466805986
294191,43878.016,63667.366027537326
294192,43878.016,11300.16093487082
294193,43878.016,30974.64277405664
294194,43878.016,21374.167433483708
294195,43878.016,33055.91905912007
294196,43878.016,22808.012275572728
294197,43878.016,14649.158806620397
294198,43878.016,17122.45536516973
294199,43878.016,32029.57640295543
294200,43878.016,53275.541907824496
294201,43878.016,10722.40039208324
294202,43878.016,23470.858304949532
294203,43878.016,13669.60059915361
294204,43878.016,33039.651223969966
294205,43878.016,31629.1158978099
294206,43878.016,82955.00234388017
294207,43878.016,60508.70577952605
294208,43878.016,44145.25563612996
294209,43878.016,49809.0677008373
294210,43878.016,40857.65697900184
294211,43878.016,32470.517312800686
294212,43878.016,26183.079382170756
294213,43878.016,45416.81343053557
294214,43878.016,16900.00685290636
294215,43878.016,54716.63589818534
294216,43878.016,34111.27867039803
294217,43878.016,31607.4077672091
294218,43878.016,16117.77924595688
294219,43878.016,35999.05392744241
294220,43878.016,39276.22406747031
294221,43878.016,49554.15699562606
294222,43878.016,55945.5940467324
294223,43878.016,22302.048039585945
294224,43878.016,13775.31369231055
294225,43878.016,30548.066249817246
294226,43878.016,34799.95565933963
294227,43878.016,28551.701784661203
294228,43878.016,32306.612085239998
294229,43878.016,23572.936253530068
294230,43878.016,16338.850131567233
294231,43878.016,21378.815043441293
294232,43878.016,30442.952629436742
294233,43878.016,35073.94762012821
294234,43878.016,36990.50089537979
294235,43878.016,59756.23577275336
294236,43878.016,41267.65034634305
294237,43878.016,99222.01555711823
294238,43878.016,23463.096065207952
294239,43878.016,46754.27711526789
294240,43878.016,55455.47414762347
294241,43878.016,8912.233508316493
294242,43878.016,22835.25133377009
294243,43878.016,13916.876113208476
294244,43878.016,43626.778453041705
294245,43878.016,13908.96425681961
294246,43878.016,46891.240642541445
294247,43878.016,19478.314636492738
294248,43878.016,16753.82836751927
294249,43878.016,9364.57283138541
294250,43878.016,75144.29164475457
294251,43878.016,34438.01178962171
294252,43878.016,13049.669418033347
294253,43878.016,12197.648938397386
294254,43878.016,19893.346610210305
294255,43878.016,28948.26683933084
294256,43878.016,8388.55804583733
294257,43878.016,23241.917181650155
294258,43878.016,12348.926084797808
294259,43878.016,48660.367795162885
294260,43878.016,15381.360583254957
294261,43878.016,40711.39853213272
294262,43878.016,48084.37595731792
294263,43878.016,55767.85843465746
294264,43878.016,24569.48334402947
294265,43878.016,47689.29355266682
294266,43878.016,116583.75432374584
294267,43878.016,11773.974403668974
294268,43878.016,28989.689149952777
294269,43878.016,17549.261543286953
294270,43878.016,35461.02326835366
294271,43878.016,49515.69648006371
294272,43878.016,107611.28920973209
294273,43878.016,27177.98070002929
294274,43878.016,55705.678618199316
294275,43878.016,32518.913551644782
294276,43878.016,11448.560488855263
294277,43878.016,85673.06693221563
294278,43878.016,18024.348059685406
294279,43878.016,8514.694907748035
294280,43878.016,30946.24006835671
294281,43878.016,7936.648327790114
294282,43878.016,56044.347519758536
294283,43878.016,10578.061458805481
294284,43878.016,28380.01994378572
294285,43878.016,21496.122516946747
294286,43878.016,9653.687371120319
294287,43878.016,10668.322046860238
294288,43878.016,42248.485376207944
294289,43878.016,9753.231634283202
294290,43878.016,26559.25437833
294291,43878.016,37452.05273256202
294292,43878.016,66632.96770945114
294293,43878.016,15607.375337323072
294294,43878.016,14031.76162980015
294295,43878.016,27619.433088769616
294296,43878.016,29720.97287253489
294297,43878.016,52537.16094962209
294298,43878.016,4179.857362513923
294299,43878.016,10351.497587480399
294300,43878.016,28182.83112722527
294301,43878.016,31738.79915475963
294302,43878.016,54959.22127563626
294303,43878.016,54904.857029344355
294304,43878.016,83524.41706128615
294305,43878.016,19238.855434666388
294306,43878.016,81022.78964350067
294307,43878.016,38625.75897176647
294308,43878.016,13256.191933179352
294309,43878.016,65324.740222726534
294310,43878.016,47150.78870258816
294311,43878.016,7846.166316405827
294312,43878.016,58935.51468032378
294313,43878.016,88836.17610536069
294314,43878.016,23719.140734468605
294315,43878.016,55955.55757923215
294316,43878.016,8862.75753070123
294317,43878.016,18715.18573268502
294318,43878.016,45015.1180078871
294319,43878.016,35083.4979997142
294320,43878.016,7498.9638819647425
294321,43878.016,49198.4724012477
294322,43878.016,24495.870074523085
294323,43878.016,16345.042785329024
294324,43878.016,44865.95109053254
294325,43878.016,33111.02228148821
294326,43878.016,9610.411328304439
294327,43878.016,7315.827162647035
294328,43878.016,21880.73229497762
294329,43878.016,77622.63682329319
294330,43878.016,13604.34262507189
294331,43878.016,29452.839733587243
294332,43878.016,26260.340431232114
294333,43878.016,19879.755116905508
294334,43878.016,34359.59542808355
294335,43878.016,29647.685778031857
294336,43878.016,17984.4387654867
294337,43878.016,50615.9141453777
294338,43878.016,45465.18999135046
294339,43878.016,17045.806325648184
294340,43878.016,22264.912236015396
294341,43878.016,49450.116550857725
294342,43878.016,20213.37898956153
294343,43878.016,44419.281979282714
294344,43878.016,18410.06065500135
294345,43878.016,20445.84616428451
294346,43878.016,26207.763750034588
294347,43878.016,49558.95568372008
294348,43878.016,25619.774590585126
294349,43878.016,56553.97442159099
294350,43878.016,19007.97347815077
294351,43878.016,42839.57739814119
294352,43878.016,34093.06950442713
294353,43878.016,60484.51814177242
294354,43878.016,25011.198877398976
294355,43878.016,13501.48289037969
294356,43878.016,87357.44970042547
294357,43878.016,18081.516807865184
294358,43878.016,81235.06126117689
294359,43878.016,41982.26189530802
294360,43878.016,14470.79362382684
294361,43878.016,10708.969912749057
294362,43878.016,13543.602994255449
294363,43878.016,9460.885578886448
294364,43878.016,18245.29076877186
294365,43878.016,41224.00243968777
294366,43878.016,55767.83725141961
294367,43878.016,44228.645664157295
294368,43878.016,37151.12239305504
294369,43878.016,61023.756899795306
294370,43878.016,57248.571018203766
294371,43878.016,59183.84592784666
294372,43878.016,30045.007024358732
294373,43878.016,9087.085048681787
294374,43878.016,23746.497297486647
294375,43878.016,86751.31181706642
294376,43878.016,24287.0650689821
294377,43878.016,36572.59236775607
294378,43878.016,48383.77919957911
294379,43878.016,32784.74770846757
294380,43878.016,13755.668776493018
294381,43878.016,11823.533821858782
294382,43878.016,34731.09251623953
294383,43878.016,12817.33594143798
294384,43878.016,11891.056317645123
294385,43878.016,16360.300784308289
294386,43878.016,32633.69231108268
294387,43878.016,38096.59940753652
294388,43878.016,36601.64413461376
294389,43878.016,44050.871884325636
294390,43878.016,39149.76642270462
294391,43878.016,24102.81618696885
294392,43878.016,52153.49230048835
294393,43878.016,39818.780954905604
294394,43878.016,18331.17343967877
294395,43878.016,25037.19629071937
294396,43878.016,45544.18865933577
294397,43878.016,25679.29676961372
294398,43878.016,19419.446285455164
294399,43878.016,65149.46119309862
294400,43878.016,34214.33779590831
294401,43878.016,54340.891357866894
294402,43878.016,19737.478306257555
294403,43878.016,51493.875087159024
294404,43878.016,45928.56265054691
294405,43878.016,59601.91672161456
294406,43878.016,22530.657861014188
294407,43878.016,7514.575116434957
294408,43878.016,59414.75667130781
294409,43878.016,17018.73487221809
294410,43878.016,77492.61242303524
294411,43878.016,42747.700231541035
294412,43878.016,18912.38292256493
294413,43878.016,16988.888172708852
294414,43878.016,18622.612182843535
294415,43878.016,59765.720038918655
294416,43878.016,29966.214724841328
294417,43878.016,22001.201614745616
294418,43878.016,12233.466587525947
294419,43878.016,45888.82556965878
294420,43878.016,52978.7801450633
294421,43878.016,41859.31319188119
294422,43878.016,50150.0030006216
294423,43878.016,49249.856838775915
294424,43878.016,22755.309568649776
294425,43878.016,39057.39200381594
294426,43878.016,21896.225623728064
294427,43878.016,76086.11548952291
294428,43878.016,82583.97218121156
294429,43878.016,24619.414863800943
294430,43878.016,41457.53339258957
294431,43878.016,28043.682588903626
294432,43878.016,14990.056876902736
294433,43878.016,11092.03996027618
294434,43878.016,64324.00777697038
294435,43878.016,70334.53461170473
294436,43878.016,21388.31787466049
294437,43878.016,29527.57183842819
294438,43878.016,31982.314085757647
294439,43878.016,27860.808553040555
294440,43878.016,7856.00458081193
294441,43878.016,22692.34537676611
294442,43878.016,60324.32994692763
294443,43878.016,13833.076779395047
294444,43878.016,44826.877538601075
294445,43878.016,59014.23275893204
294446,43878.016,17077.02433832864
294447,43878.016,62092.45698451999
294448,43878.016,43497.6589099801
294449,43878.016,29133.014181478997
294450,43878.016,37583.44952051264
294451,43878.016,50393.89268016536
294452,43878.016,6935.993463951985
294453,43878.016,24093.581773639504
294454,43878.016,38258.301265642454
294455,43878.016,19790.267554331298
294456,43878.016,16657.248769114238
294457,43878.016,41176.21224728558
294458,43878.016,8380.546054225797
294459,43878.016,32590.058689994912
294460,43878.016,35507.86553741252
294461,43878.016,34659.062101614916
294462,43878.016,55863.71868023352
294463,43878.016,34674.730109376724
294464,43878.016,62059.4772746206
294465,43878.016,29143.93059477574
294466,43878.016,19906.942876403078
294467,43878.016,43240.620322633
294468,43878.016,11901.07461414625
294469,43878.016,71953.03317515919
294470,43878.016,41337.6055343358
294471,43878.016,45484.67588803264
294472,43878.016,66204.16049745181
294473,43878.016,11295.59863212254
294474,43878.016,30814.0566045212
294475,43878.016,50421.0669563333
294476,43878.016,45037.30857850875
294477,43878.016,37858.39297093592
294478,43878.016,37490.255507935086
294479,43878.016,17445.10697548929
294480,43878.016,61567.00279713868
294481,43878.016,40475.07230179923
294482,43878.016,45866.39265167778
294483,43878.016,52517.772355897825
294484,43878.016,14590.8724008825
294485,43878.016,46054.64121173175
294486,43878.016,61014.50559036847
294487,43878.016,53436.80163496491
294488,43878.016,24566.408869687846
294489,43878.016,30391.96544518494
294490,43878.016,33495.91341667863
294491,43878.016,49919.35294193653
294492,43878.016,47059.52351329547
294493,43878.016,13267.070298436949
294494,43878.016,3612.9248002347954
294495,43878.016,40594.04580710598
294496,43878.016,15030.040793500842
294497,43878.016,9032.533084667552
294498,43878.016,90102.4121681002
294499,43878.016,28684.39458642595
294500,43878.016,28041.63876285716
294501,43878.016,21314.44769796595
294502,43878.016,51850.43440861373
294503,43878.016,13672.509608096767
294504,43878.016,75920.89930599605
294505,43878.016,60315.48957212159
294506,43878.016,80474.82080719278
294507,43878.016,30271.221800747713
294508,43878.016,49752.9107311954
294509,43878.016,61835.16822104695
294510,43878.016,19654.133785128844
294511,43878.016,50242.74447417246
294512,43878.016,45698.679152466015
294513,43878.016,35822.21434646956
294514,43878.016,39156.04664612771
294515,43878.016,36106.25520866827
294516,43878.016,32314.267094088256
294517,43878.016,32718.347227410464
294518,43878.016,18104.887182589588
294519,43878.016,27879.556932104217
294520,43878.016,35237.70037494696
294521,43878.016,5758.116712890528
294522,43878.016,25441.11894270868
294523,43878.016,37729.963227532506
294524,43878.016,24712.822940986327
294525,43878.016,27373.97702527809
294526,43878.016,33773.01596560048
294527,43878.016,40282.432087423455
294528,43878.016,33665.47930928186
294529,43878.016,16894.179780003702
294530,43878.016,15060.871724979186
294531,43878.016,28603.626978994536
294532,43878.016,26563.554276298706
294533,43878.016,18576.519889432966
294534,43878.016,15570.187523018109
294535,43878.016,32391.948292916677
294536,43878.016,26712.422682390115
294537,43878.016,61480.98481216138
294538,43878.016,74912.50158738671
294539,43878.016,37903.63225330219
294540,43878.016,51507.37638147886
294541,43878.016,36914.389106630995
294542,43878.016,18829.586999567
294543,43878.016,38991.835365180974
294544,43878.016,33579.281730233924
294545,43878.016,23707.69150109078
294546,43878.016,20987.604338749235
294547,43878.016,15103.553466260448
294548,43878.016,45355.84919783845
294549,43878.016,23451.525401651827
294550,43878.016,31772.382442316266
294551,43878.016,8562.003796086314
294552,43878.016,51255.95533787963
294553,43878.016,29871.361488088274
294554,43878.016,49933.43297609255
294555,43878.016,11440.322373827528
294556,43878.016,38154.81672623255
294557,43878.016,43685.98911311284
294558,43878.016,11184.787480111974
294559,43878.016,54740.20262938663
294560,43878.016,23292.94229345393
294561,43878.016,21336.78061102508
294562,43878.016,16878.538460124862
294563,43878.016,21173.13927823942
294564,43878.016,7092.714018589177
294565,43878.016,16264.292575860887
294566,43878.016,41128.96812297684
294567,43878.016,31769.97685657195
294568,43878.016,36424.639286229896
294569,43878.016,30250.50099931916
294570,43878.016,31161.70454132102
294571,43878.016,9465.977651758934
294572,43878.016,45759.97933246491
294573,43878.016,41610.59217355605
294574,43878.016,38849.05808184766
294575,43878.016,82536.67390035118
294576,43878.016,43627.05650230975
294577,43878.016,46911.333635194474
294578,43878.016,17938.90743420138
294579,43878.016,23978.694302577107
294580,43878.016,17100.28969195761
294581,43878.016,50925.541401913906
294582,43878.016,25445.378928739152
294583,43878.016,43841.093978366145
294584,43878.016,43207.278825009635
294585,43878.016,8293.769586873696
294586,43878.016,45973.01288551178
294587,43878.016,62829.93379022667
294588,43878.016,13188.368331622443
294589,43878.016,48702.476862807736
294590,43878.016,54906.15880079815
294591,43878.016,21599.04230614206
294592,43878.016,22410.899069980816
294593,43878.016,10722.059351276566
294594,43878.016,22986.085276523892
294595,43878.016,7871.463957599986
294596,43878.016,16527.863693114978
294597,43878.016,49122.67467071396
294598,43878.016,10325.448365645861
294599,43878.016,28997.213695142917
294600,43878.016,14696.51400186249
294601,43878.016,38175.10962388102
294602,43878.016,46492.04293397322
294603,43878.016,69845.53063898705
294604,43878.016,32063.0941409479
294605,43878.016,45456.8854860813
294606,43878.016,42584.80185329142
294607,43878.016,69251.95297299043
294608,43878.016,20664.215132065816
294609,43878.016,25081.25344584833
294610,43878.016,47809.59740521481
294611,43878.016,38989.740758856846
294612,43878.016,66683.76226865283
294613,43878.016,15618.369365850807
294614,43878.016,55094.14609170165
294615,43878.016,38592.44091431119
294616,43878.016,47407.575847873886
294617,43878.016,39269.38453565289
294618,43878.016,13968.841118849325
294619,43878.016,67347.35966133293
294620,43878.016,8920.324258942137
294621,43878.016,39156.040587190255
294622,43878.016,16357.10988957731
294623,43878.016,15184.698091306307
294624,43878.016,54541.539794250806
294625,43878.016,52473.26581761353
294626,43878.016,60648.75926248351
294627,43878.016,14278.318820598119
294628,43878.016,5124.645969171876
294629,43878.016,7245.488561451355
294630,43878.016,15605.869428745209
294631,43878.016,33987.71154092877
294632,43878.016,66670.45470392343
294633,43878.016,48808.33228517811
294634,43878.016,10094.699985152001
294635,43878.016,18707.214782185987
294636,43878.016,61123.67824956383
294637,43878.016,64305.897010750945
294638,43878.016,41562.371183930525
294639,43878.016,12162.76754091271
294640,43878.016,19935.902497308813
294641,43878.016,27769.62484832319
294642,43878.016,38905.22389805511
294643,43878.016,59931.00953685975
294644,43878.016,68387.37221568672
294645,43878.016,15253.09133410462
294646,43878.016,70148.82206399435
294647,43878.016,29263.71415715007
294648,43878.016,45772.3858885962
294649,43878.016,43992.44686459001
294650,43878.016,47963.28103596413
294651,43878.016,33070.27186439552
294652,43878.016,14588.561434347203
294653,43878.016,53136.13546453615
294654,43878.016,70519.78254440686
294655,43878.016,41512.34423766617
294656,43878.016,41315.75565294083
294657,43878.016,32459.90333908646
294658,43878.016,40912.34601266755
294659,43878.016,43634.274294522096
294660,43878.016,7842.9237818050815
294661,43878.016,25061.161818087035
294662,43878.016,40174.42397087569
294663,43878.016,35473.555563807524
294664,43878.016,12524.856707394169
294665,43878.016,10578.438547936483
294666,43878.016,66523.97134504736
294667,43878.016,43318.7239100601
294668,43878.016,16871.54614988602
294669,43878.016,23990.294506460716
294670,43878.016,38818.385952467914
294671,43878.016,16992.614369661755
294672,43878.016,41575.7679773523
294673,43878.016,28767.172505415412
294674,43878.016,42176.018002586905
294675,43878.016,19335.223651694025
294676,43878.016,11640.51625879003
294677,43878.016,47578.35578038158
294678,43878.016,52309.57852637634
294679,43878.016,13528.662474601664
294680,43878.016,42606.634115849156
294681,43878.016,56516.41916893418
294682,43878.016,18394.194600477254
294683,43878.016,43794.94729311763
294684,43878.016,18829.137285559817
294685,43878.016,14358.75679487673
294686,43878.016,55341.893293220004
294687,43878.016,11441.951043934816
294688,43878.016,27353.269912396896
294689,43878.016,8125.360844579484
294690,43878.016,7427.0454643383255
294691,43878.016,25756.672154376796
294692,43878.016,17001.12367073294
294693,43878.016,41389.66562621776
294694,43878.016,33280.15738291435
294695,43878.016,66300.59702394254
294696,43878.016,54465.687581632104
294697,43878.016,29801.276358855666
294698,43878.016,24273.14953500887
294699,43878.016,10136.536712458124
294700,43878.016,12286.48058647996
294701,43878.016,55175.98290062455
294702,43878.016,45228.62326242272
294703,43878.016,22991.741406101573
294704,43878.016,9924.060920396858
294705,43878.016,9748.051546026041
294706,43878.016,41762.358305324706
294707,43878.016,67577.03071395784
294708,43878.016,77706.64127022865
294709,43878.016,75476.85199293499
294710,43878.016,21262.532340400317
294711,43878.016,30686.4736602268
294712,43878.016,13816.443890931409
294713,43878.016,29559.0237303784
294714,43878.016,45634.02501197656
294715,43878.016,33302.61087480277
294716,43878.016,63504.84795119827
294717,43878.016,11829.272397925452
294718,43878.016,18669.740827388836
294719,43878.016,16861.06614333044
294720,43878.016,13406.67948675056
294721,43878.016,31995.393893702287
294722,43878.016,13794.863688015936
294723,43878.016,34154.92809770359
294724,43878.016,7918.108635161921
294725,43878.016,24725.05024246161
294726,43878.016,41196.95126528613
294727,43878.016,9161.894865481605
294728,43878.016,27642.004678733356
294729,43878.016,52780.473768385455
294730,43878.016,36199.18759957481
294731,43878.016,12905.663065025103
294732,43878.016,31402.19632050557
294733,43878.016,35812.36318693405
294734,43878.016,57931.338210902155
294735,43878.016,53731.82909912738
294736,43878.016,48478.72207853861
294737,43878.016,41361.10797894698
294738,43878.016,34386.60834191834
294739,43878.016,31417.458760121473
294740,43878.016,56687.39161543691
294741,43878.016,16739.710050902173
294742,43878.016,22298.368536393857
294743,43878.016,55725.459322350594
294744,43878.016,71443.08438849806
294745,43878.016,38357.96539487042
294746,43878.016,52841.13388789919
294747,43878.016,16779.53300318147
294748,43878.016,29424.18018184456
294749,43878.016,59866.110583950525
294750,43878.016,20656.423956644325
294751,43878.016,19261.273010832494
294752,43878.016,22150.077924214198
294753,43878.016,8687.78850163812
294754,43878.016,71945.69399832195
294755,43878.016,24068.269995729406
294756,43878.016,11163.309885278866
294757,43878.016,19242.85657895173
294758,43878.016,31703.250521728318
294759,43878.016,27756.909900279676
294760,43878.016,42013.69998219011
294761,43878.016,23843.255086780107
294762,43878.016,84837.46073863553
294763,43878.016,46557.8333965045
294764,43878.016,54618.337611768125
294765,43878.016,52886.23551873562
294766,43878.016,23668.780791394547
294767,43878.016,53654.04212956998
294768,43878.016,20604.688534117155
294769,43878.016,66125.55837591722
294770,43878.016,5265.896725261995
294771,43878.016,10701.8108671286
294772,43878.016,33635.84366394504
294773,43878.016,35151.799003998916
294774,43878.016,24798.64226529478
294775,43878.016,11521.293860627244
294776,43878.016,61942.17306328246
294777,43878.016,31057.24418160368
294778,43878.016,16257.429561058092
294779,43878.016,5243.658719521693
294780,43878.016,46750.75989602863
294781,43878.016,65101.55125643279
294782,43878.016,15703.209898547953
294783,43878.016,34645.92725245442
294784,43878.016,34967.042950413954
294785,43878.016,13946.344475313172
294786,43878.016,42102.826599856584
294787,43878.016,29499.850021737784
294788,43878.016,19025.029333696566
294789,43878.016,34316.11299689276
294790,43878.016,35823.25621896053
294791,43878.016,54544.4255611395
294792,43878.016,13552.748200816077
294793,43878.016,43505.84768407295
294794,43878.016,44511.343412053684
294795,43878.016,21518.029631590485
294796,43878.016,45618.139352907994
294797,43878.016,17461.99095140655
294798,43878.016,76765.44093501357
294799,43878.016,70971.50396538345
294800,43878.016,46141.66858224126
294801,43878.016,29763.86902979291
294802,43878.016,11637.642719529325
294803,43878.016,8993.126521573888
294804,43878.016,27586.097303713246
294805,43878.016,59502.3823341308
294806,43878.016,10317.793564420475
294807,43878.016,65003.01433740608
294808,43878.016,64693.46239966714
294809,43878.016,31815.543025626717
294810,43878.016,8315.77932287054
294811,43878.016,16928.844928556628
294812,43878.016,27248.91037813821
294813,43878.016,50929.62977359914
294814,43878.016,63206.42751355492
294815,43878.016,33137.89020572385
294816,43878.016,27281.103535895996
294817,43878.016,6799.673066407085
294818,43878.016,11922.646892382894
294819,43878.016,62306.96766131693
294820,43878.016,45085.74113181715
294821,43878.016,30374.229429321043
294822,43878.016,20119.914456860577
294823,43878.016,23744.4743837526
294824,43878.016,33883.19152751361
294825,43878.016,66149.93718450556
294826,43878.016,36660.4894145135
294827,43878.016,21296.32468349927
294828,43878.016,18797.63166651942
294829,43878.016,35219.726686035116
294830,43878.016,53677.86240300275
294831,43878.016,34505.1286964939
294832,43878.016,61447.020766202586
294833,43878.016,22588.827300825287
294834,43878.016,45284.11785548913
294835,43878.016,37605.66932273512
294836,43878.016,49962.13721775941
294837,43878.016,17134.061753846563
294838,43878.016,47659.60992534989
294839,43878.016,27319.56749110308
294840,43878.016,24453.075029454194
294841,43878.016,11028.385282462943
294842,43878.016,28817.515760269347
294843,43878.016,36709.96354699549
294844,43878.016,65195.17518121611
294845,43878.016,18164.58295099361
294846,43878.016,20162.559639638603
294847,43878.016,31357.792218495615
294848,43878.016,40579.64658515798
294849,43878.016,37284.188557604844
294850,43878.016,19940.955233660097
294851,43878.016,27559.66580889481
294852,43878.016,68494.37520395555
294853,43878.016,28601.58163005669
294854,43878.016,42761.14769686263
294855,43878.016,16936.89616292811
294856,43878.016,58884.33198879335
294857,43878.016,27117.895051370004
294858,43878.016,22171.0207636497
294859,43878.016,44339.32024640862
294860,43878.016,20863.885585036875
294861,43878.016,71077.69097572843
294862,43878.016,28259.921987188278
294863,43878.016,58063.64090299279
294864,43878.016,20865.416486173886
294865,43878.016,25430.57220887277
294866,43878.016,14961.504317405661
294867,43878.016,11998.089485467348
294868,43878.016,27729.64447592246
294869,43878.016,31737.403793533507
294870,43878.016,46744.47261185359
294871,43878.016,16369.609832808204
294872,43878.016,22013.491001605402
294873,43878.016,53301.33208665221
294874,43878.016,10026.977607014289
294875,43878.016,57925.73349264522
294876,43878.016,43848.05420132527
294877,43878.016,25015.438596619795
294878,43878.016,12273.150909511143
294879,43878.016,19166.81624340137
294880,43878.016,65279.75416973659
294881,43878.016,52454.82188587721
294882,43878.016,16223.674175959837
294883,43878.016,36818.49751103703
294884,43878.016,51717.88704027725
294885,43878.016,63427.65053279292
294886,43878.016,10746.874611066947
294887,43878.016,17830.8184446712
294888,43878.016,47825.970847911005
294889,43878.016,19086.121066268122
294890,43878.016,35963.52155635233
294891,43878.016,37168.78580688559
294892,43878.016,12938.494300016671
294893,43878.016,25440.10210787956
294894,43878.016,17941.048499909437
294895,43878.016,53866.570189218866
294896,43878.016,33332.9853019726
294897,43878.016,53032.97011230256
294898,43878.016,46178.60304215135
294899,43878.016,16053.56299055961
294900,43878.016,8165.753547509259
294901,43878.016,42065.76758851215
294902,43878.016,16224.049171572999
294903,43878.016,36552.672502752466
294904,43878.016,21146.888435511486
294905,43878.016,48393.86717475723
294906,43878.016,50744.41164877873
294907,43878.016,21800.160894251618
294908,43878.016,44232.59479374771
294909,43878.016,19757.83615180163
294910,43878.016,45621.99309748874
294911,43878.016,13969.161778921241
294912,43878.016,53419.13361647
294913,43878.016,17733.099838749753
294914,43878.016,46591.50331857761
294915,43878.016,54967.342002891055
294916,43878.016,15173.226016492537
294917,43878.016,19559.980830291977
294918,43878.016,10157.165113072955
294919,43878.016,65406.41055886696
294920,43878.016,12376.61401577375
294921,43878.016,41679.69404755243
294922,43878.016,9596.073858837897
294923,43878.016,47497.219434014885
294924,43878.016,11270.39001611574
294925,43878.016,14508.310090908744
294926,43878.016,36513.1316112812
294927,43878.016,15855.996197497694
294928,43878.016,26281.566864796623
294929,43878.016,36344.526745751085
294930,43878.016,65988.03408451226
294931,43878.016,45867.01908412358
294932,43878.016,32272.24286162383
294933,43878.016,43086.34202316344
294934,43878.016,30984.54882230191
294935,43878.016,9903.138844557196
294936,43878.016,11238.926942266797
294937,43878.016,53127.15146618253
294938,43878.016,17158.430559633536
294939,43878.016,31091.721641330565
294940,43878.016,28755.970698110523
294941,43878.016,27465.53117425455
294942,43878.016,35438.73503819487
294943,43878.016,20491.570938193872
294944,43878.016,4783.571533424378
294945,43878.016,32605.97490941034
294946,43878.016,56987.7873268966
294947,43878.016,64433.353416708545
294948,43878.016,65185.82654261127
294949,43878.016,16840.776145246098
294950,43878.016,21789.896562330407
294951,43878.016,43978.13873400036
294952,43878.016,31885.401351885906
294953,43878.016,38842.853834264555
294954,43878.016,65913.236684108
294955,43878.016,31692.943462175623
294956,43878.016,16688.04723538407
294957,43878.016,50451.86480652362
294958,43878.016,63759.351912780265
294959,43878.016,37803.27940830613
294960,43878.016,65734.02299103556
294961,43878.016,22714.950134814193
294962,43878.016,35437.69323139446
294963,43878.016,34580.860889800795
294964,43878.016,18615.995597638255
294965,43878.016,52987.58056295905
294966,43878.016,40680.42585359013
294967,43878.016,7711.670960535354
294968,43878.016,16983.679056028715
294969,43878.016,33751.61760374661
294970,43878.016,38245.09134579723
294971,43878.016,52326.04473303782
294972,43878.016,60399.2981007275
294973,43878.016,32108.721746686857
294974,43878.016,33851.070621052866
294975,43878.016,59405.03275623193
294976,43878.016,34825.071689180244
294977,43878.016,76004.77257479163
294978,43878.016,43837.204640974276
294979,43878.016,30723.20297799064
294980,43878.016,76816.06046183161
294981,43878.016,20842.923964067875
294982,43878.016,21454.128905039404
294983,43878.016,43777.50075469014
294984,43878.016,35536.02079405858
294985,43878.016,34807.38605430591
294986,43878.016,31752.475354883365
294987,43878.016,55190.491768020926
294988,43878.016,36263.715028435894
294989,43878.016,13778.946129814456
294990,43878.016,44412.441125112266
294991,43878.016,21778.5324588435
294992,43878.016,53595.34142901621
294993,43878.016,16847.770203952456
294994,43878.016,51508.69341552812
294995,43878.016,35742.31104933289
294996,43878.016,40705.09205553455
294997,43878.016,70295.76978274398
294998,43878.016,30528.101242243574
294999,43878.016,31328.091169100273
295000,43878.016,29844.61240414525
295001,43878.016,11488.33596363601
295002,43878.016,16153.553923717274
295003,43878.016,12280.639002367843
295004,43878.016,48757.324047543225
295005,43878.016,27094.763172742245
295006,43878.016,43939.85035895236
295007,43878.016,39206.70921457206
295008,43878.016,55979.97174196883
295009,43878.016,18255.122138419792
295010,43878.016,47417.461153707955
295011,43878.016,55488.764872786574
295012,43878.016,31439.6646445944
295013,43878.016,62656.567090784025
295014,43878.016,37494.4735407825
295015,43878.016,48027.83085552079
295016,43878.016,32149.8154338867
295017,43878.016,10074.472434934038
295018,43878.016,7430.312446393595
295019,43878.016,12066.508226696571
295020,43878.016,46715.82147573575
295021,43878.016,54323.72123115181
295022,43878.016,10337.469121572396
295023,43878.016,35704.14092485211
295024,43878.016,10248.455831834946
295025,43878.016,12982.18243616762
295026,43878.016,8042.919348871389
295027,43878.016,25653.81579596557
295028,43878.016,43907.8761865113
295029,43878.016,23968.687170494457
295030,43878.016,81522.9282694444
295031,43878.016,31838.654658852523
295032,43878.016,33856.29422121641
295033,43878.016,32338.21119258744
295034,43878.016,43971.808698754096
295035,43878.016,10605.023536590594
295036,43878.016,13015.685711212767
295037,43878.016,25500.42009769874
295038,43878.016,47715.672598570716
295039,43878.016,27070.33052071049
295040,43878.016,43211.256844155796
295041,43878.016,15867.96005566315
295042,43878.016,39937.16065753388
295043,43878.016,7288.100574791013
295044,43878.016,44060.22708597186
295045,43878.016,46686.90214651699
295046,43878.016,40457.69518862707
295047,43878.016,36212.433144152834
295048,43878.016,11379.595171640673
295049,43878.016,71941.94647921428
295050,43878.016,21438.244837914885
295051,43878.016,56279.1106567972
295052,43878.016,21593.39861074727
295053,43878.016,36052.971702937226
295054,43878.016,45882.21743578058
295055,43878.016,40814.719246354354
295056,43878.016,5332.967321335358
295057,43878.016,64072.10520148392
295058,43878.016,36187.738433106315
295059,43878.016,20070.967547225628
295060,43878.016,64073.42110077999
295061,43878.016,26062.68368955752
295062,43878.016,36350.45627513882
295063,43878.016,58186.586011909516
295064,43878.016,46479.1230122598
295065,43878.016,46978.92988842482
295066,43878.016,33782.54644493104
295067,43878.016,36287.06417665852
295068,43878.016,30787.33814775357
295069,43878.016,9764.263131068185
295070,43878.016,8462.22213065138
295071,43878.016,46441.34337641995
295072,43878.016,20764.88361864014
295073,43878.016,61572.97203984334
295074,43878.016,9467.142849891221
295075,43878.016,9124.506237115276
295076,43878.016,52506.143362901246
295077,43878.016,50360.85453806242
295078,43878.016,21082.646512927804
295079,43878.016,44912.67411054036
295080,43878.016,34247.04848797473
295081,43878.016,5237.887750370388
295082,43878.016,31045.16118784193
295083,43878.016,31382.533118467
295084,43878.016,33407.762962119916
295085,43878.016,36273.94758146075
295086,43878.016,24547.30504628346
295087,43878.016,30864.817539353986
295088,43878.016,7695.749802561003
295089,43878.016,45298.83608466537
295090,43878.016,10875.185742002484
295091,43878.016,30522.222801637745
295092,43878.016,24647.29958247535
295093,43878.016,32949.93180583552
295094,43878.016,38154.642705421895
295095,43878.016,20817.84843037051
295096,43878.016,68594.6335721527
295097,43878.016,50517.27124662766
295098,43878.016,22682.24226030921
295099,43878.016,53078.47169330166
295100,43878.016,21422.510608435878
295101,43878.016,47391.66518538524
295102,43878.016,48153.03586343615
295103,43878.016,23821.031476348413
295104,43878.016,46286.786829362674
295105,43878.016,32171.54618224711
295106,43878.016,10127.472091668193
295107,43878.016,31403.36663023434
295108,43878.016,11528.262587097299
295109,43878.016,56224.788490686195
295110,43878.016,24018.703720874946
295111,43878.016,15066.140204901183
295112,43878.016,13745.302472789213
295113,43878.016,26069.49898965175
295114,43878.016,24178.386929479828
295115,43878.016,31724.313096376543
295116,43878.016,18173.035833368973
295117,43878.016,42567.54766944156
295118,43878.016,12483.243521340677
295119,43878.016,16812.037091496455
295120,43878.016,18243.872318847258
295121,43878.016,56338.57765095633
295122,43878.016,12636.642413692272
295123,43878.016,25593.909735203102
295124,43878.016,30549.903332315083
295125,43878.016,51891.26809460749
295126,43878.016,31453.91245226602
295127,43878.016,16444.589936013723
295128,43878.016,36383.94433976689
295129,43878.016,61418.69317374917
295130,43878.016,15156.809181563074
295131,43878.016,28088.423730915172
295132,43878.016,31555.91564258457
295133,43878.016,44566.90868440869
295134,43878.016,17956.13959276376
295135,43878.016,26938.250285863942
295136,43878.016,54107.072360094266
295137,43878.016,52195.57268075368
295138,43878.016,31178.205612681155
295139,43878.016,18149.188808816114
295140,43878.016,67614.83931793604
295141,43878.016,59135.93322169973
295142,43878.016,31946.031540906613
295143,43878.016,28641.1114559788
295144,43878.016,7871.084561006174
295145,43878.016,30863.999650554848
295146,43878.016,44711.75434113048
295147,43878.016,12760.28069945248
295148,43878.016,23929.962885776036
295149,43878.016,50662.55266748258
295150,43878.016,33227.58653922306
295151,43878.016,22045.68356031643
295152,43878.016,22902.5383292409
295153,43878.016,39890.29943577687
295154,43878.016,25651.13736992966
295155,43878.016,41820.79227498425
295156,43878.016,58780.764081922134
295157,43878.016,44686.66174687096
295158,43878.016,40754.17397880675
295159,43878.016,45418.461108697134
295160,43878.016,28764.09893504891
295161,43878.016,26339.821232876715
295162,43878.016,16074.785673988932
295163,43878.016,31609.841856887917
295164,43878.016,44496.58466313848
295165,43878.016,63643.38572031856
295166,43878.016,18801.49377027903
295167,43878.016,69087.11504970782
295168,43878.016,40463.733673215254
295169,43878.016,14246.093261762848
295170,43878.016,45040.63562502614
295171,43878.016,68548.84609724517
295172,43878.016,19574.366298555167
295173,43878.016,47602.46994852601
295174,43878.016,13913.455809276296
295175,43878.016,32890.002953140116
295176,43878.016,17350.8215777014
295177,43878.016,51872.06089025223
295178,43878.016,16684.370728760263
295179,43878.016,26488.71860945431
295180,43878.016,13493.331827579412
295181,43878.016,13665.002013135412
295182,43878.016,51839.57727310557
295183,43878.016,10692.466303879948
295184,43878.016,13790.982651482189
295185,43878.016,10661.44245450021
295186,43878.016,9117.944045730044
295187,43878.016,30591.484721600365
295188,43878.016,19942.498234918363
295189,43878.016,44676.94465642355
295190,43878.016,20390.021993367835
295191,43878.016,52729.46560850656
295192,43878.016,5653.683914391225
295193,43878.016,17409.37023559129
295194,43878.016,35379.73999237216
295195,43878.016,25040.40348127907
295196,43878.016,6996.143383607049
295197,43878.016,45734.22527465663
295198,43878.016,26945.054858885
295199,43878.016,56748.91176189707
295200,43878.016,18632.446907110523
295201,43878.016,14758.267782077446
295202,43878.016,52615.262415875084
295203,43878.016,9450.072565580853
295204,43878.016,54738.27061095071
295205,43878.016,42271.78816332103
295206,43878.016,48631.467358036825
295207,43878.016,53218.1874564653
295208,43878.016,52055.59677052469
295209,43878.016,18932.56176568573
295210,43878.016,57799.596953502376
295211,43878.016,17457.212707656636
295212,43878.016,36304.20593008723
295213,43878.016,16892.10599968581
295214,43878.016,8212.947429431839
295215,43878.016,52186.72462651537
295216,43878.016,30157.535448184786
295217,43878.016,13189.368096078639
295218,43878.016,22617.037355043183
295219,43878.016,17145.252100445065
295220,43878.016,42879.15271023301
295221,43878.016,43048.62437005178
295222,43878.016,27551.150479170872
295223,43878.016,16498.769391762617
295224,43878.016,19690.830069041418
295225,43878.016,50927.42569223529
295226,43878.016,21060.347972619104
295227,43878.016,20004.192585307723
295228,43878.016,58635.35975015512
295229,43878.016,15475.574344400698
295230,43878.016,33555.01929780377
295231,43878.016,71183.12206766625
295232,43878.016,58256.3753998057
295233,43878.016,24810.46938101829
295234,43878.016,9561.202679145126
295235,43878.016,28340.528779536275
295236,43878.016,41338.11248232563
295237,43878.016,14385.747749837643
295238,43878.016,21174.383017224754
295239,43878.016,42294.5407915906
295240,43878.016,54456.01887195875
295241,43878.016,35236.938554261
295242,43878.016,55042.889325145276
295243,43878.016,9825.304668801227
295244,43878.016,17141.927667375665
295245,43878.016,37812.70504202385
295246,43878.016,47433.02287864452
295247,43878.016,16405.30656026659
295248,43878.016,34687.35429658585
295249,43878.016,50637.01259123748
295250,43878.016,70520.62323652532
295251,43878.016,32763.479452574906
295252,43878.016,37481.308539427126
295253,43878.016,36479.231186997145
295254,43878.016,15161.0104985959
295255,43878.016,22903.128844955067
295256,43878.016,7622.660847305418
295257,43878.016,35603.789950462386
295258,43878.016,10244.786625531528
295259,43878.016,51471.358271586134
295260,43878.016,14020.84998510226
295261,43878.016,37696.42817738264
295262,43878.016,33086.75309165218
295263,43878.016,13221.62513485766
295264,43878.016,21087.332017999637
295265,43878.016,22019.151627157276
295266,43878.016,50967.383662375134
295267,43878.016,74483.1328215922
295268,43878.016,48178.19029498895
295269,43878.016,27613.26137644389
295270,43878.016,32011.09783064538
295271,43878.016,10120.899169896687
295272,43878.016,47338.87766844664
295273,43878.016,32449.362110456073
295274,43878.016,69304.0068090566
295275,43878.016,37870.58250350816
295276,43878.016,50835.17495117179
295277,43878.016,28715.43705692402
295278,43878.016,42733.784728203056
295279,43878.016,16082.035144764084
295280,43878.016,12154.686661701462
295281,43878.016,50054.8443949988
295282,43878.016,7389.102622283188
295283,43878.016,54049.00297649774
295284,43878.016,54306.829554059936
295285,43878.016,41127.5724900034
295286,43878.016,59830.913998142714
295287,43878.016,63132.71414121073
295288,43878.016,11969.758884252004
295289,43878.016,15340.802920995904
295290,43878.016,62819.76685547045
295291,43878.016,41954.02540743939
295292,43878.016,25304.632780628715
295293,43878.016,13672.07945243617
295294,43878.016,13324.230778535373
295295,43878.016,62627.86596242525
295296,43878.016,16308.78181795576
295297,43878.016,32414.99344160293
295298,43878.016,38906.148095254975
295299,43878.016,23554.308739812528
295300,43878.016,27601.44009179885
295301,43878.016,11381.129333287816
295302,43878.016,73446.27763214028
295303,43878.016,28773.929796831253
295304,43878.016,29068.617742800594
295305,43878.016,25605.319372117934
295306,43878.016,22064.073727311305
295307,43878.016,29158.771081772236
295308,43878.016,14809.617044822931
295309,43878.016,52743.69994549046
295310,43878.016,28600.403500589688
295311,43878.016,31947.438023393883
295312,43878.016,22407.772740157954
295313,43878.016,31945.117462649836
295314,43878.016,49933.2037988088
295315,43878.016,38411.651202824054
295316,43878.016,68217.60850066504
295317,43878.016,11055.668502269862
295318,43878.016,10199.732301927404
295319,43878.016,14823.954435851138
295320,43878.016,32159.29525369227
295321,43878.016,62183.570222237155
295322,43878.016,55289.97017850968
295323,43878.016,9798.07407280494
295324,43878.016,48380.63701205105
295325,43878.016,52556.14973608694
295326,43878.016,31566.440441572824
295327,43878.016,50144.67884644603
295328,43878.016,19061.555606813352
295329,43878.016,12882.846626712817
295330,43878.016,33471.55823929942
295331,43878.016,21635.269908349077
295332,43878.016,42946.20297160521
295333,43878.016,53092.15324190845
295334,43878.016,9098.946861542667
295335,43878.016,52573.73410850142
295336,43878.016,11518.52803014178
295337,43878.016,27066.281316151504
295338,43878.016,55172.2517071305
295339,43878.016,37311.91116577417
295340,43878.016,24370.440445656488
295341,43878.016,20056.50586555298
295342,43878.016,44437.63329620627
295343,43878.016,22687.169392698404
295344,43878.016,16955.707164333166
295345,43878.016,17903.070331612427
295346,43878.016,25786.441404566816
295347,43878.016,14945.259441374199
295348,43878.016,9536.656518507116
295349,43878.016,60353.49761371176
295350,43878.016,36104.229329287526
295351,43878.016,14050.622901972123
295352,43878.016,16200.599020412197
295353,43878.016,46990.116416212404
295354,43878.016,45521.582004957454
295355,43878.016,15425.209277016978
295356,43878.016,49790.055689122564
295357,43878.016,24841.681302108627
295358,43878.016,19878.935889160843
295359,43878.016,22790.38686253282
295360,43878.016,48316.47281159146
295361,43878.016,65223.771947072004
295362,43878.016,9426.522324250967
295363,43878.016,16482.47323499249
295364,43878.016,47608.13641778321
295365,43878.016,40044.62201174202
295366,43878.016,27929.88407825859
295367,43878.016,63152.96301799604
295368,43878.016,50159.102330201706
295369,43878.016,47207.53042728967
295370,43878.016,22843.682233785115
295371,43878.016,10433.35718957138
295372,43878.016,49676.26300085978
295373,43878.016,34639.61980540131
295374,43878.016,21434.08033974985
295375,43878.016,52053.30778852713
295376,43878.016,83164.55735519907
295377,43878.016,23280.311682542528
295378,43878.016,11847.41693678236
295379,43878.016,34548.94818084368
295380,43878.016,55182.17810104774
295381,43878.016,23125.14874480044
295382,43878.016,52677.49663091136
295383,43878.016,31957.076417440763
295384,43878.016,59544.81943856693
295385,43878.016,38360.66943865092
295386,43878.016,46649.51912605275
295387,43878.016,11761.319203812242
295388,43878.016,69082.64823099053
295389,43878.016,55341.99070212822
295390,43878.016,9019.547681338621
295391,43878.016,42780.96520526403
295392,43878.016,37248.07366874814
295393,43878.016,21390.95358205109
295394,43878.016,12764.965935433233
295395,43878.016,26856.41954067897
295396,43878.016,9556.447704130194
295397,43878.016,55297.315704710636
295398,43878.016,59271.09674228939
295399,43878.016,9023.605454147437
295400,43878.016,9566.86206504543
295401,43878.016,32482.236261803657
295402,43878.016,55075.13056374315
295403,43878.016,13246.810959481514
295404,43878.016,14196.346377990487
295405,43878.016,33646.17522644114
295406,43878.016,23727.78447256469
295407,43878.016,54105.5028451513
295408,43878.016,7292.567294211847
295409,43878.016,16722.932358867714
295410,43878.016,7950.207849884997
295411,43878.016,33118.14899402305
295412,43878.016,14442.960469210526
295413,43878.016,11508.117736797876
295414,43878.016,14940.666763545343
295415,43878.016,27882.679870683118
295416,43878.016,21553.17388362172
295417,43878.016,59527.72261548158
295418,43878.016,18160.78953199072
295419,43878.016,12942.139465830338
295420,43878.016,26082.702194756257
295421,43878.016,44220.826112350296
295422,43878.016,9048.84040712659
295423,43878.016,83628.7744988947
295424,43878.016,9605.993394031975
295425,43878.016,66505.30697549407
295426,43878.016,8356.358567153393
295427,43878.016,72808.39840424171
295428,43878.016,21903.530605152806
295429,43878.016,10771.825316644348
295430,43878.016,45308.70880457435
295431,43878.016,15852.733366395913
295432,43878.016,18044.628391501377
295433,43878.016,41620.97381956652
295434,43878.016,49661.74227779567
295435,43878.016,64517.66226691824
295436,43878.016,25018.741602771563
295437,43878.016,72565.56625645648
295438,43878.016,47464.74495685808
295439,43878.016,10689.037543668082
295440,43878.016,42411.55727370339
295441,43878.016,33511.284311687195
295442,43878.016,47662.23206506812
295443,43878.016,40955.20290684126
295444,43878.016,14307.760120365629
295445,43878.016,10149.722539252674
295446,43878.016,14538.82254755149
295447,43878.016,18468.02678704275
295448,43878.016,24574.42193038705
295449,43878.016,55167.23697799791
295450,43878.016,51389.388720041425
295451,43878.016,7929.112401081712
295452,43878.016,63579.34816296485
295453,43878.016,21008.299579683382
295454,43878.016,29074.00847299049
295455,43878.016,52048.92714774782
295456,43878.016,21155.296059237888
295457,43878.016,25532.823231056693
295458,43878.016,34301.11889797532
295459,43878.016,45178.2287576986
295460,43878.016,63224.09231681572
295461,43878.016,9462.724071805296
295462,43878.016,41481.83195360265
295463,43878.016,13048.911660296964
295464,43878.016,15503.561253299282
295465,43878.016,40723.808954047934
295466,43878.016,8292.88933764505
295467,43878.016,29681.848252406216
295468,43878.016,19551.073743024775
295469,43878.016,57665.63961179423
295470,43878.016,53538.64160905129
295471,43878.016,29832.342335559435
295472,43878.016,64207.56861124818
295473,43878.016,51674.649922112854
295474,43878.016,8502.074903329294
295475,43878.016,11776.380009152623
295476,43878.016,31550.655669493764
295477,43878.016,41866.5239966588
295478,43878.016,35708.38025279312
295479,43878.016,64058.804890167106
295480,43878.016,24878.629092351654
295481,43878.016,115868.68667259405
295482,43878.016,30400.492242726086
295483,43878.016,44677.83156995742
295484,43878.016,26753.86181328517
295485,43878.016,49769.35875974874
295486,43878.016,10715.241466057862
295487,43878.016,12699.34747400657
295488,43878.016,42524.620833282606
295489,43878.016,65368.47619216837
295490,43878.016,29250.59579752388
295491,43878.016,32979.98735798154
295492,43878.016,17500.5175592817
295493,43878.016,36819.47668255697
295494,43878.016,34205.70286132244
295495,43878.016,50548.06050106363
295496,43878.016,33712.8218333986
295497,43878.016,49739.49798077433
295498,43878.016,47508.438720885904
295499,43878.016,12141.04147569255
295500,43878.016,9397.812272640196
295501,43878.016,65312.72277709238
295502,43878.016,24716.950194983267
295503,43878.016,39788.916335682545
295504,43878.016,34521.99297811609
295505,43878.016,52753.269435221
295506,43878.016,66491.63082273483
295507,43878.016,65772.32203273727
295508,43878.016,19706.15782782974
295509,43878.016,58339.74249044304
295510,43878.016,50353.29561906577
295511,43878.016,20252.046756473264
295512,43878.016,46756.61554418145
295513,43878.016,53176.39735884191
295514,43878.016,31001.878189546682
295515,43878.016,45260.0897623952
295516,43878.016,68876.98781410225
295517,43878.016,52167.84055315603
295518,43878.016,15940.558626489303
295519,43878.016,20881.854120589625
295520,43878.016,51857.58434873637
295521,43878.016,17001.402213329206
295522,43878.016,51475.96017621504
295523,43878.016,28413.824990767505
295524,43878.016,25081.793560433794
295525,43878.016,41027.16161860548
295526,43878.016,12802.490334885968
295527,43878.016,55817.44130129101
295528,43878.016,11231.706579494883
295529,43878.016,59120.42584282773
295530,43878.016,46338.90696945456
295531,43878.016,21744.5504180011
295532,43878.016,24936.83807287687
295533,43878.016,40322.70509633804
295534,43878.016,14231.925343913266
295535,43878.016,36942.00133032509
295536,43878.016,21994.14105843514
295537,43878.016,9534.941195504049
295538,43878.016,49301.23677221699
295539,43878.016,36676.46333272857
295540,43878.016,57086.46286610189
295541,43878.016,36049.03297652637
295542,43878.016,87018.08344659432
295543,43878.016,16689.200139581473
295544,43878.016,13288.456634871172
295545,43878.016,19576.311030132754
295546,43878.016,26639.60585157055
295547,43878.016,7061.343127852562
295548,43878.016,17293.31540141954
295549,43878.016,41103.64332634793
295550,43878.016,9133.835358443795
295551,43878.016,38294.68013750193
295552,43878.016,18625.785035511002
295553,43878.016,18832.0850119935
295554,43878.016,37857.96340534479
295555,43878.016,26483.669303925235
295556,43878.016,29833.63825827663
295557,43878.016,74111.22471256969
295558,43878.016,9445.476422308473
295559,43878.016,51067.3077450792
295560,43878.016,23222.677037280784
295561,43878.016,37168.52448176622
295562,43878.016,18055.826105194745
295563,43878.016,35028.496537471285
295564,43878.016,8042.133004753785
295565,43878.016,55681.5045034483
295566,43878.016,15378.856270653967
295567,43878.016,5608.796208957438
295568,43878.016,49782.088111521465
295569,43878.016,51358.673678380845
295570,43878.016,18727.80439714145
295571,43878.016,51731.23329767703
295572,43878.016,20538.98242195762
295573,43878.016,37697.855270629
295574,43878.016,40413.15197185792
295575,43878.016,58782.16913486381
295576,43878.016,16657.485300791534
295577,43878.016,19363.15234142463
295578,43878.016,54024.28388033696
295579,43878.016,18717.757907650033
295580,43878.016,12015.956385497826
295581,43878.016,46202.78847538452
295582,43878.016,17893.23208371998
295583,43878.016,8415.715039214183
295584,43878.016,41709.83395743367
295585,43878.016,53534.10030599141
295586,43878.016,17086.674056742602
295587,43878.016,25761.71000177223
295588,43878.016,57046.1653890331
295589,43878.016,113557.15566021255
295590,43878.016,6656.856645784251
295591,43878.016,65110.109011229724
295592,43878.016,6345.395660763062
295593,43878.016,42477.52249501176
295594,43878.016,52150.482374073465
295595,43878.016,15587.127221500004
295596,43878.016,31665.533787483728
295597,43878.016,14334.714661114755
295598,43878.016,18481.423015699755
295599,43878.016,52896.35963698876
295600,43878.016,20123.475663605903
295601,43878.016,65814.41168863988
295602,43878.016,43037.02082966638
295603,43878.016,46461.67873066246
295604,43878.016,15074.27607465614
295605,43878.016,39792.410015038484
295606,43878.016,47688.28284147058
295607,43878.016,14674.783431813412
295608,43878.016,22035.214437935178
295609,43878.016,70487.584528252
295610,43878.016,17808.68239322837
295611,43878.016,46747.916495016834
295612,43878.016,48344.70980554268
295613,43878.016,20579.65842758201
295614,43878.016,11342.654917778704
295615,43878.016,40863.81488140654
295616,43878.016,30424.578704480926
295617,43878.016,104937.09155994441
295618,43878.016,103383.9526399686
295619,43878.016,14186.73194126307
295620,43878.016,35048.54859385176
295621,43878.016,56940.52824843985
295622,43878.016,25818.946660170546
295623,43878.016,11887.356835480712
295624,43878.016,36123.89465207227
295625,43878.016,46708.040891936806
295626,43878.016,26237.61640289677
295627,43878.016,31484.835285987207
295628,43878.016,34788.20064147348
295629,43878.016,19033.07862809246
295630,43878.016,17409.396199067174
295631,43878.016,19638.02182370148
295632,43878.016,19921.874661219004
295633,43878.016,12112.467814080097
295634,43878.016,60111.24478379107
295635,43878.016,26674.044650059503
295636,43878.016,48371.77633306243
295637,43878.016,15578.513640731037
295638,43878.016,13865.580587796434
295639,43878.016,47612.7055582013
295640,43878.016,122962.70136676817
295641,43878.016,87508.22769611453
295642,43878.016,24523.88678392347
295643,43878.016,24495.80848405172
295644,43878.016,27821.31146602138
295645,43878.016,19795.009050595745
295646,43878.016,82676.08844420624
295647,43878.016,39058.00356122361
295648,43878.016,41622.0981171088
295649,43878.016,11949.454510414467
295650,43878.016,31255.977690375297
295651,43878.016,65628.38786594526
295652,43878.016,64873.04822225514
295653,43878.016,18857.13799136558
295654,43878.016,18440.98539249843
295655,43878.016,19044.939099149808
295656,43878.016,32374.36750563178
295657,43878.016,57805.75601224367
295658,43878.016,26445.887448521622
295659,43878.016,39068.21736912101
295660,43878.016,36501.178676860276
295661,43878.016,37117.563627330244
295662,43878.016,19138.03644037925
295663,43878.016,58122.29420881665
295664,43878.016,81800.85622474273
295665,43878.016,16598.759603220933
295666,43878.016,66384.26991853684
295667,43878.016,13042.370796836376
295668,43878.016,8157.315150559771
295669,43878.016,33562.513500666166
295670,43878.016,7985.461233183108
295671,43878.016,20346.758398221493
295672,43878.016,12077.363634863072
295673,43878.016,16522.48745925038
295674,43878.016,30563.15149496921
295675,43878.016,80799.28412180951
295676,43878.016,31293.783347306427
295677,43878.016,31369.49730565663
295678,43878.016,16522.02922885425
295679,43878.016,16440.410249160595
295680,43878.016,4332.070782541692
295681,43878.016,38938.36679807592
295682,43878.016,18975.679954115076
295683,43878.016,19173.0046989729
295684,43878.016,53494.01764589095
295685,43878.016,28155.91043352716
295686,43878.016,38671.5871196432
295687,43878.016,9854.105223089988
295688,43878.016,9931.841060766594
295689,43878.016,21480.943071058733
295690,43878.016,23982.282091874735
295691,43878.016,28728.32802512558
295692,43878.016,53013.90602600107
295693,43878.016,17040.433520052637
295694,43878.016,17942.61821547996
295695,43878.016,46326.65383670437
295696,43878.016,15356.895775016232
295697,43878.016,26818.883022660655
295698,43878.016,47303.48666646832
295699,43878.016,27058.605738044746
295700,43878.016,44815.19897091997
295701,43878.016,56380.17832367424
295702,43878.016,23028.94836806279
295703,43878.016,57112.90723294053
295704,43878.016,27495.15765533042
295705,43878.016,45268.94090785893
295706,43878.016,13121.555556298266
295707,43878.016,45383.83241544055
295708,43878.016,11191.903696032545
295709,43878.016,59019.62619342446
295710,43878.016,26851.623089024422
295711,43878.016,13524.6727218501
295712,43878.016,47599.78969903056
295713,43878.016,14494.236400443633
295714,43878.016,13038.76102824868
295715,43878.016,77136.17372298987
295716,43878.016,66935.41948411927
295717,43878.016,67851.81903199683
295718,43878.016,11389.196300935722
295719,43878.016,57762.72916312096
295720,43878.016,19533.886318434874
295721,43878.016,12778.405518226919
295722,43878.016,35458.414558335826
295723,43878.016,23992.193329752517
295724,43878.016,37781.91667750541
295725,43878.016,52730.37495504521
295726,43878.016,27127.65473914552
295727,43878.016,18397.499318307346
295728,43878.016,26013.166826434957
295729,43878.016,8502.831014060954
295730,43878.016,118890.26164990316
295731,43878.016,4390.063833404649
295732,43878.016,15626.54011733583
295733,43878.016,28444.057300226617
295734,43878.016,27121.254736633193
295735,43878.016,69517.87199143055
295736,43878.016,68720.27048151002
295737,43878.016,23479.576110183505
295738,43878.016,66631.90885995243
295739,43878.016,20299.78723662996
295740,43878.016,68579.84535368119
295741,43878.016,71654.72277917761
295742,43878.016,14042.929295008455
295743,43878.016,33630.61138911765
295744,43878.016,58691.99690341871
295745,43878.016,43322.19446077499
295746,43878.016,44907.81599739185
295747,43878.016,73682.83191975139
295748,43878.016,21094.042894773396
295749,43878.016,27176.220749561526
295750,43878.016,36203.43284115611
295751,43878.016,36902.61447975207
295752,43878.016,13691.541793868168
295753,43878.016,63842.41679471889
295754,43878.016,28685.858700727524
295755,43878.016,42006.3159308262
295756,43878.016,52470.53033788977
295757,43878.016,23420.64341916043
295758,43878.016,40693.754653175405
295759,43878.016,28615.764128458704
295760,43878.016,40622.4679095185
295761,43878.016,46502.87645873491
295762,43878.016,9390.824061751468
295763,43878.016,11633.191422093587
295764,43878.016,35947.13598203673
295765,43878.016,36092.96558448427
295766,43878.016,10468.274595770386
295767,43878.016,38098.217738575746
295768,43878.016,54447.22207113358
295769,43878.016,24936.469459489716
295770,43878.016,16395.283042420935
295771,43878.016,22110.722014889157
295772,43878.016,9539.897197489487
295773,43878.016,13778.787731323486
295774,43878.016,69512.89846617758
295775,43878.016,69581.608291549
295776,43878.016,29123.368468339602
295777,43878.016,27963.35827933529
295778,43878.016,10605.756289857934
295779,43878.016,35916.1548119906
295780,43878.016,10180.768018141573
295781,43878.016,18947.33663291987
295782,43878.016,36657.27295749656
295783,43878.016,35744.609526567394
295784,43878.016,18574.17516437912
295785,43878.016,14556.37166561498
295786,43878.016,26445.92295450799
295787,43878.016,17308.438189355336
295788,43878.016,25953.478536716175
295789,43878.016,62701.08822877098
295790,43878.016,56731.83043719749
295791,43878.016,70067.61200597731
295792,43878.016,18582.610257500863
295793,43878.016,21832.523634699424
295794,43878.016,8440.737207819964
295795,43878.016,45012.39068628813
295796,43878.016,54048.048022166724
295797,43878.016,48872.90602503473
295798,43878.016,74102.61028511639
295799,43878.016,29389.515855457437
295800,43878.016,28907.80711541735
295801,43878.016,40732.577374818145
295802,43878.016,10719.16190257934
295803,43878.016,34720.94982250182
295804,43878.016,33205.533017662325
295805,43878.016,17601.67354891064
295806,43878.016,55494.9848346773
295807,43878.016,50237.59170058294
295808,43878.016,37553.16030690289
295809,43878.016,66905.5019804511
295810,43878.016,23381.491184898237
295811,43878.016,50201.31030204459
295812,43878.016,48528.73672871475
295813,43878.016,33806.734413690036
295814,43878.016,39000.2501881242
295815,43878.016,12973.5785578049
295816,43878.016,21068.193411991815
295817,43878.016,44872.09435599275
295818,43878.016,13107.623258756317
295819,43878.016,63326.78570137247
295820,43878.016,35288.77146047302
295821,43878.016,14206.019768648632
295822,43878.016,5710.383231337594
295823,43878.016,59412.297611990405
295824,43878.016,23234.369417242553
295825,43878.016,30661.764319189842
295826,43878.016,18029.29361769957
295827,43878.016,47865.94897679622
295828,43878.016,77604.71158008558
295829,43878.016,23122.10311588952
295830,43878.016,54279.61533379106
295831,43878.016,56842.2207665204
295832,43878.016,22504.044715041393
295833,43878.016,54021.49062006182
295834,43878.016,86928.50977898335
295835,43878.016,43262.429927905454
295836,43878.016,45052.44515393086
295837,43878.016,51845.01115051151
295838,43878.016,18163.043697471407
295839,43878.016,54424.377655390825
295840,43878.016,25699.83386493748
295841,43878.016,15773.449534184198
295842,43878.016,14753.29628313536
295843,43878.016,26159.300632862436
295844,43878.016,10612.701043179815
295845,43878.016,16065.954947187704
295846,43878.016,49112.643477319194
295847,43878.016,33698.27508867462
295848,43878.016,45624.92677194877
295849,43878.016,49996.92943267393
295850,43878.016,36353.80728505956
295851,43878.016,12845.719648504279
295852,43878.016,27267.74095028332
295853,43878.016,13397.445396085894
295854,43878.016,23870.597778499352
295855,43878.016,6373.975193402637
295856,43878.016,45937.276960441035
295857,43878.016,16013.240383251308
295858,43878.016,18844.847805314308
295859,43878.016,15475.209425417586
295860,43878.016,18181.7801719614
295861,43878.016,40598.53590206034
295862,43878.016,30196.84107603975
295863,43878.016,59616.89058429081
295864,43878.016,21507.976469409467
295865,43878.016,47290.543990727754
295866,43878.016,23446.08236644684
295867,43878.016,18884.60029481235
295868,43878.016,87002.58490004334
295869,43878.016,32459.358573636397
295870,43878.016,53405.66575004867
295871,43878.016,28558.382150092282
295872,43878.016,23116.38632091779
295873,43878.016,10671.213472301208
295874,43878.016,16283.004368969956
295875,43878.016,31787.75121561062
295876,43878.016,63863.45856311774
295877,43878.016,39860.681126998286
295878,43878.016,32145.522286305462
295879,43878.016,28296.373898642425
295880,43878.016,55012.189150445156
295881,43878.016,75881.08450939438
295882,43878.016,21303.210974323716
295883,43878.016,42772.018827780375
295884,43878.016,62459.90414370095
295885,43878.016,31444.212942416496
295886,43878.016,65711.56841481221
295887,43878.016,40018.283115076
295888,43878.016,56635.41919227903
295889,43878.016,24387.836509316192
295890,43878.016,19559.72976467452
295891,43878.016,31420.270058262995
295892,43878.016,18286.014842441695
295893,43878.016,46578.74461257425
295894,43878.016,13738.105732429629
295895,43878.016,47674.72111897135
295896,43878.016,45743.87001552715
295897,43878.016,31043.917895669514
295898,43878.016,55954.19034879016
295899,43878.016,56325.58544908893
295900,43878.016,41188.527303492345
295901,43878.016,47740.72749168425
295902,43878.016,50670.977076145835
295903,43878.016,20143.65453570264
295904,43878.016,28075.478388373194
295905,43878.016,14256.705404182378
295906,43878.016,24027.381436164604
295907,43878.016,41765.32492992947
295908,43878.016,64684.32276586782
295909,43878.016,38485.01238481364
295910,43878.016,52583.609294705966
295911,43878.016,9536.003497933947
295912,43878.016,35370.686889188706
295913,43878.016,23975.12377469924
295914,43878.016,42308.6006075314
295915,43878.016,21713.2443870323
295916,43878.016,44829.28930558439
295917,43878.016,48997.16836766901
295918,43878.016,47824.781897945024
295919,43878.016,50370.79905724162
295920,43878.016,32697.530634754403
295921,43878.016,18172.29744103482
295922,43878.016,20157.344419870245
295923,43878.016,41668.521207543075
295924,43878.016,54794.1442815035
295925,43878.016,53485.60153333133
295926,43878.016,24746.56937719964
295927,43878.016,17595.16629249258
295928,43878.016,20534.364381441403
295929,43878.016,13560.491635082812
295930,43878.016,66833.24295046287
295931,43878.016,7324.82705728918
295932,43878.016,45927.62362305275
295933,43878.016,35803.837834992206
295934,43878.016,16271.918040289087
295935,43878.016,62787.90878973417
295936,43878.016,48884.437247570364
295937,43878.016,26316.2177499207
295938,43878.016,63480.72530885947
295939,43878.016,8586.853008524962
295940,43878.016,33817.741151100796
295941,43878.016,14360.52897602358
295942,43878.016,21707.52073188385
295943,43878.016,45985.35568753546
295944,43878.016,41637.3796448421
295945,43878.016,32746.491875517462
295946,43878.016,9489.021448888248
295947,43878.016,62708.83400028897
295948,43878.016,52326.673367339725
295949,43878.016,13688.517093047996
295950,43878.016,39026.317016901005
295951,43878.016,27832.78284400651
295952,43878.016,76794.64959309458
295953,43878.016,22314.870455386477
295954,43878.016,26363.310938629744
295955,43878.016,30248.690240422024
295956,43878.016,52762.520760171334
295957,43878.016,12018.543329256903
295958,43878.016,22685.436634806443
295959,43878.016,64993.01240754217
295960,43878.016,49563.69061018007
295961,43878.016,59213.67687581694
295962,43878.016,11756.910111246201
295963,43878.016,47145.91156667303
295964,43878.016,14502.46947064932
295965,43878.016,35367.31189756686
295966,43878.016,47947.2303585529
295967,43878.016,38012.71524998071
295968,43878.016,47494.23806575796
295969,43878.016,15451.113862367376
295970,43878.016,56919.699412252216
295971,43878.016,9950.122993646295
295972,43878.016,32874.5238878993
295973,43878.016,45094.2260660628
295974,43878.016,79713.39065906368
295975,43878.016,5675.589673604441
295976,43878.016,47276.92891191204
295977,43878.016,67119.30409394816
295978,43878.016,11997.450225404102
295979,43878.016,52395.28102837024
295980,43878.016,35924.0906683642
295981,43878.016,51023.40681192935
295982,43878.016,75545.38596908655
295983,43878.016,41160.506816538254
295984,43878.016,19529.291415414824
295985,43878.016,56785.322002169894
295986,43878.016,51917.954851248745
295987,43878.016,78558.59010120577
295988,43878.016,16373.29794094746
295989,43878.016,28809.226710918898
295990,43878.016,40647.12590293683
295991,43878.016,13071.311554324382
295992,43878.016,8190.270330414437
295993,43878.016,50695.13085806
295994,43878.016,48785.15179425676
295995,43878.016,11222.140257965599
295996,43878.016,70651.5673669477
295997,43878.016,25585.837471563133
295998,43878.016,26699.55784339473
295999,43878.016,44018.53123776384
296000,43878.016,8476.945730513095
296001,43878.016,23105.151228580307
296002,43878.016,19967.721176070434
296003,43878.016,39062.97630346367
296004,43878.016,9413.753408475994
296005,43878.016,52451.591843197515
296006,43878.016,19637.413253247218
296007,43878.016,8347.69338449623
296008,43878.016,53127.21231145063
296009,43878.016,20191.182005351864
296010,43878.016,31075.26597557943
296011,43878.016,15976.878104924635
296012,43878.016,15215.6837436346
296013,43878.016,17981.329497396415
296014,43878.016,49142.23251204196
296015,43878.016,35796.40822268154
296016,43878.016,42637.352440953226
296017,43878.016,28042.500457348866
296018,43878.016,47029.8963004143
296019,43878.016,13215.261948847838
296020,43878.016,61204.75341247874
296021,43878.016,21394.03174102382
296022,43878.016,45479.81521844616
296023,43878.016,19983.723080293534
296024,43878.016,19927.933607588624
296025,43878.016,26551.49084048829
296026,43878.016,23424.2040290821
296027,43878.016,49580.77450132746
296028,43878.016,27705.885114984092
296029,43878.016,14260.45985943022
296030,43878.016,35088.76478305593
296031,43878.016,38382.58152779914
296032,43878.016,22376.332159216297
296033,43878.016,48503.76749662399
296034,43878.016,44068.734589512984
296035,43878.016,20522.07314841082
296036,43878.016,68254.03339756085
296037,43878.016,22721.45647652201
296038,43878.016,49175.781538258954
296039,43878.016,55890.46966050604
296040,43878.016,38993.922318093355
296041,43878.016,56571.43738497922
296042,43878.016,31562.918577943346
296043,43878.016,42673.850950000946
296044,43878.016,24592.166744968355
296045,43878.016,47176.9074647924
296046,43878.016,23879.369780872672
296047,43878.016,32812.670181713824
296048,43878.016,30288.91780105748
296049,43878.016,10809.794876902655
296050,43878.016,6791.693640215574
296051,43878.016,12159.973493658117
296052,43878.016,10105.899857903201
296053,43878.016,3534.6630346709376
296054,43878.016,41878.98959541918
296055,43878.016,74355.00708800353
296056,43878.016,55798.60516641118
296057,43878.016,56352.9568323342
296058,43878.016,39178.01326301882
296059,43878.016,54706.058363456366
296060,43878.016,10857.459548010342
296061,43878.016,17076.176765747
296062,43878.016,52647.73667794943
296063,43878.016,43165.66808014245
296064,43878.016,29457.989706867887
296065,43878.016,7386.008570062895
296066,43878.016,53710.24677369462
296067,43878.016,49766.69572051526
296068,43878.016,64868.91233785573
296069,43878.016,33345.33945034178
296070,43878.016,19352.9930555382
296071,43878.016,16215.169357447774
296072,43878.016,55832.58108807344
296073,43878.016,45547.72444581053
296074,43878.016,39784.26143938676
296075,43878.016,33474.95890402826
296076,43878.016,47852.04633062218
296077,43878.016,42511.289131880454
296078,43878.016,46484.09076927282
296079,43878.016,23783.779884058404
296080,43878.016,74979.81907342418
296081,43878.016,52230.1719715544
296082,43878.016,51937.87768402423
296083,43878.016,9681.801274681593
296084,43878.016,24212.32604676516
296085,43878.016,36084.12480930452
296086,43878.016,44748.07629258768
296087,43878.016,49636.65693565083
296088,43878.016,15048.131126146893
296089,43878.016,48776.625770101076
296090,43878.016,6240.047607381525
296091,43878.016,42518.524113046085
296092,43878.016,40597.32386280008
296093,43878.016,25085.203923707475
296094,43878.016,17486.018999586388
296095,43878.016,17455.35486201932
296096,43878.016,13245.214050311299
296097,43878.016,9615.34895196678
296098,43878.016,46306.26137243046
296099,43878.016,84515.91435445496
296100,43878.016,39193.50689158857
296101,43878.016,58552.678100889345
296102,43878.016,31519.276468502878
296103,43878.016,15120.189440564825
296104,43878.016,36721.64015540037
296105,43878.016,62098.55829805553
296106,43878.016,57070.765075920106
296107,43878.016,51477.11335834502
296108,43878.016,24309.15714873468
296109,43878.016,13530.143160220696
296110,43878.016,23652.845922996654
296111,43878.016,47875.59186219315
296112,43878.016,8337.908325548691
296113,43878.016,61330.71227042773
296114,43878.016,34889.254634206496
296115,43878.016,38736.56966725429
296116,43878.016,19969.01987475338
296117,43878.016,23336.16551390787
296118,43878.016,27298.599904453997
296119,43878.016,20919.753768415125
296120,43878.016,58446.4673630773
296121,43878.016,35273.063179538985
296122,43878.016,28342.262122595195
296123,43878.016,56995.89881538228
296124,43878.016,13824.217876908606
296125,43878.016,4829.934587918043
296126,43878.016,45579.37907068018
296127,43878.016,28370.50797679603
296128,43878.016,34814.06191062431
296129,43878.016,31842.592598632582
296130,43878.016,14104.448377492536
296131,43878.016,36724.404749888134
296132,43878.016,45117.81377282318
296133,43878.016,12333.369575690595
296134,43878.016,8841.273174055104
296135,43878.016,50468.79103025227
296136,43878.016,70867.30211508517
296137,43878.016,53835.034862055305
296138,43878.016,56384.8485515462
296139,43878.016,42998.95537605697
296140,43878.016,24449.75558083445
296141,43878.016,9553.298197019369
296142,43878.016,29081.678997449544
296143,43878.016,15169.713052365685
296144,43878.016,85039.00341368854
296145,43878.016,27526.513755643875
296146,43878.016,38031.71392508029
296147,43878.016,52241.142995493
296148,43878.016,24982.53556090376
296149,43878.016,69715.06192396743
296150,43878.016,11655.902425548635
296151,43878.016,35467.78073786377
296152,43878.016,11776.765818643076
296153,43878.016,41233.69207432993
296154,43878.016,39340.78600014314
296155,43878.016,59368.17779980789
296156,43878.016,47576.07012725002
296157,43878.016,13044.665116036662
296158,43878.016,31593.005580542853
296159,43878.016,17719.202475217637
296160,43878.016,28403.897437775042
296161,43878.016,56686.65009886828
296162,43878.016,49912.299455574845
296163,43878.016,30169.8473989439
296164,43878.016,28758.84233870978
296165,43878.016,13192.095511315754
296166,43878.016,54092.86584222979
296167,43878.016,58984.42628662023
296168,43878.016,10703.23488608763
296169,43878.016,7710.617286391557
296170,43878.016,51070.96317746257
296171,43878.016,7820.020943847358
296172,43878.016,17555.16613374402
296173,43878.016,31713.167481158947
296174,43878.016,19874.422463488998
296175,43878.016,14543.991696078558
296176,43878.016,16552.15609563132
296177,43878.016,32640.3969029165
296178,43878.016,14855.821776714618
296179,43878.016,49775.145165559064
296180,43878.016,54810.56086512288
296181,43878.016,28031.261822507113
296182,43878.016,70387.3846717121
296183,43878.016,58554.993677175225
296184,43878.016,29343.392067955174
296185,43878.016,34923.680492810425
296186,43878.016,18311.73553453692
296187,43878.016,20884.645509754162
296188,43878.016,45847.95796810822
296189,43878.016,23782.697272395188
296190,43878.016,16626.379930741303
296191,43878.016,7132.705806087456
296192,43878.016,50893.80696733949
296193,43878.016,10346.867073191701
296194,43878.016,22829.315139423703
296195,43878.016,29976.302119621552
296196,43878.016,12540.96127094443
296197,43878.016,19738.323963415176
296198,43878.016,34399.641210361
296199,43878.016,26729.942876242785
296200,43878.016,32287.18046720763
296201,43878.016,24617.464923277545
296202,43878.016,41591.2313581665
296203,43878.016,50641.672763281465
296204,43878.016,36684.15717018185
296205,43878.016,53587.64461199082
296206,43878.016,25496.369200651436
296207,43878.016,72069.61053105164
296208,43878.016,27026.079052923124
296209,43878.016,44815.922378653464
296210,43878.016,58497.46485318095
296211,43878.016,52487.58546470949
296212,43878.016,31039.151639429092
296213,43878.016,80867.72070285334
296214,43878.016,51160.56280485876
296215,43878.016,51791.358822182076
296216,43878.016,52481.207379883184
296217,43878.016,33642.72941585818
296218,43878.016,7765.067415385276
296219,43878.016,40958.52386303394
296220,43878.016,54258.59207585856
296221,43878.016,11608.676283508052
296222,43878.016,21666.619376952385
296223,43878.016,40356.54266561743
296224,43878.016,48845.63613515686
296225,43878.016,11822.04154244086
296226,43878.016,74091.45352111405
296227,43878.016,12759.043820955525
296228,43878.016,7760.594265795691
296229,43878.016,31938.51665846143
296230,43878.016,39088.97917154149
296231,43878.016,36516.99025628797
296232,43878.016,36030.35613487444
296233,43878.016,85993.23173528479
296234,43878.016,54778.63676599221
296235,43878.016,21537.603259574073
296236,43878.016,46809.440558693
296237,43878.016,22201.33611828775
296238,43878.016,43547.515915028875
296239,43878.016,62279.32737014867
296240,43878.016,63933.86770665515
296241,43878.016,54157.798741909915
296242,43878.016,23887.491551126303
296243,43878.016,32235.654892852737
296244,43878.016,34884.30220126336
296245,43878.016,41968.64164566916
296246,43878.016,52399.92340759892
296247,43878.016,68681.03757806562
296248,43878.016,17327.107678441833
296249,43878.016,53505.279833536806
296250,43878.016,69796.36759768112
296251,43878.016,15581.540587520836
296252,43878.016,8361.676642415943
296253,43878.016,41129.13350211001
296254,43878.016,9727.100768471082
296255,43878.016,18700.482253489557
296256,43878.016,72745.48236686965
296257,43878.016,60718.8097230442
296258,43878.016,15015.803925472585
296259,43878.016,11975.248696574386
296260,43878.016,27273.38566052632
296261,43878.016,6555.741647311402
296262,43878.016,53523.55728656511
296263,43878.016,49757.59677554047
296264,43878.016,14006.43264391279
296265,43878.016,47173.12029458556
296266,43878.016,17711.46259972592
296267,43878.016,65292.64713688025
296268,43878.016,66199.33624562432
296269,43878.016,26465.964045727287
296270,43878.016,27707.11902674063
296271,43878.016,23919.35615412319
296272,43878.016,40967.71177737776
296273,43878.016,64367.79190577572
296274,43878.016,24823.592736295213
296275,43878.016,31742.2240559672
296276,43878.016,40008.771306975956
296277,43878.016,48525.376484413166
296278,43878.016,33806.57116907318
296279,43878.016,45073.2087638407
296280,43878.016,51972.580591246726
296281,43878.016,58605.185446037525
296282,43878.016,17366.060343785597
296283,43878.016,48574.05914260241
296284,43878.016,21141.343760365835
296285,43878.016,72446.01206619285
296286,43878.016,61158.96649329433
296287,43878.016,77543.62820180204
296288,43878.016,31994.34345600583
296289,43878.016,25359.91121546577
296290,43878.016,37565.29459435378
296291,43878.016,50242.84745053764
296292,43878.016,21960.151189913806
296293,43878.016,54977.75762648104
296294,43878.016,47103.47635733497
296295,43878.016,71861.788165689
296296,43878.016,23176.4445591571
296297,43878.016,57635.795945183236
296298,43878.016,24016.94998507826
296299,43878.016,16019.979027589894
296300,43878.016,22839.206600557514
296301,43878.016,4069.0243346968577
296302,43878.016,12610.404245997957
296303,43878.016,66362.14916970178
296304,43878.016,57956.40882614623
296305,43878.016,8748.292848183593
296306,43878.016,32112.872504074392
296307,43878.016,32767.683182213317
296308,43878.016,36470.58987960972
296309,43878.016,37076.436427497596
296310,43878.016,19279.369939247124
296311,43878.016,68105.14987319447
296312,43878.016,20929.811345938488
296313,43878.016,25186.07291310112
296314,43878.016,20604.12956837381
296315,43878.016,25741.964783350602
296316,43878.016,34701.37774096271
296317,43878.016,46768.651676356974
296318,43878.016,40786.303015279904
296319,43878.016,31350.75750232226
296320,43878.016,52924.25135955493
296321,43878.016,18159.336239994976
296322,43878.016,10372.736743983756
296323,43878.016,9047.551252685136
296324,43878.016,46205.30435885092
296325,43878.016,52279.546993887074
296326,43878.016,30114.853659986227
296327,43878.016,12516.96038044901
296328,43878.016,16512.703803245495
296329,43878.016,46647.92030943129
296330,43878.016,5359.566926843978
296331,43878.016,51860.843580225366
296332,43878.016,53043.474110631076
296333,43878.016,64211.600124919816
296334,43878.016,28635.22007263814
296335,43878.016,12672.506378866914
296336,43878.016,14783.69176764812
296337,43878.016,41404.839090199865
296338,43878.016,29578.63551984135
296339,43878.016,28013.81360397719
296340,43878.016,49916.825533154304
296341,43878.016,24307.78318592766
296342,43878.016,32175.443981486773
296343,43878.016,62814.219503280045
296344,43878.016,44980.987519334354
296345,43878.016,33271.52182387577
296346,43878.016,41319.933619462696
296347,43878.016,12296.029106123278
296348,43878.016,45540.02492326281
296349,43878.016,4040.8043321349774
296350,43878.016,15155.269672127873
296351,43878.016,31481.97692895626
296352,43878.016,63319.016571800435
296353,43878.016,20685.476544007855
296354,43878.016,39271.696748158945
296355,43878.016,35875.97532510528
296356,43878.016,56644.47624721274
296357,43878.016,64457.62913144263
296358,43878.016,55613.933296872754
296359,43878.016,37165.565499525525
296360,43878.016,18104.2589989911
296361,43878.016,50650.28939343235
296362,43878.016,12809.183113301067
296363,43878.016,17636.83557952053
296364,43878.016,31983.74874868587
296365,43878.016,11987.712397402305
296366,43878.016,36810.4038224664
296367,43878.016,14512.165035008553
296368,43878.016,51692.67975794584
296369,43878.016,93914.19489713473
296370,43878.016,9219.38627811819
296371,43878.016,26149.672286597477
296372,43878.016,32017.515129447587
296373,43878.016,12780.360854957622
296374,43878.016,11080.912711987161
296375,43878.016,50329.660838362295
296376,43878.016,44502.05484981661
296377,43878.016,53026.36340212556
296378,43878.016,17312.2933643302
296379,43878.016,69891.9493299429
296380,43878.016,26664.091255867344
296381,43878.016,20637.811692476058
296382,43878.016,9149.72984902463
296383,43878.016,73272.90861051185
296384,43878.016,8163.331315263767
296385,43878.016,67625.66032265732
296386,43878.016,13549.384609506515
296387,43878.016,11915.607880062109
296388,43878.016,43348.66793310592
296389,43878.016,43688.72396241392
296390,43878.016,21329.50666918455
296391,43878.016,49029.54441359587
296392,43878.016,28436.928113511858
296393,43878.016,9402.305319320376
296394,43878.016,47409.27717679791
296395,43878.016,13822.177848520736
296396,43878.016,45498.41339038263
296397,43878.016,6852.154184150675
296398,43878.016,26539.006778141385
296399,43878.016,23368.609202855027
296400,43878.016,21192.922498736385
296401,43878.016,22010.77189242655
296402,43878.016,22531.708531870114
296403,43878.016,21192.104412190267
296404,43878.016,36401.38498244398
296405,43878.016,54783.610258494286
296406,43878.016,33840.270663263145
296407,43878.016,58526.26352923535
296408,43878.016,8832.875653103209
296409,43878.016,50127.917460703204
296410,43878.016,19308.33832468141
296411,43878.016,40938.264781437196
296412,43878.016,24328.918058060655
296413,43878.016,47967.21433446123
296414,43878.016,9321.5866402897
296415,43878.016,10466.65448070496
296416,43878.016,54054.22274536744
296417,43878.016,47281.22921858636
296418,43878.016,32160.66382402811
296419,43878.016,13148.370965612432
296420,43878.016,16615.89171512254
296421,43878.016,53229.9444994351
296422,43878.016,46615.29365710479
296423,43878.016,18589.56373890567
296424,43878.016,47512.6657396407
296425,43878.016,59758.5997774905
296426,43878.016,19478.785464641704
296427,43878.016,36221.77566479838
296428,43878.016,57697.881547426085
296429,43878.016,26274.31135855774
296430,43878.016,53982.742171027094
296431,43878.016,49717.75108254514
296432,43878.016,15988.404091511722
296433,43878.016,54074.56912276863
296434,43878.016,28977.99565836902
296435,43878.016,29438.127913313543
296436,43878.016,41668.597621189154
296437,43878.016,41519.538284363276
296438,43878.016,42462.71445204201
296439,43878.016,49733.58510058857
296440,43878.016,29510.394821034835
296441,43878.016,16146.56159904181
296442,43878.016,8852.805195218289
296443,43878.016,14867.990780461188
296444,43878.016,45986.63305484535
296445,43878.016,34343.245592589075
296446,43878.016,13080.988602164927
296447,43878.016,6955.885881784334
296448,43878.016,9707.553315830488
296449,43878.016,24120.419214651112
296450,43878.016,6347.668662833657
296451,43878.016,9663.529396077274
296452,43878.016,37031.93867547797
296453,43878.016,5930.180961257861
296454,43878.016,23336.04717205733
296455,43878.016,48835.30265258701
296456,43878.016,28047.618892771425
296457,43878.016,22938.48731630471
296458,43878.016,25569.346478481784
296459,43878.016,26870.489508133047
296460,43878.016,42428.556105853786
296461,43878.016,41007.34425454712
296462,43878.016,39097.30561050269
296463,43878.016,13015.570015243298
296464,43878.016,5050.550484393284
296465,43878.016,24878.80863637685
296466,43878.016,56395.29333301698
296467,43878.016,41803.745715665515
296468,43878.016,36106.69733702791
296469,43878.016,91852.55041355362
296470,43878.016,39083.29236037811
296471,43878.016,50303.971400760514
296472,43878.016,28688.19871246225
296473,43878.016,35105.42749309312
296474,43878.016,22425.772127444045
296475,43878.016,70592.00198333821
296476,43878.016,60153.665359663886
296477,43878.016,22177.62953281222
296478,43878.016,11623.004189596244
296479,43878.016,11353.849872170133
296480,43878.016,15248.843692687808
296481,43878.016,69549.94292137225
296482,43878.016,58984.26981976885
296483,43878.016,26710.59634552152
296484,43878.016,30178.235186899274
296485,43878.016,27578.113702822902
296486,43878.016,81007.38698707674
296487,43878.016,27665.234364538323
296488,43878.016,18916.047182685983
296489,43878.016,15868.763930662331
296490,43878.016,34449.96320883298
296491,43878.016,31746.9032436314
296492,43878.016,47458.31090198781
296493,43878.016,41598.4873899794
296494,43878.016,45987.71366365097
296495,43878.016,42239.33700625245
296496,43878.016,39045.51109836195
296497,43878.016,28192.12259704247
296498,43878.016,11691.603039177327
296499,43878.016,17445.843591817124
296500,43878.016,46814.642511487684
296501,43878.016,20498.81950691326
296502,43878.016,32554.945692502803
296503,43878.016,9352.877391066051
296504,43878.016,70141.66311101422
296505,43878.016,20004.123949633682
296506,43878.016,19071.104290888525
296507,43878.016,33218.750976798845
296508,43878.016,63964.4183433513
296509,43878.016,54120.9564254469
296510,43878.016,10558.07170419294
296511,43878.016,97265.57022122637
296512,43878.016,24975.463782444454
296513,43878.016,61041.379010369375
296514,43878.016,20018.666123572897
296515,43878.016,51417.57298557016
296516,43878.016,18016.773456418243
296517,43878.016,27918.133794191384
296518,43878.016,58148.36828722776
296519,43878.016,41484.221799370236
296520,43878.016,25009.532400335105
296521,43878.016,42665.00874625384
296522,43878.016,22261.6403498998
296523,43878.016,77212.28037534434
296524,43878.016,46626.192218957825
296525,43878.016,16261.284696451068
296526,43878.016,10333.84610368935
296527,43878.016,85548.12004986101
296528,43878.016,18473.28377346372
296529,43878.016,13595.994350576018
296530,43878.016,23315.684281802733
296531,43878.016,10724.291108259777
296532,43878.016,14208.121069655297
296533,43878.016,16629.486698579683
296534,43878.016,67359.62249069902
296535,43878.016,39866.41720234939
296536,43878.016,14219.38013873108
296537,43878.016,11979.860896979022
296538,43878.016,50451.143561494035
296539,43878.016,39532.89613607348
296540,43878.016,24500.10128535612
296541,43878.016,41014.45567894261
296542,43878.016,39358.475271971496
296543,43878.016,7384.173636206102
296544,43878.016,21969.599608177916
296545,43878.016,36416.10379911871
296546,43878.016,60321.932329250536
296547,43878.016,26629.290998858767
296548,43878.016,30092.357523403996
296549,43878.016,60467.89551601658
296550,43878.016,15276.24670424269
296551,43878.016,62961.72512975256
296552,43878.016,19289.157910113852
296553,43878.016,42965.59205120661
296554,43878.016,27053.72595009365
296555,43878.016,72699.31530082434
296556,43878.016,27086.895977602617
296557,43878.016,60227.49855040751
296558,43878.016,68566.54347080231
296559,43878.016,63999.42097143664
296560,43878.016,68989.72664764208
296561,43878.016,32855.598688131904
296562,43878.016,25404.827275330583
296563,43878.016,9986.545085832044
296564,43878.016,13208.519530186815
296565,43878.016,58115.81166208138
296566,43878.016,24650.31154202083
296567,43878.016,49952.82431648735
296568,43878.016,4911.918364409569
296569,43878.016,35437.77211533604
296570,43878.016,35611.681384069365
296571,43878.016,52208.19198577635
296572,43878.016,37441.378572690934
296573,43878.016,44169.496976515555
296574,43878.016,61769.47747684762
296575,43878.016,27414.881942779924
296576,43878.016,18308.184247342007
296577,43878.016,19673.777731894366
296578,43878.016,52458.709248950305
296579,43878.016,50702.834889353784
296580,43878.016,38373.658891519975
296581,43878.016,63056.454716942186
296582,43878.016,41301.314881685284
296583,43878.016,46134.75568166508
296584,43878.016,34441.19139247644
296585,43878.016,21195.86314898067
296586,43878.016,33496.276347797655
296587,43878.016,22698.01295676764
296588,43878.016,9274.553296172402
296589,43878.016,58662.76564436389
296590,43878.016,68495.43975032466
296591,43878.016,15318.119989860668
296592,43878.016,17419.745666055398
296593,43878.016,78819.51946904261
296594,43878.016,61036.923614881394
296595,43878.016,68627.77228463603
296596,43878.016,30789.91936615778
296597,43878.016,37278.59523858998
296598,43878.016,42439.009949373736
296599,43878.016,31129.834123211484
296600,43878.016,15841.34367823602
296601,43878.016,65440.378349480976
296602,43878.016,41495.085181137845
296603,43878.016,43653.23231361184
296604,43878.016,18994.4344937865
296605,43878.016,9004.578904100244
296606,43878.016,28183.82312273988
296607,43878.016,9148.084135834786
296608,43878.016,6188.538726312532
296609,43878.016,70311.82914443605
296610,43878.016,38172.019415127514
296611,43878.016,43069.75286248818
296612,43878.016,51380.12175600626
296613,43878.016,26665.18621197215
296614,43878.016,27793.038199210845
296615,43878.016,29720.378367330228
296616,43878.016,54637.77454175398
296617,43878.016,10284.61763734705
296618,43878.016,33879.883074148296
296619,43878.016,39601.32887413295
296620,43878.016,64977.51022604277
296621,43878.016,18783.312215807517
296622,43878.016,53954.86964792527
296623,43878.016,10555.637166684442
296624,43878.016,6090.665626742998
296625,43878.016,33562.068904156215
296626,43878.016,14183.342253686902
296627,43878.016,47497.52950764213
296628,43878.016,66940.17471806036
296629,43878.016,30750.497217552907
296630,43878.016,20098.7348313927
296631,43878.016,43768.3582620251
296632,43878.016,10678.091836592926
296633,43878.016,79759.98022508844
296634,43878.016,12842.112233275024
296635,43878.016,126217.38184053627
296636,43878.016,28133.94194025874
296637,43878.016,44353.48971791661
296638,43878.016,49594.61081997431
296639,43878.016,25698.752004867263
296640,43878.016,55484.83399843997
296641,43878.016,39075.52107197411
296642,43878.016,44067.41133479794
296643,43878.016,25946.891162982472
296644,43878.016,7629.890868456607
296645,43878.016,23600.50675996854
296646,43878.016,51964.20044450428
296647,43878.016,11803.861577994152
296648,43878.016,54829.16506548356
296649,43878.016,44266.19599338182
296650,43878.016,53051.584361396206
296651,43878.016,25249.385356060862
296652,43878.016,41348.48717532242
296653,43878.016,41564.72422043687
296654,43878.016,36182.43957126366
296655,43878.016,37970.63583292463
296656,43878.016,43685.95674486727
296657,43878.016,37319.75477466136
296658,43878.016,25038.664212529562
296659,43878.016,59980.11441208221
296660,43878.016,30361.1506326056
296661,43878.016,19512.36647767669
296662,43878.016,24033.59630278714
296663,43878.016,58558.48990627644
296664,43878.016,26848.88606193251
296665,43878.016,15055.652618778271
296666,43878.016,34548.40287091773
296667,43878.016,56377.82808078161
296668,43878.016,52013.07296142092
296669,43878.016,64480.21339955864
296670,43878.016,37950.18350982212
296671,43878.016,68255.5806608005
296672,43878.016,81066.14674368496
296673,43878.016,26742.982565045968
296674,43878.016,6032.815198865636
296675,43878.016,31985.786382303995
296676,43878.016,9060.26129541303
296677,43878.016,42105.22950881909
296678,43878.016,21885.46378071457
296679,43878.016,52569.95801289314
296680,43878.016,58170.16779806567
296681,43878.016,18381.421886767213
296682,43878.016,47582.0021412672
296683,43878.016,66380.27407600351
296684,43878.016,10742.034430223988
296685,43878.016,23479.90881353565
296686,43878.016,11686.96148898476
296687,43878.016,78065.24455134769
296688,43878.016,42181.89054774263
296689,43878.016,21200.89537204855
296690,43878.016,28636.0997728938
296691,43878.016,59046.21723439759
296692,43878.016,61090.78811615018
296693,43878.016,40565.71094246343
296694,43878.016,19662.633803289922
296695,43878.016,60406.31285887901
296696,43878.016,58419.679359666174
296697,43878.016,46933.271503143646
296698,43878.016,10863.545739740923
296699,43878.016,3907.6857469830857
296700,43878.016,8798.409597985745
296701,43878.016,21096.0025428297
296702,43878.016,19276.5603686118
296703,43878.016,20041.368874469776
296704,43878.016,19769.248215357627
296705,43878.016,59297.01143313622
296706,43878.016,21256.492315829168
296707,43878.016,53513.097606988544
296708,43878.016,46904.49214930371
296709,43878.016,20323.529955615337
296710,43878.016,13084.435979010332
296711,43878.016,35336.00063741493
296712,43878.016,22351.98245179465
296713,43878.016,39198.77590236649
296714,43878.016,29888.77972958464
296715,43878.016,44771.851146171335
296716,43878.016,50269.162991064295
296717,43878.016,73886.93476811658
296718,43878.016,48771.18239127445
296719,43878.016,36787.568100365046
296720,43878.016,26117.23847042751
296721,43878.016,51997.11387163933
296722,43878.016,22214.47640017222
296723,43878.016,41429.262223990205
296724,43878.016,14713.41036076051
296725,43878.016,11078.820456332081
296726,43878.016,41043.0703274937
296727,43878.016,22194.1247659998
296728,43878.016,39879.8966011621
296729,43878.016,63198.78029374922
296730,43878.016,53428.89497714375
296731,43878.016,22832.53529639131
296732,43878.016,67517.4214735437
296733,43878.016,51727.38494500019
296734,43878.016,36280.36263942793
296735,43878.016,16203.532736972127
296736,43878.016,24430.227123062694
296737,43878.016,51202.56345810741
296738,43878.016,59513.72040242605
296739,43878.016,48777.55589853883
296740,43878.016,36891.14268046144
296741,43878.016,57620.39173189985
296742,43878.016,45451.38857749345
296743,43878.016,50536.690436262004
296744,43878.016,72993.82394881031
296745,43878.016,46759.1987714336
296746,43878.016,44086.85413665432
296747,43878.016,26896.70433808063
296748,43878.016,46949.5700810211
296749,43878.016,15860.258526106667
296750,43878.016,31027.697619716284
296751,43878.016,9249.440734306716
296752,43878.016,65756.86299799732
296753,43878.016,29609.382701670966
296754,43878.016,63223.505024070626
296755,43878.016,23954.334676848164
296756,43878.016,33290.53886652229
296757,43878.016,66125.26592532941
296758,43878.016,24313.304465705296
296759,43878.016,10060.109259864632
296760,43878.016,25482.191591843264
296761,43878.016,51369.168933504865
296762,43878.016,49827.182509553146
296763,43878.016,13976.588806277128
296764,43878.016,14812.422806442275
296765,43878.016,38834.46055541131
296766,43878.016,18033.29405516329
296767,43878.016,11541.999980585279
296768,43878.016,41189.97687130493
296769,43878.016,68040.13567167094
296770,43878.016,51108.63311701787
296771,43878.016,23017.07789290971
296772,43878.016,56280.769412982496
296773,43878.016,24168.599419500762
296774,43878.016,57320.04499407085
296775,43878.016,17282.611866104806
296776,43878.016,9914.776961050742
296777,43878.016,75240.79155589457
296778,43878.016,23277.29418732213
296779,43878.016,38456.11541813926
296780,43878.016,51205.313441041326
296781,43878.016,53758.12237066287
296782,43878.016,56138.24429922188
296783,43878.016,9361.253937698939
296784,43878.016,32374.274155093663
296785,43878.016,27167.09000180029
296786,43878.016,33032.99263196906
296787,43878.016,55686.25904130371
296788,43878.016,23865.351271397263
296789,43878.016,45294.54956921581
296790,43878.016,39385.45327870563
296791,43878.016,67617.47799448336
296792,43878.016,10457.363902590578
296793,43878.016,20543.617400052914
296794,43878.016,11436.363092179285
296795,43878.016,45409.25883093726
296796,43878.016,43112.57108214665
296797,43878.016,36191.99055091569
296798,43878.016,26068.087727857666
296799,43878.016,47928.596300972866
296800,43878.016,82327.69225348141
296801,43878.016,49436.927442966764
296802,43878.016,49222.33377657095
296803,43878.016,32610.387348311113
296804,43878.016,50476.85234024364
296805,43878.016,48596.158089115794
296806,43878.016,21498.847446703607
296807,43878.016,55725.249940010166
296808,43878.016,80719.70146288356
296809,43878.016,11174.941349251892
296810,43878.016,46843.75514051364
296811,43878.016,16317.181057842507
296812,43878.016,14820.09818363964
296813,43878.016,25270.276695756587
296814,43878.016,43170.31364071759
296815,43878.016,59071.540655069104
296816,43878.016,58350.66572638028
296817,43878.016,25299.454956173104
296818,43878.016,24931.311385786634
296819,43878.016,70153.46113161065
296820,43878.016,48130.65018681571
296821,43878.016,16271.810458495947
296822,43878.016,45399.12962101349
296823,43878.016,46196.38369318451
296824,43878.016,93923.60610083926
296825,43878.016,10823.804627280899
296826,43878.016,15752.67461671184
296827,43878.016,38082.465614923865
296828,43878.016,53793.244535448495
296829,43878.016,29824.17253472602
296830,43878.016,36125.45817764369
296831,43878.016,33601.36894793312
296832,43878.016,6279.05708091889
296833,43878.016,18458.290827039964
296834,43878.016,38256.85656024844
296835,43878.016,36785.81117483814
296836,43878.016,18328.96759313795
296837,43878.016,43565.51231329371
296838,43878.016,38843.49114177829
296839,43878.016,22536.4003056595
296840,43878.016,37501.35086662932
296841,43878.016,65566.22965823847
296842,43878.016,33518.56448944472
296843,43878.016,41758.47034578373
296844,43878.016,41528.4722484972
296845,43878.016,51640.2005151178
296846,43878.016,41584.47932454439
296847,43878.016,55457.434463367485
296848,43878.016,44162.77223946028
296849,43878.016,27085.29534058212
296850,43878.016,22212.27052157698
296851,43878.016,72736.25280420846
296852,43878.016,27254.034434214587
296853,43878.016,12469.988009078676
296854,43878.016,44152.16461375942
296855,43878.016,79828.03932207818
296856,43878.016,15427.084529080896
296857,43878.016,25783.495770144316
296858,43878.016,20639.67371728076
296859,43878.016,35406.6842842654
296860,43878.016,42632.11588359679
296861,43878.016,6063.9063134978815
296862,43878.016,21088.25526722427
296863,43878.016,30629.515330843744
296864,43878.016,14922.795932910154
296865,43878.016,61070.99741815935
296866,43878.016,68909.27326854062
296867,43878.016,36069.66473033463
296868,43878.016,21071.244386755705
296869,43878.016,53146.42193355762
296870,43878.016,72168.61178405
296871,43878.016,21459.128843895185
296872,43878.016,37851.16061290519
296873,43878.016,11662.838850168886
296874,43878.016,53131.240374860135
296875,43878.016,29786.11585241755
296876,43878.016,38946.56311089317
296877,43878.016,34980.01016101784
296878,43878.016,53141.25720417179
296879,43878.016,55096.7689846132
296880,43878.016,62808.616243558085
296881,43878.016,69777.10066797426
296882,43878.016,27881.674124163757
296883,43878.016,11290.674470074935
296884,43878.016,57767.80956088982
296885,43878.016,47342.198283524616
296886,43878.016,57566.85460677764
296887,43878.016,29594.743310389757
296888,43878.016,23569.05670600253
296889,43878.016,30527.71573957986
296890,43878.016,7260.436322587805
296891,43878.016,11546.817553504576
296892,43878.016,9484.11365971359
296893,43878.016,41141.90516386578
296894,43878.016,15820.489577937293
296895,43878.016,60635.08611776858
296896,43878.016,30398.507445397776
296897,43878.016,26769.13207130511
296898,43878.016,69140.1825436359
296899,43878.016,33667.38486486699
296900,43878.016,18907.68237653326
296901,43878.016,9222.034353032885
296902,43878.016,14600.056424969347
296903,43878.016,49421.92531814077
296904,43878.016,34390.99468827436
296905,43878.016,11001.077817043948
296906,43878.016,57916.802113683654
296907,43878.016,23090.708680787586
296908,43878.016,26597.42091080617
296909,43878.016,19207.726603983036
296910,43878.016,12099.7019556961
296911,43878.016,19549.51355812386
296912,43878.016,57038.844134153725
296913,43878.016,35115.128468146206
296914,43878.016,18365.276307214855
296915,43878.016,28177.999576165257
296916,43878.016,7702.734898919619
296917,43878.016,16507.834488654633
296918,43878.016,9155.653000940372
296919,43878.016,65047.98021531577
296920,43878.016,65752.38630383025
296921,43878.016,18141.522196764327
296922,43878.016,14083.61728318598
296923,43878.016,18478.57072496183
296924,43878.016,13180.737300276814
296925,43878.016,52965.04156208752
296926,43878.016,29278.89141662019
296927,43878.016,9651.714982279424
296928,43878.016,37190.40458131756
296929,43878.016,50657.23835418247
296930,43878.016,16994.140810162637
296931,43878.016,54555.90468710449
296932,43878.016,9457.493434774628
296933,43878.016,26625.18186066133
296934,43878.016,25923.13299234557
296935,43878.016,55501.54229945917
296936,43878.016,39732.21788435531
296937,43878.016,54716.81615750207
296938,43878.016,52037.745988910414
296939,43878.016,51494.65286407314
296940,43878.016,54387.698153885656
296941,43878.016,20282.85832114148
296942,43878.016,7122.254973969995
296943,43878.016,18534.6861086931
296944,43878.016,12962.981639612817
296945,43878.016,31263.11304036087
296946,43878.016,22821.790620300548
296947,43878.016,52728.94587494056
296948,43878.016,30902.841582169305
296949,43878.016,12483.533599977785
296950,43878.016,22344.192444420114
296951,43878.016,5212.50078041439
296952,43878.016,19013.937996043038
296953,43878.016,44357.56801470831
296954,43878.016,22978.99734623723
296955,43878.016,46897.91584100374
296956,43878.016,20771.899019062163
296957,43878.016,34292.13549828319
296958,43878.016,23562.824615424102
296959,43878.016,29818.269735100243
296960,43878.016,42711.21042967423
296961,43878.016,41648.76975838258
296962,43878.016,16411.90598362924
296963,43878.016,22595.077332414876
296964,43878.016,11792.552395208333
296965,43878.016,63358.960834697
296966,43878.016,32327.53443457113
296967,43878.016,30445.564302973326
296968,43878.016,31573.13039044615
296969,43878.016,46247.097995210905
296970,43878.016,46040.37848377641
296971,43878.016,36429.16324818339
296972,43878.016,47090.120014124164
296973,43878.016,47905.43989040249
296974,43878.016,58181.66625334271
296975,43878.016,64724.12319546316
296976,43878.016,39026.04427698411
296977,43878.016,65140.94109117213
296978,43878.016,37064.76859074736
296979,43878.016,9668.58285860497
296980,43878.016,17453.57466535247
296981,43878.016,17720.228572956617
296982,43878.016,52241.81323219624
296983,43878.016,36778.59087257937
296984,43878.016,71903.18392747948
296985,43878.016,47062.08394667014
296986,43878.016,17522.155468328154
296987,43878.016,59934.39929586852
296988,43878.016,20197.988383113458
296989,43878.016,56981.139118229425
296990,43878.016,27313.80162149025
296991,43878.016,29808.615152326565
296992,43878.016,18809.912895122605
296993,43878.016,43344.551934425246
296994,43878.016,37408.993426390414
296995,43878.016,47092.20071786511
296996,43878.016,117314.56705570927
296997,43878.016,15877.596820649786
296998,43878.016,41880.03899516156
296999,43878.016,32545.46247225968
297000,43878.016,49107.584067120806
297001,43878.016,50166.77017264243
297002,43878.016,53128.55539657782
297003,43878.016,20447.142093030525
297004,43878.016,9956.603613766592
297005,43878.016,46532.16556795898
297006,43878.016,34239.15111036172
297007,43878.016,52781.43072712875
297008,43878.016,35842.75788530784
297009,43878.016,20751.235955247088
297010,43878.016,60691.99176970608
297011,43878.016,13573.06026591551
297012,43878.016,69291.25542489879
297013,43878.016,56580.40975634782
297014,43878.016,92706.02634808171
297015,43878.016,25455.17613600087
297016,43878.016,50812.459260655225
297017,43878.016,17829.685551783645
297018,43878.016,66662.84598275271
297019,43878.016,34963.349260238676
297020,43878.016,12542.543121584336
297021,43878.016,23402.11472232674
297022,43878.016,19118.97234393384
297023,43878.016,52000.58987426422
297024,43878.016,52783.2562133367
297025,43878.016,12876.312484087368
297026,43878.016,62144.674472196675
297027,43878.016,34798.919895005165
297028,43878.016,38914.52332600566
297029,43878.016,53658.93836434748
297030,43878.016,52632.9603924759
297031,43878.016,26808.32079175617
297032,43878.016,31531.73074006767
297033,43878.016,21869.294673658747
297034,43878.016,82515.63096323978
297035,43878.016,22777.040227649515
297036,43878.016,69577.04905421336
297037,43878.016,18603.257574201853
297038,43878.016,53547.301485190605
297039,43878.016,33428.42824193223
297040,43878.016,17348.826853681545
297041,43878.016,25694.328983305622
297042,43878.016,43480.398589721044
297043,43878.016,70574.9323951038
297044,43878.016,46119.89770814678
297045,43878.016,13733.997051360939
297046,43878.016,31902.722173119695
297047,43878.016,33127.78156247595
297048,43878.016,59972.94811070798
297049,43878.016,34068.947881841996
297050,43878.016,19097.301557716353
297051,43878.016,23313.731303911045
297052,43878.016,46674.993743252926
297053,43878.016,46626.358199552546
297054,43878.016,20718.927116413353
297055,43878.016,30522.593625324378
297056,43878.016,53796.84512959185
297057,43878.016,8183.767604249452
297058,43878.016,38632.64331773023
297059,43878.016,8471.2396470111
297060,43878.016,23209.102124067187
297061,43878.016,39082.9519216928
297062,43878.016,47874.85551742013
297063,43878.016,16803.95265304246
297064,43878.016,66436.51952115538
297065,43878.016,69962.7992261227
297066,43878.016,60577.39571808918
297067,43878.016,28757.382396272573
297068,43878.016,46951.23142499103
297069,43878.016,17485.48265854168
297070,43878.016,12235.4108343801
297071,43878.016,72973.35222941733
297072,43878.016,36782.11036555813
297073,43878.016,29658.729522818398
297074,43878.016,49698.12914645238
297075,43878.016,55225.4482279144
297076,43878.016,11702.4865702079
297077,43878.016,24732.92872346538
297078,43878.016,58833.04683562988
297079,43878.016,6060.004438183193
297080,43878.016,19558.57472358133
297081,43878.016,64920.66754804631
297082,43878.016,22527.88127071884
297083,43878.016,35572.2144112588
297084,43878.016,37161.98908780103
297085,43878.016,21147.979075788247
297086,43878.016,12555.868854083159
297087,43878.016,54218.708327498716
297088,43878.016,11253.347619719296
297089,43878.016,35979.16904349958
297090,43878.016,46838.743042563096
297091,43878.016,43259.46930768583
297092,43878.016,42621.632996186265
297093,43878.016,62183.44103500275
297094,43878.016,31136.77099671191
297095,43878.016,11509.611324283456
297096,43878.016,54061.70072602011
297097,43878.016,11723.646292595598
297098,43878.016,52386.09654365019
297099,43878.016,51783.59499924098
297100,43878.016,40812.57455377791
297101,43878.016,25072.75784060357
297102,43878.016,13840.888670773817
297103,43878.016,6463.194458003045
297104,43878.016,75127.14351318005
297105,43878.016,10405.172448170737
297106,43878.016,52977.69778181208
297107,43878.016,24489.856862661458
297108,43878.016,55107.53773503318
297109,43878.016,26692.96355517828
297110,43878.016,26736.422676847134
297111,43878.016,35140.32981133102
297112,43878.016,47746.489665426576
297113,43878.016,31686.284071307768
297114,43878.016,17761.051539306267
297115,43878.016,14730.93952361152
297116,43878.016,9205.080939673702
297117,43878.016,47453.7682237435
297118,43878.016,38516.497088786164
297119,43878.016,62031.999264045924
297120,43878.016,19332.732866910992
297121,43878.016,54479.35974942271
297122,43878.016,39574.100928302585
297123,43878.016,17239.29558526736
297124,43878.016,14650.182248205156
297125,43878.016,9753.294440161148
297126,43878.016,20227.549297873582
297127,43878.016,48585.82895298129
297128,43878.016,27051.767007019338
297129,43878.016,25015.826891522494
297130,43878.016,13720.336580158502
297131,43878.016,10450.44485926885
297132,43878.016,66105.10811283188
297133,43878.016,27531.693806697363
297134,43878.016,43963.15736472027
297135,43878.016,17138.795274426913
297136,43878.016,16290.943552174349
297137,43878.016,55249.64343842978
297138,43878.016,26579.43688042559
297139,43878.016,24004.347213948953
297140,43878.016,9520.922735568256
297141,43878.016,21708.954156101998
297142,43878.016,23582.60791098928
297143,43878.016,11758.026877705845
297144,43878.016,40016.175721699554
297145,43878.016,35406.95065107737
297146,43878.016,17991.772193283126
297147,43878.016,13921.846471140638
297148,43878.016,15668.512502418744
297149,43878.016,12311.428339247124
297150,43878.016,61437.73046376741
297151,43878.016,24803.724860302995
297152,43878.016,35956.50553573956
297153,43878.016,21976.26919697756
297154,43878.016,46482.70681365282
297155,43878.016,41777.96385421256
297156,43878.016,41146.766285421996
297157,43878.016,26822.07780068875
297158,43878.016,24309.21048875625
297159,43878.016,11532.047422912221
297160,43878.016,14064.422339763378
297161,43878.016,15272.754086636049
297162,43878.016,47495.674807927004
297163,43878.016,20890.730226387364
297164,43878.016,67042.116659704
297165,43878.016,3698.4755251984766
297166,43878.016,20749.066845270678
297167,43878.016,10304.568036505132
297168,43878.016,26030.710370995457
297169,43878.016,61043.48637502011
297170,43878.016,18040.487632888722
297171,43878.016,47417.837731405016
297172,43878.016,41848.063535190624
297173,43878.016,53600.98550935333
297174,43878.016,16317.668486451526
297175,43878.016,62208.275752259244
297176,43878.016,13115.231246249192
297177,43878.016,23427.94561080354
297178,43878.016,38903.53632243734
297179,43878.016,33683.027210100416
297180,43878.016,41726.192412991026
297181,43878.016,40973.3801706919
297182,43878.016,24001.040569283476
297183,43878.016,18031.77772023288
297184,43878.016,54334.808097014815
297185,43878.016,72285.76285567597
297186,43878.016,52636.3523236427
297187,43878.016,14333.327132622619
297188,43878.016,28554.97683097288
297189,43878.016,17034.177018847255
297190,43878.016,13714.135174163213
297191,43878.016,22281.425859864652
297192,43878.016,19651.852452515275
297193,43878.016,20883.558941714597
297194,43878.016,35313.891070847545
297195,43878.016,38382.72271603755
297196,43878.016,65418.316028067275
297197,43878.016,10796.267384787783
297198,43878.016,55770.876335618515
297199,43878.016,99589.52538200415
297200,43878.016,21266.103663603964
297201,43878.016,20886.272124842784
297202,43878.016,59146.42160175419
297203,43878.016,29023.13619956475
297204,43878.016,12693.201069947632
297205,43878.016,27274.46437749848
297206,43878.016,44323.23442299074
297207,43878.016,29303.949472533823
297208,43878.016,28492.60612536178
297209,43878.016,14519.659746693054
297210,43878.016,24070.379861918966
297211,43878.016,34367.79137585433
297212,43878.016,24811.00356821532
297213,43878.016,49369.37592961053
297214,43878.016,41900.90751896517
297215,43878.016,48701.85437367357
297216,43878.016,27641.482281529752
297217,43878.016,27978.861043051296
297218,43878.016,10274.198007313764
297219,43878.016,47921.939225436276
297220,43878.016,108230.51021575114
297221,43878.016,42649.566154071596
297222,43878.016,98624.57889583593
297223,43878.016,30106.813024728293
297224,43878.016,56139.34760377473
297225,43878.016,38749.186186434395
297226,43878.016,24282.775365005138
297227,43878.016,27010.633675505505
297228,43878.016,58624.15796952301
297229,43878.016,73564.03290510179
297230,43878.016,29572.01325673896
297231,43878.016,35233.28173195485
297232,43878.016,44391.57617990314
297233,43878.016,44231.142826120355
297234,43878.016,18602.645419427998
297235,43878.016,91729.07355127721
297236,43878.016,57456.69806950025
297237,43878.016,13358.033611943172
297238,43878.016,55066.51461600743
297239,43878.016,41716.127464050674
297240,43878.016,31848.562107815236
297241,43878.016,24056.631895269624
297242,43878.016,13252.505195860727
297243,43878.016,69463.2526902755
297244,43878.016,23384.305791106082
297245,43878.016,78418.99674943322
297246,43878.016,16643.62198830447
297247,43878.016,7263.5169145165755
297248,43878.016,24145.76809503697
297249,43878.016,12028.659722443872
297250,43878.016,45436.15992097329
297251,43878.016,12929.927406470833
297252,43878.016,26721.548971593016
297253,43878.016,10297.580066917451
297254,43878.016,32072.713231902835
297255,43878.016,49547.798185411346
297256,43878.016,10520.62792030286
297257,43878.016,8118.2910602686015
297258,43878.016,14827.030504501889
297259,43878.016,6684.931794691839
297260,43878.016,23169.477082993526
297261,43878.016,59931.43879795681
297262,43878.016,25714.503207621172
297263,43878.016,19085.145470946012
297264,43878.016,27211.46128480559
297265,43878.016,33421.19367276908
297266,43878.016,15537.552849130794
297267,43878.016,49096.757660876
297268,43878.016,58854.67334330341
297269,43878.016,21613.33257418122
297270,43878.016,60456.40931750304
297271,43878.016,23796.092107313427
297272,43878.016,32210.803148852392
297273,43878.016,11363.434924864277
297274,43878.016,48697.45967347242
297275,43878.016,5686.214847744999
297276,43878.016,35435.91705830069
297277,43878.016,4856.564064307825
297278,43878.016,21498.63268757875
297279,43878.016,40650.06485552417
297280,43878.016,68779.27676389481
297281,43878.016,53522.0814581394
297282,43878.016,58682.03911003579
297283,43878.016,36783.06946840468
297284,43878.016,32521.40166718082
297285,43878.016,8187.4897885813325
297286,43878.016,55925.65614794297
297287,43878.016,51569.50974548212
297288,43878.016,61388.21831628427
297289,43878.016,21982.930777959005
297290,43878.016,57285.699929342794
297291,43878.016,27573.623674584087
297292,43878.016,21726.336843894627
297293,43878.016,6809.957522491891
297294,43878.016,9219.829533155062
297295,43878.016,52694.946630915765
297296,43878.016,20981.126266802356
297297,43878.016,10735.730232897846
297298,43878.016,37864.037659785936
297299,43878.016,56268.40982928514
297300,43878.016,45566.67250567555
297301,43878.016,20019.74232173718
297302,43878.016,29314.948804419502
297303,43878.016,60213.54148277893
297304,43878.016,23723.266440556225
297305,43878.016,82477.03882912527
297306,43878.016,41224.56383483704
297307,43878.016,35497.03773734785
297308,43878.016,51415.47974442242
297309,43878.016,22728.73414179805
297310,43878.016,13656.494123997722
297311,43878.016,9561.002798706892
297312,43878.016,12828.841424109763
297313,43878.016,25802.68605948546
297314,43878.016,16645.076197962524
297315,43878.016,8027.8818444459885
297316,43878.016,53030.54397217119
297317,43878.016,67316.59342090294
297318,43878.016,42634.82192282303
297319,43878.016,23081.38933610261
297320,43878.016,42399.75274052283
297321,43878.016,39312.95590254702
297322,43878.016,30362.003867782376
297323,43878.016,41440.61398390142
297324,43878.016,80113.58438062647
297325,43878.016,40949.509932900146
297326,43878.016,70373.59251768538
297327,43878.016,17274.82188764231
297328,43878.016,30733.54584462248
297329,43878.016,62259.002904636814
297330,43878.016,28250.56795458749
297331,43878.016,21680.630147437587
297332,43878.016,52043.19554904035
297333,43878.016,22618.00832041599
297334,43878.016,22841.97664794569
297335,43878.016,12625.184647509986
297336,43878.016,59313.567961269386
297337,43878.016,38446.48190431572
297338,43878.016,24941.965953440205
297339,43878.016,7646.112921788354
297340,43878.016,48700.09734746364
297341,43878.016,23665.82134795579
297342,43878.016,29359.22046378418
297343,43878.016,13037.771180676817
297344,43878.016,39744.80042048827
297345,43878.016,30864.9197935078
297346,43878.016,11460.204327334968
297347,43878.016,42587.71343408458
297348,43878.016,16368.436395521285
297349,43878.016,27655.866267666373
297350,43878.016,33524.943752804895
297351,43878.016,29142.80043649873
297352,43878.016,41355.62424403783
297353,43878.016,31116.514190911865
297354,43878.016,42824.57921203373
297355,43878.016,88400.77023028671
297356,43878.016,55883.7277843038
297357,43878.016,69618.09914093527
297358,43878.016,12030.24774866109
297359,43878.016,29509.26987747854
297360,43878.016,73085.3000130612
297361,43878.016,9438.282816685034
297362,43878.016,78379.55852436194
297363,43878.016,12842.092220644097
297364,43878.016,57283.201782016324
297365,43878.016,14817.029659848457
297366,43878.016,42418.9898132062
297367,43878.016,49454.75956673505
297368,43878.016,34756.02311395814
297369,43878.016,19809.612811845163
297370,43878.016,34530.34798987352
297371,43878.016,13251.407237045169
297372,43878.016,43170.07475788194
297373,43878.016,64654.32521273667
297374,43878.016,45329.70570604928
297375,43878.016,57927.793435652726
297376,43878.016,9188.549587909003
297377,43878.016,13242.948322214917
297378,43878.016,30876.318534913946
297379,43878.016,9967.103218225937
297380,43878.016,40796.1438421363
297381,43878.016,9437.617637413592
297382,43878.016,55655.10404490438
297383,43878.016,56171.41976031066
297384,43878.016,28477.963173722997
297385,43878.016,24838.3370485308
297386,43878.016,25078.259244031677
297387,43878.016,8949.250990987666
297388,43878.016,49717.35677737413
297389,43878.016,23528.443664440794
297390,43878.016,55055.767627520465
297391,43878.016,10877.147327761755
297392,43878.016,12029.966833391496
297393,43878.016,47985.17484935996
297394,43878.016,11452.476823465833
297395,43878.016,23920.41303335363
297396,43878.016,55091.207489393746
297397,43878.016,61516.98629529887
297398,43878.016,42950.781587425634
297399,43878.016,15224.767980111237
297400,43878.016,57061.48943493311
297401,43878.016,23040.50304990738
297402,43878.016,43106.79456316588
297403,43878.016,63046.12935092195
297404,43878.016,54458.305039264276
297405,43878.016,13204.931582768384
297406,43878.016,49910.82422157003
297407,43878.016,48482.03618547114
297408,43878.016,59891.96023225352
297409,43878.016,30575.234038958923
297410,43878.016,38056.87765192991
297411,43878.016,44713.29929018823
297412,43878.016,22534.414383625983
297413,43878.016,8272.274932345488
297414,43878.016,23766.660966568805
297415,43878.016,13044.8257499523
297416,43878.016,22814.792462792426
297417,43878.016,60278.727639958815
297418,43878.016,10783.242681820677
297419,43878.016,69739.83368663478
297420,43878.016,13004.761292001202
297421,43878.016,48153.78354889973
297422,43878.016,24133.14752586237
297423,43878.016,47760.705860317576
297424,43878.016,32133.656387475778
297425,43878.016,33089.552382065514
297426,43878.016,26858.843892650737
297427,43878.016,45407.30233338662
297428,43878.016,17625.270241313734
297429,43878.016,64262.517400995835
297430,43878.016,44643.47313600156
297431,43878.016,54594.134600976286
297432,43878.016,36405.710194571286
297433,43878.016,15939.837474629061
297434,43878.016,76724.31201545337
297435,43878.016,64399.307561365196
297436,43878.016,24964.529761655987
297437,43878.016,9562.065327486545
297438,43878.016,32859.15903909125
297439,43878.016,40177.790450893066
297440,43878.016,52973.41716688614
297441,43878.016,23052.48731072456
297442,43878.016,17226.786336070614
297443,43878.016,48457.71446579794
297444,43878.016,71274.34863711962
297445,43878.016,25730.10773179914
297446,43878.016,55683.8764628833
297447,43878.016,38746.46628626495
297448,43878.016,29390.464717908268
297449,43878.016,66360.37825092091
297450,43878.016,11695.124825077113
297451,43878.016,58106.48576664115
297452,43878.016,19822.417914873415
297453,43878.016,21604.079616401494
297454,43878.016,49615.652784123224
297455,43878.016,62609.081867621375
297456,43878.016,45666.84397696745
297457,43878.016,48231.82790966825
297458,43878.016,48513.530037576515
297459,43878.016,34592.14001483303
297460,43878.016,12259.99955182834
297461,43878.016,34290.977139410636
297462,43878.016,52918.67128238577
297463,43878.016,36423.496755466556
297464,43878.016,14449.467657430538
297465,43878.016,19064.716293230733
297466,43878.016,23692.059140238922
297467,43878.016,15738.962964065566
297468,43878.016,20903.65447913744
297469,43878.016,44075.388884761785
297470,43878.016,25353.17630674483
297471,43878.016,25860.019465284182
297472,43878.016,41956.09658917742
297473,43878.016,16365.687692387788
297474,43878.016,10490.955944961432
297475,43878.016,13998.669479826362
297476,43878.016,27037.383445190535
297477,43878.016,31062.139244442682
297478,43878.016,20307.348344900485
297479,43878.016,35814.54512194909
297480,43878.016,9019.631014474437
297481,43878.016,41689.561931388496
297482,43878.016,41920.318672503985
297483,43878.016,32118.765627045235
297484,43878.016,46539.496865142304
297485,43878.016,46808.588765019136
297486,43878.016,37581.985164111116
297487,43878.016,47283.39621460368
297488,43878.016,38028.6880804247
297489,43878.016,48897.531334118255
297490,43878.016,47939.78935257996
297491,43878.016,12899.787248217783
297492,43878.016,21882.371272862878
297493,43878.016,60077.08318179362
297494,43878.016,33083.45794944129
297495,43878.016,37266.98325782823
297496,43878.016,53748.96537242003
297497,43878.016,33688.80514167955
297498,43878.016,28248.12896266316
297499,43878.016,23430.622184498563
297500,43878.016,30251.057862490692
297501,43878.016,7779.211106091339
297502,43878.016,32314.781672892008
297503,43878.016,14565.475150067306
297504,43878.016,65039.63507226942
297505,43878.016,51330.133295445696
297506,43878.016,12319.056889575464
297507,43878.016,48829.514159350205
297508,43878.016,23739.21568798047
297509,43878.016,26331.764200670314
297510,43878.016,15780.875541375332
297511,43878.016,44094.64850488415
297512,43878.016,11632.564968948831
297513,43878.016,8854.134881507107
297514,43878.016,19523.261349807108
297515,43878.016,23322.73976300385
297516,43878.016,24604.01006337644
297517,43878.016,32090.657578988244
297518,43878.016,19957.71265441548
297519,43878.016,28375.765416272596
297520,43878.016,8402.90669358221
297521,43878.016,17524.22644107591
297522,43878.016,44670.997155771925
297523,43878.016,57627.90989929725
297524,43878.016,11961.117075316144
297525,43878.016,57617.233077213044
297526,43878.016,56297.801184745775
297527,43878.016,20158.812517315288
297528,43878.016,34777.93793629956
297529,43878.016,13999.66468332847
297530,43878.016,36268.167952633055
297531,43878.016,11710.794818597878
297532,43878.016,26923.58495958206
297533,43878.016,49043.28346689078
297534,43878.016,73562.5022783323
297535,43878.016,29858.11217990778
297536,43878.016,18142.86247221251
297537,43878.016,79247.057164694
297538,43878.016,38549.18020821923
297539,43878.016,26509.609898490744
297540,43878.016,50436.26019912232
297541,43878.016,48719.5067568079
297542,43878.016,68210.20921814784
297543,43878.016,63394.1422998729
297544,43878.016,9935.358593746527
297545,43878.016,20630.03000613871
297546,43878.016,9633.694228321245
297547,43878.016,51322.83017643391
297548,43878.016,31698.59304609022
297549,43878.016,28100.85785162386
297550,43878.016,14193.236509078577
297551,43878.016,14930.65964753214
297552,43878.016,43198.17645288507
297553,43878.016,26724.401054106063
297554,43878.016,31291.57140221098
297555,43878.016,7729.761692716072
297556,43878.016,37562.11902900521
297557,43878.016,20644.713298516497
297558,43878.016,10648.200791846513
297559,43878.016,48836.24401437573
297560,43878.016,45106.478607756384
297561,43878.016,18045.58157788112
297562,43878.016,17654.108328818787
297563,43878.016,61102.061767428335
297564,43878.016,72011.7413199224
297565,43878.016,36204.46155416004
297566,43878.016,6208.47286202667
297567,43878.016,34376.478523003796
297568,43878.016,17312.10178874627
297569,43878.016,40690.20297625172
297570,43878.016,56301.83554587381
297571,43878.016,7845.731114949095
297572,43878.016,41130.9205641295
297573,43878.016,36174.515303144886
297574,43878.016,8143.970277189071
297575,43878.016,35522.97645029484
297576,43878.016,15616.607642182753
297577,43878.016,21737.231746907888
297578,43878.016,30186.07200267984
297579,43878.016,18474.309701055096
297580,43878.016,45952.41928966426
297581,43878.016,20712.277711633506
297582,43878.016,16540.647411540507
297583,43878.016,43773.188204530394
297584,43878.016,8355.523999044044
297585,43878.016,36845.751056201865
297586,43878.016,72421.6907032612
297587,43878.016,30211.738538081714
297588,43878.016,21308.260328852015
297589,43878.016,13510.32544287504
297590,43878.016,24020.772313955433
297591,43878.016,59970.31542496615
297592,43878.016,38974.30860573543
297593,43878.016,20939.52806518348
297594,43878.016,17167.023378668342
297595,43878.016,35613.66007501951
297596,43878.016,13402.833854381026
297597,43878.016,31490.625908321494
297598,43878.016,27094.8893781378
297599,43878.016,40865.12691586267
297600,43878.016,12274.977484653176
297601,43878.016,36744.79514245303
297602,43878.016,16525.433334720652
297603,43878.016,52953.495187091234
297604,43878.016,55870.15020501844
297605,43878.016,33783.604978218136
297606,43878.016,11832.115328052976
297607,43878.016,16278.285984270151
297608,43878.016,60166.44319521965
297609,43878.016,13363.9398154873
297610,43878.016,118191.40706296569
297611,43878.016,13584.370151617964
297612,43878.016,47815.71432348245
297613,43878.016,28729.588823914335
297614,43878.016,6605.285374022958
297615,43878.016,48067.738092851185
297616,43878.016,38288.64311324738
297617,43878.016,9278.2935297647
297618,43878.016,33789.71359070449
297619,43878.016,69397.81436942909
297620,43878.016,69625.24931340193
297621,43878.016,26795.658918799305
297622,43878.016,30718.337836280956
297623,43878.016,12503.68855000644
297624,43878.016,56120.56541305085
297625,43878.016,42599.50261837183
297626,43878.016,25699.454346340568
297627,43878.016,18116.308116552904
297628,43878.016,56056.157410182524
297629,43878.016,67793.81664200452
297630,43878.016,20167.501521064314
297631,43878.016,68365.88461552611
297632,43878.016,35922.69710922367
297633,43878.016,27540.405693291872
297634,43878.016,9295.359199147108
297635,43878.016,29616.3855707586
297636,43878.016,19743.173802168425
297637,43878.016,54232.003155666534
297638,43878.016,16675.50290221651
297639,43878.016,53984.10698278329
297640,43878.016,55693.921238493866
297641,43878.016,15652.492618227057
297642,43878.016,44991.04054606978
297643,43878.016,10896.109490952209
297644,43878.016,29841.962548373827
297645,43878.016,40058.43510414704
297646,43878.016,64788.21806501756
297647,43878.016,42715.65699801924
297648,43878.016,29743.303805215757
297649,43878.016,34463.598703668766
297650,43878.016,9201.324739043672
297651,43878.016,39047.32676688406
297652,43878.016,67515.21226599494
297653,43878.016,16285.618302148143
297654,43878.016,25899.855684668957
297655,43878.016,118146.2002805299
297656,43878.016,62259.45671752615
297657,43878.016,39221.764451938274
297658,43878.016,47197.76981551294
297659,43878.016,45352.07119936118
297660,43878.016,66807.01979704904
297661,43878.016,24562.29118526064
297662,43878.016,39208.45865968887
297663,43878.016,52602.91650231176
297664,43878.016,72054.34611792595
297665,43878.016,18823.427510006906
297666,43878.016,62271.94779802164
297667,43878.016,57523.12348329601
297668,43878.016,9712.671754833793
297669,43878.016,26990.97447463183
297670,43878.016,29354.457591695565
297671,43878.016,9630.047545208394
297672,43878.016,57737.64051100679
297673,43878.016,22612.54877240162
297674,43878.016,40822.82002478981
297675,43878.016,19112.720268587058
297676,43878.016,18834.594682674684
297677,43878.016,30096.238775827176
297678,43878.016,15686.483168600062
297679,43878.016,28787.80215128303
297680,43878.016,21495.18049270047
297681,43878.016,21061.921064749567
297682,43878.016,22818.117367247407
297683,43878.016,11086.95599110749
297684,43878.016,33995.28043149044
297685,43878.016,12216.27105009568
297686,43878.016,32511.55534102683
297687,43878.016,58362.19205207212
297688,43878.016,41424.56290438759
297689,43878.016,52721.405115638736
297690,43878.016,37434.03566357911
297691,43878.016,36492.659944937455
297692,43878.016,26627.60605074824
297693,43878.016,89978.19552231628
297694,43878.016,33674.27494148483
297695,43878.016,55668.6659847887
297696,43878.016,50963.11913520005
297697,43878.016,76918.172699739
297698,43878.016,120141.01355956751
297699,43878.016,36972.172737958565
297700,43878.016,27060.021342608165
297701,43878.016,9764.301172730884
297702,43878.016,20738.77325563359
297703,43878.016,21011.15097047051
297704,43878.016,20140.017132376033
297705,43878.016,20929.375861547356
297706,43878.016,28426.201339427087
297707,43878.016,10226.521291987445
297708,43878.016,33039.71572766309
297709,43878.016,39106.13079125829
297710,43878.016,65742.25135150203
297711,43878.016,34203.666483719644
297712,43878.016,45235.49859081227
297713,43878.016,29734.143770556864
297714,43878.016,9538.72180380003
297715,43878.016,65292.42161955765
297716,43878.016,14310.309825413364
297717,43878.016,23302.844778626677
297718,43878.016,12415.769375147524
297719,43878.016,63159.28728326672
297720,43878.016,50009.484287235224
297721,43878.016,49104.621576492515
297722,43878.016,53534.53063993555
297723,43878.016,27254.94688617595
297724,43878.016,15342.294439168047
297725,43878.016,45331.50547834958
297726,43878.016,68001.8003929829
297727,43878.016,15521.755719879911
297728,43878.016,62715.86282605754
297729,43878.016,17226.75661484662
297730,43878.016,22979.826751304478
297731,43878.016,37489.01550732268
297732,43878.016,11012.258808030872
297733,43878.016,11711.71120033813
297734,43878.016,10277.205010304831
297735,43878.016,34079.21495298671
297736,43878.016,49949.354763072966
297737,43878.016,11043.66781512167
297738,43878.016,33221.79951665717
297739,43878.016,18351.456612893337
297740,43878.016,58812.29565908943
297741,43878.016,18782.947449895484
297742,43878.016,15620.6430805189
297743,43878.016,57513.62075758599
297744,43878.016,52680.98970247201
297745,43878.016,37509.39458084166
297746,43878.016,23523.00812004194
297747,43878.016,32395.709910016893
297748,43878.016,24814.830867239136
297749,43878.016,32766.925978744
297750,43878.016,48889.608665131585
297751,43878.016,61057.143916985064
297752,43878.016,47683.861989492376
297753,43878.016,44927.94534620622
297754,43878.016,84135.83241522909
297755,43878.016,11845.005194095675
297756,43878.016,29946.19413236806
297757,43878.016,29962.554450937634
297758,43878.016,18466.90252683856
297759,43878.016,9542.202513266897
297760,43878.016,24993.027939417545
297761,43878.016,18910.439060664146
297762,43878.016,58391.10871959629
297763,43878.016,57030.8552900363
297764,43878.016,35414.58947568717
297765,43878.016,13195.904504274458
297766,43878.016,59238.81403754196
297767,43878.016,28776.04999357461
297768,43878.016,72766.80568351228
297769,43878.016,79649.25381657829
297770,43878.016,23634.00028862884
297771,43878.016,47804.32670974936
297772,43878.016,21238.851352322836
297773,43878.016,22234.640702675733
297774,43878.016,54408.11517541438
297775,43878.016,68378.01155849035
297776,43878.016,29230.78573827579
297777,43878.016,12810.897321399121
297778,43878.016,12733.037120739682
297779,43878.016,48474.54039305341
297780,43878.016,33143.42842513148
297781,43878.016,17399.666406316002
297782,43878.016,32197.38445852185
297783,43878.016,61584.278236787846
297784,43878.016,13748.30403327566
297785,43878.016,45147.81858635233
297786,43878.016,10895.802396925657
297787,43878.016,50101.57091464313
297788,43878.016,10199.302267080704
297789,43878.016,12423.628418141998
297790,43878.016,29993.289641315587
297791,43878.016,28552.307324611527
297792,43878.016,33465.28386748162
297793,43878.016,66183.81102003428
297794,43878.016,12566.636018706922
297795,43878.016,16068.315443229507
297796,43878.016,45730.28922773946
297797,43878.016,10433.95728409548
297798,43878.016,31341.94028089044
297799,43878.016,56601.91179531597
297800,43878.016,61356.14152777429
297801,43878.016,52884.80699495521
297802,43878.016,34966.07536621912
297803,43878.016,58430.80616316037
297804,43878.016,36182.56001138141
297805,43878.016,7641.125338977817
297806,43878.016,59986.88544584603
297807,43878.016,38105.526144880576
297808,43878.016,9013.814522590916
297809,43878.016,39628.27542494009
297810,43878.016,70629.29136847443
297811,43878.016,21505.820927994904
297812,43878.016,43631.77556342827
297813,43878.016,57372.132765799455
297814,43878.016,9198.423466284605
297815,43878.016,28142.042561994815
297816,43878.016,33173.107551686575
297817,43878.016,13184.990469187867
297818,43878.016,58174.244464411815
297819,43878.016,12917.522755927408
297820,43878.016,9557.079517625576
297821,43878.016,26940.21535608749
297822,43878.016,51005.92135522739
297823,43878.016,41400.59652601485
297824,43878.016,18297.534560551514
297825,43878.016,12915.559978584834
297826,43878.016,64650.99626301415
297827,43878.016,11471.252382653525
297828,43878.016,18454.313278910424
297829,43878.016,56305.984181464795
297830,43878.016,24719.28513277537
297831,43878.016,19352.746392864516
297832,43878.016,19410.358430011154
297833,43878.016,9985.437037597061
297834,43878.016,16197.900081958765
297835,43878.016,66518.00825346337
297836,43878.016,7586.272634368925
297837,43878.016,17299.44247893725
297838,43878.016,22219.395535368116
297839,43878.016,57983.7357835541
297840,43878.016,14838.528804851185
297841,43878.016,15238.550056254651
297842,43878.016,36504.53461087397
297843,43878.016,55784.77435986772
297844,43878.016,17767.786282874633
297845,43878.016,15001.255685505981
297846,43878.016,9542.70763370795
297847,43878.016,42246.994403918645
297848,43878.016,26094.83502643993
297849,43878.016,64650.03523361108
297850,43878.016,40475.1256785772
297851,43878.016,46303.9727607453
297852,43878.016,26998.34460427278
297853,43878.016,23431.64668575268
297854,43878.016,54636.28261990722
297855,43878.016,15759.609260361696
297856,43878.016,17201.185566828204
297857,43878.016,21740.885982597014
297858,43878.016,90200.10653307257
297859,43878.016,42378.777715460696
297860,43878.016,70906.14954786617
297861,43878.016,26738.84579777333
297862,43878.016,51348.91703998615
297863,43878.016,14512.270561168432
297864,43878.016,40059.81577323902
297865,43878.016,19258.71978012135
297866,43878.016,17568.559192315977
297867,43878.016,50475.20606743493
297868,43878.016,60473.06177175075
297869,43878.016,23188.028598086552
297870,43878.016,56137.46471395883
297871,43878.016,51608.79095606797
297872,43878.016,48964.55034097518
297873,43878.016,16781.253148601707
297874,43878.016,35236.924058888035
297875,43878.016,42799.23201320536
297876,43878.016,30773.023810719395
297877,43878.016,52157.81072455967
297878,43878.016,27346.74460682375
297879,43878.016,65868.40981951026
297880,43878.016,26508.59840699126
297881,43878.016,57016.92091655497
297882,43878.016,14188.880697536231
297883,43878.016,16965.16983904147
297884,43878.016,15749.63786562674
297885,43878.016,10526.133279804671
297886,43878.016,12617.704902795324
297887,43878.016,20633.49666056355
297888,43878.016,33950.4847654748
297889,43878.016,46618.14812490429
297890,43878.016,87027.29724362654
297891,43878.016,73560.86947787431
297892,43878.016,9307.046641970739
297893,43878.016,21785.68978330451
297894,43878.016,21992.548906522075
297895,43878.016,9520.493562443347
297896,43878.016,61124.46452749935
297897,43878.016,49511.710484518044
297898,43878.016,14148.241792771943
297899,43878.016,23428.37995553045
297900,43878.016,74986.18030964275
297901,43878.016,17544.246818922013
297902,43878.016,89728.44610828665
297903,43878.016,61270.675462126295
297904,43878.016,18972.356865548907
297905,43878.016,13458.14982519402
297906,43878.016,28003.98947169784
297907,43878.016,70398.4427170924
297908,43878.016,12815.374427392642
297909,43878.016,32185.65501742814
297910,43878.016,36117.25911289459
297911,43878.016,74621.19171573372
297912,43878.016,7535.5449649270195
297913,43878.016,47914.42744680189
297914,43878.016,47903.229241503344
297915,43878.016,10024.343874968192
297916,43878.016,69108.60530481474
297917,43878.016,34752.22660779971
297918,43878.016,84635.88996523243
297919,43878.016,65842.9059662831
297920,43878.016,44455.26661116588
297921,43878.016,7050.640290604469
297922,43878.016,6729.2017475211105
297923,43878.016,26837.130305455637
297924,43878.016,46039.81775268853
297925,43878.016,8669.819531652885
297926,43878.016,63032.94072923903
297927,43878.016,35766.469525118315
297928,43878.016,9121.406066537615
297929,43878.016,61401.33735072073
297930,43878.016,44811.85100244933
297931,43878.016,25680.21400624929
297932,43878.016,47381.104291821764
297933,43878.016,54777.971478274034
297934,43878.016,61526.38289614085
297935,43878.016,20243.88693230653
297936,43878.016,25787.376974077783
297937,43878.016,45763.9015681127
297938,43878.016,14019.56609643229
297939,43878.016,24774.08511234651
297940,43878.016,17346.98603068725
297941,43878.016,14420.22371193505
297942,43878.016,34221.80937558675
297943,43878.016,17313.138859326387
297944,43878.016,29203.010598987916
297945,43878.016,47377.642690229666
297946,43878.016,66393.66405455899
297947,43878.016,28714.496901800867
297948,43878.016,23484.77585764335
297949,43878.016,76157.39589090834
297950,43878.016,15732.895622219417
297951,43878.016,64966.259107776874
297952,43878.016,38263.323523857674
297953,43878.016,18419.418511265365
297954,43878.016,26802.724933723464
297955,43878.016,84927.42132338471
297956,43878.016,24928.31965968734
297957,43878.016,61689.42013957217
297958,43878.016,46008.93753505987
297959,43878.016,24351.18001876618
297960,43878.016,37382.20030991621
297961,43878.016,41659.43138148971
297962,43878.016,36645.35203001628
297963,43878.016,57539.38663706819
297964,43878.016,41140.86403318311
297965,43878.016,31605.117933246533
297966,43878.016,65762.10282303585
297967,43878.016,30901.55677693518
297968,43878.016,52183.93148558831
297969,43878.016,24054.43260677141
297970,43878.016,65263.994182152564
297971,43878.016,61658.392306046975
297972,43878.016,38377.360222743446
297973,43878.016,41757.14390967673
297974,43878.016,34399.747337901026
297975,43878.016,50062.30019839867
297976,43878.016,54276.015458886766
297977,43878.016,54745.792998066514
297978,43878.016,52374.963106106865
297979,43878.016,22577.505795941128
297980,43878.016,13417.957099466503
297981,43878.016,51550.75216969412
297982,43878.016,6996.567073419436
297983,43878.016,42257.67869577412
297984,43878.016,26428.793847717396
297985,43878.016,62741.94763347753
297986,43878.016,37970.3390895385
297987,43878.016,38706.355949825745
297988,43878.016,34100.094646121266
297989,43878.016,9561.724088144989
297990,43878.016,26446.363227315705
297991,43878.016,11865.164664741209
297992,43878.016,13571.810713932067
297993,43878.016,29439.390793566097
297994,43878.016,52955.91654007388
297995,43878.016,38487.71534185767
297996,43878.016,32568.477485873584
297997,43878.016,26335.676735663517
297998,43878.016,61791.89446769682
297999,43878.016,23250.810432197508
298000,43878.016,54998.96895884558
298001,43878.016,49725.01990975805
298002,43878.016,45188.61817873755
298003,43878.016,36209.07392548738
298004,43878.016,30789.399536656994
298005,43878.016,33789.796103423694
298006,43878.016,34076.117011605915
298007,43878.016,53580.76386157213
298008,43878.016,37750.647869715336
298009,43878.016,35788.37225940518
298010,43878.016,7999.744808824929
298011,43878.016,38531.04565595773
298012,43878.016,21308.468745253977
298013,43878.016,13742.812634548925
298014,43878.016,58253.76889031876
298015,43878.016,51231.565480976264
298016,43878.016,30731.113247548445
298017,43878.016,44918.35560269785
298018,43878.016,65011.36100046747
298019,43878.016,53728.959907362776
298020,43878.016,111856.53572914726
298021,43878.016,19908.31585852345
298022,43878.016,19094.470684717096
298023,43878.016,59485.100016292345
298024,43878.016,13939.648133855802
298025,43878.016,15612.505159566868
298026,43878.016,26581.557899501204
298027,43878.016,12572.3290193905
298028,43878.016,55108.52215871309
298029,43878.016,16123.066631351014
298030,43878.016,40257.52579533936
298031,43878.016,38547.59521690605
298032,43878.016,17011.51976900326
298033,43878.016,36921.10209105426
298034,43878.016,32434.935162846035
298035,43878.016,28620.73553192258
298036,43878.016,10272.30292793731
298037,43878.016,25193.773894442536
298038,43878.016,39787.94246719854
298039,43878.016,63719.408489367626
298040,43878.016,16544.64459097038
298041,43878.016,67054.4558730356
298042,43878.016,22054.158877414346
298043,43878.016,38466.48846726123
298044,43878.016,45173.319529763874
298045,43878.016,45076.270169340954
298046,43878.016,25029.673491450656
298047,43878.016,107385.97602680023
298048,43878.016,50900.49127406527
298049,43878.016,26243.592322277902
298050,43878.016,58958.12600400932
298051,43878.016,48607.62292873265
298052,43878.016,42601.4670240839
298053,43878.016,19141.95192546948
298054,43878.016,26695.67289029354
298055,43878.016,10152.809211171892
298056,43878.016,13702.999846910752
298057,43878.016,27453.039414187755
298058,43878.016,8068.747586685488
298059,43878.016,12359.780281841442
298060,43878.016,72854.36998214838
298061,43878.016,12369.174197366789
298062,43878.016,21471.42578683576
298063,43878.016,28876.08047862189
298064,43878.016,24239.01694407593
298065,43878.016,19997.623931831702
298066,43878.016,34782.94268267418
298067,43878.016,16352.268859194626
298068,43878.016,23394.07170231281
298069,43878.016,41627.696535985706
298070,43878.016,44576.19295184414
298071,43878.016,17565.037581194945
298072,43878.016,41766.019079209436
298073,43878.016,36713.06307140936
298074,43878.016,17619.19118150854
298075,43878.016,39072.00455012794
298076,43878.016,34599.3921534708
298077,43878.016,100373.4762220314
298078,43878.016,20042.40719396805
298079,43878.016,15675.43959114095
298080,43878.016,45120.76788275564
298081,43878.016,16726.6738046114
298082,43878.016,35316.2912656741
298083,43878.016,18453.79769001782
298084,43878.016,12495.768168111534
298085,43878.016,40720.78639046555
298086,43878.016,14541.105572804396
298087,43878.016,15853.212128604124
298088,43878.016,14596.324518282472
298089,43878.016,49526.864748841006
298090,43878.016,7871.819824407788
298091,43878.016,40261.464954721334
298092,43878.016,20374.314916019197
298093,43878.016,22188.093112706232
298094,43878.016,49889.14141570908
298095,43878.016,24461.825553426075
298096,43878.016,18604.94767616059
298097,43878.016,73636.73991607384
298098,43878.016,77057.67228866846
298099,43878.016,43959.43475582623
298100,43878.016,59138.42314772641
298101,43878.016,30738.6467137942
298102,43878.016,38795.79811555939
298103,43878.016,15267.81861063046
298104,43878.016,47582.11015026524
298105,43878.016,56034.563701923085
298106,43878.016,36539.395397155444
298107,43878.016,65212.585841950306
298108,43878.016,12431.490654271605
298109,43878.016,23765.324872317167
298110,43878.016,20067.662896640864
298111,43878.016,31632.86325747437
298112,43878.016,24128.732125152233
298113,43878.016,59395.745648681135
298114,43878.016,52154.84087323962
298115,43878.016,23390.954091491163
298116,43878.016,8976.030455115011
298117,43878.016,65199.06956904129
298118,43878.016,43856.48049892142
298119,43878.016,58259.12419077662
298120,43878.016,24627.574632562784
298121,43878.016,35466.72526009489
298122,43878.016,42926.5497112509
298123,43878.016,72269.66988511742
298124,43878.016,42828.4954004856
298125,43878.016,3874.2094205982107
298126,43878.016,12986.144148873664
298127,43878.016,9589.626945516093
298128,43878.016,40784.00394784516
298129,43878.016,20214.806666993358
298130,43878.016,24083.407856646518
298131,43878.016,43087.86634486888
298132,43878.016,18116.112020508826
298133,43878.016,15735.234286258654
298134,43878.016,43343.05306881748
298135,43878.016,21307.253372792187
298136,43878.016,47390.09767220691
298137,43878.016,10053.031723443897
298138,43878.016,42644.809459052325
298139,43878.016,39301.44022674426
298140,43878.016,48959.93265409287
298141,43878.016,55199.42380723104
298142,43878.016,13069.925597847536
298143,43878.016,32440.83909562366
298144,43878.016,29124.587287156344
298145,43878.016,48362.9935235508
298146,43878.016,12247.743448573954
298147,43878.016,32788.13598381071
298148,43878.016,38050.81811017848
298149,43878.016,9900.842069123202
298150,43878.016,44429.76332580724
298151,43878.016,65891.02344675797
298152,43878.016,36741.225341784615
298153,43878.016,32216.906439596343
298154,43878.016,8324.16186918088
298155,43878.016,15134.319183374433
298156,43878.016,64957.85656988233
298157,43878.016,17840.602327202403
298158,43878.016,27452.22119430078
298159,43878.016,27996.463603753073
298160,43878.016,9691.234081405992
298161,43878.016,17678.235446655566
298162,43878.016,68567.33986315275
298163,43878.016,14309.525600896404
298164,43878.016,30576.294915932798
298165,43878.016,50452.957780369514
298166,43878.016,99577.56015227981
298167,43878.016,49427.24483075954
298168,43878.016,44067.355140221414
298169,43878.016,43719.74881080834
298170,43878.016,46529.735539882546
298171,43878.016,30879.944249949778
298172,43878.016,52140.363663501026
298173,43878.016,37324.54153969313
298174,43878.016,45887.19755391223
298175,43878.016,57389.13026355354
298176,43878.016,25863.330801182372
298177,43878.016,18032.04310630139
298178,43878.016,65760.05996438215
298179,43878.016,11351.835141424637
298180,43878.016,22542.897526521174
298181,43878.016,56655.96688794664
298182,43878.016,43813.31035918795
298183,43878.016,37631.36630999452
298184,43878.016,21640.120780763904
298185,43878.016,38372.14845108374
298186,43878.016,13750.771255556274
298187,43878.016,12770.339348968299
298188,43878.016,54061.95852609493
298189,43878.016,26713.8293461586
298190,43878.016,13301.903596085413
298191,43878.016,67748.69068320474
298192,43878.016,45396.00269355605
298193,43878.016,48502.72858598186
298194,43878.016,65657.05871727
298195,43878.016,14423.063228790095
298196,43878.016,40467.78191463195
298197,43878.016,74902.30569332773
298198,43878.016,6537.146839781528
298199,43878.016,68992.33987512007
298200,43878.016,51620.83757781274
298201,43878.016,24825.438854951535
298202,43878.016,35093.30976783876
298203,43878.016,24913.811166963358
298204,43878.016,39658.5994641927
298205,43878.016,45163.57834732717
298206,43878.016,58519.01101298358
298207,43878.016,69783.9862900396
298208,43878.016,20542.948150311713
298209,43878.016,4677.037195066429
298210,43878.016,11333.341425522629
298211,43878.016,37991.15421225999
298212,43878.016,28154.66105384436
298213,43878.016,10785.21993053788
298214,43878.016,43430.543111507766
298215,43878.016,86400.74236980929
298216,43878.016,31666.548778398537
298217,43878.016,57764.09698370931
298218,43878.016,23754.020858138327
298219,43878.016,51964.104227079064
298220,43878.016,40065.91829986212
298221,43878.016,55906.26446853686
298222,43878.016,69751.7863106397
298223,43878.016,12149.317311092938
298224,43878.016,24313.516976647625
298225,43878.016,17663.84560886909
298226,43878.016,46081.02645575799
298227,43878.016,42751.720003952025
298228,43878.016,35562.89466400005
298229,43878.016,51546.309872983176
298230,43878.016,33855.64765266886
298231,43878.016,21033.276076728926
298232,43878.016,22652.0934219103
298233,43878.016,59913.540635021665
298234,43878.016,41463.897017096984
298235,43878.016,13966.494221647474
298236,43878.016,51086.578188652784
298237,43878.016,60889.13724230147
298238,43878.016,6643.173933600847
298239,43878.016,17241.286277587904
298240,43878.016,20830.644976625696
298241,43878.016,50089.501008790125
298242,43878.016,34805.57881637666
298243,43878.016,36877.123894485245
298244,43878.016,51009.8284996488
298245,43878.016,44141.31836878882
298246,43878.016,28772.502497624202
298247,43878.016,56665.94932628856
298248,43878.016,28923.150122062976
298249,43878.016,20984.282930507634
298250,43878.016,28991.823027152856
298251,43878.016,29635.480632846928
298252,43878.016,47219.861007493106
298253,43878.016,14511.422955857186
298254,43878.016,40471.44990793076
298255,43878.016,33928.06341328068
298256,43878.016,33930.211954387676
298257,43878.016,9945.741096886373
298258,43878.016,9319.218074462446
298259,43878.016,50586.15385579014
298260,43878.016,41208.24514961798
298261,43878.016,48043.97081055797
298262,43878.016,12680.40476841449
298263,43878.016,32108.076370487346
298264,43878.016,58734.26482725186
298265,43878.016,48564.36510876019
298266,43878.016,19905.208224025486
298267,43878.016,14827.747537122525
298268,43878.016,36909.81348661946
298269,43878.016,33704.56222339079
298270,43878.016,67485.89724474534
298271,43878.016,25995.49103384053
298272,43878.016,30519.630577416174
298273,43878.016,7140.673249036834
298274,43878.016,69589.19756450616
298275,43878.016,60216.57551787577
298276,43878.016,26150.3213189153
298277,43878.016,12241.582330074736
298278,43878.016,43590.26378430414
298279,43878.016,48365.912364847056
298280,43878.016,49710.92687931405
298281,43878.016,27582.58795209957
298282,43878.016,24557.43722325468
298283,43878.016,13909.49703230006
298284,43878.016,51049.917072716715
298285,43878.016,45771.16921220985
298286,43878.016,42476.22007549542
298287,43878.016,55420.464384444225
298288,43878.016,11377.684621188078
298289,43878.016,36631.090707491814
298290,43878.016,32708.9636747134
298291,43878.016,45006.92424700022
298292,43878.016,10740.008340751287
298293,43878.016,35095.75810279052
298294,43878.016,65060.254184076104
298295,43878.016,40740.15379589157
298296,43878.016,63123.70255717839
298297,43878.016,63149.40143583947
298298,43878.016,7909.140783382762
298299,43878.016,47500.045982037846
298300,43878.016,17475.318070303983
298301,43878.016,43937.13103418919
298302,43878.016,48079.55057648079
298303,43878.016,22159.313625589162
298304,43878.016,62369.923165082626
298305,43878.016,70753.99635118806
298306,43878.016,34574.82814407219
298307,43878.016,9077.764049934221
298308,43878.016,10961.472269554784
298309,43878.016,28724.807231754785
298310,43878.016,6291.777833989324
298311,43878.016,18289.4733088788
298312,43878.016,19637.440598438756
298313,43878.016,26068.54065458962
298314,43878.016,51940.08791852825
298315,43878.016,19849.375616925794
298316,43878.016,9234.872901343526
298317,43878.016,26646.474603945648
298318,43878.016,25806.315058856606
298319,43878.016,33963.93500147651
298320,43878.016,15551.201117735594
298321,43878.016,27924.179032530697
298322,43878.016,19791.516922358052
298323,43878.016,15097.421410689094
298324,43878.016,60469.65723313445
298325,43878.016,60068.859726889255
298326,43878.016,44285.52935767447
298327,43878.016,18312.139028058904
298328,43878.016,8197.496987533586
298329,43878.016,57200.944676374645
298330,43878.016,33809.14530941935
298331,43878.016,8721.406950990822
298332,43878.016,16447.234724977065
298333,43878.016,36414.53982185868
298334,43878.016,44193.606578274324
298335,43878.016,24301.600276901216
298336,43878.016,44797.826261246584
298337,43878.016,42980.34161255002
298338,43878.016,63292.40563063264
298339,43878.016,23132.314047405198
298340,43878.016,13566.57380474472
298341,43878.016,48043.46519799978
298342,43878.016,37554.545602643695
298343,43878.016,14708.420250938016
298344,43878.016,11621.919160757414
298345,43878.016,26098.906965937513
298346,43878.016,13254.84828448315
298347,43878.016,49208.52251970475
298348,43878.016,17949.69801435081
298349,43878.016,9717.65547199001
298350,43878.016,12304.873358634148
298351,43878.016,21108.630040284712
298352,43878.016,42907.123605641376
298353,43878.016,42442.31156491307
298354,43878.016,11418.719708270495
298355,43878.016,24284.266069154008
298356,43878.016,47752.76967806832
298357,43878.016,45421.20120957461
298358,43878.016,50996.46446902042
298359,43878.016,27128.12004187134
298360,43878.016,9854.129314174015
298361,43878.016,42704.01560350254
298362,43878.016,33371.93468250481
298363,43878.016,23649.627130297107
298364,43878.016,37028.77872096285
298365,43878.016,73342.83483626017
298366,43878.016,20628.807708316843
298367,43878.016,58726.91710391609
298368,43878.016,24225.027118123777
298369,43878.016,21489.012644632297
298370,43878.016,18457.146717404044
298371,43878.016,12016.224066687331
298372,43878.016,11617.956951039605
298373,43878.016,34366.834513866386
298374,43878.016,47164.471532665906
298375,43878.016,18581.941003835305
298376,43878.016,7595.325507850836
298377,43878.016,17190.241660509615
298378,43878.016,30859.93918457013
298379,43878.016,42866.034992233406
298380,43878.016,61781.068629522575
298381,43878.016,10875.559701465609
298382,43878.016,60873.66789947944
298383,43878.016,7114.138534552795
298384,43878.016,8836.097490757415
298385,43878.016,25432.982290450946
298386,43878.016,49399.82690856115
298387,43878.016,59551.99415543146
298388,43878.016,56998.64229955306
298389,43878.016,59728.48018179264
298390,43878.016,69894.24677835254
298391,43878.016,59682.08042248277
298392,43878.016,45661.04606268257
298393,43878.016,65557.81484044883
298394,43878.016,28550.03992061515
298395,43878.016,46216.82860444703
298396,43878.016,39413.55450068847
298397,43878.016,34491.11635876919
298398,43878.016,29487.625452622575
298399,43878.016,51021.38684948347
298400,43878.016,9769.769735865513
298401,43878.016,31195.50085578966
298402,43878.016,32512.614513637018
298403,43878.016,25334.82805569778
298404,43878.016,34741.9448935543
298405,43878.016,6984.63090733234
298406,43878.016,46560.44486390907
298407,43878.016,54464.009164106246
298408,43878.016,22249.192463638105
298409,43878.016,32678.387598554054
298410,43878.016,30328.49287226343
298411,43878.016,46049.35225381745
298412,43878.016,15515.048983269207
298413,43878.016,39397.693022512205
298414,43878.016,24871.196719442305
298415,43878.016,31805.941355715313
298416,43878.016,20535.557398209075
298417,43878.016,57258.974609119745
298418,43878.016,54738.321715705264
298419,43878.016,35273.07287178177
298420,43878.016,20543.828504356534
298421,43878.016,44351.97660972907
298422,43878.016,35804.18641444462
298423,43878.016,24649.935332583704
298424,43878.016,14815.018382513741
298425,43878.016,51921.492369514526
298426,43878.016,9641.927686972205
298427,43878.016,23917.003196723028
298428,43878.016,21117.084861679443
298429,43878.016,44284.665722316895
298430,43878.016,74114.43460751606
298431,43878.016,52978.43639031958
298432,43878.016,41467.952589241926
298433,43878.016,53048.59147932688
298434,43878.016,20710.835903244588
298435,43878.016,53167.06852505365
298436,43878.016,50242.983642477346
298437,43878.016,42023.92267337573
298438,43878.016,19423.729959316348
298439,43878.016,28642.28770478669
298440,43878.016,64697.23164352522
298441,43878.016,24284.516609383038
298442,43878.016,27080.62654104942
298443,43878.016,82453.224883024
298444,43878.016,56674.305660950144
298445,43878.016,43229.990133798594
298446,43878.016,36908.64368397546
298447,43878.016,67198.31305798485
298448,43878.016,23483.266498249606
298449,43878.016,15292.718059610306
298450,43878.016,15414.639098062316
298451,43878.016,8335.954147871935
298452,43878.016,29210.44547165347
298453,43878.016,20824.716168159768
298454,43878.016,18798.66673080251
298455,43878.016,5280.754350198849
298456,43878.016,14289.023477535951
298457,43878.016,24074.128107381453
298458,43878.016,17930.81860870593
298459,43878.016,14963.115944844647
298460,43878.016,26761.2371461157
298461,43878.016,56087.82641406371
298462,43878.016,73299.46065478928
298463,43878.016,37072.813142677434
298464,43878.016,54261.41108023121
298465,43878.016,51576.88447857159
298466,43878.016,54522.146334880264
298467,43878.016,16261.665299360036
298468,43878.016,40293.19897656668
298469,43878.016,25126.073248561996
298470,43878.016,24663.05966346675
298471,43878.016,70186.07094660199
298472,43878.016,9184.972738839535
298473,43878.016,50160.7538786176
298474,43878.016,28359.790130834495
298475,43878.016,22678.35887166115
298476,43878.016,43733.3323443715
298477,43878.016,29167.96258828158
298478,43878.016,40492.22793177123
298479,43878.016,20869.407975182257
298480,43878.016,37592.53524561682
298481,43878.016,14754.137131422907
298482,43878.016,35888.570855184444
298483,43878.016,9944.7570698628
298484,43878.016,30187.971273730443
298485,43878.016,29416.16382333498
298486,43878.016,6713.103711928385
298487,43878.016,45075.31903280085
298488,43878.016,6309.629495247081
298489,43878.016,15242.841856523974
298490,43878.016,12029.079076456563
298491,43878.016,9634.538208739328
298492,43878.016,40844.30056907515
298493,43878.016,26873.712112541565
298494,43878.016,69972.17359208927
298495,43878.016,66432.32766489305
298496,43878.016,15424.031258411696
298497,43878.016,12242.731693033107
298498,43878.016,45703.35153620592
298499,43878.016,31039.253398953697
298500,43878.016,31390.24041310859
298501,43878.016,27173.86562308322
298502,43878.016,56245.373962676254
298503,43878.016,46585.18098371878
298504,43878.016,57175.98046377816
298505,43878.016,56811.807002668516
298506,43878.016,22071.2435230575
298507,43878.016,19278.234973532257
298508,43878.016,24447.021324258352
298509,43878.016,20105.153788004747
298510,43878.016,17207.971338990377
298511,43878.016,22350.944867157214
298512,43878.016,25278.351764240015
298513,43878.016,37578.68497198098
298514,43878.016,57826.804814159346
298515,43878.016,40672.030154456836
298516,43878.016,20371.0222513718
298517,43878.016,38681.775203795856
298518,43878.016,15574.303097495444
298519,43878.016,37191.88152906308
298520,43878.016,50378.43329748561
298521,43878.016,18936.69974492965
298522,43878.016,20846.008747308195
298523,43878.016,48910.73866954892
298524,43878.016,41733.84788622326
298525,43878.016,60306.19060194162
298526,43878.016,57067.00228129824
298527,43878.016,43539.11739230599
298528,43878.016,49571.69928986021
298529,43878.016,46758.05998265029
298530,43878.016,55342.06538475277
298531,43878.016,43642.86531038907
298532,43878.016,42837.20204403605
298533,43878.016,44096.48643116963
298534,43878.016,59399.50619196883
298535,43878.016,48480.84959129121
298536,43878.016,22929.971476530347
298537,43878.016,17022.10370158243
298538,43878.016,11797.538327970373
298539,43878.016,12583.0095021513
298540,43878.016,55477.807396265045
298541,43878.016,34674.868314631654
298542,43878.016,29508.887871574505
298543,43878.016,15189.629082093716
298544,43878.016,50051.552234150906
298545,43878.016,66279.06678990592
298546,43878.016,62533.166142957125
298547,43878.016,31848.219249497848
298548,43878.016,56063.38912887757
298549,43878.016,15473.780518200938
298550,43878.016,58735.331272195144
298551,43878.016,34052.65250121337
298552,43878.016,12599.398584224333
298553,43878.016,9653.535107957785
298554,43878.016,8539.939409410214
298555,43878.016,64554.90866920125
298556,43878.016,52864.80086944831
298557,43878.016,21186.786729789324
298558,43878.016,17150.493180438178
298559,43878.016,35565.23182551589
298560,43878.016,62430.640325872584
298561,43878.016,71379.4992624971
298562,43878.016,22469.541585769366
298563,43878.016,35459.21757349656
298564,43878.016,23546.518792060473
298565,43878.016,64583.30243068318
298566,43878.016,63333.48515689278
298567,43878.016,15635.571283869018
298568,43878.016,44004.111243846935
298569,43878.016,29190.668279322894
298570,43878.016,35631.35292625316
298571,43878.016,32257.051229823355
298572,43878.016,58758.97644364459
298573,43878.016,42444.41643335735
298574,43878.016,14796.946302531993
298575,43878.016,14448.428014042307
298576,43878.016,54047.69000603604
298577,43878.016,26360.292627163974
298578,43878.016,29294.79768444284
298579,43878.016,91500.34158086125
298580,43878.016,32293.415122237042
298581,43878.016,30138.115251216
298582,43878.016,30568.636335002586
298583,43878.016,28749.444902927666
298584,43878.016,26863.89764171085
298585,43878.016,5912.813343596724
298586,43878.016,54564.021170867294
298587,43878.016,23468.978907248853
298588,43878.016,34965.248616229954
298589,43878.016,4119.264427414432
298590,43878.016,54225.51420002614
298591,43878.016,58349.53108792299
298592,43878.016,35539.02570728667
298593,43878.016,62805.77229838954
298594,43878.016,34244.20884974871
298595,43878.016,19820.39262391481
298596,43878.016,32978.49508846228
298597,43878.016,27980.61604044502
298598,43878.016,58781.58931952244
298599,43878.016,16649.332642422556
298600,43878.016,33287.869152847925
298601,43878.016,48579.52667356438
298602,43878.016,11570.353075502737
298603,43878.016,47155.28669001228
298604,43878.016,54424.53738088524
298605,43878.016,29605.78257924703
298606,43878.016,45307.86811875207
298607,43878.016,50117.68664436553
298608,43878.016,22998.08450623275
298609,43878.016,17529.44901483311
298610,43878.016,40123.77789497325
298611,43878.016,5127.393500649915
298612,43878.016,101303.28481516261
298613,43878.016,4676.943221657466
298614,43878.016,10522.23270182989
298615,43878.016,74929.34312664194
298616,43878.016,56408.44855238843
298617,43878.016,32002.212549374293
298618,43878.016,38977.31430518385
298619,43878.016,28104.797544220888
298620,43878.016,60824.11677908656
298621,43878.016,23529.6310014272
298622,43878.016,8740.35911719268
298623,43878.016,33285.53026510752
298624,43878.016,51276.11733442248
298625,43878.016,32192.098329477983
298626,43878.016,55737.225536601254
298627,43878.016,47381.40721868241
298628,43878.016,23416.29639118926
298629,43878.016,18968.274254026503
298630,43878.016,25206.66230015548
298631,43878.016,53700.86322978409
298632,43878.016,18251.548277454767
298633,43878.016,43487.50641186766
298634,43878.016,28496.307226440134
298635,43878.016,33362.28021692396
298636,43878.016,6101.826662789218
298637,43878.016,23553.765579528925
298638,43878.016,25431.545511331195
298639,43878.016,26325.4446611514
298640,43878.016,37984.508025643496
298641,43878.016,15978.080243622604
298642,43878.016,61658.193391617395
298643,43878.016,27739.766364486946
298644,43878.016,48039.18981867366
298645,43878.016,56317.10700649056
298646,43878.016,59579.39278166312
298647,43878.016,23220.29885026356
298648,43878.016,90832.79522156516
298649,43878.016,61241.65733732221
298650,43878.016,38265.46481930025
298651,43878.016,33527.96966662797
298652,43878.016,11505.806470477104
298653,43878.016,38295.27164101646
298654,43878.016,28413.878879474003
298655,43878.016,20233.317416008922
298656,43878.016,12048.916136641707
298657,43878.016,41733.99733112861
298658,43878.016,55957.14654305883
298659,43878.016,42920.66201405475
298660,43878.016,44974.9558571659
298661,43878.016,12909.196891778922
298662,43878.016,36643.35586135375
298663,43878.016,73924.86582998313
298664,43878.016,48243.39048937426
298665,43878.016,39739.358274210375
298666,43878.016,57468.821965039395
298667,43878.016,12431.522478881117
298668,43878.016,19253.1606044991
298669,43878.016,31067.16104602008
298670,43878.016,66942.08093741153
298671,43878.016,49907.67853532036
298672,43878.016,15429.618286039726
298673,43878.016,43506.83009695612
298674,43878.016,35414.28732342759
298675,43878.016,37111.1442564802
298676,43878.016,9948.950384597576
298677,43878.016,11425.990292816696
298678,43878.016,32338.97128645859
298679,43878.016,15106.2864199782
298680,43878.016,25812.175689078038
298681,43878.016,37329.99712649489
298682,43878.016,79941.69329535725
298683,43878.016,20752.73818940166
298684,43878.016,22625.36376109141
298685,43878.016,63371.18305754878
298686,43878.016,35353.184915659316
298687,43878.016,34658.68441754995
298688,43878.016,61078.18660632388
298689,43878.016,10867.36687661298
298690,43878.016,33347.88739448856
298691,43878.016,75723.13308084833
298692,43878.016,42736.59229607747
298693,43878.016,9568.695815713365
298694,43878.016,13022.487366266736
298695,43878.016,32340.04678919849
298696,43878.016,29571.91566859031
298697,43878.016,8079.087147442453
298698,43878.016,15842.202271448596
298699,43878.016,99003.91816910017
298700,43878.016,11125.658682306595
298701,43878.016,21421.350981652588
298702,43878.016,8202.822705231956
298703,43878.016,78857.9008350521
298704,43878.016,29759.499170375628
298705,43878.016,43852.712482927294
298706,43878.016,21107.210150105882
298707,43878.016,68739.70679103356
298708,43878.016,44488.38925307748
298709,43878.016,38075.92443673276
298710,43878.016,57434.327369240644
298711,43878.016,61928.892943624756
298712,43878.016,32033.172533269073
298713,43878.016,31250.79127951604
298714,43878.016,42841.963613879714
298715,43878.016,23334.517630112798
298716,43878.016,16286.180767746617
298717,43878.016,11141.249296287117
298718,43878.016,56775.60760519249
298719,43878.016,32369.296426952995
298720,43878.016,9992.689236135311
298721,43878.016,23673.863554614753
298722,43878.016,38811.81550092913
298723,43878.016,29484.730332793133
298724,43878.016,49987.61264214443
298725,43878.016,34325.95891239715
298726,43878.016,9654.332740602196
298727,43878.016,27810.555732796438
298728,43878.016,37838.3337488033
298729,43878.016,71020.12087216451
298730,43878.016,11976.941848448252
298731,43878.016,23068.507201044646
298732,43878.016,52734.75057140334
298733,43878.016,13808.941544235828
298734,43878.016,19335.903539841795
298735,43878.016,47883.680367520916
298736,43878.016,20418.307362277403
298737,43878.016,14280.008008240447
298738,43878.016,15298.68992688371
298739,43878.016,35250.0633729984
298740,43878.016,50670.097353705496
298741,43878.016,64188.80532753779
298742,43878.016,46761.32720826644
298743,43878.016,34953.10213110933
298744,43878.016,54952.716799419635
298745,43878.016,51159.22072116083
298746,43878.016,34882.64244063638
298747,43878.016,31271.09377698095
298748,43878.016,13069.274111568016
298749,43878.016,51775.43691256314
298750,43878.016,68376.09927020303
298751,43878.016,58712.17066053576
298752,43878.016,21726.712169286235
298753,43878.016,25810.92658096551
298754,43878.016,65691.7332627619
298755,43878.016,55283.965947999015
298756,43878.016,48884.96921912126
298757,43878.016,54669.28648237375
298758,43878.016,38063.39874307913
298759,43878.016,34401.37457376344
298760,43878.016,50763.31116391003
298761,43878.016,36178.06335052298
298762,43878.016,56296.993303718955
298763,43878.016,44878.197212052175
298764,43878.016,51651.72409607281
298765,43878.016,40076.39861981852
298766,43878.016,33151.359606583515
298767,43878.016,53088.23996079898
298768,43878.016,47683.51474887336
298769,43878.016,56542.935454820996
298770,43878.016,57434.308390378035
298771,43878.016,51094.128977214736
298772,43878.016,44196.02962504822
298773,43878.016,74486.33113045237
298774,43878.016,38342.09296323462
298775,43878.016,48615.82020346443
298776,43878.016,8882.414552646294
298777,43878.016,52082.92254659381
298778,43878.016,27469.767502099687
298779,43878.016,23975.401732146827
298780,43878.016,11121.489977761896
298781,43878.016,68190.6246179937
298782,43878.016,19099.15087766682
298783,43878.016,111953.49640201939
298784,43878.016,128172.19077334683
298785,43878.016,34519.788593722464
298786,43878.016,12589.602391012757
298787,43878.016,32948.34752143397
298788,43878.016,78167.11673072977
298789,43878.016,35022.36573884023
298790,43878.016,23366.010552054304
298791,43878.016,98249.52252348485
298792,43878.016,69791.3319497159
298793,43878.016,71803.61411965801
298794,43878.016,82069.05200987121
298795,43878.016,9783.255551318087
298796,43878.016,14019.699226870503
298797,43878.016,47604.973828848735
298798,43878.016,11479.627948530484
298799,43878.016,15386.931160911956
298800,43878.016,59791.20773335539
298801,43878.016,36482.65472861239
298802,43878.016,48206.19552943559
298803,43878.016,17761.43547228676
298804,43878.016,17930.246368878987
298805,43878.016,37582.398307025105
298806,43878.016,11066.155764859821
298807,43878.016,23938.841655147473
298808,43878.016,10525.058863192915
298809,43878.016,24773.407302362575
298810,43878.016,29896.901197252853
298811,43878.016,15725.968605182425
298812,43878.016,18852.208463487226
298813,43878.016,77926.41657263823
298814,43878.016,10928.143349840351
298815,43878.016,35312.022136866246
298816,43878.016,21260.844333649326
298817,43878.016,20597.16013811381
298818,43878.016,34771.596776969236
298819,43878.016,70403.68691964177
298820,43878.016,13733.095009152388
298821,43878.016,38497.25095910169
298822,43878.016,49902.84901280373
298823,43878.016,23256.168896504892
298824,43878.016,57861.54045707336
298825,43878.016,11356.565440475686
298826,43878.016,27567.08799159095
298827,43878.016,44617.5401368919
298828,43878.016,16791.13773411871
298829,43878.016,17896.52078380654
298830,43878.016,16649.152075562757
298831,43878.016,52988.110621193686
298832,43878.016,59989.790176157985
298833,43878.016,39275.468504154785
298834,43878.016,33916.52137090683
298835,43878.016,52139.925028314356
298836,43878.016,30380.996408489984
298837,43878.016,13226.35196122929
298838,43878.016,21234.679544492363
298839,43878.016,37552.37635818589
298840,43878.016,29568.519687078
298841,43878.016,28785.06829188977
298842,43878.016,37598.11684232609
298843,43878.016,9041.480713571014
298844,43878.016,27302.620314442363
298845,43878.016,57060.53173621089
298846,43878.016,34563.28831883321
298847,43878.016,45636.32154136547
298848,43878.016,31626.84092264853
298849,43878.016,52274.542671553994
298850,43878.016,2955.6398204555917
298851,43878.016,24418.873531892044
298852,43878.016,42117.150277370514
298853,43878.016,35457.42702612305
298854,43878.016,36244.601029009966
298855,43878.016,12792.653447511024
298856,43878.016,9764.322129732953
298857,43878.016,17526.32825209708
298858,43878.016,55455.634189848046
298859,43878.016,33955.68351073545
298860,43878.016,36008.715890795975
298861,43878.016,14842.208851333882
298862,43878.016,40402.63752141423
298863,43878.016,16948.814604629635
298864,43878.016,52385.30620935468
298865,43878.016,48374.81776183862
298866,43878.016,52139.65316867676
298867,43878.016,16517.707544695815
298868,43878.016,73302.75344598922
298869,43878.016,50825.394833106395
298870,43878.016,25508.640030195842
298871,43878.016,18865.338335074124
298872,43878.016,45432.63014210841
298873,43878.016,16802.502166886352
298874,43878.016,43074.90692389739
298875,43878.016,59587.03534454517
298876,43878.016,18464.832806244383
298877,43878.016,15005.309083728864
298878,43878.016,20491.02920506992
298879,43878.016,7871.2384446433425
298880,43878.016,20020.3386153131
298881,43878.016,15709.917436664613
298882,43878.016,32132.817130782572
298883,43878.016,51592.62282254249
298884,43878.016,18370.418404912372
298885,43878.016,38848.606236035426
298886,43878.016,41927.83477614708
298887,43878.016,43726.181883910656
298888,43878.016,21687.44394809525
298889,43878.016,27810.73493025663
298890,43878.016,47655.38646467306
298891,43878.016,24396.53412575113
298892,43878.016,19459.217008586667
298893,43878.016,56043.46701967781
298894,43878.016,20417.622048513265
298895,43878.016,35653.79972731865
298896,43878.016,48468.53879139316
298897,43878.016,57066.327496867816
298898,43878.016,56258.559203862
298899,43878.016,62402.50602291164
298900,43878.016,9163.828270325304
298901,43878.016,40219.271969448964
298902,43878.016,15552.48987775847
298903,43878.016,79931.94423260348
298904,43878.016,34622.59805823654
298905,43878.016,10543.623085232086
298906,43878.016,41879.47723061001
298907,43878.016,7472.050069225392
298908,43878.016,61782.61168283423
298909,43878.016,81534.22214354374
298910,43878.016,30124.498029727132
298911,43878.016,45479.75499873282
298912,43878.016,46135.74252194523
298913,43878.016,54356.79530751081
298914,43878.016,40145.91156404159
298915,43878.016,45094.782374819
298916,43878.016,25656.532408829305
298917,43878.016,73706.35401322729
298918,43878.016,29415.733072599356
298919,43878.016,19276.190586642944
298920,43878.016,47680.157358521865
298921,43878.016,9215.615809218805
298922,43878.016,65807.31919604492
298923,43878.016,60023.17025261723
298924,43878.016,56122.93518690217
298925,43878.016,48481.36530060616
298926,43878.016,27187.393124199432
298927,43878.016,4773.28453966605
298928,43878.016,37371.628814388154
298929,43878.016,19421.83287149019
298930,43878.016,66645.82997773902
298931,43878.016,29389.391416261176
298932,43878.016,29090.436717347733
298933,43878.016,57481.01283504474
298934,43878.016,30325.68841833238
298935,43878.016,9447.307753363486
298936,43878.016,30073.04123133908
298937,43878.016,48262.062197502986
298938,43878.016,19113.68180383056
298939,43878.016,53639.39663835945
298940,43878.016,61453.46323439948
298941,43878.016,11576.73723405394
298942,43878.016,7272.401000755118
298943,43878.016,29668.718249323254
298944,43878.016,29593.459290836145
298945,43878.016,21659.862012791127
298946,43878.016,52290.80791803783
298947,43878.016,27205.05534787105
298948,43878.016,32379.29720297744
298949,43878.016,62982.24223319759
298950,43878.016,14324.674582174346
298951,43878.016,15760.70798065297
298952,43878.016,6830.413900858759
298953,43878.016,51830.382654169356
298954,43878.016,48296.54982858477
298955,43878.016,20259.40317007095
298956,43878.016,26108.0882463182
298957,43878.016,29473.98150142947
298958,43878.016,43253.939531174714
298959,43878.016,65568.17894291879
298960,43878.016,13185.660245147972
298961,43878.016,43099.71455447623
298962,43878.016,53779.87617942369
298963,43878.016,25004.0985252247
298964,43878.016,29760.052164319102
298965,43878.016,69507.7623368682
298966,43878.016,29744.808788953345
298967,43878.016,12408.657092383562
298968,43878.016,69280.24781396876
298969,43878.016,11325.64783740468
298970,43878.016,60747.80933360971
298971,43878.016,21161.47849545498
298972,43878.016,14511.59184011953
298973,43878.016,32989.91839172128
298974,43878.016,24037.112346564158
298975,43878.016,42649.24115408915
298976,43878.016,18157.225952058754
298977,43878.016,35745.91418262236
298978,43878.016,13803.69334196098
298979,43878.016,74130.72573222364
298980,43878.016,58102.54315256997
298981,43878.016,31133.07044212352
298982,43878.016,42824.87137316737
298983,43878.016,17933.00874450442
298984,43878.016,65268.17790211334
298985,43878.016,45971.98460224652
298986,43878.016,23867.52943530731
298987,43878.016,37502.06594673128
298988,43878.016,22699.228753190822
298989,43878.016,62385.368966457085
298990,43878.016,27240.958698364284
298991,43878.016,64354.299230740406
298992,43878.016,40540.63986901664
298993,43878.016,47291.70361358632
298994,43878.016,69403.61330838004
298995,43878.016,11271.975967826356
298996,43878.016,7202.959200902415
298997,43878.016,21374.48778512434
298998,43878.016,48335.35140855964
298999,43878.016,41672.94898076385
299000,43878.016,43025.12873857857
299001,43878.016,49000.63221020621
299002,43878.016,54842.53076865268
299003,43878.016,20136.351614918527
299004,43878.016,25704.490323548896
299005,43878.016,17517.074057699276
299006,43878.016,24583.408161946183
299007,43878.016,20539.459709785617
299008,43878.016,17981.3437925671
299009,43878.016,63682.79802914609
299010,43878.016,32626.446407345364
299011,43878.016,23926.84745742828
299012,43878.016,37740.13303409193
299013,43878.016,29566.57156275553
299014,43878.016,19375.43732919948
299015,43878.016,94085.64543733475
299016,43878.016,40331.725299743244
299017,43878.016,10673.409104872379
299018,43878.016,62631.38672160653
299019,43878.016,17365.180591007746
299020,43878.016,63481.62551748012
299021,43878.016,26326.06511152966
299022,43878.016,7569.058534072249
299023,43878.016,8931.412085077796
299024,43878.016,48925.84605110071
299025,43878.016,55905.989911520235
299026,43878.016,21718.055499367456
299027,43878.016,25082.65431162299
299028,43878.016,23472.25932173387
299029,43878.016,32650.218273281364
299030,43878.016,11305.051830686916
299031,43878.016,44071.1815542145
299032,43878.016,45360.76645662624
299033,43878.016,12043.793139290443
299034,43878.016,24839.07924107406
299035,43878.016,39184.931766082766
299036,43878.016,65945.77414349816
299037,43878.016,23335.968530600316
299038,43878.016,14137.4131302022
299039,43878.016,63042.03234880015
299040,43878.016,30111.001866751867
299041,43878.016,50421.239366178015
299042,43878.016,17502.37314915676
299043,43878.016,41694.73670679086
299044,43878.016,83316.4879484394
299045,43878.016,44489.96879306265
299046,43878.016,10472.691497280863
299047,43878.016,64649.65881526465
299048,43878.016,28430.38136627159
299049,43878.016,28454.834394338002
299050,43878.016,90993.50459546548
299051,43878.016,11358.08232856596
299052,43878.016,34504.85366284512
299053,43878.016,15413.772103392625
299054,43878.016,12633.141549903323
299055,43878.016,16879.338754455897
299056,43878.016,61728.085264302405
299057,43878.016,10680.944218595003
299058,43878.016,10345.014054568472
299059,43878.016,53615.80996167639
299060,43878.016,41343.298986674636
299061,43878.016,22729.805172495326
299062,43878.016,48880.177221042264
299063,43878.016,8644.452578587461
299064,43878.016,52346.25072759006
299065,43878.016,14929.183347162481
299066,43878.016,48798.502183372526
299067,43878.016,52022.18168513785
299068,43878.016,27512.51161433469
299069,43878.016,21062.40239375542
299070,43878.016,31088.38293873537
299071,43878.016,16955.250583277146
299072,43878.016,38867.83025520896
299073,43878.016,19963.47840678456
299074,43878.016,13873.832985557121
299075,43878.016,57410.29907936821
299076,43878.016,44834.5572289571
299077,43878.016,62295.834063562696
299078,43878.016,23560.416922944547
299079,43878.016,36163.343791351166
299080,43878.016,56787.677367859054
299081,43878.016,119595.08056230131
299082,43878.016,7851.585973743146
299083,43878.016,11507.134891526359
299084,43878.016,39572.40321315556
299085,43878.016,43888.77132992017
299086,43878.016,45698.14469449044
299087,43878.016,56845.50149116978
299088,43878.016,36289.39240232201
299089,43878.016,20982.473705248012
299090,43878.016,59875.20626624848
299091,43878.016,49684.14233588723
299092,43878.016,23887.049072334703
299093,43878.016,26353.51871457892
299094,43878.016,55236.64372776087
299095,43878.016,48005.54790771247
299096,43878.016,50575.67961629074
299097,43878.016,13039.05469055546
299098,43878.016,49055.9157273008
299099,43878.016,39357.002197721486
299100,43878.016,58710.00476672166
299101,43878.016,8030.746831405784
299102,43878.016,60455.17923089265
299103,43878.016,41648.80619818772
299104,43878.016,72636.9033044039
299105,43878.016,73544.34198810968
299106,43878.016,61279.71752794711
299107,43878.016,81182.66869021076
299108,43878.016,41833.127410305206
299109,43878.016,21792.58265786789
299110,43878.016,8138.587671946356
299111,43878.016,18519.765304453427
299112,43878.016,21761.910463762837
299113,43878.016,38994.572984328166
299114,43878.016,41868.15569753043
299115,43878.016,45694.04895340195
299116,43878.016,29689.03152898424
299117,43878.016,74788.75940064604
299118,43878.016,47139.900862687056
299119,43878.016,18415.93380543736
299120,43878.016,38063.38996108183
299121,43878.016,26746.364984300246
299122,43878.016,48122.46681421087
299123,43878.016,28997.179969824196
299124,43878.016,64778.93635037777
299125,43878.016,56017.44521624303
299126,43878.016,22007.213938618315
299127,43878.016,7141.089559317612
299128,43878.016,38971.98107849638
299129,43878.016,31785.403323869235
299130,43878.016,20789.946633159958
299131,43878.016,22351.777977980266
299132,43878.016,14286.345270062962
299133,43878.016,22379.458562412052
299134,43878.016,21033.8425633798
299135,43878.016,44109.6799932357
299136,43878.016,49013.35923041083
299137,43878.016,13088.999654805162
299138,43878.016,46246.36923436626
299139,43878.016,35042.825926684694
299140,43878.016,8013.1095406453
299141,43878.016,17436.295527599425
299142,43878.016,58381.51702820098
299143,43878.016,27533.586821949462
299144,43878.016,41356.00913311881
299145,43878.016,51782.92442422121
299146,43878.016,23147.80179468995
299147,43878.016,27779.24904138455
299148,43878.016,16716.803434263238
299149,43878.016,25769.243509268566
299150,43878.016,58020.509382694014
299151,43878.016,51124.18808335368
299152,43878.016,49218.76933895979
299153,43878.016,49859.2407809147
299154,43878.016,27645.500102241644
299155,43878.016,44404.046837042435
299156,43878.016,76855.62237868307
299157,43878.016,9862.007537673617
299158,43878.016,35850.69581037467
299159,43878.016,57047.682421028185
299160,43878.016,59124.53976913349
299161,43878.016,61654.90175958895
299162,43878.016,23759.00464174726
299163,43878.016,6116.742564340338
299164,43878.016,16581.82166399138
299165,43878.016,17942.863402448445
299166,43878.016,17623.32040241018
299167,43878.016,7871.455237444573
299168,43878.016,117534.2159774114
299169,43878.016,40705.38050027508
299170,43878.016,12404.19291448182
299171,43878.016,43399.40201664811
299172,43878.016,9854.90731989542
299173,43878.016,30332.786066013567
299174,43878.016,33231.27804337402
299175,43878.016,43974.73791228613
299176,43878.016,20007.938022124144
299177,43878.016,45787.00361825003
299178,43878.016,12161.138025128068
299179,43878.016,30936.55192926278
299180,43878.016,8577.29842541309
299181,43878.016,10956.571239988945
299182,43878.016,14385.004509179282
299183,43878.016,39973.857915597044
299184,43878.016,68759.44740989487
299185,43878.016,12340.946000985712
299186,43878.016,15376.361649962659
299187,43878.016,72193.82669442006
299188,43878.016,43520.31365877662
299189,43878.016,88542.19000971189
299190,43878.016,32446.582286565666
299191,43878.016,56304.10459699977
299192,43878.016,32022.45852322377
299193,43878.016,20851.852098466807
299194,43878.016,60986.26999333418
299195,43878.016,40019.02119922587
299196,43878.016,54249.652811079686
299197,43878.016,10493.188614859013
299198,43878.016,65324.749069898055
299199,43878.016,54950.78032749237
299200,43878.016,35400.218723708495
299201,43878.016,25547.504719448854
299202,43878.016,39199.70657838646
299203,43878.016,65775.5711527916
299204,43878.016,28374.94795056122
299205,43878.016,58804.29688215653
299206,43878.016,31049.253681056263
299207,43878.016,21648.191543183675
299208,43878.016,52127.72757812646
299209,43878.016,62484.052479783866
299210,43878.016,51030.4322218566
299211,43878.016,10956.701026420662
299212,43878.016,42868.6243319064
299213,43878.016,76887.64014110713
299214,43878.016,20812.47609040111
299215,43878.016,47003.72292278134
299216,43878.016,26778.562904648916
299217,43878.016,13811.31986855313
299218,43878.016,9047.535402168287
299219,43878.016,32525.097622145073
299220,43878.016,64058.12282573013
299221,43878.016,26965.012522614317
299222,43878.016,35501.60578021075
299223,43878.016,52504.85163014729
299224,43878.016,49141.11738211549
299225,43878.016,32817.64419960462
299226,43878.016,47533.546316106025
299227,43878.016,76525.04742407458
299228,43878.016,29204.10426544422
299229,43878.016,4434.561438230394
299230,43878.016,35412.38786303416
299231,43878.016,49702.99043420037
299232,43878.016,46832.61306918318
299233,43878.016,25801.872332216848
299234,43878.016,10811.127476297888
299235,43878.016,58028.28673797542
299236,43878.016,18219.20818699038
299237,43878.016,9305.275231572909
299238,43878.016,38437.50562618964
299239,43878.016,20999.0308658626
299240,43878.016,59789.81710267441
299241,43878.016,11545.96069388582
299242,43878.016,21385.73656460023
299243,43878.016,19496.951608528358
299244,43878.016,6058.114120159618
299245,43878.016,40116.7742143321
299246,43878.016,58898.71594859199
299247,43878.016,71637.56750206878
299248,43878.016,38623.58435708691
299249,43878.016,71243.83683331042
299250,43878.016,70145.50881346215
299251,43878.016,5207.461512952332
299252,43878.016,54211.98008380702
299253,43878.016,26054.5437063568
299254,43878.016,11166.23142630412
299255,43878.016,20285.837779303223
299256,43878.016,42035.27972610693
299257,43878.016,22860.633484641552
299258,43878.016,50777.076209713116
299259,43878.016,16716.3589544387
299260,43878.016,53206.36385302819
299261,43878.016,51874.30462810667
299262,43878.016,6694.131159889114
299263,43878.016,63742.52724499204
299264,43878.016,37979.33907734046
299265,43878.016,55645.41357383107
299266,43878.016,44508.42445075738
299267,43878.016,64206.534601784864
299268,43878.016,63675.10640497695
299269,43878.016,35133.45516417761
299270,43878.016,19223.224371806704
299271,43878.016,10264.647747010838
299272,43878.016,39472.25885785826
299273,43878.016,9020.183993660665
299274,43878.016,44949.36767257071
299275,43878.016,8756.400232121105
299276,43878.016,31306.48911422062
299277,43878.016,2550.612091885656
299278,43878.016,26482.582929257293
299279,43878.016,11922.455255772973
299280,43878.016,20807.679114282546
299281,43878.016,44211.603146594935
299282,43878.016,30585.729513664548
299283,43878.016,48648.60980040256
299284,43878.016,50548.842812805044
299285,43878.016,19763.227047239612
299286,43878.016,17006.461515251554
299287,43878.016,12048.258176538136
299288,43878.016,68871.58648851853
299289,43878.016,9481.297513146785
299290,43878.016,20953.070940995443
299291,43878.016,22941.438290846196
299292,43878.016,54518.85957229268
299293,43878.016,16955.629763229652
299294,43878.016,34864.62881969628
299295,43878.016,18466.100591549293
299296,43878.016,11888.907896445726
299297,43878.016,28715.208762657898
299298,43878.016,31661.138926225587
299299,43878.016,36081.34731000729
299300,43878.016,10632.421372956866
299301,43878.016,53891.789181636996
299302,43878.016,53852.432614644546
299303,43878.016,38016.23658258361
299304,43878.016,5964.437650162341
299305,43878.016,30283.34266604082
299306,43878.016,47064.203504835066
299307,43878.016,18082.89266207863
299308,43878.016,29290.200758495106
299309,43878.016,48244.67118419087
299310,43878.016,36612.420942401965
299311,43878.016,45361.88047636627
299312,43878.016,8949.061408375343
299313,43878.016,10327.38566798143
299314,43878.016,47872.43713840053
299315,43878.016,43121.08492263897
299316,43878.016,32770.427399925014
299317,43878.016,40400.835078656775
299318,43878.016,40326.09814513818
299319,43878.016,40081.26147581645
299320,43878.016,28328.26955063758
299321,43878.016,16281.592267188926
299322,43878.016,32232.84572474077
299323,43878.016,34918.36822004731
299324,43878.016,42108.09575849807
299325,43878.016,39191.132348934
299326,43878.016,42604.331953206594
299327,43878.016,60303.90541258361
299328,43878.016,45471.32566748997
299329,43878.016,43020.0780226246
299330,43878.016,47605.75561907415
299331,43878.016,11330.316089801625
299332,43878.016,74179.92494225682
299333,43878.016,13710.158174377777
299334,43878.016,43027.3016677354
299335,43878.016,30220.91634738791
299336,43878.016,22482.588528179178
299337,43878.016,64075.65218657213
299338,43878.016,58003.024603555044
299339,43878.016,69038.222519641
299340,43878.016,8099.052124256858
299341,43878.016,8154.774715224684
299342,43878.016,12904.550886455045
299343,43878.016,25624.29538479496
299344,43878.016,41943.77489272758
299345,43878.016,41186.0100013687
299346,43878.016,36002.50160537631
299347,43878.016,39387.89408614891
299348,43878.016,42504.10019044927
299349,43878.016,6475.115234237757
299350,43878.016,49201.03677869348
299351,43878.016,12852.137593357018
299352,43878.016,29660.431531887294
299353,43878.016,31787.672585612607
299354,43878.016,25223.26962389044
299355,43878.016,18246.1695374655
299356,43878.016,9183.817720741521
299357,43878.016,22964.250245629042
299358,43878.016,60019.09370951988
299359,43878.016,8594.471784009125
299360,43878.016,29433.86755007273
299361,43878.016,25738.830293950625
299362,43878.016,60585.02635716089
299363,43878.016,54403.31511803053
299364,43878.016,31050.435845933578
299365,43878.016,49809.22582728838
299366,43878.016,41737.117390850675
299367,43878.016,51142.06852393472
299368,43878.016,54253.28015244517
299369,43878.016,14311.870003312095
299370,43878.016,48176.96718855466
299371,43878.016,51652.52276436989
299372,43878.016,38634.83426271833
299373,43878.016,51485.761346506326
299374,43878.016,34601.56343129874
299375,43878.016,40533.15407609796
299376,43878.016,42105.12581180423
299377,43878.016,61809.668351572414
299378,43878.016,23928.30513512297
299379,43878.016,28299.093662321135
299380,43878.016,38067.9816171133
299381,43878.016,55721.9273965108
299382,43878.016,43123.897939591654
299383,43878.016,18040.640523186972
299384,43878.016,33606.78579006986
299385,43878.016,38633.08538378145
299386,43878.016,9415.304616015526
299387,43878.016,52017.54548457794
299388,43878.016,17627.51229707015
299389,43878.016,7559.3320622016945
299390,43878.016,74429.18700038598
299391,43878.016,47849.387909955796
299392,43878.016,34457.83993374339
299393,43878.016,18589.624561242184
299394,43878.016,75703.11405465945
299395,43878.016,16603.964896292837
299396,43878.016,50841.482622489115
299397,43878.016,58200.266580015494
299398,43878.016,43083.63277435833
299399,43878.016,29294.780567698886
299400,43878.016,40444.79390384885
299401,43878.016,24383.95949623877
299402,43878.016,46595.918719496774
299403,43878.016,27212.549490050074
299404,43878.016,18321.57125041578
299405,43878.016,10142.29494307341
299406,43878.016,26099.42670379049
299407,43878.016,20030.813586503962
299408,43878.016,43465.16987033503
299409,43878.016,20091.5503324707
299410,43878.016,24940.781113440713
299411,43878.016,18405.858887349492
299412,43878.016,65107.75541891462
299413,43878.016,52411.97301481226
299414,43878.016,19522.611515505872
299415,43878.016,53058.22218558751
299416,43878.016,31298.083968559054
299417,43878.016,20986.60929452084
299418,43878.016,46820.899069368796
299419,43878.016,85196.22714328738
299420,43878.016,59344.50725452161
299421,43878.016,57339.74417647171
299422,43878.016,95658.51553324382
299423,43878.016,44325.237317553896
299424,43878.016,22616.47223445879
299425,43878.016,13360.881161630963
299426,43878.016,45926.80264382574
299427,43878.016,36908.045269959046
299428,43878.016,57012.177726181304
299429,43878.016,67852.27368262701
299430,43878.016,7700.303252594023
299431,43878.016,26007.42203327479
299432,43878.016,48879.43050948812
299433,43878.016,17634.666708447734
299434,43878.016,9573.476111475447
299435,43878.016,17628.428413609257
299436,43878.016,50683.72866334975
299437,43878.016,59718.579496248836
299438,43878.016,22702.334515937895
299439,43878.016,26374.20444796318
299440,43878.016,56425.18503155346
299441,43878.016,20352.251119575933
299442,43878.016,28729.43886721405
299443,43878.016,29011.445242241
299444,43878.016,33824.28544670705
299445,43878.016,39102.63607313226
299446,43878.016,23454.71663193046
299447,43878.016,32115.822214280986
299448,43878.016,15128.5362325742
299449,43878.016,23819.37039604304
299450,43878.016,27612.595315928647
299451,43878.016,32844.340074402826
299452,43878.016,5818.824527563159
299453,43878.016,19532.717307013474
299454,43878.016,42412.88207812203
299455,43878.016,32057.848955023914
299456,43878.016,28933.940931457288
299457,43878.016,20709.540008590193
299458,43878.016,15178.412418786347
299459,43878.016,38074.27072539202
299460,43878.016,39101.44946418855
299461,43878.016,18419.920021073267
299462,43878.016,8860.933885735674
299463,43878.016,12938.857488057098
299464,43878.016,45795.122051244274
299465,43878.016,35239.23286254988
299466,43878.016,40878.23347471287
299467,43878.016,29763.00014013228
299468,43878.016,47613.80131653716
299469,43878.016,36589.03653066961
299470,43878.016,79441.26311633634
299471,43878.016,48369.216716906834
299472,43878.016,60667.56721312828
299473,43878.016,47872.49359124993
299474,43878.016,11379.266864827461
299475,43878.016,52830.69373119613
299476,43878.016,51176.04079077326
299477,43878.016,21032.16702031153
299478,43878.016,12517.477686597684
299479,43878.016,26209.533534176015
299480,43878.016,54821.63637511824
299481,43878.016,60075.780382697216
299482,43878.016,33000.92132748954
299483,43878.016,39288.68044048186
299484,43878.016,37757.44585335946
299485,43878.016,26542.982042409967
299486,43878.016,18419.325875693714
299487,43878.016,16754.571030857496
299488,43878.016,42979.38699327439
299489,43878.016,75305.88944226816
299490,43878.016,32390.581431626
299491,43878.016,20920.05748510891
299492,43878.016,20285.37117192842
299493,43878.016,18503.709094011083
299494,43878.016,17275.93081340218
299495,43878.016,24901.414796687095
299496,43878.016,11921.961249232883
299497,43878.016,39545.4650080999
299498,43878.016,13907.21082544589
299499,43878.016,61935.593455065966
299500,43878.016,8785.309451778785
299501,43878.016,30765.014946863306
299502,43878.016,70907.24131620652
299503,43878.016,21006.050568143957
299504,43878.016,31831.16271454651
299505,43878.016,65361.823834209434
299506,43878.016,39548.87326614302
299507,43878.016,28482.77991920839
299508,43878.016,33782.77951700442
299509,43878.016,38394.94173135701
299510,43878.016,62259.11943221211
299511,43878.016,8207.718233007621
299512,43878.016,39431.12424589381
299513,43878.016,36127.537060766066
299514,43878.016,11777.237235004008
299515,43878.016,54277.651556132776
299516,43878.016,56225.258483748185
299517,43878.016,73037.52590212517
299518,43878.016,51421.13484104107
299519,43878.016,39841.377214343265
299520,43878.016,67450.37202064977
299521,43878.016,12494.797962542027
299522,43878.016,37608.85390883681
299523,43878.016,61096.092842557926
299524,43878.016,20713.81350215166
299525,43878.016,57041.210897711986
299526,43878.016,31013.344885439463
299527,43878.016,31614.912360852795
299528,43878.016,11925.88460561843
299529,43878.016,49833.39842521422
299530,43878.016,21171.350317264914
299531,43878.016,25865.174108554373
299532,43878.016,25907.803235573792
299533,43878.016,40437.757706511315
299534,43878.016,54390.206048128144
299535,43878.016,25513.372670649063
299536,43878.016,48809.42340033851
299537,43878.016,24766.27789305918
299538,43878.016,52599.5630246215
299539,43878.016,47402.469883364305
299540,43878.016,24500.465910869356
299541,43878.016,14942.079366034684
299542,43878.016,22174.503744278045
299543,43878.016,28252.417322250312
299544,43878.016,49153.917421806655
299545,43878.016,33175.20891284443
299546,43878.016,62214.449919770566
299547,43878.016,25386.459453083975
299548,43878.016,23494.5278997845
299549,43878.016,25134.432811350707
299550,43878.016,7575.102531390424
299551,43878.016,50604.651669435894
299552,43878.016,42438.679122271446
299553,43878.016,94362.54845077715
299554,43878.016,38328.65403718251
299555,43878.016,16020.163443115538
299556,43878.016,33143.89609316635
299557,43878.016,4496.9495541106235
299558,43878.016,17099.23879831789
299559,43878.016,18328.464900133116
299560,43878.016,13386.911065983959
299561,43878.016,20107.989674936667
299562,43878.016,44457.38823423229
299563,43878.016,12012.519445142496
299564,43878.016,30666.45093728473
299565,43878.016,14290.655967276592
299566,43878.016,49372.13634588725
299567,43878.016,23295.69903964702
299568,43878.016,22718.586374989834
299569,43878.016,66603.92471938401
299570,43878.016,57489.35226222686
299571,43878.016,20927.256795140413
299572,43878.016,8092.947677097537
299573,43878.016,18239.614079653355
299574,43878.016,56944.19389523069
299575,43878.016,21652.448527524433
299576,43878.016,15370.074973779487
299577,43878.016,47591.5978720258
299578,43878.016,37082.137472984665
299579,43878.016,55938.627822361064
299580,43878.016,27440.752140980352
299581,43878.016,56044.58752535564
299582,43878.016,25381.321585835754
299583,43878.016,12464.594050887132
299584,43878.016,17757.35448879342
299585,43878.016,5319.6208982050475
299586,43878.016,30098.27158956587
299587,43878.016,6957.521672989404
299588,43878.016,25162.866425982567
299589,43878.016,44341.6175836475
299590,43878.016,31009.304660344165
299591,43878.016,41299.90081068692
299592,43878.016,9847.702786258616
299593,43878.016,60064.66011954663
299594,43878.016,19117.120742219893
299595,43878.016,13256.850821455993
299596,43878.016,66271.15659091764
299597,43878.016,16535.583401836815
299598,43878.016,11240.439282251218
299599,43878.016,10838.42799987634
299600,43878.016,27772.06265495602
299601,43878.016,37966.38365388277
299602,43878.016,32367.401374519148
299603,43878.016,47186.01931855328
299604,43878.016,48658.42103031614
299605,43878.016,48760.46010032706
299606,43878.016,46771.2634756657
299607,43878.016,38253.64872378306
299608,43878.016,24596.63978453677
299609,43878.016,50341.391363328614
299610,43878.016,26425.566716282847
299611,43878.016,37856.31636585926
299612,43878.016,48387.652340052366
299613,43878.016,53553.13174422079
299614,43878.016,32412.66888374987
299615,43878.016,49279.53397952419
299616,43878.016,42799.68575420011
299617,43878.016,49475.853734537915
299618,43878.016,26574.727863490916
299619,43878.016,42457.62110004611
299620,43878.016,9234.462304742217
299621,43878.016,20888.341588954943
299622,43878.016,19611.251929340444
299623,43878.016,55680.705564027696
299624,43878.016,59833.28255534235
299625,43878.016,31384.57766855785
299626,43878.016,47553.356652246686
299627,43878.016,23491.343934164517
299628,43878.016,38303.53007049272
299629,43878.016,12354.267438975003
299630,43878.016,6688.247307065238
299631,43878.016,38926.76119793181
299632,43878.016,13906.076602480078
299633,43878.016,30390.449698527056
299634,43878.016,40576.252034793295
299635,43878.016,31562.209281224987
299636,43878.016,36886.88605523595
299637,43878.016,39392.37784841533
299638,43878.016,12922.893017705213
299639,43878.016,46756.37173933399
299640,43878.016,26983.771606811424
299641,43878.016,7586.78327151021
299642,43878.016,64886.726148566144
299643,43878.016,35510.23187827936
299644,43878.016,26737.824279770455
299645,43878.016,13158.717858024793
299646,43878.016,7395.364091570542
299647,43878.016,11038.524255567212
299648,43878.016,22309.90505343743
299649,43878.016,24677.179321427913
299650,43878.016,46262.34399856357
299651,43878.016,40673.840230887545
299652,43878.016,11090.601598943409
299653,43878.016,14304.72356198921
299654,43878.016,33358.88993261113
299655,43878.016,16397.67869617719
299656,43878.016,28374.090891437547
299657,43878.016,8520.281770100444
299658,43878.016,17076.617688635928
299659,43878.016,18498.473558715155
299660,43878.016,41645.20564366387
299661,43878.016,14797.590301414322
299662,43878.016,29433.87167499152
299663,43878.016,50512.715101417125
299664,43878.016,27071.48637516153
299665,43878.016,28366.329739036653
299666,43878.016,17725.472121980547
299667,43878.016,66636.50645377082
299668,43878.016,23870.875169476247
299669,43878.016,29621.960463433104
299670,43878.016,41692.41030155113
299671,43878.016,49847.386212759695
299672,43878.016,42571.629047983406
299673,43878.016,45792.56461414765
299674,43878.016,49625.28774275985
299675,43878.016,19964.963308741448
299676,43878.016,30899.115724870648
299677,43878.016,37335.3526280365
299678,43878.016,30263.81746486579
299679,43878.016,56619.52824105801
299680,43878.016,25131.615685665794
299681,43878.016,34102.89480175409
299682,43878.016,39766.04568139164
299683,43878.016,28206.025085285848
299684,43878.016,51692.734100303416
299685,43878.016,9541.353424348068
299686,43878.016,28428.337501188442
299687,43878.016,13640.41113619123
299688,43878.016,46882.113361399235
299689,43878.016,29185.36179178114
299690,43878.016,48573.67140098939
299691,43878.016,67440.66632315103
299692,43878.016,21201.48789844449
299693,43878.016,11165.019071899913
299694,43878.016,17602.90748411042
299695,43878.016,36778.48148958801
299696,43878.016,62879.71611319427
299697,43878.016,20385.802422642886
299698,43878.016,28702.75488467604
299699,43878.016,22039.166072839587
299700,43878.016,15387.963729182296
299701,43878.016,11807.156623904708
299702,43878.016,24007.96743044672
299703,43878.016,31078.38505870606
299704,43878.016,23447.25650962739
299705,43878.016,28543.63469903632
299706,43878.016,33680.49730423005
299707,43878.016,56226.108046002744
299708,43878.016,32357.394955422125
299709,43878.016,42954.464916639474
299710,43878.016,19520.89561227212
299711,43878.016,43116.67422882778
299712,43878.016,58083.00576369285
299713,43878.016,42535.05359064527
299714,43878.016,83117.91327405555
299715,43878.016,22536.176218357603
299716,43878.016,26440.13031932561
299717,43878.016,51403.65102263408
299718,43878.016,32299.80596264592
299719,43878.016,51098.05408801252
299720,43878.016,45490.167726027285
299721,43878.016,33830.85269345565
299722,43878.016,10516.573677235887
299723,43878.016,12331.527940767395
299724,43878.016,13728.61864611538
299725,43878.016,13875.795592289194
299726,43878.016,40714.69659201181
299727,43878.016,38497.9109903201
299728,43878.016,46221.234040039504
299729,43878.016,67856.29900998596
299730,43878.016,35314.93532273257
299731,43878.016,32634.935401529194
299732,43878.016,34570.98685652603
299733,43878.016,51964.59760199679
299734,43878.016,20517.617303151877
299735,43878.016,33797.63555938155
299736,43878.016,24898.953327459847
299737,43878.016,38239.32670989647
299738,43878.016,32903.23005879305
299739,43878.016,68646.85527661079
299740,43878.016,49593.525196845025
299741,43878.016,34153.21101677233
299742,43878.016,37617.551376804084
299743,43878.016,34496.92281145076
299744,43878.016,29073.77889187791
299745,43878.016,15795.737501081758
299746,43878.016,9147.925462983256
299747,43878.016,26821.299209400095
299748,43878.016,60631.29783736213
299749,43878.016,25739.206684752167
299750,43878.016,33761.17861922168
299751,43878.016,9463.0059044747
299752,43878.016,17198.97315947097
299753,43878.016,26877.700371368865
299754,43878.016,20165.162833024227
299755,43878.016,34892.83981641578
299756,43878.016,24463.831940697528
299757,43878.016,35437.721299002515
299758,43878.016,31579.653794498616
299759,43878.016,30038.46497355417
299760,43878.016,22774.149873626193
299761,43878.016,33468.94605079896
299762,43878.016,52665.97190703689
299763,43878.016,43185.52776210667
299764,43878.016,59035.297463453986
299765,43878.016,59428.07249208018
299766,43878.016,15365.449949552461
299767,43878.016,58259.67473120775
299768,43878.016,7754.48890303168
299769,43878.016,39361.195159751165
299770,43878.016,14917.884876959763
299771,43878.016,8411.888506187839
299772,43878.016,66400.27649987156
299773,43878.016,25147.98220897221
299774,43878.016,80797.54601814519
299775,43878.016,37154.666875570685
299776,43878.016,53212.20709373405
299777,43878.016,40009.95141481076
299778,43878.016,11406.93181523588
299779,43878.016,22284.264533815283
299780,43878.016,32853.017374546114
299781,43878.016,50892.788468208004
299782,43878.016,32763.138595842043
299783,43878.016,63759.16979073631
299784,43878.016,83883.942492407
299785,43878.016,66543.17726147345
299786,43878.016,15776.364465590816
299787,43878.016,16858.220820722785
299788,43878.016,31768.650892207414
299789,43878.016,25986.736524257
299790,43878.016,8735.379851133914
299791,43878.016,19159.681457434734
299792,43878.016,45449.4875574121
299793,43878.016,14459.73751158892
299794,43878.016,30164.148229231552
299795,43878.016,23211.078873932584
299796,43878.016,14815.881886230529
299797,43878.016,23047.4367658242
299798,43878.016,33517.522865881554
299799,43878.016,46826.91533006087
299800,43878.016,48813.07301882209
299801,43878.016,45726.392418337666
299802,43878.016,52807.38543297403
299803,43878.016,63434.65622167969
299804,43878.016,16267.788657050478
299805,43878.016,32049.40373461812
299806,43878.016,39187.86863470755
299807,43878.016,79426.69512493133
299808,43878.016,38825.67084145087
299809,43878.016,5990.1700553410565
299810,43878.016,44962.07316972535
299811,43878.016,20237.691621834052
299812,43878.016,26885.986851173893
299813,43878.016,85486.92343916025
299814,43878.016,8650.347366184267
299815,43878.016,54517.65839235626
299816,43878.016,53881.56936063972
299817,43878.016,76533.46979270408
299818,43878.016,40007.50443982723
299819,43878.016,21857.560217574828
299820,43878.016,35647.70388722834
299821,43878.016,48073.57351811242
299822,43878.016,10077.04631520367
299823,43878.016,32243.31473878596
299824,43878.016,43105.677424366484
299825,43878.016,12628.903142415782
299826,43878.016,52166.2584736188
299827,43878.016,48323.38414069732
299828,43878.016,33139.5560559395
299829,43878.016,51439.441303638785
299830,43878.016,24285.871000455296
299831,43878.016,23075.5224416584
299832,43878.016,38106.520480162115
299833,43878.016,45365.814533288816
299834,43878.016,17242.81111190602
299835,43878.016,68674.33954188465
299836,43878.016,36742.651480068416
299837,43878.016,31855.43693699287
299838,43878.016,22656.439327926193
299839,43878.016,74008.37208138096
299840,43878.016,51127.86598349496
299841,43878.016,46586.49015780722
299842,43878.016,50590.949126808126
299843,43878.016,25232.73815454966
299844,43878.016,12120.542744667127
299845,43878.016,35275.26394882426
299846,43878.016,24644.161059339
299847,43878.016,16735.42735895366
299848,43878.016,17250.464783866333
299849,43878.016,11932.56421364569
299850,43878.016,24601.17866783581
299851,43878.016,19397.378079925726
299852,43878.016,25535.77819272872
299853,43878.016,56186.964881692395
299854,43878.016,13058.99816595669
299855,43878.016,38549.10782308368
299856,43878.016,18547.377844771967
299857,43878.016,30664.190349284556
299858,43878.016,27953.134071688302
299859,43878.016,29861.37474378758
299860,43878.016,39499.372362773196
299861,43878.016,23727.605712222045
299862,43878.016,9416.186876314108
299863,43878.016,27339.854083987033
299864,43878.016,92090.81581430306
299865,43878.016,31632.88972612026
299866,43878.016,15722.822947900757
299867,43878.016,21289.146637653073
299868,43878.016,16417.01717499583
299869,43878.016,45019.93688516352
299870,43878.016,44115.65602849818
299871,43878.016,29396.140921444283
299872,43878.016,27543.566802794496
299873,43878.016,11182.576218438058
299874,43878.016,9746.20605769898
299875,43878.016,63308.34318243985
299876,43878.016,30970.175495759908
299877,43878.016,21807.743133330634
299878,43878.016,57853.97170022435
299879,43878.016,30400.612829570946
299880,43878.016,89446.07895796052
299881,43878.016,50528.36083735138
299882,43878.016,43057.08948684853
299883,43878.016,35831.744519879896
299884,43878.016,57997.21192855674
299885,43878.016,53063.736624755235
299886,43878.016,64541.79692289173
299887,43878.016,30969.065693128527
299888,43878.016,16748.813191911126
299889,43878.016,18117.766702684734
299890,43878.016,9804.955480979374
299891,43878.016,39474.45404932704
299892,43878.016,65848.46738253937
299893,43878.016,14425.999443692592
299894,43878.016,51025.159826592804
299895,43878.016,37251.95550641853
299896,43878.016,59523.088057328285
299897,43878.016,9803.627178855544
299898,43878.016,10389.4284453907
299899,43878.016,59688.12346989745
299900,43878.016,12337.797268726847
299901,43878.016,23083.756971176048
299902,43878.016,68880.56927244538
299903,43878.016,32401.62222615583
299904,43878.016,27629.334667833515
299905,43878.016,48907.720552072955
299906,43878.016,54283.325608120074
299907,43878.016,43844.39247119129
299908,43878.016,39755.06577647597
299909,43878.016,15261.475663323894
299910,43878.016,23200.602667337036
299911,43878.016,18051.430666894077
299912,43878.016,40522.83414275107
299913,43878.016,40937.1855909635
299914,43878.016,63968.53078396681
299915,43878.016,12795.828342331259
299916,43878.016,18580.742701552383
299917,43878.016,57583.943292061165
299918,43878.016,27360.01065192763
299919,43878.016,40474.66046702112
299920,43878.016,70119.59459533947
299921,43878.016,35503.608623757136
299922,43878.016,39214.68364931854
299923,43878.016,31881.852503397156
299924,43878.016,42046.425277344555
299925,43878.016,16870.58194080312
299926,43878.016,29862.358163395795
299927,43878.016,34956.153728315854
299928,43878.016,20609.528843384658
299929,43878.016,9314.43723483604
299930,43878.016,15346.505718875595
299931,43878.016,9947.070969788438
299932,43878.016,31613.264247990952
299933,43878.016,31084.433723726514
299934,43878.016,62966.47509387823
299935,43878.016,39691.60690444839
299936,43878.016,44292.333642479556
299937,43878.016,51889.52727062437
299938,43878.016,66054.6186054348
299939,43878.016,27096.32667609054
299940,43878.016,67366.14122604471
299941,43878.016,15704.21519444991
299942,43878.016,15428.235631472147
299943,43878.016,53760.80387913092
299944,43878.016,54256.37579955455
299945,43878.016,21276.811155853116
299946,43878.016,41331.397641423624
299947,43878.016,55941.418613448375
299948,43878.016,67433.413898297
299949,43878.016,19344.88919850806
299950,43878.016,34583.63949615405
299951,43878.016,33728.00848703199
299952,43878.016,44536.052793523224
299953,43878.016,18405.02355970747
299954,43878.016,10133.886623771157
299955,43878.016,44397.64774461818
299956,43878.016,66640.97986622124
299957,43878.016,30551.6993246933
299958,43878.016,10828.55176517392
299959,43878.016,19099.44746857082
299960,43878.016,55844.33641563203
299961,43878.016,28708.13003210758
299962,43878.016,55160.24529724672
299963,43878.016,38369.71526544877
299964,43878.016,50737.17625710581
299965,43878.016,20743.83765206036
299966,43878.016,35155.49153428792
299967,43878.016,13406.950503003538
299968,43878.016,20284.27723763568
299969,43878.016,11613.64828574095
299970,43878.016,23812.7156380559
299971,43878.016,15190.659054114667
299972,43878.016,27394.93632128484
299973,43878.016,6484.15407731122
299974,43878.016,61122.139581998104
299975,43878.016,43813.03346701357
299976,43878.016,20858.481840424447
299977,43878.016,34189.38818038781
299978,43878.016,9105.378315741236
299979,43878.016,80743.78009000656
299980,43878.016,11402.437947031594
299981,43878.016,35189.44228165642
299982,43878.016,39629.162561711746
299983,43878.016,47159.50479744046
299984,43878.016,49806.81000534464
299985,43878.016,36651.39945617491
299986,43878.016,46323.84922104272
299987,43878.016,25710.239234106863
299988,43878.016,41669.774285814616
299989,43878.016,46469.23940913674
299990,43878.016,27235.548444713942
299991,43878.016,32901.584233760215
299992,43878.016,8194.1578357426
299993,43878.016,48320.64378614627
299994,43878.016,58622.29470126906
299995,43878.016,21006.81633907199
299996,43878.016,39789.635057635125
299997,43878.016,9499.315257460532
299998,43878.016,39836.850280698134
299999,43878.016,55000.222529743274
300000,43878.016,26123.240027331303
300001,43878.016,20783.101898415243
300002,43878.016,6848.11815507884
300003,43878.016,81454.34890969367
300004,43878.016,55642.7392803919
300005,43878.016,35120.171935201215
300006,43878.016,61855.40088509702
300007,43878.016,28497.69706687464
300008,43878.016,31128.888017872156
300009,43878.016,25938.54699821511
300010,43878.016,29010.362995640036
300011,43878.016,57879.95343458686
300012,43878.016,55151.488170477474
300013,43878.016,21470.227668508647
300014,43878.016,31159.510531813936
300015,43878.016,22536.43203248524
300016,43878.016,8298.313691718362
300017,43878.016,22314.299184795684
300018,43878.016,47059.54788811014
300019,43878.016,74894.34747316112
300020,43878.016,22881.04286242603
300021,43878.016,42074.02982684572
300022,43878.016,32190.233267396034
300023,43878.016,34305.47852994884
300024,43878.016,33492.72731628745
300025,43878.016,11816.641707262717
300026,43878.016,10760.059821427662
300027,43878.016,56122.25557156628
300028,43878.016,49091.83838661725
300029,43878.016,52532.70487444531
300030,43878.016,28506.41981145362
300031,43878.016,30525.504249081703
300032,43878.016,66957.24194331098
300033,43878.016,18170.802467320555
300034,43878.016,51706.998340000326
300035,43878.016,18017.87680516625
300036,43878.016,61154.05349305488
300037,43878.016,11826.589165011244
300038,43878.016,52541.78862612986
300039,43878.016,15520.583800531991
300040,43878.016,52826.16948125042
300041,43878.016,31676.143908207487
300042,43878.016,43832.57599827364
300043,43878.016,45416.41227448518
300044,43878.016,11061.4833206309
300045,43878.016,57557.968493336026
300046,43878.016,25534.07379453463
300047,43878.016,33002.5052029954
300048,43878.016,50478.53033054572
300049,43878.016,20005.688773486498
300050,43878.016,54090.95229030548
300051,43878.016,51768.834405795445
300052,43878.016,63237.65844236641
300053,43878.016,14325.771394107662
300054,43878.016,54034.40607845876
300055,43878.016,7611.556099966974
300056,43878.016,66686.81525822254
300057,43878.016,16812.553435209884
300058,43878.016,9756.771429565255
300059,43878.016,39905.77606568912
300060,43878.016,40075.60808331023
300061,43878.016,52940.25578412521
300062,43878.016,39971.57360567346
300063,43878.016,31179.873093283168
300064,43878.016,52627.20718421087
300065,43878.016,34893.05835376841
300066,43878.016,46374.93343623469
300067,43878.016,55107.62353569249
300068,43878.016,9743.648462690724
300069,43878.016,41881.139630958416
300070,43878.016,43236.36304344477
300071,43878.016,28477.273711952803
300072,43878.016,44753.57184787027
300073,43878.016,8333.044517016882
300074,43878.016,14181.683555693495
300075,43878.016,14328.833159852882
300076,43878.016,57941.977305722794
300077,43878.016,16463.787044298413
300078,43878.016,27293.339953918818
300079,43878.016,64073.914180293454
300080,43878.016,10094.485689723617
300081,43878.016,57517.68216237113
300082,43878.016,22843.766365341286
300083,43878.016,38989.04155754454
300084,43878.016,53894.98708036094
300085,43878.016,45183.70441090012
300086,43878.016,17916.468570919387
300087,43878.016,40807.49665338759
300088,43878.016,23913.824521399434
300089,43878.016,25189.603048142224
300090,43878.016,20424.406335460015
300091,43878.016,18893.440487344422
300092,43878.016,67128.3696801092
300093,43878.016,35309.854948319466
300094,43878.016,29849.484707209518
300095,43878.016,62106.25896305049
300096,43878.016,55901.98267981671
300097,43878.016,34474.05901111698
300098,43878.016,20258.998619000566
300099,43878.016,42158.36524238892
300100,43878.016,11226.392665284946
300101,43878.016,9173.842289073102
300102,43878.016,50832.406985110385
300103,43878.016,13788.89479877707
300104,43878.016,8229.43840437602
300105,43878.016,22428.589845403363
300106,43878.016,28314.617244753466
300107,43878.016,61343.8250019673
300108,43878.016,52636.982989989636
300109,43878.016,41551.230148155584
300110,43878.016,37577.864639256375
300111,43878.016,38943.743524761754
300112,43878.016,44041.232944978496
300113,43878.016,27421.42833503592
300114,43878.016,13868.487497625498
300115,43878.016,13479.093178107398
300116,43878.016,41445.01991688037
300117,43878.016,11845.86490251212
300118,43878.016,19607.122959961056
300119,43878.016,36159.045954788264
300120,43878.016,43473.51461849943
300121,43878.016,29864.122062877927
300122,43878.016,27356.887633650484
300123,43878.016,68408.12978929188
300124,43878.016,9085.906616217284
300125,43878.016,11681.392402623731
300126,43878.016,21239.28179689834
300127,43878.016,39803.59294218305
300128,43878.016,24979.379570313202
300129,43878.016,34937.450235350225
300130,43878.016,18600.616534597717
300131,43878.016,8824.988236184647
300132,43878.016,66573.04114434165
300133,43878.016,33006.106141740136
300134,43878.016,27421.03655878975
300135,43878.016,38111.958369888824
300136,43878.016,12250.283889699434
300137,43878.016,15481.093269574945
300138,43878.016,31176.326399081318
300139,43878.016,19243.687311386315
300140,43878.016,51141.33664524987
300141,43878.016,14474.026471173835
300142,43878.016,49754.49424993914
300143,43878.016,46961.789833100986
300144,43878.016,40869.85482810755
300145,43878.016,31662.598988704496
300146,43878.016,24373.80462914181
300147,43878.016,6009.742188178737
300148,43878.016,9489.551265860355
300149,43878.016,37850.067294193745
300150,43878.016,51478.782703525496
300151,43878.016,13050.381282306105
300152,43878.016,49623.339877225175
300153,43878.016,20670.446999924265
300154,43878.016,19767.46662416631
300155,43878.016,5660.236199273944
300156,43878.016,29952.559053152803
300157,43878.016,17933.054282025725
300158,43878.016,15424.871657987125
300159,43878.016,37572.24715054934
300160,43878.016,50333.56256498571
300161,43878.016,34124.54350792103
300162,43878.016,17251.161438817548
300163,43878.016,53279.063847866855
300164,43878.016,48706.956750092184
300165,43878.016,38239.751278728814
300166,43878.016,8444.678407048084
300167,43878.016,54588.43293197283
300168,43878.016,41665.14677487815
300169,43878.016,49720.48773336983
300170,43878.016,46524.29956387804
300171,43878.016,50963.08492017469
300172,43878.016,46575.450782184176
300173,43878.016,41345.99736385836
300174,43878.016,28515.4968817557
300175,43878.016,70077.2141238891
300176,43878.016,49033.59108370927
300177,43878.016,19299.078049723645
300178,43878.016,72420.40803246772
300179,43878.016,56816.99582490178
300180,43878.016,61411.44788807375
300181,43878.016,37124.09768093678
300182,43878.016,8398.348590948452
300183,43878.016,66363.6006012893
300184,43878.016,80104.98024536554
300185,43878.016,23346.701447009684
300186,43878.016,42877.97118026597
300187,43878.016,54339.00210537317
300188,43878.016,11496.971023117205
300189,43878.016,73678.09255784156
300190,43878.016,41527.61958288707
300191,43878.016,59076.167189746455
300192,43878.016,25646.7747445633
300193,43878.016,48328.913865226845
300194,43878.016,19796.035830328703
300195,43878.016,56017.20419425638
300196,43878.016,29909.003694271225
300197,43878.016,17155.983173735316
300198,43878.016,17434.319461384803
300199,43878.016,51617.239333123114
300200,43878.016,20697.806954752446
300201,43878.016,63645.64966280882
300202,43878.016,38868.80085059334
300203,43878.016,16015.196697161358
300204,43878.016,42008.15085444705
300205,43878.016,43491.180717074225
300206,43878.016,36696.95407835418
300207,43878.016,47047.14363983487
300208,43878.016,37933.57729260843
300209,43878.016,20716.74924057151
300210,43878.016,24211.582736912893
300211,43878.016,11952.506219709743
300212,43878.016,46263.73869245936
300213,43878.016,36778.61680096454
300214,43878.016,57185.71715082624
300215,43878.016,24577.01054557894
300216,43878.016,38282.61862932957
300217,43878.016,54506.26542482102
300218,43878.016,26501.434913859517
300219,43878.016,9630.500304308569
300220,43878.016,60335.57980804494
300221,43878.016,35286.82906086398
300222,43878.016,15175.056919746892
300223,43878.016,43134.13095640983
300224,43878.016,35929.65622966602
300225,43878.016,46217.50225349645
300226,43878.016,40650.690075852915
300227,43878.016,14593.293348286608
300228,43878.016,53653.850220205684
300229,43878.016,8739.015342005467
300230,43878.016,15460.389436214542
300231,43878.016,22747.07869579739
300232,43878.016,4390.990155554084
300233,43878.016,42360.26804395685
300234,43878.016,13797.834168126601
300235,43878.016,46052.31159669647
300236,43878.016,43490.20648468557
300237,43878.016,51219.92974932958
300238,43878.016,23288.573510231774
300239,43878.016,9521.747936211395
300240,43878.016,42291.47486559088
300241,43878.016,20013.980990682634
300242,43878.016,90873.88011234824
300243,43878.016,31198.311635418
300244,43878.016,28323.74427799041
300245,43878.016,51692.646768192935
300246,43878.016,10086.453493499681
300247,43878.016,14726.148648778937
300248,43878.016,37323.33515461591
300249,43878.016,25850.510927377985
300250,43878.016,9318.932801959236
300251,43878.016,16968.786935162963
300252,43878.016,62345.43729534441
300253,43878.016,21037.378074391097
300254,43878.016,10364.37993937999
300255,43878.016,25054.853216873395
300256,43878.016,13278.563130489902
300257,43878.016,21044.048929893812
300258,43878.016,64398.15431081454
300259,43878.016,9695.339447948356
300260,43878.016,23905.002250742134
300261,43878.016,19447.47684927219
300262,43878.016,19251.488277107102
300263,43878.016,30220.682028820163
300264,43878.016,66815.15561689384
300265,43878.016,9821.574981821672
300266,43878.016,59889.960811888785
300267,43878.016,25672.408785002845
300268,43878.016,55893.48454644145
300269,43878.016,20270.317394801594
300270,43878.016,9705.094850117333
300271,43878.016,28664.950786955043
300272,43878.016,53907.53417874421
300273,43878.016,37171.551579054925
300274,43878.016,49648.26011529663
300275,43878.016,12030.50879161195
300276,43878.016,62987.20081467882
300277,43878.016,16219.23366957479
300278,43878.016,50931.165151486224
300279,43878.016,8345.566192417613
300280,43878.016,34055.0671472237
300281,43878.016,5048.678293093413
300282,43878.016,57401.06888788236
300283,43878.016,60020.494763345436
300284,43878.016,13749.755132185206
300285,43878.016,39483.98175901386
300286,43878.016,46293.25145487537
300287,43878.016,36711.13132607016
300288,43878.016,37931.93845651927
300289,43878.016,35398.45887663763
300290,43878.016,43493.522116624605
300291,43878.016,9828.84919625849
300292,43878.016,71011.63792555024
300293,43878.016,33494.16924797735
300294,43878.016,45550.22457338467
300295,43878.016,10891.194415930899
300296,43878.016,33537.74374188564
300297,43878.016,26037.82633033327
300298,43878.016,36186.91364571931
300299,43878.016,31429.88569515891
300300,43878.016,20571.531631898084
300301,43878.016,60264.49475380235
300302,43878.016,27696.22358053444
300303,43878.016,20875.77426814703
300304,43878.016,27210.15609239877
300305,43878.016,13167.472576215929
300306,43878.016,36893.36336205959
300307,43878.016,8056.351289349799
300308,43878.016,43791.01692464627
300309,43878.016,30006.414407630844
300310,43878.016,10858.300916647653
300311,43878.016,10640.491357726372
300312,43878.016,11093.195263683014
300313,43878.016,12863.451772532391
300314,43878.016,83392.53436560741
300315,43878.016,19788.810121623148
300316,43878.016,53792.367945723956
300317,43878.016,42548.9528841183
300318,43878.016,32553.526206208448
300319,43878.016,34748.91084131204
300320,43878.016,51480.60138245209
300321,43878.016,42371.40055030278
300322,43878.016,31254.787210651088
300323,43878.016,41790.27884195489
300324,43878.016,56371.06018279845
300325,43878.016,24923.101499156688
300326,43878.016,75021.47910304263
300327,43878.016,113477.01772902862
300328,43878.016,42764.22107776881
300329,43878.016,16876.63946320457
300330,43878.016,54763.23810259633
300331,43878.016,35341.818780805654
300332,43878.016,57797.48827703661
300333,43878.016,11953.533137879207
300334,43878.016,23728.577485963146
300335,43878.016,12377.641512076003
300336,43878.016,9734.847184943725
300337,43878.016,15818.34779594663
300338,43878.016,6702.424957215728
300339,43878.016,43107.607944484036
300340,43878.016,15075.581785332482
300341,43878.016,11227.60946606324
300342,43878.016,17932.605940984897
300343,43878.016,52314.72135810944
300344,43878.016,7173.975053247465
300345,43878.016,17205.945656366068
300346,43878.016,75256.7345324709
300347,43878.016,26672.48736155666
300348,43878.016,72473.18324874129
300349,43878.016,62127.16820698248
300350,43878.016,33722.48093304859
300351,43878.016,56039.45456382807
300352,43878.016,39095.76882528965
300353,43878.016,67520.86154069183
300354,43878.016,36090.60710957668
300355,43878.016,17316.760206147817
300356,43878.016,81146.95201033744
300357,43878.016,31386.401387468642
300358,43878.016,20407.556465550606
300359,43878.016,9087.26538304915
300360,43878.016,28410.884692342574
300361,43878.016,15556.235032198883
300362,43878.016,37599.726840844494
300363,43878.016,38573.692272660155
300364,43878.016,31293.419152878407
300365,43878.016,11259.850554976096
300366,43878.016,53037.532447548365
300367,43878.016,69822.56558902406
300368,43878.016,19939.930186450387
300369,43878.016,4872.285447469938
300370,43878.016,21005.30530839125
300371,43878.016,33931.5974640537
300372,43878.016,45354.1213151744
300373,43878.016,66547.1983910658
300374,43878.016,30324.50653839883
300375,43878.016,37329.867249277886
300376,43878.016,37915.42728686712
300377,43878.016,31223.761120372063
300378,43878.016,13714.540955249216
300379,43878.016,48235.6923507445
300380,43878.016,18135.34168547857
300381,43878.016,18291.006519104725
300382,43878.016,12457.55052144178
300383,43878.016,15884.114723728373
300384,43878.016,13514.619163413154
300385,43878.016,21291.126396905645
300386,43878.016,6807.965550224746
300387,43878.016,33303.319855860245
300388,43878.016,59580.58123418455
300389,43878.016,9686.889850055546
300390,43878.016,35160.86992761882
300391,43878.016,69316.7555646996
300392,43878.016,61567.350670301836
300393,43878.016,6874.774127189608
300394,43878.016,50637.091901399996
300395,43878.016,45518.955525273544
300396,43878.016,59281.55303299257
300397,43878.016,14519.083915855315
300398,43878.016,52019.03504423825
300399,43878.016,18436.407916448206
300400,43878.016,33359.25622183812
300401,43878.016,61177.46292337213
300402,43878.016,29471.764675504983
300403,43878.016,38129.6963013134
300404,43878.016,20352.92760644296
300405,43878.016,20178.38235163355
300406,43878.016,59113.420848296984
300407,43878.016,33130.25146862186
300408,43878.016,80273.43315370324
300409,43878.016,16899.659981451372
300410,43878.016,37256.045277827885
300411,43878.016,39530.36529475146
300412,43878.016,49919.143126820054
300413,43878.016,16989.796203375958
300414,43878.016,6847.802640358755
300415,43878.016,23729.109275955063
300416,43878.016,62706.222508957224
300417,43878.016,24452.792877706746
300418,43878.016,41903.83186992546
300419,43878.016,12140.449865703002
300420,43878.016,7221.408784358407
300421,43878.016,26422.75160912176
300422,43878.016,33158.31994581012
300423,43878.016,46091.12805756158
300424,43878.016,28474.5096775845
300425,43878.016,54162.56945999011
300426,43878.016,31051.194056116055
300427,43878.016,64969.43003906314
300428,43878.016,8430.768473270731
300429,43878.016,34098.04809024592
300430,43878.016,9079.174902758003
300431,43878.016,34683.83624087145
300432,43878.016,27780.445254368708
300433,43878.016,33260.25459831068
300434,43878.016,58238.89676063528
300435,43878.016,44539.600876339835
300436,43878.016,36843.55950127595
300437,43878.016,88735.07966087067
300438,43878.016,14616.568783770517
300439,43878.016,19885.09761760919
300440,43878.016,27920.55403202567
300441,43878.016,49015.930136841394
300442,43878.016,48356.5652331899
300443,43878.016,33637.88022682468
300444,43878.016,14340.72017880131
300445,43878.016,8825.645573456497
300446,43878.016,13786.271894440502
300447,43878.016,38046.20767736841
300448,43878.016,69749.42642772416
300449,43878.016,14332.940628470917
300450,43878.016,52723.54746708123
300451,43878.016,51956.40672225822
300452,43878.016,11532.452598302947
300453,43878.016,9974.693236133822
300454,43878.016,54586.99107328999
300455,43878.016,33245.59129693796
300456,43878.016,26590.47703688238
300457,43878.016,43431.973172747865
300458,43878.016,11739.310581738137
300459,43878.016,13225.581172742304
300460,43878.016,50813.47532936692
300461,43878.016,54606.649094236025
300462,43878.016,34433.41048498612
300463,43878.016,31300.128465765207
300464,43878.016,46540.8925566211
300465,43878.016,19217.221101961208
300466,43878.016,34854.246304079774
300467,43878.016,63803.45290195701
300468,43878.016,14672.796473145147
300469,43878.016,58038.02352200306
300470,43878.016,64026.9357358911
300471,43878.016,52280.04257986696
300472,43878.016,40052.86111904141
300473,43878.016,45367.86394397649
300474,43878.016,27341.80565603695
300475,43878.016,50820.88443896844
300476,43878.016,22106.282892314262
300477,43878.016,40410.13062047072
300478,43878.016,40912.919978683734
300479,43878.016,37569.12201679012
300480,43878.016,9404.298693591567
300481,43878.016,35731.220064677465
300482,43878.016,44452.560032725036
300483,43878.016,11935.838305159008
300484,43878.016,36099.39041148609
300485,43878.016,9719.463582708318
300486,43878.016,38251.42651600802
300487,43878.016,55001.3198489662
300488,43878.016,23705.221746530733
300489,43878.016,54304.188981137726
300490,43878.016,39339.53088983441
300491,43878.016,56238.14430173509
300492,43878.016,28304.71498075618
300493,43878.016,15987.51167677707
300494,43878.016,56638.302792372444
300495,43878.016,26052.901873166098
300496,43878.016,12169.730028998914
300497,43878.016,54453.8573134238
300498,43878.016,35349.014384093614
300499,43878.016,14529.978380283414
300500,43878.016,28991.69590548089
300501,43878.016,25975.822741933775
300502,43878.016,20789.24723290076
300503,43878.016,16670.768589797346
300504,43878.016,41965.67281950646
300505,43878.016,75000.11225494003
300506,43878.016,6966.626827030695
300507,43878.016,30826.27940087365
300508,43878.016,41260.82475263705
300509,43878.016,20353.5374354663
300510,43878.016,37415.5056282335
300511,43878.016,25638.21635061356
300512,43878.016,29946.481014332654
300513,43878.016,27030.472946542064
300514,43878.016,39033.64424006146
300515,43878.016,35877.804160402804
300516,43878.016,30316.352534601418
300517,43878.016,33106.490578947625
300518,43878.016,17734.193126555638
300519,43878.016,23486.75513842997
300520,43878.016,3389.2576423203377
300521,43878.016,54409.441936364325
300522,43878.016,39466.696266739746
300523,43878.016,33264.21094336426
300524,43878.016,70551.1580695499
300525,43878.016,47990.60586693541
300526,43878.016,34093.15415177853
300527,43878.016,19012.360672744333
300528,43878.016,50864.15378156137
300529,43878.016,25272.10780550855
300530,43878.016,39687.38051463993
300531,43878.016,37021.3869936698
300532,43878.016,42776.41245043671
300533,43878.016,11919.010789817106
300534,43878.016,33196.99463274304
300535,43878.016,40585.46628313542
300536,43878.016,26382.482313457112
300537,43878.016,24309.88531036444
300538,43878.016,50384.72079902024
300539,43878.016,51263.483433697824
300540,43878.016,8527.489011262667
300541,43878.016,25102.60412720546
300542,43878.016,17842.161170623618
300543,43878.016,41696.469358297814
300544,43878.016,25136.380340603515
300545,43878.016,37327.92783827897
300546,43878.016,47214.11289551624
300547,43878.016,89261.77947575689
300548,43878.016,52882.82186945474
300549,43878.016,53881.67505602355
300550,43878.016,46321.499757435704
300551,43878.016,40746.230844414575
300552,43878.016,14505.398315298442
300553,43878.016,22517.400147799628
300554,43878.016,30252.28415166542
300555,43878.016,33103.74059497109
300556,43878.016,20230.72456418712
300557,43878.016,56851.24913103297
300558,43878.016,7506.640462793749
300559,43878.016,17498.317603618987
300560,43878.016,34972.44502460144
300561,43878.016,11950.409980632121
300562,43878.016,29413.201408685858
300563,43878.016,8840.883432806624
300564,43878.016,51379.74239245463
300565,43878.016,26620.517943615538
300566,43878.016,3004.857584597451
300567,43878.016,49625.958785507515
300568,43878.016,12722.722559321031
300569,43878.016,40256.18335831274
300570,43878.016,47783.900935426725
300571,43878.016,22546.360015098428
300572,43878.016,6774.702957562524
300573,43878.016,8899.812211247918
300574,43878.016,14987.63334610085
300575,43878.016,33288.91963783722
300576,43878.016,19193.069436587037
300577,43878.016,19577.853829226595
300578,43878.016,20775.755003960658
300579,43878.016,77238.57877698459
300580,43878.016,24400.774238032463
300581,43878.016,36530.795322212216
300582,43878.016,7476.235243731299
300583,43878.016,55636.65106419231
300584,43878.016,52408.85950605782
300585,43878.016,49299.662739089785
300586,43878.016,26346.44208811304
300587,43878.016,56398.13027586388
300588,43878.016,57267.367699605886
300589,43878.016,31386.999888321978
300590,43878.016,55897.0262450561
300591,43878.016,67062.2160921484
300592,43878.016,34373.35212187731
300593,43878.016,18746.071398659195
300594,43878.016,13578.21745425462
300595,43878.016,22128.115109204202
300596,43878.016,18085.28772785743
300597,43878.016,48700.14395288952
300598,43878.016,15492.876916870502
300599,43878.016,5600.41327410568
300600,43878.016,25185.87374332527
300601,43878.016,12375.392046935915
300602,43878.016,12920.585679097521
300603,43878.016,56974.348033403454
300604,43878.016,39115.64384186843
300605,43878.016,46323.8667556475
300606,43878.016,63856.31659659097
300607,43878.016,25126.06259430782
300608,43878.016,44774.51663151104
300609,43878.016,38819.63255416294
300610,43878.016,10211.901147657129
300611,43878.016,9145.917970890583
300612,43878.016,47806.694624801705
300613,43878.016,41709.54936236794
300614,43878.016,30810.996068873155
300615,43878.016,10765.639356196452
300616,43878.016,23502.611052052944
300617,43878.016,10240.442218374066
300618,43878.016,34954.11712878918
300619,43878.016,37655.37677227959
300620,43878.016,20263.948490611576
300621,43878.016,9769.622542852527
300622,43878.016,31095.92494160369
300623,43878.016,19043.960720828618
300624,43878.016,44237.944309744395
300625,43878.016,56857.73256155174
300626,43878.016,43526.20816203784
300627,43878.016,22795.023556227596
300628,43878.016,16838.745985267753
300629,43878.016,21545.820787399036
300630,43878.016,26414.66537265555
300631,43878.016,11343.16029822298
300632,43878.016,65670.25045385775
300633,43878.016,13838.349714479324
300634,43878.016,20542.03719688148
300635,43878.016,71880.5609908705
300636,43878.016,18735.392025747948
300637,43878.016,38171.7254486514
300638,43878.016,46653.55643291873
300639,43878.016,25572.81217468538
300640,43878.016,43552.285712751356
300641,43878.016,18752.90721025926
300642,43878.016,54255.91483097925
300643,43878.016,9469.423760892038
300644,43878.016,15250.762755963862
300645,43878.016,51359.55834890877
300646,43878.016,46510.760179875695
300647,43878.016,8265.961272593997
300648,43878.016,16301.757152810422
300649,43878.016,20300.16422457401
300650,43878.016,43825.67351646293
300651,43878.016,65074.41973004755
300652,43878.016,13875.286080843713
300653,43878.016,20367.070273398433
300654,43878.016,12890.168438440243
300655,43878.016,43393.59719555574
300656,43878.016,47802.439192614074
300657,43878.016,32444.619209559594
300658,43878.016,54480.309265940894
300659,43878.016,16229.425750855366
300660,43878.016,32658.45277204268
300661,43878.016,26206.768630676284
300662,43878.016,34955.23349557828
300663,43878.016,41332.4433903169
300664,43878.016,48894.507667516526
300665,43878.016,43825.719966373064
300666,43878.016,44683.62836866224
300667,43878.016,59030.13982332163
300668,43878.016,22887.78184108305
300669,43878.016,49459.223889845736
300670,43878.016,31609.69638449856
300671,43878.016,59716.90005619063
300672,43878.016,55269.47932572799
300673,43878.016,53478.129301058376
300674,43878.016,13647.836042126217
300675,43878.016,21873.37318569968
300676,43878.016,51792.90619625872
300677,43878.016,8042.021034825055
300678,43878.016,35584.76637372003
300679,43878.016,23383.878437988882
300680,43878.016,10112.296971484418
300681,43878.016,93388.79150837217
300682,43878.016,33600.98242797313
300683,43878.016,9585.090381268084
300684,43878.016,27168.41787757137
300685,43878.016,30474.165163498605
300686,43878.016,36235.58391749896
300687,43878.016,12408.46041406344
300688,43878.016,27263.596181740322
300689,43878.016,15569.353353262955
300690,43878.016,13203.053471263363
300691,43878.016,52236.069478397054
300692,43878.016,13039.35106098414
300693,43878.016,43776.6370538967
300694,43878.016,12703.415120423984
300695,43878.016,20737.39961215543
300696,43878.016,59454.99499953364
300697,43878.016,28757.369650204582
300698,43878.016,26445.901193392274
300699,43878.016,32824.27995445533
300700,43878.016,27141.734457841034
300701,43878.016,37642.18843854865
300702,43878.016,21743.260419047216
300703,43878.016,14935.374098866696
300704,43878.016,33331.59669353976
300705,43878.016,31645.111139871547
300706,43878.016,15629.133251044675
300707,43878.016,20960.587011335883
300708,43878.016,21908.0965763039
300709,43878.016,56809.63296707114
300710,43878.016,59666.84103316508
300711,43878.016,8289.457009787448
300712,43878.016,44389.979109450585
300713,43878.016,9211.762597122965
300714,43878.016,44783.66096553756
300715,43878.016,14058.991401725249
300716,43878.016,42267.73537070907
300717,43878.016,7403.648810762574
300718,43878.016,31666.529768552868
300719,43878.016,16831.28482329548
300720,43878.016,13499.626301534361
300721,43878.016,62260.607369724705
300722,43878.016,33604.618479396115
300723,43878.016,74559.19239876934
300724,43878.016,21021.02046220217
300725,43878.016,38511.04784770073
300726,43878.016,52291.93060286731
300727,43878.016,9404.08225976257
300728,43878.016,34088.685020722914
300729,43878.016,50895.42525142546
300730,43878.016,44133.12919425432
300731,43878.016,6993.484146343766
300732,43878.016,21540.10692476933
300733,43878.016,59105.55727149619
300734,43878.016,15068.95590077883
300735,43878.016,16191.349749997342
300736,43878.016,39122.75848289618
300737,43878.016,42576.89100212416
300738,43878.016,45490.896009373006
300739,43878.016,43812.87920923736
300740,43878.016,26455.20650896579
300741,43878.016,44453.752323280525
300742,43878.016,24401.94428441653
300743,43878.016,89864.70705600874
300744,43878.016,11138.7504592105
300745,43878.016,65596.53261233498
300746,43878.016,34982.085120174044
300747,43878.016,60384.35756914207
300748,43878.016,48537.42528891756
300749,43878.016,30430.117780531935
300750,43878.016,66253.87926065634
300751,43878.016,53031.35214037998
300752,43878.016,49025.80623113504
300753,43878.016,13046.626320512352
300754,43878.016,7583.195215626995
300755,43878.016,48128.96280465618
300756,43878.016,39473.3561721484
300757,43878.016,40970.180401970894
300758,43878.016,64287.75069764702
300759,43878.016,24734.543528625483
300760,43878.016,22137.00425537147
300761,43878.016,19385.746335112097
300762,43878.016,34372.05783256928
300763,43878.016,52543.03423394653
300764,43878.016,32689.054485663495
300765,43878.016,67075.5062727691
300766,43878.016,23686.438584162803
300767,43878.016,49916.46152566541
300768,43878.016,31914.13037060441
300769,43878.016,38012.03440021455
300770,43878.016,38141.812293777046
300771,43878.016,41593.521602977075
300772,43878.016,20275.478859072486
300773,43878.016,20395.220689165417
300774,43878.016,23023.926425172485
300775,43878.016,19767.21461091283
300776,43878.016,13051.12086244886
300777,43878.016,41568.6303468529
300778,43878.016,30110.8076118382
300779,43878.016,43524.25697013516
300780,43878.016,71023.00759524934
300781,43878.016,55686.68687362558
300782,43878.016,51937.13113879269
300783,43878.016,14341.721402507243
300784,43878.016,16809.05592059578
300785,43878.016,30414.851351769485
300786,43878.016,60877.20855135687
300787,43878.016,46678.700726624455
300788,43878.016,18611.019579101783
300789,43878.016,12622.52735683628
300790,43878.016,41904.57173681484
300791,43878.016,44463.386855503515
300792,43878.016,48421.242109494226
300793,43878.016,9733.00699745566
300794,43878.016,23780.30227489581
300795,43878.016,53360.56165381611
300796,43878.016,7105.105583725087
300797,43878.016,35915.411823779854
300798,43878.016,16998.88497771644
300799,43878.016,56310.35485862647
300800,43878.016,8549.211412781433
300801,43878.016,10333.245756836674
300802,43878.016,12605.775158574526
300803,43878.016,25851.423743875606
300804,43878.016,48551.16878419929
300805,43878.016,39254.59016357866
300806,43878.016,22442.851930563716
300807,43878.016,10752.323359971493
300808,43878.016,75008.63183989657
300809,43878.016,9848.822712892767
300810,43878.016,32939.921834653855
300811,43878.016,31068.08312627875
300812,43878.016,29985.678909723098
300813,43878.016,37772.30629414684
300814,43878.016,28306.53798398558
300815,43878.016,65822.79203255051
300816,43878.016,17449.097976237048
300817,43878.016,23870.627425335882
300818,43878.016,50277.11556132596
300819,43878.016,119200.39027193777
300820,43878.016,12840.381162502203
300821,43878.016,36431.82504330158
300822,43878.016,19733.697973991573
300823,43878.016,27060.36113561366
300824,43878.016,31612.030263306424
300825,43878.016,30822.101878045785
300826,43878.016,10373.901666051068
300827,43878.016,51975.927951632286
300828,43878.016,22581.984726778264
300829,43878.016,51978.0290076945
300830,43878.016,42611.39485298014
300831,43878.016,24845.40597299225
300832,43878.016,41079.59117236676
300833,43878.016,23103.221944454763
300834,43878.016,27621.42647569312
300835,43878.016,36071.52683008012
300836,43878.016,18859.001231959337
300837,43878.016,45938.33756003575
300838,43878.016,27386.847319838565
300839,43878.016,67481.62813396251
300840,43878.016,20054.242815100948
300841,43878.016,117886.95779651027
300842,43878.016,83678.43013856381
300843,43878.016,47812.48508360898
300844,43878.016,43224.449530737904
300845,43878.016,11907.457101684262
300846,43878.016,54689.2965412912
300847,43878.016,10440.645816496264
300848,43878.016,67752.64477735787
300849,43878.016,7952.7514825049375
300850,43878.016,11579.979519240032
300851,43878.016,20900.56981640913
300852,43878.016,40292.061559608424
300853,43878.016,11524.61103012593
300854,43878.016,7073.9743010148295
300855,43878.016,39367.656967320065
300856,43878.016,41691.11219696624
300857,43878.016,12703.693042330473
300858,43878.016,28763.1616934205
300859,43878.016,80898.59622500904
300860,43878.016,20701.510388654042
300861,43878.016,57754.89111935231
300862,43878.016,46076.474920347864
300863,43878.016,26291.62202707407
300864,43878.016,11619.955927390136
300865,43878.016,61373.97217816921
300866,43878.016,14543.663218330608
300867,43878.016,30691.27161357447
300868,43878.016,72203.18339471756
300869,43878.016,16663.15931082768
300870,43878.016,67456.78769444732
300871,43878.016,19442.280214631315
300872,43878.016,45753.37797830711
300873,43878.016,48232.14287866656
300874,43878.016,27207.771147018244
300875,43878.016,62836.29095242687
300876,43878.016,54088.141582422926
300877,43878.016,13684.449297832445
300878,43878.016,67671.62741440439
300879,43878.016,39240.57974636659
300880,43878.016,67668.42767662388
300881,43878.016,19157.517536050906
300882,43878.016,19056.77609891593
300883,43878.016,25397.100654691698
300884,43878.016,52912.807452658606
300885,43878.016,10779.760753253366
300886,43878.016,24268.005381476592
300887,43878.016,6001.20046026363
300888,43878.016,21143.516521526348
300889,43878.016,31546.328758938813
300890,43878.016,46408.62687920749
300891,43878.016,15851.669367904206
300892,43878.016,34601.757287193774
300893,43878.016,52864.60750111542
300894,43878.016,28998.511468637313
300895,43878.016,28104.250324703524
300896,43878.016,53561.09159847779
300897,43878.016,50302.77257257806
300898,43878.016,29382.677159597926
300899,43878.016,24152.43698501142
300900,43878.016,35413.64280034654
300901,43878.016,37868.29326450734
300902,43878.016,28549.659081744816
300903,43878.016,21616.113427869324
300904,43878.016,9475.421941154633
300905,43878.016,18309.11990879123
300906,43878.016,13784.529826301157
300907,43878.016,10744.473611776952
300908,43878.016,20158.776725329513
300909,43878.016,39552.508897266816
300910,43878.016,38135.207905176016
300911,43878.016,27254.295884991265
300912,43878.016,24889.227333661984
300913,43878.016,56110.13760289674
300914,43878.016,8270.11775835147
300915,43878.016,20111.478827475974
300916,43878.016,38466.18748830498
300917,43878.016,60796.57600998873
300918,43878.016,25176.052829463944
300919,43878.016,70302.89598253083
300920,43878.016,70862.08617406622
300921,43878.016,11304.139611876575
300922,43878.016,12616.430066238934
300923,43878.016,42081.18862192645
300924,43878.016,22572.587071298483
300925,43878.016,20134.04970706902
300926,43878.016,9544.988177169698
300927,43878.016,25420.738114691027
300928,43878.016,12759.20443501882
300929,43878.016,74912.32314045628
300930,43878.016,44612.4119655624
300931,43878.016,34789.35293744486
300932,43878.016,16451.517901507403
300933,43878.016,16555.338885397076
300934,43878.016,12123.579169908127
300935,43878.016,31140.09282351914
300936,43878.016,31142.034579307794
300937,43878.016,50097.59750181303
300938,43878.016,22372.57039936534
300939,43878.016,55073.26021222909
300940,43878.016,57893.7699523528
300941,43878.016,55530.505504851746
300942,43878.016,21691.951389349764
300943,43878.016,34343.39552720018
300944,43878.016,16256.360947792506
300945,43878.016,8878.79761157675
300946,43878.016,74344.40772576779
300947,43878.016,30226.464506072472
300948,43878.016,45758.93413275027
300949,43878.016,56560.39941591882
300950,43878.016,52239.569450015
300951,43878.016,21452.019676865388
300952,43878.016,29402.31872743867
300953,43878.016,29752.207622295853
300954,43878.016,59484.231249601704
300955,43878.016,18782.829587769233
300956,43878.016,72725.60449494986
300957,43878.016,41241.6474459832
300958,43878.016,67527.14959191298
300959,43878.016,45531.96825054021
300960,43878.016,48489.57011291185
300961,43878.016,18087.0085912722
300962,43878.016,44759.755254561824
300963,43878.016,9806.87802225055
300964,43878.016,7643.933997590422
300965,43878.016,54595.44696349798
300966,43878.016,36977.4936834903
300967,43878.016,28176.5512460069
300968,43878.016,13000.854777900982
300969,43878.016,55603.5949666253
300970,43878.016,29350.28755066915
300971,43878.016,13260.254583838901
300972,43878.016,39540.182896197606
300973,43878.016,31598.633173708226
300974,43878.016,44684.732021180724
300975,43878.016,30470.289555330128
300976,43878.016,19174.153002046904
300977,43878.016,71412.87062623509
300978,43878.016,55620.93372271218
300979,43878.016,12205.521570437184
300980,43878.016,12543.528927675721
300981,43878.016,8214.724373301866
300982,43878.016,52412.07106212608
300983,43878.016,60922.836130762924
300984,43878.016,45376.89781981182
300985,43878.016,17114.000780109833
300986,43878.016,51944.08418486707
300987,43878.016,10975.2631894858
300988,43878.016,7096.839647980714
300989,43878.016,25864.337858976116
300990,43878.016,22788.942623559564
300991,43878.016,7920.546153276441
300992,43878.016,48411.1221528946
300993,43878.016,33481.137792361944
300994,43878.016,14632.861430655323
300995,43878.016,76278.74253122475
300996,43878.016,58256.366825002144
300997,43878.016,61728.53007852092
300998,43878.016,27856.76194884466
300999,43878.016,30708.619888076773
301000,43878.016,8921.397069295617
301001,43878.016,6212.340370194109
301002,43878.016,13739.873454888066
301003,43878.016,12893.884301012336
301004,43878.016,36875.027248312064
301005,43878.016,107008.85977565056
301006,43878.016,30053.82092251851
301007,43878.016,47159.30547915029
301008,43878.016,16977.678260370616
301009,43878.016,21012.204986319262
301010,43878.016,47578.63129933758
301011,43878.016,26543.621364976116
301012,43878.016,45849.612671302166
301013,43878.016,29331.42526095279
301014,43878.016,51798.74953156727
301015,43878.016,19727.52108871388
301016,43878.016,12140.374175931878
301017,43878.016,66917.11987656291
301018,43878.016,73806.76806163727
301019,43878.016,9772.921987533733
301020,43878.016,33987.4258880571
301021,43878.016,35100.61954212374
301022,43878.016,24588.90342835082
301023,43878.016,44041.839534996
301024,43878.016,22704.714172243373
301025,43878.016,45281.94913234586
301026,43878.016,47606.613243112406
301027,43878.016,48506.21961125602
301028,43878.016,24203.900212621527
301029,43878.016,25343.814813897654
301030,43878.016,22205.621844478275
301031,43878.016,13807.085722248374
301032,43878.016,23811.62432808812
301033,43878.016,28663.05331297793
301034,43878.016,25139.06500317256
301035,43878.016,30904.63151513639
301036,43878.016,37095.41132571902
301037,43878.016,54136.60173313602
301038,43878.016,33024.55575594964
301039,43878.016,15166.105834336297
301040,43878.016,113771.3370199681
301041,43878.016,37482.73451354618
301042,43878.016,58185.87120298541
301043,43878.016,9110.17939729918
301044,43878.016,46195.075432271384
301045,43878.016,6920.716706502174
301046,43878.016,43014.55445107076
301047,43878.016,23475.220153276343
301048,43878.016,40788.59504935175
301049,43878.016,47753.990853256095
301050,43878.016,50163.56709015067
301051,43878.016,25041.098539351304
301052,43878.016,52601.07289780506
301053,43878.016,12674.260177192908
301054,43878.016,36866.01081169541
301055,43878.016,15765.499439820625
301056,43878.016,42512.59498695539
301057,43878.016,36568.60342668682
301058,43878.016,22582.97393946131
301059,43878.016,51733.68233645982
301060,43878.016,58489.21375557471
301061,43878.016,51535.52262485083
301062,43878.016,42058.16277293199
301063,43878.016,28811.14180150884
301064,43878.016,53084.38438336429
301065,43878.016,10290.944433914778
301066,43878.016,44273.737356470934
301067,43878.016,18458.145816615317
301068,43878.016,17249.215470415587
301069,43878.016,17565.63574071036
301070,43878.016,52823.01286815807
301071,43878.016,34417.59538401725
301072,43878.016,64462.02354773061
301073,43878.016,42530.42647326895
301074,43878.016,37209.33167131584
301075,43878.016,32189.56354480791
301076,43878.016,43851.068634909
301077,43878.016,14227.651663664186
301078,43878.016,55546.124415919214
301079,43878.016,53608.359720286455
301080,43878.016,34832.0875355738
301081,43878.016,12833.989068911504
301082,43878.016,54036.856149317005
301083,43878.016,11808.558735515751
301084,43878.016,11087.273885709184
301085,43878.016,44785.97430596378
301086,43878.016,12323.772756356873
301087,43878.016,19120.79348567786
301088,43878.016,58887.445751195
301089,43878.016,54374.86653889088
301090,43878.016,10096.142696172035
301091,43878.016,52389.89588444704
301092,43878.016,64896.15465667399
301093,43878.016,57589.35098941894
301094,43878.016,14762.633235431347
301095,43878.016,56815.21301746295
301096,43878.016,71732.79316643848
301097,43878.016,10308.349051525798
301098,43878.016,37964.954141916234
301099,43878.016,22750.84052703508
301100,43878.016,61217.59167756047
301101,43878.016,29057.229585856057
301102,43878.016,18243.468172514084
301103,43878.016,66734.12825520772
301104,43878.016,19794.378663687494
301105,43878.016,32895.80986559047
301106,43878.016,60707.54031591118
301107,43878.016,34481.488621505654
301108,43878.016,50801.77241338807
301109,43878.016,62189.604558855935
301110,43878.016,69522.87894296294
301111,43878.016,10977.929670959593
301112,43878.016,35227.564128471284
301113,43878.016,28518.73762998361
301114,43878.016,70454.18769906973
301115,43878.016,52829.75111619148
301116,43878.016,31335.097599960893
301117,43878.016,37091.851122061256
301118,43878.016,48706.89913701771
301119,43878.016,28362.167845943644
301120,43878.016,73073.80246611961
301121,43878.016,20156.79148621428
301122,43878.016,29011.23585080884
301123,43878.016,37247.19567833473
301124,43878.016,43368.93542815171
301125,43878.016,13072.576696108803
301126,43878.016,35225.5814179622
301127,43878.016,46044.197698188036
301128,43878.016,11673.329805113386
301129,43878.016,94596.37363862719
301130,43878.016,54586.96682765212
301131,43878.016,27372.677184216427
301132,43878.016,14138.405703173667
301133,43878.016,12810.689762779844
301134,43878.016,17904.32241981266
301135,43878.016,41920.7117817238
301136,43878.016,32176.085193680585
301137,43878.016,8746.574194652381
301138,43878.016,22226.306706503878
301139,43878.016,15146.16545991931
301140,43878.016,64162.70237701739
301141,43878.016,20751.595801577776
301142,43878.016,59415.098733815365
301143,43878.016,65838.38551115047
301144,43878.016,14747.383696880384
301145,43878.016,35273.39410954519
301146,43878.016,72419.98155373357
301147,43878.016,55003.80942328449
301148,43878.016,10113.527304620804
301149,43878.016,24674.173224651917
301150,43878.016,62109.93950504809
301151,43878.016,20296.586294137964
301152,43878.016,21768.212493290826
301153,43878.016,70259.58188399725
301154,43878.016,39371.47825754964
301155,43878.016,51059.86125911913
301156,43878.016,12565.739758645137
301157,43878.016,10158.742618921764
301158,43878.016,39922.88975541087
301159,43878.016,11570.310659706942
301160,43878.016,61642.02212834069
301161,43878.016,56621.75843772013
301162,43878.016,14957.578613223362
301163,43878.016,23062.555473343346
301164,43878.016,34467.28152785691
301165,43878.016,57148.39755100528
301166,43878.016,35417.13703280365
301167,43878.016,43725.87328293476
301168,43878.016,12905.599000083648
301169,43878.016,31971.1071947333
301170,43878.016,16969.34595853852
301171,43878.016,21565.198203270353
301172,43878.016,58678.13520832821
301173,43878.016,57294.36925007019
301174,43878.016,51372.14956356559
301175,43878.016,55528.3587385772
301176,43878.016,11787.029813574756
301177,43878.016,36784.861650013074
301178,43878.016,26034.76221467694
301179,43878.016,14173.311673918088
301180,43878.016,48567.13556881622
301181,43878.016,76195.10949814324
301182,43878.016,6585.036163331775
301183,43878.016,36035.10969576897
301184,43878.016,13692.286272510979
301185,43878.016,45791.79706135092
301186,43878.016,44240.23090469228
301187,43878.016,28521.285723150624
301188,43878.016,33202.65391468668
301189,43878.016,16910.300026556615
301190,43878.016,56199.3396853168
301191,43878.016,54209.88415934058
301192,43878.016,62232.03316647682
301193,43878.016,16816.476674873138
301194,43878.016,24988.882410396396
301195,43878.016,47643.15588255923
301196,43878.016,81437.59024521177
301197,43878.016,44166.81619328917
301198,43878.016,38910.237908934505
301199,43878.016,29273.810548306126
301200,43878.016,58589.32882412188
301201,43878.016,11361.749778700163
301202,43878.016,8333.89933149727
301203,43878.016,57524.6098715971
301204,43878.016,9362.18601845373
301205,43878.016,7898.637215277356
301206,43878.016,20525.34427826874
301207,43878.016,28022.759757973836
301208,43878.016,14856.917673654845
301209,43878.016,40893.64233212222
301210,43878.016,7152.628217090541
301211,43878.016,5138.950442075743
301212,43878.016,80586.48249047578
301213,43878.016,90500.14589148502
301214,43878.016,40374.19662585537
301215,43878.016,12792.495545767291
301216,43878.016,53427.20154423958
301217,43878.016,68168.43579382592
301218,43878.016,97656.91421949147
301219,43878.016,51616.33838638256
301220,43878.016,47641.430706052895
301221,43878.016,14029.239323403495
301222,43878.016,8001.195689983298
301223,43878.016,33712.961075095904
301224,43878.016,48056.689629110515
301225,43878.016,13393.327868751498
301226,43878.016,35668.348451210935
301227,43878.016,30741.95679748711
301228,43878.016,16656.14470571956
301229,43878.016,55240.36238761875
301230,43878.016,27167.581732913397
301231,43878.016,27246.898762947603
301232,43878.016,113430.8006388106
301233,43878.016,45267.856363877385
301234,43878.016,11614.782230382469
301235,43878.016,33609.08153163526
301236,43878.016,55043.49497586902
301237,43878.016,49865.847095177254
301238,43878.016,26757.568063937397
301239,43878.016,58107.63399476208
301240,43878.016,21001.015071350732
301241,43878.016,26106.293267134202
301242,43878.016,49666.58622044774
301243,43878.016,69402.48527621744
301244,43878.016,34816.47320211316
301245,43878.016,13671.205577636583
301246,43878.016,19016.172934032416
301247,43878.016,29874.78629233861
301248,43878.016,41700.48151324472
301249,43878.016,5422.966543643513
301250,43878.016,7393.998842419077
301251,43878.016,39681.18919331092
301252,43878.016,42572.336588430946
301253,43878.016,23045.15498213473
301254,43878.016,55846.01032456326
301255,43878.016,37424.77529729266
301256,43878.016,11811.002782429872
301257,43878.016,64078.381995010845
301258,43878.016,54713.88679660551
301259,43878.016,19541.948024667745
301260,43878.016,86529.65112249098
301261,43878.016,22784.570054845422
301262,43878.016,21080.081517647533
301263,43878.016,56805.84588428446
301264,43878.016,23967.019469942883
301265,43878.016,46009.07821050516
301266,43878.016,46348.81279082644
301267,43878.016,33957.55058081226
301268,43878.016,11967.223214777909
301269,43878.016,22818.705992946703
301270,43878.016,43077.406871561165
301271,43878.016,51844.01891345556
301272,43878.016,10429.557747398536
301273,43878.016,10877.94788516651
301274,43878.016,15715.362543530962
301275,43878.016,116313.71264724701
301276,43878.016,6975.454915029679
301277,43878.016,12001.89225040065
301278,43878.016,22525.92414632624
301279,43878.016,22954.244947041716
301280,43878.016,6278.938667024472
301281,43878.016,20497.677362283466
301282,43878.016,19701.77783907654
301283,43878.016,18714.790316213006
301284,43878.016,22200.497150346182
301285,43878.016,19157.009374704543
301286,43878.016,59261.02033553372
301287,43878.016,14055.385788837384
301288,43878.016,18149.61753947381
301289,43878.016,46375.971529292736
301290,43878.016,7065.512727694544
301291,43878.016,9812.726975940755
301292,43878.016,32935.91693608085
301293,43878.016,15720.240790816664
301294,43878.016,15824.76244596231
301295,43878.016,60777.52937828739
301296,43878.016,56524.53290706464
301297,43878.016,50632.81075584068
301298,43878.016,42272.25083525931
301299,43878.016,67951.62576607248
301300,43878.016,12823.800734787006
301301,43878.016,15432.622107708892
301302,43878.016,16589.349014567866
301303,43878.016,37167.536868280215
301304,43878.016,47377.66884771904
301305,43878.016,34646.523028919124
301306,43878.016,41543.70161371408
301307,43878.016,33211.64452861985
301308,43878.016,22422.17211189607
301309,43878.016,21202.86414619547
301310,43878.016,15191.951912031653
301311,43878.016,60883.92549534128
301312,43878.016,10936.259019966416
301313,43878.016,44436.597264045755
301314,43878.016,54805.46197738468
301315,43878.016,20293.721032943206
301316,43878.016,55641.75446189383
301317,43878.016,24350.58836852252
301318,43878.016,35826.082724209286
301319,43878.016,18921.02468226649
301320,43878.016,27673.335673647463
301321,43878.016,39313.619206887495
301322,43878.016,18585.759511222404
301323,43878.016,45932.59084126411
301324,43878.016,28916.474373762074
301325,43878.016,25036.34835569602
301326,43878.016,31452.88825858121
301327,43878.016,54404.36351332109
301328,43878.016,11311.46837845865
301329,43878.016,14965.023526042894
301330,43878.016,28443.419919121687
301331,43878.016,86145.20711434561
301332,43878.016,17039.728812333877
301333,43878.016,62468.90345522208
301334,43878.016,50600.531241783254
301335,43878.016,13486.32340066034
301336,43878.016,53618.89275999008
301337,43878.016,10288.123272986371
301338,43878.016,49689.744745079115
301339,43878.016,36854.57958765554
301340,43878.016,18189.596719671594
301341,43878.016,15671.406750600243
301342,43878.016,11786.167189851638
301343,43878.016,29833.06184343217
301344,43878.016,17013.92304067204
301345,43878.016,16574.490829750186
301346,43878.016,59878.93525605186
301347,43878.016,16380.89548910159
301348,43878.016,11555.135947460743
301349,43878.016,22106.37595471936
301350,43878.016,48185.85139001407
301351,43878.016,27261.193886054185
301352,43878.016,42186.46327214566
301353,43878.016,19694.75763866702
301354,43878.016,32352.849608596247
301355,43878.016,42051.73022596609
301356,43878.016,53050.11774087523
301357,43878.016,52223.785781844934
301358,43878.016,54426.48454974331
301359,43878.016,69375.80394841637
301360,43878.016,49559.29403575371
301361,43878.016,46261.34146620424
301362,43878.016,51042.70218566636
301363,43878.016,18602.338962573296
301364,43878.016,29126.11372611381
301365,43878.016,5883.222454798961
301366,43878.016,28950.36989223671
301367,43878.016,8864.467659880787
301368,43878.016,44878.91012666997
301369,43878.016,44454.59463013213
301370,43878.016,38664.73532599774
301371,43878.016,35335.450364621436
301372,43878.016,44159.67020739531
301373,43878.016,14561.037899856932
301374,43878.016,23902.2728378494
301375,43878.016,10721.083855352586
301376,43878.016,38761.60566786349
301377,43878.016,16968.975186635293
301378,43878.016,45348.193533474165
301379,43878.016,86524.67924854923
301380,43878.016,24160.26726258145
301381,43878.016,20704.05410963391
301382,43878.016,24438.714873050587
301383,43878.016,7202.231978877493
301384,43878.016,19172.417979666134
301385,43878.016,13286.915123837753
301386,43878.016,10291.871411010025
301387,43878.016,29524.437777967927
301388,43878.016,27600.211054984018
301389,43878.016,30843.702470800792
301390,43878.016,8565.723521839247
301391,43878.016,73150.08160500546
301392,43878.016,9888.575588339174
301393,43878.016,60631.08401545229
301394,43878.016,5752.553964812838
301395,43878.016,36743.12426254104
301396,43878.016,12677.359434184882
301397,43878.016,22148.591125266677
301398,43878.016,21067.36398975945
301399,43878.016,48509.23364808258
301400,43878.016,45297.000061574865
301401,43878.016,33166.74852822256
301402,43878.016,51720.37178074279
301403,43878.016,16623.999391537356
301404,43878.016,13804.217713749347
301405,43878.016,42099.08014449035
301406,43878.016,60265.10939160908
301407,43878.016,25296.050893953947
301408,43878.016,43021.18614062094
301409,43878.016,65330.636283740634
301410,43878.016,40222.807445142906
301411,43878.016,11921.299308698503
301412,43878.016,39812.889926512056
301413,43878.016,14860.098232998485
301414,43878.016,37107.876581508324
301415,43878.016,13325.4055187218
301416,43878.016,28242.875830493973
301417,43878.016,39260.94951095307
301418,43878.016,32552.812099296716
301419,43878.016,27194.175202273953
301420,43878.016,18462.666284147712
301421,43878.016,53632.15979872619
301422,43878.016,29408.134914845792
301423,43878.016,57094.11106943317
301424,43878.016,10034.982602269396
301425,43878.016,14410.611312809162
301426,43878.016,8457.673565427409
301427,43878.016,37372.466248823795
301428,43878.016,12037.594772773244
301429,43878.016,27617.448406154967
301430,43878.016,15809.208784824987
301431,43878.016,20086.97387508287
301432,43878.016,21054.830827118705
301433,43878.016,14055.839216837692
301434,43878.016,12225.197968518853
301435,43878.016,63524.15913025657
301436,43878.016,12903.733999358685
301437,43878.016,54796.33390453257
301438,43878.016,16518.158148007984
301439,43878.016,69974.99006918281
301440,43878.016,39481.71122309061
301441,43878.016,56459.10306473446
301442,43878.016,18468.94061437599
301443,43878.016,68792.44400115711
301444,43878.016,19182.19839782569
301445,43878.016,19734.293054081372
301446,43878.016,60276.67858958024
301447,43878.016,37203.82852057939
301448,43878.016,52140.55215080131
301449,43878.016,49765.87283099146
301450,43878.016,39859.1710949519
301451,43878.016,57087.948046088524
301452,43878.016,20496.954341869266
301453,43878.016,45696.48352218625
301454,43878.016,65156.96513262502
301455,43878.016,22432.04290483137
301456,43878.016,25373.54067126384
301457,43878.016,13921.819597195894
301458,43878.016,43623.99403963877
301459,43878.016,5478.678824993379
301460,43878.016,53796.371769156736
301461,43878.016,26564.07832003412
301462,43878.016,8641.051250357583
301463,43878.016,13564.770707272133
301464,43878.016,27335.72598452146
301465,43878.016,22088.206354544876
301466,43878.016,13597.256093776827
301467,43878.016,47860.236406115306
301468,43878.016,8991.221814890372
301469,43878.016,24499.719493109485
301470,43878.016,16578.283239876004
301471,43878.016,20957.775900074623
301472,43878.016,46138.9806353842
301473,43878.016,47599.63812442737
301474,43878.016,30164.32457223966
301475,43878.016,67845.52439463433
301476,43878.016,63392.92213601804
301477,43878.016,24023.033182747382
301478,43878.016,74145.17668156762
301479,43878.016,10381.987181284288
301480,43878.016,18088.532354317897
301481,43878.016,53233.118658277504
301482,43878.016,23445.3541034171
301483,43878.016,35439.488063694385
301484,43878.016,13074.321487780859
301485,43878.016,28263.33343913837
301486,43878.016,30804.383136856406
301487,43878.016,13773.76396403216
301488,43878.016,18428.71726928749
301489,43878.016,57082.60776242525
301490,43878.016,9882.879622202267
301491,43878.016,40932.921850233084
301492,43878.016,56918.35912330601
301493,43878.016,33324.61142421257
301494,43878.016,54803.26101070178
301495,43878.016,37274.042109339214
301496,43878.016,42682.52630553295
301497,43878.016,11478.965169020039
301498,43878.016,9712.777041751378
301499,43878.016,14119.423751684324
301500,43878.016,47223.065629381
301501,43878.016,23896.217461852066
301502,43878.016,10483.816219980132
301503,43878.016,16071.843881176741
301504,43878.016,80558.10469634205
301505,43878.016,23092.239411002392
301506,43878.016,28353.55137566142
301507,43878.016,44747.62281085978
301508,43878.016,48300.348740364236
301509,43878.016,18451.571294485122
301510,43878.016,19613.449830649497
301511,43878.016,19679.27122727905
301512,43878.016,58141.679037594906
301513,43878.016,60818.81688517956
301514,43878.016,15175.687913916128
301515,43878.016,80794.97102925558
301516,43878.016,10780.194947351016
301517,43878.016,48995.81690767199
301518,43878.016,22966.030379069787
301519,43878.016,45931.50980966839
301520,43878.016,52686.611445794144
301521,43878.016,12604.552142938088
301522,43878.016,78073.58153731929
301523,43878.016,36424.425215326235
301524,43878.016,17281.24216065067
301525,43878.016,67289.14037649271
301526,43878.016,57716.762812212924
301527,43878.016,42896.376528938155
301528,43878.016,65221.269970209854
301529,43878.016,11964.14152718571
301530,43878.016,44311.863509203446
301531,43878.016,14618.089838842396
301532,43878.016,32736.7198471219
301533,43878.016,53074.58690472666
301534,43878.016,42952.813299907706
301535,43878.016,23771.199703487833
301536,43878.016,11473.976009905502
301537,43878.016,19965.32413122978
301538,43878.016,19942.642230127847
301539,43878.016,19369.45388843177
301540,43878.016,9594.767438397259
301541,43878.016,22938.44453705696
301542,43878.016,15127.841063799126
301543,43878.016,24490.370828383115
301544,43878.016,33121.09178874927
301545,43878.016,33260.00468612743
301546,43878.016,58641.44637151565
301547,43878.016,7695.280653188021
301548,43878.016,51574.93094092171
301549,43878.016,44671.01635053429
301550,43878.016,19121.941728319962
301551,43878.016,75167.1035753199
301552,43878.016,29075.82423059551
301553,43878.016,42703.28519614293
301554,43878.016,11208.695727116898
301555,43878.016,19737.392144878442
301556,43878.016,33719.95163339419
301557,43878.016,40925.584665994946
301558,43878.016,22353.60909666513
301559,43878.016,16287.627083539528
301560,43878.016,17302.490358382667
301561,43878.016,22661.996848898172
301562,43878.016,25516.06093548656
301563,43878.016,42454.73220141545
301564,43878.016,19769.506922697245
301565,43878.016,12509.980348273857
301566,43878.016,50091.102026759174
301567,43878.016,35850.60533466244
301568,43878.016,48381.8544296916
301569,43878.016,55398.01941880746
301570,43878.016,43116.4787330253
301571,43878.016,26900.44458718917
301572,43878.016,25100.96208782596
301573,43878.016,50092.22049057423
301574,43878.016,17734.83754028889
301575,43878.016,19253.606733382512
301576,43878.016,16656.956503913447
301577,43878.016,46496.405386406244
301578,43878.016,35339.93045167214
301579,43878.016,15254.785615979466
301580,43878.016,61905.3752942342
301581,43878.016,61000.665501537915
301582,43878.016,15442.95222557658
301583,43878.016,69069.79534614777
301584,43878.016,74559.34374632694
301585,43878.016,36786.57587402227
301586,43878.016,41042.77977113897
301587,43878.016,60105.61417876565
301588,43878.016,21550.05520659235
301589,43878.016,14991.552632075178
301590,43878.016,31554.56142867727
301591,43878.016,61609.16273699707
301592,43878.016,28685.628991506426
301593,43878.016,58635.797820330685
301594,43878.016,43189.85593472422
301595,43878.016,46366.991370769065
301596,43878.016,11342.104016889278
301597,43878.016,8783.465755604177
301598,43878.016,49317.23721600066
301599,43878.016,35356.58037188882
301600,43878.016,41249.151209523785
301601,43878.016,68056.64661517901
301602,43878.016,26579.01772754484
301603,43878.016,45115.65934528621
301604,43878.016,13258.025096527233
301605,43878.016,10170.024631493834
301606,43878.016,12575.526502863126
301607,43878.016,54961.55106379716
301608,43878.016,45329.55101591928
301609,43878.016,13281.73256986736
301610,43878.016,39917.606674106195
301611,43878.016,20257.43324929369
301612,43878.016,20711.18542604897
301613,43878.016,71613.16015481095
301614,43878.016,38768.00683861349
301615,43878.016,59300.57210385301
301616,43878.016,64820.57239622128
301617,43878.016,16755.534732111813
301618,43878.016,48141.611595062735
301619,43878.016,33770.84014773237
301620,43878.016,6002.668184508276
301621,43878.016,58404.79555276077
301622,43878.016,44699.61164788801
301623,43878.016,29056.291550020178
301624,43878.016,20879.102244518406
301625,43878.016,55950.31873723947
301626,43878.016,16257.346922068431
301627,43878.016,54721.836308388934
301628,43878.016,49858.636516918894
301629,43878.016,70287.34577742095
301630,43878.016,9178.864940347752
301631,43878.016,55578.3174161893
301632,43878.016,32917.35350710345
301633,43878.016,13985.76429903468
301634,43878.016,28920.390339637404
301635,43878.016,51216.15426556126
301636,43878.016,44083.07981450106
301637,43878.016,44164.12237186677
301638,43878.016,69180.4932272916
301639,43878.016,47604.34897352536
301640,43878.016,62211.917537150424
301641,43878.016,37744.71202827788
301642,43878.016,80817.3970427577
301643,43878.016,35503.381611881916
301644,43878.016,20820.80346035751
301645,43878.016,14160.152399106122
301646,43878.016,13082.749139942267
301647,43878.016,17626.239293627175
301648,43878.016,17371.224961735017
301649,43878.016,54125.65661192274
301650,43878.016,34012.15383173528
301651,43878.016,39038.902824870835
301652,43878.016,49511.240117533445
301653,43878.016,19959.48583705464
301654,43878.016,14188.54057611186
301655,43878.016,31712.24390127995
301656,43878.016,19412.238720297908
301657,43878.016,72756.78897441318
301658,43878.016,62551.7032671183
301659,43878.016,11234.092192480082
301660,43878.016,7880.949263028473
301661,43878.016,8200.197746590911
301662,43878.016,8540.324266027383
301663,43878.016,118067.63328001574
301664,43878.016,18985.40429642323
301665,43878.016,9622.348484221253
301666,43878.016,118598.94032937122
301667,43878.016,9361.578960771087
301668,43878.016,36068.03319602811
301669,43878.016,41146.958221894245
301670,43878.016,19803.16477064272
301671,43878.016,19225.809703907074
301672,43878.016,63101.7019548404
301673,43878.016,59743.71205148701
301674,43878.016,23654.121143168442
301675,43878.016,59684.07179692993
301676,43878.016,31855.69286870229
301677,43878.016,36891.7702343728
301678,43878.016,42773.93830695036
301679,43878.016,46011.70305351211
301680,43878.016,44480.506434578914
301681,43878.016,62630.722027328586
301682,43878.016,31526.67575387329
301683,43878.016,55691.40947504185
301684,43878.016,20227.248257738393
301685,43878.016,27169.314793165013
301686,43878.016,31349.93449800615
301687,43878.016,71615.67895677697
301688,43878.016,64824.09582236571
301689,43878.016,50408.92093869606
301690,43878.016,15081.722632523082
301691,43878.016,55384.74140874664
301692,43878.016,8851.449784899643
301693,43878.016,60787.09700001518
301694,43878.016,49957.57535326987
301695,43878.016,9856.127185592468
301696,43878.016,50582.35908537638
301697,43878.016,42829.849870069396
301698,43878.016,27243.29394505026
301699,43878.016,19882.353292026964
301700,43878.016,41683.6557509606
301701,43878.016,61444.09623697474
301702,43878.016,27317.977211083627
301703,43878.016,34783.28954362586
301704,43878.016,31002.283932914805
301705,43878.016,51792.26880406843
301706,43878.016,38894.31224252603
301707,43878.016,50234.45774164009
301708,43878.016,36058.01520793894
301709,43878.016,20516.7162841467
301710,43878.016,39038.29367627433
301711,43878.016,25690.38306448196
301712,43878.016,10654.601692210887
301713,43878.016,62623.22537392429
301714,43878.016,14341.441204494991
301715,43878.016,15112.53823170239
301716,43878.016,45042.202265116124
301717,43878.016,27670.453282540802
301718,43878.016,63437.93771122003
301719,43878.016,71166.64829021243
301720,43878.016,25688.69095315561
301721,43878.016,41828.611263203384
301722,43878.016,21691.382956293866
301723,43878.016,37379.75929647255
301724,43878.016,51574.370143818865
301725,43878.016,55469.79525447909
301726,43878.016,29473.759047217776
301727,43878.016,57693.21504020451
301728,43878.016,16168.57110712438
301729,43878.016,55111.821593778695
301730,43878.016,26425.191396140042
301731,43878.016,17329.220071667507
301732,43878.016,26349.636029082063
301733,43878.016,24801.025141885137
301734,43878.016,17785.170412234133
301735,43878.016,41156.25490808655
301736,43878.016,5046.970545601385
301737,43878.016,73845.51153488533
301738,43878.016,15631.209045725567
301739,43878.016,40190.03117137068
301740,43878.016,22673.51106821616
301741,43878.016,23673.307150413264
301742,43878.016,20949.858650846676
301743,43878.016,23378.794662272878
301744,43878.016,58152.14062588691
301745,43878.016,37601.52135922308
301746,43878.016,17362.9669361521
301747,43878.016,42235.429238547644
301748,43878.016,12786.098031982729
301749,43878.016,14241.341779270788
301750,43878.016,44203.26264665822
301751,43878.016,22870.663497235742
301752,43878.016,50118.33021049044
301753,43878.016,49325.92634450204
301754,43878.016,41279.178809338155
301755,43878.016,8494.807533649851
301756,43878.016,40202.76635738219
301757,43878.016,16071.466239611964
301758,43878.016,67293.91747230856
301759,43878.016,10089.705237054124
301760,43878.016,47631.01239943184
301761,43878.016,50331.70214266349
301762,43878.016,36950.03279190333
301763,43878.016,6402.207389601503
301764,43878.016,62753.56834374676
301765,43878.016,42837.71231564646
301766,43878.016,43643.7849586717
301767,43878.016,11512.889405708258
301768,43878.016,63938.80936193704
301769,43878.016,41200.67304479056
301770,43878.016,34745.47207427183
301771,43878.016,36384.541545785316
301772,43878.016,37500.632954550834
301773,43878.016,55065.71648916627
301774,43878.016,63308.71007239482
301775,43878.016,14014.217030702868
301776,43878.016,29045.35375328568
301777,43878.016,56014.302494888194
301778,43878.016,30739.897839507707
301779,43878.016,32026.904388454248
301780,43878.016,10395.803625029905
301781,43878.016,21536.151311204292
301782,43878.016,19976.164392431954
301783,43878.016,12262.699393255705
301784,43878.016,39513.28350365988
301785,43878.016,16182.210046248127
301786,43878.016,18162.573278704655
301787,43878.016,25824.731453951485
301788,43878.016,41657.760399234954
301789,43878.016,39276.19739471422
301790,43878.016,12612.535156127658
301791,43878.016,23027.83434214792
301792,43878.016,49324.24737823162
301793,43878.016,54872.258360774314
301794,43878.016,32527.83033287578
301795,43878.016,19624.586699948493
301796,43878.016,66502.48167271221
301797,43878.016,46325.80327923409
301798,43878.016,21286.44371029693
301799,43878.016,41209.72384671622
301800,43878.016,59545.299660351455
301801,43878.016,13152.788092177698
301802,43878.016,17098.971113472446
301803,43878.016,27246.408013400593
301804,43878.016,19638.724258532224
301805,43878.016,46064.29861464078
301806,43878.016,70897.75055638693
301807,43878.016,59772.6103227105
301808,43878.016,10258.327332480014
301809,43878.016,21227.29996297902
301810,43878.016,29787.899078545444
301811,43878.016,26022.708911221107
301812,43878.016,61466.019998393436
301813,43878.016,39822.282476165456
301814,43878.016,30563.873605776807
301815,43878.016,43364.35064908752
301816,43878.016,19415.060807637485
301817,43878.016,25652.749271165194
301818,43878.016,55678.5632428895
301819,43878.016,15460.305467265172
301820,43878.016,51015.784442613876
301821,43878.016,14691.969535074822
301822,43878.016,14469.947827287928
301823,43878.016,58065.87417830918
301824,43878.016,22860.573071616553
301825,43878.016,29419.357804795258
301826,43878.016,13696.28751357083
301827,43878.016,26866.840365096286
301828,43878.016,58615.58724208707
301829,43878.016,23333.824598091436
301830,43878.016,42148.11111606617
301831,43878.016,38504.79857591239
301832,43878.016,44214.75662623908
301833,43878.016,47598.293286998036
301834,43878.016,44053.76167246832
301835,43878.016,24447.080916013274
301836,43878.016,14866.307753864108
301837,43878.016,15118.486860203993
301838,43878.016,18272.275744518734
301839,43878.016,14922.799603056088
301840,43878.016,19090.783577925344
301841,43878.016,11841.353813907455
301842,43878.016,62939.673731090996
301843,43878.016,61044.51532396551
301844,43878.016,44323.96867878029
301845,43878.016,50886.789035815855
301846,43878.016,14664.964895588242
301847,43878.016,50477.362028463256
301848,43878.016,21304.220399983944
301849,43878.016,76189.04123707645
301850,43878.016,7985.474764692468
301851,43878.016,18609.350547844715
301852,43878.016,21138.003798301044
301853,43878.016,16167.999378097556
301854,43878.016,51272.63727073465
301855,43878.016,55890.79303656045
301856,43878.016,10977.723503357403
301857,43878.016,24410.37602630844
301858,43878.016,21703.63643679201
301859,43878.016,26627.072649659407
301860,43878.016,61716.6420797968
301861,43878.016,70704.46082885005
301862,43878.016,32916.42327382629
301863,43878.016,30417.180160335567
301864,43878.016,17726.69499770395
301865,43878.016,46874.36114866166
301866,43878.016,6979.998759465573
301867,43878.016,8284.497074868861
301868,43878.016,66948.05195970862
301869,43878.016,26428.84328210089
301870,43878.016,7355.518816981129
301871,43878.016,32129.055637296755
301872,43878.016,44951.500026437774
301873,43878.016,48705.935869790956
301874,43878.016,41458.42425747102
301875,43878.016,19221.761527339324
301876,43878.016,71574.24273739736
301877,43878.016,42712.52022112951
301878,43878.016,33319.244910775524
301879,43878.016,38835.400627405375
301880,43878.016,21591.42347592904
301881,43878.016,45229.01468982406
301882,43878.016,10506.405599476777
301883,43878.016,36378.57054616718
301884,43878.016,69205.4115942784
301885,43878.016,48583.49606107125
301886,43878.016,37359.375089367415
301887,43878.016,40484.184108397814
301888,43878.016,37831.93991166357
301889,43878.016,22666.244945988572
301890,43878.016,12866.16770920364
301891,43878.016,22178.55058266098
301892,43878.016,37143.14956272204
301893,43878.016,35129.28860968966
301894,43878.016,30013.90399858282
301895,43878.016,9366.75322974233
301896,43878.016,32166.397959557286
301897,43878.016,53610.72764928996
301898,43878.016,44523.67693081749
301899,43878.016,14729.355911960976
301900,43878.016,52855.562009600195
301901,43878.016,40575.660237713426
301902,43878.016,20065.049681688437
301903,43878.016,47649.89332524387
301904,43878.016,24878.34621607255
301905,43878.016,52493.92461763609
301906,43878.016,21063.538533117593
301907,43878.016,20914.221888950946
301908,43878.016,34551.89012965872
301909,43878.016,67523.61799589152
301910,43878.016,47144.094961791736
301911,43878.016,34317.04295334055
301912,43878.016,18100.940858314116
301913,43878.016,51321.358996143565
301914,43878.016,38338.67457580614
301915,43878.016,48263.14982315522
301916,43878.016,8559.729238444643
301917,43878.016,46419.68520794487
301918,43878.016,40439.43232277929
301919,43878.016,41606.910145027476
301920,43878.016,10664.831932657253
301921,43878.016,39668.39417188425
301922,43878.016,59414.57070856934
301923,43878.016,51875.76787533852
301924,43878.016,65817.70073069599
301925,43878.016,18820.66196748829
301926,43878.016,49598.789319854506
301927,43878.016,38038.92252625791
301928,43878.016,9566.790857140448
301929,43878.016,60383.282310411836
301930,43878.016,52714.61190387857
301931,43878.016,36887.73694971741
301932,43878.016,63627.40866500582
301933,43878.016,20944.612408107914
301934,43878.016,30613.484393968145
301935,43878.016,36864.58007948245
301936,43878.016,26621.371594039112
301937,43878.016,48872.18902529112
301938,43878.016,54741.61519869067
301939,43878.016,46903.119207137395
301940,43878.016,50142.273370437644
301941,43878.016,60871.86467329942
301942,43878.016,25037.787901994427
301943,43878.016,69570.36297967777
301944,43878.016,19681.190333861836
301945,43878.016,52312.05780209163
301946,43878.016,50481.90838844587
301947,43878.016,24804.52401660531
301948,43878.016,5519.71414086914
301949,43878.016,63849.64333715083
301950,43878.016,8060.64339391946
301951,43878.016,9781.95166646513
301952,43878.016,9987.604378463033
301953,43878.016,18441.53764445051
301954,43878.016,28512.887098712068
301955,43878.016,19543.42316861067
301956,43878.016,8808.945673724098
301957,43878.016,31869.711979878008
301958,43878.016,28211.271472232023
301959,43878.016,68417.85307150647
301960,43878.016,72897.24693250119
301961,43878.016,18345.662053327644
301962,43878.016,15212.283567104487
301963,43878.016,66984.07616618807
301964,43878.016,80205.24807760629
301965,43878.016,18529.3191467164
301966,43878.016,53876.36130831351
301967,43878.016,24809.091261616733
301968,43878.016,31297.89444448702
301969,43878.016,19074.21909008028
301970,43878.016,21099.186190353663
301971,43878.016,16201.790486336575
301972,43878.016,14326.16673897907
301973,43878.016,72250.95298551241
301974,43878.016,17243.85312420074
301975,43878.016,27878.868223471294
301976,43878.016,38555.88841725994
301977,43878.016,51305.64970805225
301978,43878.016,43844.92598442599
301979,43878.016,23629.591720658314
301980,43878.016,14624.589279456113
301981,43878.016,23018.38559119646
301982,43878.016,46562.75424851369
301983,43878.016,51268.02575444268
301984,43878.016,52056.427685222385
301985,43878.016,28082.962107591084
301986,43878.016,21310.202221930223
301987,43878.016,47959.02790987921
301988,43878.016,66716.72826722117
301989,43878.016,14909.66132007225
301990,43878.016,12544.753445661514
301991,43878.016,18283.764950329693
301992,43878.016,39244.42017370944
301993,43878.016,45074.10502458205
301994,43878.016,25258.060546953668
301995,43878.016,10796.866565628823
301996,43878.016,28990.82385068925
301997,43878.016,16579.90802234371
301998,43878.016,53482.13651698131
301999,43878.016,47343.19505645939
302000,43878.016,55969.50081636049
302001,43878.016,18224.700059002644
302002,43878.016,67528.78069137307
302003,43878.016,27122.300990072712
302004,43878.016,27336.436736253938
302005,43878.016,54955.738512728305
302006,43878.016,36474.61661548319
302007,43878.016,13546.68522908444
302008,43878.016,38554.156342707276
302009,43878.016,32310.063632030542
302010,43878.016,50105.849350992015
302011,43878.016,9944.741844713402
302012,43878.016,9651.460694048219
302013,43878.016,58423.53881387661
302014,43878.016,69303.40543647319
302015,43878.016,36366.18614086203
302016,43878.016,66049.39063405225
302017,43878.016,29204.191629649
302018,43878.016,36069.66651454035
302019,43878.016,32069.514117205592
302020,43878.016,50562.695013215176
302021,43878.016,22548.99191501987
302022,43878.016,10699.601688802948
302023,43878.016,58697.04095688164
302024,43878.016,31041.293730586767
302025,43878.016,6350.136065756265
302026,43878.016,49457.556748589675
302027,43878.016,16912.22060270401
302028,43878.016,32989.71075442406
302029,43878.016,27693.614316287152
302030,43878.016,20649.722690755
302031,43878.016,31367.5960770569
302032,43878.016,62053.832360815795
302033,43878.016,37897.815285126046
302034,43878.016,22642.54971701859
302035,43878.016,22243.63914318186
302036,43878.016,9267.258954505578
302037,43878.016,31596.396345677265
302038,43878.016,14199.247956751144
302039,43878.016,49422.432857814325
302040,43878.016,56710.32919209357
302041,43878.016,58512.50045098755
302042,43878.016,90822.98063792527
302043,43878.016,13285.509544258579
302044,43878.016,60506.82161969907
302045,43878.016,14246.187850689728
302046,43878.016,10929.730269924721
302047,43878.016,20488.645467532242
302048,43878.016,20953.98857169248
302049,43878.016,16543.975539690968
302050,43878.016,62509.61855111657
302051,43878.016,34057.45415737604
302052,43878.016,92006.89302644966
302053,43878.016,12903.817072955759
302054,43878.016,12218.396192743776
302055,43878.016,63344.385544109085
302056,43878.016,37764.07588672947
302057,43878.016,25998.293139396075
302058,43878.016,18355.46101404133
302059,43878.016,58939.74558233136
302060,43878.016,42070.62089684841
302061,43878.016,64218.44166533459
302062,43878.016,38524.63407985315
302063,43878.016,26615.67415332054
302064,43878.016,15371.474694563129
302065,43878.016,17907.82028196975
302066,43878.016,34330.50762527292
302067,43878.016,26979.23400448847
302068,43878.016,13382.152366091354
302069,43878.016,13931.085149028819
302070,43878.016,30000.201478810242
302071,43878.016,35300.08798482389
302072,43878.016,32073.95216301008
302073,43878.016,18891.92093901928
302074,43878.016,63997.81201307335
302075,43878.016,52817.24244197635
302076,43878.016,54663.738739252214
302077,43878.016,31938.55962899549
302078,43878.016,57676.404198418175
302079,43878.016,54363.09822042385
302080,43878.016,35509.38071582882
302081,43878.016,18848.959669319083
302082,43878.016,55220.51374563108
302083,43878.016,12842.53998721049
302084,43878.016,48396.864510094034
302085,43878.016,39503.72071945122
302086,43878.016,73687.20174852258
302087,43878.016,7180.84432362824
302088,43878.016,29762.620817665127
302089,43878.016,32639.48080166688
302090,43878.016,9988.848848612875
302091,43878.016,29640.122216958698
302092,43878.016,22304.678882640997
302093,43878.016,29769.32965800815
302094,43878.016,41161.021878028194
302095,43878.016,17451.29930746339
302096,43878.016,23637.046106033344
302097,43878.016,16225.427784812073
302098,43878.016,26094.08015245302
302099,43878.016,48840.869509597265
302100,43878.016,71890.17873973529
302101,43878.016,38456.67448305167
302102,43878.016,81705.82029624189
302103,43878.016,18787.780140083552
302104,43878.016,54817.419111763134
302105,43878.016,33359.90172984712
302106,43878.016,23529.931403086208
302107,43878.016,42589.94786983017
302108,43878.016,30566.337449764622
302109,43878.016,27272.857821936297
302110,43878.016,30297.000217353325
302111,43878.016,30175.154646681698
302112,43878.016,41005.618286178054
302113,43878.016,8686.970240025916
302114,43878.016,47814.210787840995
302115,43878.016,71927.64233413438
302116,43878.016,30609.46867966788
302117,43878.016,21306.419308085497
302118,43878.016,28346.81438978935
302119,43878.016,14159.192350784395
302120,43878.016,40064.63562146715
302121,43878.016,31989.37916719507
302122,43878.016,43343.449654888864
302123,43878.016,21014.19276627652
302124,43878.016,42995.64452316561
302125,43878.016,64956.41039971735
302126,43878.016,25151.85364294704
302127,43878.016,57720.170704280805
302128,43878.016,27986.58490863828
302129,43878.016,8409.30143139576
302130,43878.016,37489.024545417255
302131,43878.016,59039.80721332517
302132,43878.016,40887.747849581356
302133,43878.016,43122.44164838429
302134,43878.016,24087.317724872977
302135,43878.016,41483.342912612825
302136,43878.016,45286.18398326602
302137,43878.016,75800.67548145886
302138,43878.016,40242.364140277394
302139,43878.016,11250.563158971687
302140,43878.016,8479.406054423813
302141,43878.016,63465.141171363575
302142,43878.016,41910.10401097198
302143,43878.016,13457.07234388207
302144,43878.016,44462.193538820975
302145,43878.016,34471.64425023439
302146,43878.016,23625.442783297014
302147,43878.016,57832.745722905944
302148,43878.016,62626.79080387417
302149,43878.016,30781.66997983152
302150,43878.016,50443.299857280064
302151,43878.016,32680.50169513142
302152,43878.016,50137.72806246586
302153,43878.016,32732.272687303644
302154,43878.016,56705.39274068865
302155,43878.016,17552.087043603136
302156,43878.016,6676.015641666202
302157,43878.016,18684.170049906956
302158,43878.016,24310.31932155919
302159,43878.016,39765.80346547708
302160,43878.016,42960.71334087734
302161,43878.016,25976.97557386342
302162,43878.016,22479.11462803422
302163,43878.016,31684.323282169305
302164,43878.016,29552.46176449548
302165,43878.016,15737.015422608381
302166,43878.016,44800.00938266749
302167,43878.016,15900.576299273245
302168,43878.016,8283.746344797095
302169,43878.016,32128.12395109694
302170,43878.016,55053.42960793019
302171,43878.016,41956.60618634125
302172,43878.016,5572.5927686574305
302173,43878.016,29228.387122437416
302174,43878.016,24425.186913037924
302175,43878.016,14974.94667071063
302176,43878.016,20000.197732524623
302177,43878.016,50511.29582495709
302178,43878.016,12253.57198914996
302179,43878.016,8794.655296100163
302180,43878.016,39883.91632344435
302181,43878.016,47769.78113502632
302182,43878.016,20562.875026582715
302183,43878.016,116790.35972701793
302184,43878.016,30002.932333655393
302185,43878.016,12985.693262394747
302186,43878.016,39588.517427239654
302187,43878.016,39245.71886142269
302188,43878.016,40797.2666873628
302189,43878.016,49006.336285753714
302190,43878.016,51926.70931321467
302191,43878.016,64332.581671675
302192,43878.016,31772.384186318166
302193,43878.016,39622.267187077174
302194,43878.016,26377.56414859834
302195,43878.016,19708.011072411326
302196,43878.016,54325.46131525122
302197,43878.016,20525.419751279984
302198,43878.016,54813.59651522241
302199,43878.016,45769.12173202399
302200,43878.016,45149.09434213437
302201,43878.016,35871.5012574139
302202,43878.016,10842.034571211123
302203,43878.016,26358.764439843002
302204,43878.016,26633.04512116736
302205,43878.016,36841.61505804314
302206,43878.016,32138.55245485527
302207,43878.016,10935.376913741171
302208,43878.016,35004.54994416876
302209,43878.016,35445.222737122895
302210,43878.016,49348.396057478174
302211,43878.016,25842.23160794849
302212,43878.016,12305.613272856981
302213,43878.016,36207.12157341846
302214,43878.016,20134.68715756535
302215,43878.016,46376.93361161829
302216,43878.016,49917.609396603235
302217,43878.016,32604.426193900243
302218,43878.016,23668.87232779759
302219,43878.016,51640.4551498932
302220,43878.016,33287.62935751506
302221,43878.016,7606.475430897372
302222,43878.016,26330.57923212395
302223,43878.016,25559.871248782874
302224,43878.016,48073.92780254975
302225,43878.016,53934.29627174443
302226,43878.016,24869.19531138317
302227,43878.016,9215.068996861324
302228,43878.016,13669.316611907507
302229,43878.016,9728.734760534207
302230,43878.016,8118.525681296804
302231,43878.016,47722.80251907989
302232,43878.016,55070.46057172631
302233,43878.016,46586.28367791864
302234,43878.016,71005.25930585398
302235,43878.016,24780.54277094441
302236,43878.016,39465.57596816605
302237,43878.016,10308.552541561996
302238,43878.016,35377.737580669214
302239,43878.016,28459.982595607275
302240,43878.016,17863.3813017578
302241,43878.016,39698.44637665789
302242,43878.016,58231.07723141501
302243,43878.016,13914.31130977024
302244,43878.016,36735.14628670228
302245,43878.016,6317.072341950326
302246,43878.016,36140.302210665934
302247,43878.016,40814.954822489664
302248,43878.016,81172.63630037812
302249,43878.016,22608.942493653885
302250,43878.016,14709.363098092645
302251,43878.016,50372.39497266592
302252,43878.016,18547.316244282134
302253,43878.016,30990.609635830828
302254,43878.016,59333.87685560066
302255,43878.016,20015.367465149364
302256,43878.016,26021.50487797724
302257,43878.016,40011.12117070664
302258,43878.016,11990.206677952254
302259,43878.016,21272.366296800148
302260,43878.016,78789.67992693526
302261,43878.016,23353.06776312012
302262,43878.016,75004.83517849114
302263,43878.016,24365.970684457043
302264,43878.016,19590.073715836796
302265,43878.016,25363.14402105628
302266,43878.016,40761.148649466646
302267,43878.016,61839.54900263333
302268,43878.016,47756.26711231641
302269,43878.016,8749.277942843504
302270,43878.016,29561.874000682263
302271,43878.016,20401.515521814657
302272,43878.016,21849.340958445573
302273,43878.016,61668.46614706891
302274,43878.016,20532.548826953796
302275,43878.016,31072.85965272627
302276,43878.016,12380.434517030706
302277,43878.016,30685.89403192964
302278,43878.016,54266.33204707262
302279,43878.016,31182.13809001076
302280,43878.016,52329.89895292844
302281,43878.016,37046.26462538629
302282,43878.016,10628.051877461565
302283,43878.016,11096.57194356442
302284,43878.016,22478.50355353571
302285,43878.016,19990.56602847242
302286,43878.016,80605.43686608206
302287,43878.016,64810.77420929418
302288,43878.016,66226.20835563693
302289,43878.016,13765.215365089054
302290,43878.016,37785.32602004135
302291,43878.016,113577.5207357996
302292,43878.016,47452.0974425959
302293,43878.016,64643.098174139894
302294,43878.016,18440.184677320074
302295,43878.016,59183.350728402635
302296,43878.016,18245.263699526666
302297,43878.016,32831.67288245289
302298,43878.016,18781.934885918905
302299,43878.016,21519.000936451688
302300,43878.016,60442.91933340414
302301,43878.016,11899.566981196565
302302,43878.016,22577.56876913235
302303,43878.016,36900.237531859355
302304,43878.016,13128.407396081884
302305,43878.016,44914.8613468266
302306,43878.016,51591.3437954799
302307,43878.016,13469.770410791583
302308,43878.016,43714.63081258252
302309,43878.016,27112.430933660606
302310,43878.016,52037.27505809348
302311,43878.016,45767.42413208721
302312,43878.016,51059.37986495565
302313,43878.016,26934.240508157003
302314,43878.016,34053.133370312855
302315,43878.016,18879.265112396548
302316,43878.016,57467.841592533056
302317,43878.016,40506.4526373209
302318,43878.016,12060.48857411252
302319,43878.016,28433.011177425204
302320,43878.016,42472.76234577245
302321,43878.016,73190.30694840476
302322,43878.016,22022.68578078752
302323,43878.016,41839.81539381386
302324,43878.016,46969.232037294285
302325,43878.016,20686.639883184103
302326,43878.016,37105.0070195834
302327,43878.016,51829.02935886672
302328,43878.016,12159.987127051088
302329,43878.016,19644.500987711723
302330,43878.016,45751.884631775
302331,43878.016,48352.18175859585
302332,43878.016,12935.712877840362
302333,43878.016,18166.953390311202
302334,43878.016,53879.31032712526
302335,43878.016,11601.027056837915
302336,43878.016,19269.759192828504
302337,43878.016,13348.785019212255
302338,43878.016,16046.965096275375
302339,43878.016,8226.249991161261
302340,43878.016,57551.70605316077
302341,43878.016,38556.81672074998
302342,43878.016,26047.636877695302
302343,43878.016,37346.87836432832
302344,43878.016,56423.74751947276
302345,43878.016,55369.861786532165
302346,43878.016,12989.05495231757
302347,43878.016,48894.00842504148
302348,43878.016,15312.98445109619
302349,43878.016,24416.634762939968
302350,43878.016,29884.328599460732
302351,43878.016,37514.671600829264
302352,43878.016,47340.213505874584
302353,43878.016,37059.35592054598
302354,43878.016,11331.926236808691
302355,43878.016,41729.18802212043
302356,43878.016,7935.148734284483
302357,43878.016,60163.5051432203
302358,43878.016,38816.99644060787
302359,43878.016,28953.39845575838
302360,43878.016,47485.10820207575
302361,43878.016,15363.323308172148
302362,43878.016,14426.295910820281
302363,43878.016,18976.75762590513
302364,43878.016,19881.83230411021
302365,43878.016,79723.619075096
302366,43878.016,18244.13495797505
302367,43878.016,9132.331170954018
302368,43878.016,55490.62581092283
302369,43878.016,25363.470570862293
302370,43878.016,27392.893267908526
302371,43878.016,19677.44474437167
302372,43878.016,28127.25524102014
302373,43878.016,81103.23122887888
302374,43878.016,29754.620857190308
302375,43878.016,12277.4991702294
302376,43878.016,52649.71318438524
302377,43878.016,19519.02000457027
302378,43878.016,31277.408264571113
302379,43878.016,34322.78093917898
302380,43878.016,21075.108157852806
302381,43878.016,31355.903625170067
302382,43878.016,59652.4887114897
302383,43878.016,29866.38987066506
302384,43878.016,16863.342518036436
302385,43878.016,17632.953005130126
302386,43878.016,47417.99478721255
302387,43878.016,20436.329859617257
302388,43878.016,16930.753740915738
302389,43878.016,54742.9832982798
302390,43878.016,26464.127215186745
302391,43878.016,21170.954116727924
302392,43878.016,46208.96944820229
302393,43878.016,21206.853825868897
302394,43878.016,34186.8716218058
302395,43878.016,32112.008998513193
302396,43878.016,20285.647273607006
302397,43878.016,84914.29336357594
302398,43878.016,19734.97393761675
302399,43878.016,27136.3621768528
302400,43878.016,20622.07837014167
302401,43878.016,12260.548704536874
302402,43878.016,24880.7911549209
302403,43878.016,37939.59060039432
302404,43878.016,41316.188317951295
302405,43878.016,29884.121724552282
302406,43878.016,10626.760577531666
302407,43878.016,34845.47321240491
302408,43878.016,48775.82893017186
302409,43878.016,36012.109875752896
302410,43878.016,14439.54171098972
302411,43878.016,26654.722957323513
302412,43878.016,20408.98526949823
302413,43878.016,89809.67170817616
302414,43878.016,16165.355117282881
302415,43878.016,32951.5273412579
302416,43878.016,35069.30528516247
302417,43878.016,58124.55361645429
302418,43878.016,57075.09254446071
302419,43878.016,23410.637162446008
302420,43878.016,9147.302317125126
302421,43878.016,11562.0522789288
302422,43878.016,40397.46986297791
302423,43878.016,16896.967427250536
302424,43878.016,69407.536341767
302425,43878.016,46210.135023268944
302426,43878.016,27118.52558475724
302427,43878.016,36846.16175394734
302428,43878.016,53028.841959336845
302429,43878.016,78520.0108254885
302430,43878.016,55741.61919682705
302431,43878.016,41224.29290296949
302432,43878.016,39237.04453739215
302433,43878.016,46496.461420781736
302434,43878.016,26833.31417886819
302435,43878.016,15680.271138187702
302436,43878.016,43158.664146643525
302437,43878.016,51733.974144699285
302438,43878.016,40624.48073853386
302439,43878.016,20951.919539742325
302440,43878.016,84485.13881015759
302441,43878.016,46253.589807964585
302442,43878.016,39725.95037806032
302443,43878.016,12602.181601029424
302444,43878.016,52570.54455267942
302445,43878.016,46174.50714044022
302446,43878.016,39983.09864063621
302447,43878.016,11493.504083754653
302448,43878.016,54259.27275457616
302449,43878.016,53749.81528295067
302450,43878.016,54531.04570375243
302451,43878.016,16059.426451167397
302452,43878.016,64603.49871526952
302453,43878.016,50505.12912282566
302454,43878.016,50484.05767202489
302455,43878.016,25324.291622311528
302456,43878.016,32754.81128108368
302457,43878.016,20780.994056689633
302458,43878.016,49507.79970083174
302459,43878.016,9994.489324366969
302460,43878.016,13711.432688675115
302461,43878.016,43575.97370554847
302462,43878.016,61840.99005278494
302463,43878.016,64063.937787131435
302464,43878.016,17403.9788365555
302465,43878.016,11021.245007953037
302466,43878.016,47513.49335973277
302467,43878.016,34326.70219036252
302468,43878.016,50225.908103384514
302469,43878.016,11556.725058559836
302470,43878.016,69663.0380737572
302471,43878.016,15936.126606181459
302472,43878.016,62179.26479425805
302473,43878.016,40206.88624212449
302474,43878.016,41306.24829351003
302475,43878.016,35822.48700705335
302476,43878.016,32078.19265266029
302477,43878.016,30507.978322612325
302478,43878.016,51211.20292700021
302479,43878.016,35737.43281686386
302480,43878.016,40087.67987795222
302481,43878.016,31044.092195059988
302482,43878.016,9178.068320568369
302483,43878.016,81206.60694458631
302484,43878.016,29877.085495993793
302485,43878.016,40912.235744483274
302486,43878.016,10574.866494103635
302487,43878.016,50665.44651878703
302488,43878.016,17612.80264489674
302489,43878.016,19328.32591319496
302490,43878.016,44312.52078314851
302491,43878.016,13930.312783232792
302492,43878.016,55612.43710265275
302493,43878.016,60728.13123862194
302494,43878.016,35422.63325520011
302495,43878.016,13719.280541889653
302496,43878.016,22304.556717405987
302497,43878.016,26544.517093329447
302498,43878.016,39390.04890013272
302499,43878.016,41910.184570785685
302500,43878.016,17687.173671738245
302501,43878.016,37537.94947121178
302502,43878.016,46727.129169208005
302503,43878.016,23885.04886366653
302504,43878.016,31198.217889584295
302505,43878.016,54261.64318385833
302506,43878.016,50746.21496304944
302507,43878.016,72004.05256758389
302508,43878.016,32132.085026654066
302509,43878.016,9532.433786405392
302510,43878.016,15425.215496478555
302511,43878.016,26217.559993823437
302512,43878.016,10843.559314097905
302513,43878.016,40932.746138993825
302514,43878.016,38064.768384296614
302515,43878.016,68602.6070862497
302516,43878.016,12945.782125504478
302517,43878.016,17959.086038200337
302518,43878.016,26109.46040106792
302519,43878.016,23897.629849112272
302520,43878.016,29470.12483350687
302521,43878.016,48775.09736339235
302522,43878.016,55197.98633300223
302523,43878.016,40634.18543924116
302524,43878.016,16835.538075973494
302525,43878.016,63036.23273801392
302526,43878.016,64254.17324328086
302527,43878.016,29556.20255108287
302528,43878.016,32709.95370612166
302529,43878.016,52261.52986587742
302530,43878.016,51884.18085714255
302531,43878.016,20264.356337589816
302532,43878.016,19166.971181710724
302533,43878.016,22605.639274463803
302534,43878.016,50975.26881979121
302535,43878.016,12110.359398250908
302536,43878.016,43462.777165068714
302537,43878.016,46075.486416617416
302538,43878.016,23068.151628687356
302539,43878.016,54971.90728451518
302540,43878.016,29451.862225850353
302541,43878.016,22912.03951381325
302542,43878.016,28465.73608438273
302543,43878.016,37167.105625450255
302544,43878.016,19331.87759836981
302545,43878.016,42821.91172044198
302546,43878.016,33819.34023761974
302547,43878.016,58600.843884735936
302548,43878.016,17013.173602777475
302549,43878.016,28010.986996562693
302550,43878.016,11272.157835051372
302551,43878.016,63714.426108219785
302552,43878.016,54432.808354132554
302553,43878.016,15225.441940129253
302554,43878.016,10314.788074550506
302555,43878.016,50454.26194899446
302556,43878.016,6372.307327689046
302557,43878.016,31724.31066510099
302558,43878.016,41338.77879370385
302559,43878.016,20377.85731309306
302560,43878.016,60115.40592576099
302561,43878.016,75836.49994135567
302562,43878.016,53732.04802723807
302563,43878.016,11106.421198214084
302564,43878.016,15289.569460305886
302565,43878.016,40255.93914916012
302566,43878.016,43213.27749617282
302567,43878.016,17513.07435808081
302568,43878.016,18492.820697498795
302569,43878.016,21086.144331679097
302570,43878.016,7715.783075982682
302571,43878.016,31677.13539907624
302572,43878.016,60737.20957956994
302573,43878.016,45582.4542815613
302574,43878.016,70192.4658528951
302575,43878.016,12354.735854759683
302576,43878.016,20875.803036726822
302577,43878.016,60652.561744274
302578,43878.016,38729.54088698591
302579,43878.016,9826.631980105525
302580,43878.016,52675.15318765604
302581,43878.016,29842.816408330873
302582,43878.016,25149.14041752177
302583,43878.016,40950.94329299367
302584,43878.016,41624.95987889195
302585,43878.016,56684.158988185714
302586,43878.016,23471.35257763238
302587,43878.016,11196.945668712251
302588,43878.016,28138.59172135426
302589,43878.016,13432.699365372433
302590,43878.016,18489.62211493651
302591,43878.016,10285.550645195308
302592,43878.016,46852.778996820554
302593,43878.016,30012.012279801642
302594,43878.016,52639.99355412657
302595,43878.016,9618.869144745013
302596,43878.016,42327.95029608335
302597,43878.016,31957.571490903923
302598,43878.016,18576.631446318006
302599,43878.016,38189.33427705333
302600,43878.016,34521.26269477226
302601,43878.016,50191.72152046345
302602,43878.016,34753.92196036109
302603,43878.016,50598.47926754279
302604,43878.016,14992.827462910007
302605,43878.016,72501.27498350348
302606,43878.016,35353.04915933796
302607,43878.016,63694.96038483305
302608,43878.016,54441.78884448884
302609,43878.016,21213.52654783076
302610,43878.016,39587.735832305305
302611,43878.016,22507.48848345172
302612,43878.016,47959.29953254144
302613,43878.016,31548.631829317932
302614,43878.016,7133.9214149194195
302615,43878.016,15724.992316045831
302616,43878.016,21528.275355777416
302617,43878.016,45378.20997832874
302618,43878.016,10637.027673424194
302619,43878.016,6462.775677479515
302620,43878.016,18572.36344668248
302621,43878.016,60007.64826598418
302622,43878.016,58007.30374384515
302623,43878.016,28912.845671665942
302624,43878.016,42319.495826856684
302625,43878.016,32790.012595167944
302626,43878.016,45270.534793532686
302627,43878.016,11144.562704948385
302628,43878.016,27293.335085351577
302629,43878.016,23783.310846933484
302630,43878.016,7718.558852231419
302631,43878.016,36447.41007495299
302632,43878.016,10325.160206172486
302633,43878.016,36074.80304839662
302634,43878.016,25454.85809085428
302635,43878.016,26038.913577073297
302636,43878.016,62622.564610860085
302637,43878.016,44580.23077918325
302638,43878.016,67270.66779604956
302639,43878.016,20370.193127922925
302640,43878.016,13242.02400057672
302641,43878.016,71850.39503115759
302642,43878.016,20547.599699978997
302643,43878.016,7423.940200054601
302644,43878.016,12706.729644480956
302645,43878.016,42112.300896516565
302646,43878.016,6682.469748080862
302647,43878.016,17904.666049661428
302648,43878.016,7669.250990295697
302649,43878.016,42934.52637151081
302650,43878.016,19297.795589209378
302651,43878.016,9782.195495078762
302652,43878.016,60744.25920249557
302653,43878.016,55975.057211005886
302654,43878.016,34384.76607685591
302655,43878.016,12780.331358859861
302656,43878.016,45487.35250553134
302657,43878.016,44260.42699534489
302658,43878.016,48584.16843359612
302659,43878.016,41893.72342934961
302660,43878.016,28918.63484454503
302661,43878.016,28850.537429962875
302662,43878.016,40117.74255940759
302663,43878.016,8680.237664545844
302664,43878.016,43625.541982712704
302665,43878.016,40341.237023940856
302666,43878.016,15485.625396262158
302667,43878.016,64096.30210276191
302668,43878.016,43780.94675989564
302669,43878.016,17147.89517840207
302670,43878.016,21182.881327500367
302671,43878.016,39490.63608742663
302672,43878.016,30377.81846632047
302673,43878.016,36575.3476589495
302674,43878.016,63259.75995139853
302675,43878.016,33431.049589555674
302676,43878.016,22766.079680511404
302677,43878.016,20110.289787816353
302678,43878.016,45821.83988445923
302679,43878.016,7553.951594412438
302680,43878.016,16536.857412547874
302681,43878.016,35365.17121954562
302682,43878.016,54844.120077685126
302683,43878.016,8561.20797509868
302684,43878.016,61757.21363218785
302685,43878.016,18822.869784469654
302686,43878.016,19661.650331430916
302687,43878.016,25178.397894400747
302688,43878.016,27110.109611373347
302689,43878.016,23964.385205986466
302690,43878.016,16692.888572709297
302691,43878.016,11754.908209298901
302692,43878.016,43425.69074388318
302693,43878.016,38922.6871213967
302694,43878.016,19241.407045777974
302695,43878.016,78889.53356245912
302696,43878.016,62683.16649095687
302697,43878.016,72477.38002508842
302698,43878.016,20160.81041896842
302699,43878.016,41235.84487534843
302700,43878.016,17295.12444152571
302701,43878.016,41301.598900467616
302702,43878.016,18290.44701923255
302703,43878.016,52263.66571299142
302704,43878.016,8385.752275439869
302705,43878.016,38535.24522657464
302706,43878.016,44508.44595597093
302707,43878.016,32021.964761736566
302708,43878.016,8065.857545397813
302709,43878.016,32131.777741637456
302710,43878.016,16873.73209561511
302711,43878.016,54792.978786726904
302712,43878.016,39299.03362910457
302713,43878.016,40179.63968032884
302714,43878.016,58532.64379520152
302715,43878.016,12057.078638901517
302716,43878.016,34214.608285401984
302717,43878.016,11269.56538685074
302718,43878.016,16285.265896061106
302719,43878.016,49739.457178649325
302720,43878.016,14205.987882383615
302721,43878.016,44751.48761044087
302722,43878.016,9969.828825092398
302723,43878.016,55617.88785973787
302724,43878.016,23802.772359386487
302725,43878.016,11650.790673338859
302726,43878.016,45891.18284474669
302727,43878.016,67329.39657145305
302728,43878.016,18828.737829915088
302729,43878.016,24961.741838142967
302730,43878.016,29707.68722930351
302731,43878.016,42697.084040175425
302732,43878.016,11252.068534711849
302733,43878.016,53694.1505522049
302734,43878.016,50675.03224756471
302735,43878.016,26729.937037608335
302736,43878.016,16125.176118714622
302737,43878.016,19236.7312805181
302738,43878.016,18961.70593891757
302739,43878.016,19365.21234544713
302740,43878.016,35582.79033746727
302741,43878.016,75038.76636299596
302742,43878.016,11500.044902401925
302743,43878.016,21163.472439978887
302744,43878.016,23503.224749825557
302745,43878.016,41379.33666045261
302746,43878.016,45845.10676129269
302747,43878.016,49742.504210950654
302748,43878.016,11748.87999817918
302749,43878.016,55972.81725319858
302750,43878.016,58128.44776961785
302751,43878.016,15520.407441515075
302752,43878.016,25821.11525427542
302753,43878.016,27018.114583086262
302754,43878.016,34965.39926122857
302755,43878.016,45818.34094460904
302756,43878.016,27834.336959855107
302757,43878.016,50687.52130490648
302758,43878.016,20422.274425936695
302759,43878.016,58996.89922599488
302760,43878.016,54890.304597795875
302761,43878.016,21124.150458416843
302762,43878.016,26030.928472572148
302763,43878.016,43431.557459042815
302764,43878.016,38260.02150819042
302765,43878.016,7685.724003482458
302766,43878.016,6434.864944095917
302767,43878.016,52124.26430023816
302768,43878.016,56258.443815935956
302769,43878.016,38261.29676739483
302770,43878.016,27260.78267895229
302771,43878.016,10177.922258102239
302772,43878.016,18446.585413641114
302773,43878.016,70502.36389810595
302774,43878.016,58367.92323981672
302775,43878.016,10327.740954834264
302776,43878.016,27246.647428273754
302777,43878.016,44998.89192055233
302778,43878.016,50294.13643948067
302779,43878.016,15924.248964205297
302780,43878.016,24189.202204711917
302781,43878.016,36988.51882861246
302782,43878.016,43429.00540183143
302783,43878.016,21427.524387913436
302784,43878.016,20464.18889961059
302785,43878.016,46389.261248698196
302786,43878.016,16852.990550066737
302787,43878.016,32635.721781005817
302788,43878.016,23352.584008887185
302789,43878.016,46005.369572402225
302790,43878.016,24786.96822881746
302791,43878.016,60317.92663026122
302792,43878.016,17112.170245855577
302793,43878.016,45310.26696809996
302794,43878.016,9311.894530484264
302795,43878.016,27123.565263928675
302796,43878.016,49772.256455728166
302797,43878.016,16404.04915180409
302798,43878.016,33918.806414191975
302799,43878.016,47092.87248699423
302800,43878.016,45393.911239477784
302801,43878.016,8102.949024670422
302802,43878.016,49295.26763512236
302803,43878.016,9788.186696139875
302804,43878.016,53867.39171856705
302805,43878.016,20831.484968591652
302806,43878.016,28419.812710847757
302807,43878.016,21132.737292860336
302808,43878.016,16186.319337568997
302809,43878.016,35635.17664477822
302810,43878.016,77258.59153945581
302811,43878.016,10850.00195661679
302812,43878.016,31509.76987521661
302813,43878.016,43450.40296029575
302814,43878.016,45889.955682544445
302815,43878.016,56364.498133735564
302816,43878.016,29971.86133137632
302817,43878.016,32035.149803476656
302818,43878.016,11633.354059820176
302819,43878.016,58929.655117173636
302820,43878.016,54789.711625246266
302821,43878.016,20059.27479609648
302822,43878.016,37339.94669058281
302823,43878.016,28774.413039176176
302824,43878.016,11324.610075382718
302825,43878.016,43405.27035911415
302826,43878.016,10165.954418000205
302827,43878.016,8527.30784686716
302828,43878.016,50742.1076643771
302829,43878.016,30218.848062948742
302830,43878.016,9332.54496645344
302831,43878.016,10939.713114631446
302832,43878.016,48673.05676666761
302833,43878.016,79041.68116211159
302834,43878.016,15460.804503890422
302835,43878.016,24282.465131768713
302836,43878.016,34954.576695900316
302837,43878.016,28911.024343326404
302838,43878.016,10753.864139610625
302839,43878.016,26526.23818067541
302840,43878.016,46172.986601685996
302841,43878.016,39815.127870315635
302842,43878.016,58641.5455103045
302843,43878.016,51787.90683554292
302844,43878.016,33338.812893859314
302845,43878.016,85949.18564147045
302846,43878.016,34493.43386916665
302847,43878.016,42455.6393519352
302848,43878.016,28710.417628361938
302849,43878.016,61628.88642235083
302850,43878.016,52905.585983486155
302851,43878.016,65584.4799803543
302852,43878.016,23866.464253587816
302853,43878.016,11848.726944570217
302854,43878.016,33592.235600210275
302855,43878.016,47226.23887159397
302856,43878.016,62346.01042583457
302857,43878.016,35571.610056501544
302858,43878.016,13665.352233297132
302859,43878.016,15576.839444265508
302860,43878.016,72276.33293295397
302861,43878.016,120178.10357404304
302862,43878.016,40505.665633342986
302863,43878.016,46406.75071162165
302864,43878.016,8503.887786358475
302865,43878.016,37319.5175192843
302866,43878.016,44732.1899603525
302867,43878.016,14784.298291596482
302868,43878.016,47486.46259748774
302869,43878.016,39394.37035732297
302870,43878.016,53068.41453488039
302871,43878.016,12067.837482697785
302872,43878.016,55882.929302259
302873,43878.016,62073.7167238712
302874,43878.016,24743.46301580004
302875,43878.016,21823.426584400557
302876,43878.016,26498.696924512562
302877,43878.016,11547.208943403522
302878,43878.016,55627.40680981631
302879,43878.016,13544.059912978595
302880,43878.016,50635.424835725695
302881,43878.016,13219.407305720293
302882,43878.016,40417.24995970335
302883,43878.016,29757.99292659662
302884,43878.016,40776.155881663
302885,43878.016,44940.57490893568
302886,43878.016,42877.09478881525
302887,43878.016,7653.783641325489
302888,43878.016,21049.23248967042
302889,43878.016,5554.508849236955
302890,43878.016,28577.182770168387
302891,43878.016,15332.341124354643
302892,43878.016,18156.35909648099
302893,43878.016,25510.343144189792
302894,43878.016,9985.879198493467
302895,43878.016,12026.074077267589
302896,43878.016,26050.103935019953
302897,43878.016,41268.34834952031
302898,43878.016,34482.092513405296
302899,43878.016,14676.18367531614
302900,43878.016,43860.83079957906
302901,43878.016,39431.065221963916
302902,43878.016,24859.278722292544
302903,43878.016,16932.878651657833
302904,43878.016,85763.14506532178
302905,43878.016,29182.71797465018
302906,43878.016,40855.55921617865
302907,43878.016,42047.988011245
302908,43878.016,16523.386238707204
302909,43878.016,12778.998664654582
302910,43878.016,40600.1627820323
302911,43878.016,18857.385264400582
302912,43878.016,21797.06168339478
302913,43878.016,27933.344419905337
302914,43878.016,73588.64473859663
302915,43878.016,57872.57946020512
302916,43878.016,35544.04040092232
302917,43878.016,17394.762168173696
302918,43878.016,13570.586284222007
302919,43878.016,16146.82257945696
302920,43878.016,45386.58766281962
302921,43878.016,42003.578658872924
302922,43878.016,28844.278498949974
302923,43878.016,15558.964660438263
302924,43878.016,14855.890239497703
302925,43878.016,25781.39139693665
302926,43878.016,26181.551187203266
302927,43878.016,30050.49741656077
302928,43878.016,32142.53397138462
302929,43878.016,54370.70975671306
302930,43878.016,44645.95437417917
302931,43878.016,16774.217836187036
302932,43878.016,7188.6956183958355
302933,43878.016,71139.35122272206
302934,43878.016,29974.598242347307
302935,43878.016,16829.858487772668
302936,43878.016,40183.43376701695
302937,43878.016,74428.55352866446
302938,43878.016,31876.75249985525
302939,43878.016,61076.85062447931
302940,43878.016,42669.22133112071
302941,43878.016,13026.445434452658
302942,43878.016,32816.69239811978
302943,43878.016,53391.01030539536
302944,43878.016,37048.04758919606
302945,43878.016,44593.833809285796
302946,43878.016,66728.60280687937
302947,43878.016,16592.87196052126
302948,43878.016,45141.040933419295
302949,43878.016,12873.051410072916
302950,43878.016,7199.319073562332
302951,43878.016,74665.11375066459
302952,43878.016,99845.35520337528
302953,43878.016,32155.75035656619
302954,43878.016,46560.191135719804
302955,43878.016,33342.15703702484
302956,43878.016,83654.58943836775
302957,43878.016,21784.87181580378
302958,43878.016,57265.197858645726
302959,43878.016,54099.82403869414
302960,43878.016,58695.14998290175
302961,43878.016,10781.46853937702
302962,43878.016,20625.497756174624
302963,43878.016,27308.473971862048
302964,43878.016,70531.13695822017
302965,43878.016,53118.16778588279
302966,43878.016,24623.250244952273
302967,43878.016,7414.150884305382
302968,43878.016,56096.900157347925
302969,43878.016,21932.254244818494
302970,43878.016,18828.372918203746
302971,43878.016,31351.409925662985
302972,43878.016,11137.217200763505
302973,43878.016,39394.353120164895
302974,43878.016,20166.884651995868
302975,43878.016,44281.95667038784
302976,43878.016,31551.472500510656
302977,43878.016,46373.98759695273
302978,43878.016,38370.534476192246
302979,43878.016,29555.766376624408
302980,43878.016,18734.57443879207
302981,43878.016,50830.86039191067
302982,43878.016,54056.43663874101
302983,43878.016,57297.5970267435
302984,43878.016,24739.79408811776
302985,43878.016,52280.253377811845
302986,43878.016,23274.444801469483
302987,43878.016,24593.3342853923
302988,43878.016,53793.60337923625
302989,43878.016,24665.09969978262
302990,43878.016,43418.10887470593
302991,43878.016,33346.294840894785
302992,43878.016,31050.29162308949
302993,43878.016,69714.60527263964
302994,43878.016,14882.15660355177
302995,43878.016,46184.62000122453
302996,43878.016,45124.53402171114
302997,43878.016,12859.089769831191
302998,43878.016,14138.693941820888
302999,43878.016,68249.18250558835
303000,43878.016,63327.02186533024
303001,43878.016,64839.615167025855
303002,43878.016,13423.662708603784
303003,43878.016,35853.733088430345
303004,43878.016,41140.515212402235
303005,43878.016,59828.75134118026
303006,43878.016,42479.636028844536
303007,43878.016,23006.315660715223
303008,43878.016,30022.729191122384
303009,43878.016,23965.80614281558
303010,43878.016,62460.77037892947
303011,43878.016,56943.47072751745
303012,43878.016,31981.396316588885
303013,43878.016,36072.021162386416
303014,43878.016,15664.550229972336
303015,43878.016,16346.988665553936
303016,43878.016,58113.95214009009
303017,43878.016,48679.17951026764
303018,43878.016,21837.678683570557
303019,43878.016,25933.156080086756
303020,43878.016,13909.647861915922
303021,43878.016,33703.98688842497
303022,43878.016,11701.957170582762
303023,43878.016,15120.309379504692
303024,43878.016,31796.375774736836
303025,43878.016,45897.5310108694
303026,43878.016,12235.034650927766
303027,43878.016,50771.9471982132
303028,43878.016,52701.99536653029
303029,43878.016,60513.819339648464
303030,43878.016,49921.500497480534
303031,43878.016,38890.60523673583
303032,43878.016,23956.93760789544
303033,43878.016,11588.128934501829
303034,43878.016,11894.601210621542
303035,43878.016,70135.12185851623
303036,43878.016,20696.81125554653
303037,43878.016,37384.15014934182
303038,43878.016,9785.437014574534
303039,43878.016,19101.169448720724
303040,43878.016,49902.224313086175
303041,43878.016,62592.82597671586
303042,43878.016,19814.854450796563
303043,43878.016,60810.25269361853
303044,43878.016,36482.00034340127
303045,43878.016,17958.414951279996
303046,43878.016,49081.41023891624
303047,43878.016,64843.20256248912
303048,43878.016,50113.37691031184
303049,43878.016,50246.81491720616
303050,43878.016,56859.71189930024
303051,43878.016,34802.40836554801
303052,43878.016,24942.868268159877
303053,43878.016,22823.39670441084
303054,43878.016,22450.049227766278
303055,43878.016,43339.48316482029
303056,43878.016,41719.83497849171
303057,43878.016,16777.13759081983
303058,43878.016,9610.312774452173
303059,43878.016,47957.78005027988
303060,43878.016,32453.63606513825
303061,43878.016,24196.198891973334
303062,43878.016,46658.21617936993
303063,43878.016,24055.95554544772
303064,43878.016,28518.528021553877
303065,43878.016,54393.61309270056
303066,43878.016,48339.38087692995
303067,43878.016,45553.917592210535
303068,43878.016,47953.56571765339
303069,43878.016,88237.2382773555
303070,43878.016,16566.848435422835
303071,43878.016,7649.590430226723
303072,43878.016,6688.726403354483
303073,43878.016,37900.96008825368
303074,43878.016,20144.870732512547
303075,43878.016,36990.768191294075
303076,43878.016,34166.72766950658
303077,43878.016,46618.93586345638
303078,43878.016,25062.031188456735
303079,43878.016,68626.97789844344
303080,43878.016,22485.152524180463
303081,43878.016,30860.563119220493
303082,43878.016,14816.77029664168
303083,43878.016,39628.60690251845
303084,43878.016,35428.93079233066
303085,43878.016,7004.262680536577
303086,43878.016,40864.38977061017
303087,43878.016,20142.75190192456
303088,43878.016,27292.73443087738
303089,43878.016,6835.238945787645
303090,43878.016,21856.729955697534
303091,43878.016,10071.403229607455
303092,43878.016,15910.765936435426
303093,43878.016,12118.232178241908
303094,43878.016,16501.230757050274
303095,43878.016,47833.315133026466
303096,43878.016,19240.363840957674
303097,43878.016,45423.13374277366
303098,43878.016,51699.036783180185
303099,43878.016,33845.839194067514
303100,43878.016,13481.299143850409
303101,43878.016,32788.96416729945
303102,43878.016,26229.86571360908
303103,43878.016,55010.8868212524
303104,43878.016,71083.67103122217
303105,43878.016,18786.103087041858
303106,43878.016,66299.16174986646
303107,43878.016,62118.48843900205
303108,43878.016,57135.39592481958
303109,43878.016,6557.756002046289
303110,43878.016,13179.528897618526
303111,43878.016,48002.886030063506
303112,43878.016,66196.81696370675
303113,43878.016,10619.512003447662
303114,43878.016,53465.29113921526
303115,43878.016,74275.12248202822
303116,43878.016,24756.09679804477
303117,43878.016,25488.81718753689
303118,43878.016,45239.90607370293
303119,43878.016,45395.98974635223
303120,43878.016,14267.525269320906
303121,43878.016,30384.898328717612
303122,43878.016,54037.291023273385
303123,43878.016,32101.94432258921
303124,43878.016,53574.57921936083
303125,43878.016,15040.515208696841
303126,43878.016,35646.84734236827
303127,43878.016,39050.57963973445
303128,43878.016,16790.987647677113
303129,43878.016,43499.0012086086
303130,43878.016,34117.743074596765
303131,43878.016,17982.536375698033
303132,43878.016,48811.04146238169
303133,43878.016,42198.95162867255
303134,43878.016,14921.392313218039
303135,43878.016,14348.435578759429
303136,43878.016,40138.70175381194
303137,43878.016,17303.884730312548
303138,43878.016,16130.545835998833
303139,43878.016,46511.89788749201
303140,43878.016,71514.87519741846
303141,43878.016,64146.52389178927
303142,43878.016,60060.63511302239
303143,43878.016,15479.898523182572
303144,43878.016,11116.912794317815
303145,43878.016,7019.836910732862
303146,43878.016,23499.278894398012
303147,43878.016,8833.46835200739
303148,43878.016,47728.09936129728
303149,43878.016,32601.546051893914
303150,43878.016,12961.037774191285
303151,43878.016,38861.00498670692
303152,43878.016,21522.662931021812
303153,43878.016,10458.270306556884
303154,43878.016,23302.97600364652
303155,43878.016,48402.90526999498
303156,43878.016,54242.45763468346
303157,43878.016,41033.64961030628
303158,43878.016,4451.691597388583
303159,43878.016,23139.140452243882
303160,43878.016,9354.816524564469
303161,43878.016,24156.82259592677
303162,43878.016,22802.815150499388
303163,43878.016,64282.82441091553
303164,43878.016,58609.17223445843
303165,43878.016,20297.733881758675
303166,43878.016,47847.8722127123
303167,43878.016,42671.35149784032
303168,43878.016,42191.105647631615
303169,43878.016,10975.457856920553
303170,43878.016,37879.91130368968
303171,43878.016,13323.933788385737
303172,43878.016,33535.2799750676
303173,43878.016,51768.87564602448
303174,43878.016,42817.054302193945
303175,43878.016,32189.115047210853
303176,43878.016,14645.892711554121
303177,43878.016,8869.662642352378
303178,43878.016,44698.709571332474
303179,43878.016,28493.040435922936
303180,43878.016,37223.8788606114
303181,43878.016,47305.15406257956
303182,43878.016,26555.371483711595
303183,43878.016,23205.09568675875
303184,43878.016,33139.9406856922
303185,43878.016,32965.0103905964
303186,43878.016,36552.558614505106
303187,43878.016,20947.739969364364
303188,43878.016,32868.47850472574
303189,43878.016,45344.42886714663
303190,43878.016,32494.29346813396
303191,43878.016,15578.024024949023
303192,43878.016,46250.24992602064
303193,43878.016,11862.902388009588
303194,43878.016,11555.196666963207
303195,43878.016,38045.25410434934
303196,43878.016,46333.65524556197
303197,43878.016,29083.77004790414
303198,43878.016,9602.854542669744
303199,43878.016,33570.89324610327
303200,43878.016,28668.823192248186
303201,43878.016,34801.71691515109
303202,43878.016,32566.537811280567
303203,43878.016,12011.685262637524
303204,43878.016,70675.01352837129
303205,43878.016,49219.36711800854
303206,43878.016,45660.565056026506
303207,43878.016,44944.91169328228
303208,43878.016,6344.8661205525395
303209,43878.016,10364.792749268292
303210,43878.016,13051.832932953272
303211,43878.016,28332.956003290652
303212,43878.016,35214.92326101435
303213,43878.016,13019.153871871451
303214,43878.016,6169.030686798436
303215,43878.016,63173.77496663141
303216,43878.016,30161.727642431375
303217,43878.016,30939.311993347266
303218,43878.016,10536.601680360976
303219,43878.016,16263.447798424497
303220,43878.016,37985.82928916882
303221,43878.016,29925.48922175377
303222,43878.016,9617.745207821185
303223,43878.016,10748.546790214656
303224,43878.016,47877.21606460716
303225,43878.016,43005.92976145308
303226,43878.016,23070.858415211733
303227,43878.016,18623.789252825114
303228,43878.016,36201.51060897853
303229,43878.016,13255.990507683542
303230,43878.016,27839.347819881525
303231,43878.016,26308.34016873288
303232,43878.016,37428.022267300585
303233,43878.016,17285.973932326775
303234,43878.016,19261.72061124082
303235,43878.016,24663.858966730826
303236,43878.016,29380.849685268597
303237,43878.016,47290.33419538275
303238,43878.016,60394.544224478486
303239,43878.016,8093.6728071524185
303240,43878.016,55787.46764781311
303241,43878.016,59343.331033068745
303242,43878.016,31885.522439819928
303243,43878.016,40129.49742838782
303244,43878.016,50654.11116531046
303245,43878.016,23995.51652793039
303246,43878.016,28986.585166900404
303247,43878.016,49905.11574820185
303248,43878.016,27208.998670060897
303249,43878.016,28206.210227472202
303250,43878.016,43426.62235754246
303251,43878.016,18767.630651018157
303252,43878.016,64488.16287556718
303253,43878.016,44207.722330433266
303254,43878.016,11111.540009057539
303255,43878.016,21000.307360188286
303256,43878.016,28796.638403695408
303257,43878.016,61576.877653865005
303258,43878.016,32181.84761743397
303259,43878.016,23392.922872428444
303260,43878.016,9164.898293262206
303261,43878.016,15923.182998869042
303262,43878.016,64851.150929679694
303263,43878.016,52103.61987407699
303264,43878.016,39891.03415391295
303265,43878.016,24114.79344963056
303266,43878.016,34237.00900794923
303267,43878.016,17751.275533773518
303268,43878.016,7879.871405996879
303269,43878.016,31538.388310213977
303270,43878.016,31273.612364691555
303271,43878.016,72851.08589535502
303272,43878.016,23050.07701677953
303273,43878.016,33598.49390780395
303274,43878.016,50541.17448877447
303275,43878.016,19585.562271671082
303276,43878.016,22198.64151000105
303277,43878.016,80927.02120062686
303278,43878.016,39666.22067237562
303279,43878.016,44368.24994525516
303280,43878.016,9584.274423950834
303281,43878.016,50220.674411028915
303282,43878.016,36219.25698294599
303283,43878.016,50669.703167047475
303284,43878.016,32358.869004783366
303285,43878.016,86154.10117032945
303286,43878.016,38214.42119075568
303287,43878.016,20975.47604137995
303288,43878.016,18463.824343458837
303289,43878.016,15663.798867467243
303290,43878.016,27419.642593502955
303291,43878.016,39377.23074931857
303292,43878.016,10991.054085320711
303293,43878.016,10419.757619330734
303294,43878.016,8264.728658612503
303295,43878.016,11685.821750885048
303296,43878.016,13906.111914247795
303297,43878.016,50027.98983962333
303298,43878.016,22433.413826597265
303299,43878.016,24572.416437739466
303300,43878.016,32042.760851696235
303301,43878.016,24211.37940264018
303302,43878.016,10877.71924473455
303303,43878.016,23317.948879016836
303304,43878.016,27687.597961334435
303305,43878.016,14669.466235086158
303306,43878.016,22783.423728931273
303307,43878.016,6922.898840829722
303308,43878.016,46309.65736951333
303309,43878.016,26912.625816062446
303310,43878.016,23706.238059899162
303311,43878.016,78741.34768296717
303312,43878.016,59866.393366963515
303313,43878.016,51062.004811309904
303314,43878.016,28206.902844191318
303315,43878.016,37208.279402638356
303316,43878.016,42047.36791536026
303317,43878.016,12106.768346829811
303318,43878.016,18377.675031478397
303319,43878.016,17661.1702536993
303320,43878.016,67945.25994176543
303321,43878.016,67643.8702725621
303322,43878.016,24683.55754762059
303323,43878.016,46292.927893645465
303324,43878.016,55121.54803220665
303325,43878.016,16589.33446544505
303326,43878.016,16256.399983624764
303327,43878.016,42120.48090195706
303328,43878.016,28094.289091431398
303329,43878.016,49604.720640704174
303330,43878.016,16570.343624279387
303331,43878.016,12137.708898249839
303332,43878.016,42558.9660930028
303333,43878.016,23691.538061737014
303334,43878.016,16395.47233315192
303335,43878.016,16259.344643982455
303336,43878.016,49709.937421748524
303337,43878.016,8171.176771291537
303338,43878.016,45636.352287102614
303339,43878.016,29583.21935806146
303340,43878.016,30624.602646499257
303341,43878.016,18225.274107494904
303342,43878.016,60316.63574407864
303343,43878.016,18941.404554804845
303344,43878.016,25239.672181619906
303345,43878.016,59742.86605292136
303346,43878.016,22630.920761203008
303347,43878.016,44514.51230665938
303348,43878.016,21796.317789160494
303349,43878.016,26281.789524994856
303350,43878.016,7812.16178053464
303351,43878.016,17842.14989191504
303352,43878.016,56593.41840965883
303353,43878.016,22838.811060846994
303354,43878.016,31227.643687883276
303355,43878.016,59911.5069585576
303356,43878.016,47808.063127815
303357,43878.016,34555.510538003844
303358,43878.016,16396.436173741982
303359,43878.016,11692.903280005841
303360,43878.016,47729.31406531947
303361,43878.016,20810.35399949339
303362,43878.016,33829.68576505104
303363,43878.016,45869.23746515858
303364,43878.016,11150.5955241259
303365,43878.016,7917.996748288367
303366,43878.016,15476.330966987098
303367,43878.016,22925.771694329895
303368,43878.016,24577.38079481589
303369,43878.016,29600.093031480203
303370,43878.016,47364.667773177396
303371,43878.016,35847.97781310363
303372,43878.016,11683.8470604398
303373,43878.016,44688.57166657074
303374,43878.016,47785.177966354844
303375,43878.016,74424.50085209083
303376,43878.016,56249.52303758452
303377,43878.016,28026.537398201297
303378,43878.016,13847.20359680114
303379,43878.016,35849.99906350378
303380,43878.016,25075.903035904583
303381,43878.016,43835.071223917446
303382,43878.016,17209.022208087048
303383,43878.016,41268.616144822445
303384,43878.016,12281.809115014623
303385,43878.016,25451.66956841503
303386,43878.016,57320.49334036416
303387,43878.016,30434.41253334541
303388,43878.016,64704.99200795761
303389,43878.016,65254.04791351776
303390,43878.016,17437.443072982842
303391,43878.016,22678.297497637886
303392,43878.016,33538.35872014661
303393,43878.016,45548.15078962928
303394,43878.016,10778.308276780977
303395,43878.016,63210.07941810758
303396,43878.016,28664.406718359307
303397,43878.016,14474.020063047592
303398,43878.016,15032.283206710032
303399,43878.016,55259.90181062094
303400,43878.016,53324.04692283854
303401,43878.016,57482.69407896299
303402,43878.016,55894.26840734389
303403,43878.016,20073.893220862567
303404,43878.016,31721.207280856055
303405,43878.016,30027.886692636104
303406,43878.016,23341.563045740662
303407,43878.016,9545.516223678997
303408,43878.016,47338.84311426046
303409,43878.016,26740.582123994638
303410,43878.016,13508.207132962421
303411,43878.016,52719.863400246366
303412,43878.016,50922.1140268481
303413,43878.016,53323.31032166194
303414,43878.016,10140.074657228122
303415,43878.016,14823.257145665882
303416,43878.016,20474.972429979094
303417,43878.016,28298.808802150746
303418,43878.016,19709.074923626777
303419,43878.016,59029.76262888908
303420,43878.016,21226.747397770683
303421,43878.016,48698.88638196792
303422,43878.016,5049.511543128902
303423,43878.016,39471.60970736152
303424,43878.016,31903.157913459505
303425,43878.016,43908.348824327186
303426,43878.016,9467.609437075249
303427,43878.016,18010.923402104345
303428,43878.016,9167.533874478222
303429,43878.016,43110.53894844695
303430,43878.016,18025.081791107565
303431,43878.016,25372.581360002598
303432,43878.016,56073.239261174516
303433,43878.016,15304.225168111188
303434,43878.016,23767.47763921102
303435,43878.016,12328.330761008716
303436,43878.016,13245.61784983341
303437,43878.016,21124.977088343036
303438,43878.016,17127.26496028283
303439,43878.016,40563.17043954722
303440,43878.016,29373.91362947752
303441,43878.016,40106.6028682905
303442,43878.016,68308.26782012438
303443,43878.016,55253.53898577737
303444,43878.016,35507.988466161274
303445,43878.016,55728.798402724846
303446,43878.016,16740.190427785794
303447,43878.016,57358.164604006044
303448,43878.016,10424.039030621325
303449,43878.016,47369.87201140458
303450,43878.016,6762.018968275777
303451,43878.016,45372.64051896362
303452,43878.016,48788.70563236845
303453,43878.016,31455.62922993875
303454,43878.016,26147.43991903799
303455,43878.016,23005.866077842096
303456,43878.016,7943.073540921919
303457,43878.016,56759.46883182728
303458,43878.016,59501.00366958961
303459,43878.016,44724.80826417602
303460,43878.016,3091.5330508507736
303461,43878.016,23547.713177985537
303462,43878.016,32565.915409628175
303463,43878.016,31794.586386205396
303464,43878.016,15632.541256960929
303465,43878.016,47978.710668920015
303466,43878.016,30215.99998397535
303467,43878.016,42500.47494038047
303468,43878.016,21482.243172204257
303469,43878.016,8257.884183203898
303470,43878.016,6476.9233938899215
303471,43878.016,12313.109250172292
303472,43878.016,23842.896598710806
303473,43878.016,62684.58077358489
303474,43878.016,66536.2399847615
303475,43878.016,26254.045279658174
303476,43878.016,33343.657970707754
303477,43878.016,57179.41824604309
303478,43878.016,7427.723093341163
303479,43878.016,41318.32685846337
303480,43878.016,28097.952433165574
303481,43878.016,73972.1680706575
303482,43878.016,12581.859398880046
303483,43878.016,62753.27157317828
303484,43878.016,13649.832974864963
303485,43878.016,48248.837482497845
303486,43878.016,9511.831373872148
303487,43878.016,24953.39299150309
303488,43878.016,20288.10269691585
303489,43878.016,51088.42659930945
303490,43878.016,11467.587425700358
303491,43878.016,65760.03132564755
303492,43878.016,11515.477150229492
303493,43878.016,65352.09037222047
303494,43878.016,17564.263490175603
303495,43878.016,10893.057247546561
303496,43878.016,42698.37881225627
303497,43878.016,24817.564936578314
303498,43878.016,46755.58219147086
303499,43878.016,16670.01620263584
303500,43878.016,41489.98631366708
303501,43878.016,8828.159803740244
303502,43878.016,47249.59622850891
303503,43878.016,35789.264709468465
303504,43878.016,44188.70322080293
303505,43878.016,15364.341023695806
303506,43878.016,38135.13849457735
303507,43878.016,14683.062012631757
303508,43878.016,40141.70500978814
303509,43878.016,34913.92053204452
303510,43878.016,44320.5252994124
303511,43878.016,45512.097639408836
303512,43878.016,8500.73951213203
303513,43878.016,16471.898718932414
303514,43878.016,47703.70970577813
303515,43878.016,35457.33415931812
303516,43878.016,8363.201442370722
303517,43878.016,116388.55572095152
303518,43878.016,7514.1337912499175
303519,43878.016,11185.983118121601
303520,43878.016,43171.39367450696
303521,43878.016,55002.73309733418
303522,43878.016,27678.39073146313
303523,43878.016,29330.667453321574
303524,43878.016,21314.451295272178
303525,43878.016,67821.8160207784
303526,43878.016,63388.35118536655
303527,43878.016,30886.958278208323
303528,43878.016,19666.139055144507
303529,43878.016,81158.53521224455
303530,43878.016,15339.980810965626
303531,43878.016,44096.32132001366
303532,43878.016,38109.397482102795
303533,43878.016,24030.383539153696
303534,43878.016,61684.87530765507
303535,43878.016,18243.01609856199
303536,43878.016,13354.31960508168
303537,43878.016,44492.73968882963
303538,43878.016,15328.761911730879
303539,43878.016,40825.87922667404
303540,43878.016,62214.468660747756
303541,43878.016,17006.005073352524
303542,43878.016,35519.30137150483
303543,43878.016,54023.138872018375
303544,43878.016,41463.32519865897
303545,43878.016,48852.29284512964
303546,43878.016,10955.29936902678
303547,43878.016,37090.111883504425
303548,43878.016,16343.837180766968
303549,43878.016,56948.78118094829
303550,43878.016,34684.856815669795
303551,43878.016,20140.71818158921
303552,43878.016,23872.099278452355
303553,43878.016,57412.35096107565
303554,43878.016,32972.99303689526
303555,43878.016,41957.353618245514
303556,43878.016,65775.95433283623
303557,43878.016,43698.2436566767
303558,43878.016,26410.295966630976
303559,43878.016,24989.169883760336
303560,43878.016,41436.51507147392
303561,43878.016,19152.071378450666
303562,43878.016,62477.0508047393
303563,43878.016,7543.105948754665
303564,43878.016,28373.379086647805
303565,43878.016,33230.48300394396
303566,43878.016,49148.65256280141
303567,43878.016,56659.68235328233
303568,43878.016,11598.306029816698
303569,43878.016,27954.741290243233
303570,43878.016,72215.54186936881
303571,43878.016,26872.385601421778
303572,43878.016,37106.83890153619
303573,43878.016,71577.81640604683
303574,43878.016,41108.33826009756
303575,43878.016,49607.22062407698
303576,43878.016,44910.23061456914
303577,43878.016,37711.31392576204
303578,43878.016,42341.00784293611
303579,43878.016,60294.55658095993
303580,43878.016,17755.984800107493
303581,43878.016,47031.22010880441
303582,43878.016,17475.811852139905
303583,43878.016,11758.353632546921
303584,43878.016,41656.50541386351
303585,43878.016,11851.807214998
303586,43878.016,50291.57092734602
303587,43878.016,28739.78323710669
303588,43878.016,39947.10428341538
303589,43878.016,66206.24876215715
303590,43878.016,46291.07332515804
303591,43878.016,12296.851727870853
303592,43878.016,31704.659168848608
303593,43878.016,49786.05942140055
303594,43878.016,20250.274264961277
303595,43878.016,16223.541739532267
303596,43878.016,81477.5819325289
303597,43878.016,30736.9949201299
303598,43878.016,10988.741619321805
303599,43878.016,22084.67009929769
303600,43878.016,4650.874726809185
303601,43878.016,10780.747718490937
303602,43878.016,17211.208480360077
303603,43878.016,33412.21472855464
303604,43878.016,13331.047977930812
303605,43878.016,39098.66541011258
303606,43878.016,69978.34365764468
303607,43878.016,48611.76017183846
303608,43878.016,10904.242389163514
303609,43878.016,55507.568810329976
303610,43878.016,35036.9814655505
303611,43878.016,59264.27676957845
303612,43878.016,9110.53535208759
303613,43878.016,20731.586961928413
303614,43878.016,43709.724909071236
303615,43878.016,52450.9188403751
303616,43878.016,22521.59857164244
303617,43878.016,32180.989592933478
303618,43878.016,111156.57691254682
303619,43878.016,29832.545640371893
303620,43878.016,29401.58031395847
303621,43878.016,36433.83073474035
303622,43878.016,9443.34524562609
303623,43878.016,29663.11772634477
303624,43878.016,30411.986176744493
303625,43878.016,45733.56866738275
303626,43878.016,32287.56023483635
303627,43878.016,44897.206460145
303628,43878.016,16979.26260542547
303629,43878.016,71703.01642566267
303630,43878.016,5811.4792889278115
303631,43878.016,19853.071242383165
303632,43878.016,43594.01458070704
303633,43878.016,14933.66013364199
303634,43878.016,50918.65460722164
303635,43878.016,45075.37217880704
303636,43878.016,30512.146552814575
303637,43878.016,20941.013755586428
303638,43878.016,26521.915329692358
303639,43878.016,15749.75237426821
303640,43878.016,13683.957947222067
303641,43878.016,20741.838278326843
303642,43878.016,25880.55185708624
303643,43878.016,29113.5704881303
303644,43878.016,5897.383620562833
303645,43878.016,54302.88172301636
303646,43878.016,37709.715907232996
303647,43878.016,42760.07337746425
303648,43878.016,25706.50970968495
303649,43878.016,12075.336337137962
303650,43878.016,7617.048332462384
303651,43878.016,45918.052261474804
303652,43878.016,24990.482294336616
303653,43878.016,29378.671650101584
303654,43878.016,33066.46399861577
303655,43878.016,24536.7099173188
303656,43878.016,20522.60852554954
303657,43878.016,65195.49087644142
303658,43878.016,28921.554487051806
303659,43878.016,22267.41038190466
303660,43878.016,26781.508967156264
303661,43878.016,75123.13303213767
303662,43878.016,44097.94529112269
303663,43878.016,48321.212886167756
303664,43878.016,41494.92537686161
303665,43878.016,31115.34836072046
303666,43878.016,38454.80210400048
303667,43878.016,58905.254767890176
303668,43878.016,55087.36606017382
303669,43878.016,73826.32967664681
303670,43878.016,49769.69291497738
303671,43878.016,91594.22814640464
303672,43878.016,16462.384317309738
303673,43878.016,25873.68070007788
303674,43878.016,25009.65726783598
303675,43878.016,60537.59157040534
303676,43878.016,67215.79503939295
303677,43878.016,32385.950041188444
303678,43878.016,46185.49557217631
303679,43878.016,12687.31349991359
303680,43878.016,13223.962580935788
303681,43878.016,12201.42269788696
303682,43878.016,57901.58153761635
303683,43878.016,47052.248820462795
303684,43878.016,24805.01187455386
303685,43878.016,45373.46640988863
303686,43878.016,34203.367645400336
303687,43878.016,34348.12513621756
303688,43878.016,21053.958649456566
303689,43878.016,43154.26352588017
303690,43878.016,11389.837053754756
303691,43878.016,79381.71045034112
303692,43878.016,10902.004111113507
303693,43878.016,27795.797357384025
303694,43878.016,11657.817106738972
303695,43878.016,21774.013803787315
303696,43878.016,23299.48510011688
303697,43878.016,43929.4830118355
303698,43878.016,17610.874151819557
303699,43878.016,59310.48132689985
303700,43878.016,55054.54883386479
303701,43878.016,70587.67561009039
303702,43878.016,64029.55776901553
303703,43878.016,29935.830503628153
303704,43878.016,37027.33570988144
303705,43878.016,21215.676405405866
303706,43878.016,17895.2326598075
303707,43878.016,32212.620046479264
303708,43878.016,47536.00983995465
303709,43878.016,15508.383235680472
303710,43878.016,83876.34601515387
303711,43878.016,13898.025625370836
303712,43878.016,16492.109522388037
303713,43878.016,17006.30701015373
303714,43878.016,19022.137277659862
303715,43878.016,35284.491261603835
303716,43878.016,20321.921490051092
303717,43878.016,14137.506806431913
303718,43878.016,32038.597236379595
303719,43878.016,33348.74158121436
303720,43878.016,41854.45126877037
303721,43878.016,38291.87912965848
303722,43878.016,57491.15339952149
303723,43878.016,24356.381545623408
303724,43878.016,15823.293041957257
303725,43878.016,62885.756633075405
303726,43878.016,44678.627205711346
303727,43878.016,11695.33693845269
303728,43878.016,12619.447059509952
303729,43878.016,56400.705653169956
303730,43878.016,37378.24878692321
303731,43878.016,10722.80623277035
303732,43878.016,18144.964277743835
303733,43878.016,22071.690062539605
303734,43878.016,41902.91527396958
303735,43878.016,26908.45712931819
303736,43878.016,37368.98813167764
303737,43878.016,39441.01392270599
303738,43878.016,15357.521965465316
303739,43878.016,72646.22956516728
303740,43878.016,13004.918779860001
303741,43878.016,23064.178173267468
303742,43878.016,60093.06053157066
303743,43878.016,11636.810836777673
303744,43878.016,47277.26864134857
303745,43878.016,30568.507662832377
303746,43878.016,14360.10409303773
303747,43878.016,60451.860729566135
303748,43878.016,9724.224434637163
303749,43878.016,13374.331387849903
303750,43878.016,48382.87096952148
303751,43878.016,46057.34217605998
303752,43878.016,26515.488256240023
303753,43878.016,6287.458131446444
303754,43878.016,31234.42967351915
303755,43878.016,60729.312109708546
303756,43878.016,17623.50963648677
303757,43878.016,46005.31173605868
303758,43878.016,43432.090524810345
303759,43878.016,27305.59323732732
303760,43878.016,43996.075908000814
303761,43878.016,49825.871319388956
303762,43878.016,29253.805876432987
303763,43878.016,43299.72748441614
303764,43878.016,17240.70673384046
303765,43878.016,27922.750537316893
303766,43878.016,59774.51673833076
303767,43878.016,64879.20015564069
303768,43878.016,15638.094304948765
303769,43878.016,7369.655131025765
303770,43878.016,53433.13255229905
303771,43878.016,51827.86843255074
303772,43878.016,73467.46813425241
303773,43878.016,17958.12128660344
303774,43878.016,7824.371101268551
303775,43878.016,43121.71786315604
303776,43878.016,45244.24625541495
303777,43878.016,25908.571151226057
303778,43878.016,16454.65734880703
303779,43878.016,20487.51506617951
303780,43878.016,23694.496048445202
303781,43878.016,33214.288526527125
303782,43878.016,30435.83236137405
303783,43878.016,58256.86120842217
303784,43878.016,35545.1889436587
303785,43878.016,37420.34588613033
303786,43878.016,17038.11265589054
303787,43878.016,13592.767959970766
303788,43878.016,14276.831425894583
303789,43878.016,36837.86106890816
303790,43878.016,55907.14712627152
303791,43878.016,43315.29370468186
303792,43878.016,11496.045860828954
303793,43878.016,51991.16464634548
303794,43878.016,54945.31788013187
303795,43878.016,43165.73816011542
303796,43878.016,34229.379495126705
303797,43878.016,38701.529488913904
303798,43878.016,67899.30145793932
303799,43878.016,22136.99208421253
303800,43878.016,15880.04338918618
303801,43878.016,52313.36267743064
303802,43878.016,47566.30304758864
303803,43878.016,48727.19204909925
303804,43878.016,27093.27756296463
303805,43878.016,55028.198487840666
303806,43878.016,10861.83908910148
303807,43878.016,32726.043106219742
303808,43878.016,53353.55438316402
303809,43878.016,43942.60117778147
303810,43878.016,37220.40434696144
303811,43878.016,46712.66839940161
303812,43878.016,12925.979184438815
303813,43878.016,22865.62945257098
303814,43878.016,28302.458674915844
303815,43878.016,21560.35947060289
303816,43878.016,26518.812253690823
303817,43878.016,76513.30458717652
303818,43878.016,35165.596654982844
303819,43878.016,10220.715812235429
303820,43878.016,24542.01378441431
303821,43878.016,18317.34103546403
303822,43878.016,12403.699059300861
303823,43878.016,12811.840945938204
303824,43878.016,57709.75430234814
303825,43878.016,50962.81392828373
303826,43878.016,8161.389225117361
303827,43878.016,16090.316689354797
303828,43878.016,43945.19959566049
303829,43878.016,47397.49103074183
303830,43878.016,27422.437472358357
303831,43878.016,50848.63374403749
303832,43878.016,5129.927471737627
303833,43878.016,70985.57920786552
303834,43878.016,11474.347490598326
303835,43878.016,23760.72773592294
303836,43878.016,32761.24828744064
303837,43878.016,19194.71719439734
303838,43878.016,36348.12608416641
303839,43878.016,30880.74476491171
303840,43878.016,52688.30897007389
303841,43878.016,70073.76734461305
303842,43878.016,46745.59226368566
303843,43878.016,16515.55990063054
303844,43878.016,64148.8526480876
303845,43878.016,32856.59942343582
303846,43878.016,85165.26800045578
303847,43878.016,47790.35453181544
303848,43878.016,20651.33144423293
303849,43878.016,33572.541059390474
303850,43878.016,49913.8176069242
303851,43878.016,13845.271319616239
303852,43878.016,26080.757697907116
303853,43878.016,33497.9853478685
303854,43878.016,13718.479069869025
303855,43878.016,38596.51209738341
303856,43878.016,68470.42864282268
303857,43878.016,31262.868068926797
303858,43878.016,59262.43676513362
303859,43878.016,67987.81914340833
303860,43878.016,55189.29203690192
303861,43878.016,28625.676429867213
303862,43878.016,61213.48411588236
303863,43878.016,11165.982307568911
303864,43878.016,24187.886800704004
303865,43878.016,67424.2144822429
303866,43878.016,39155.51198192174
303867,43878.016,24533.577458207867
303868,43878.016,55158.71680067825
303869,43878.016,44497.583325257016
303870,43878.016,8811.946383268596
303871,43878.016,63058.47153859336
303872,43878.016,21273.054872705092
303873,43878.016,64596.38103390902
303874,43878.016,54314.71977948337
303875,43878.016,36545.525584471885
303876,43878.016,9957.036645835675
303877,43878.016,8432.981147963352
303878,43878.016,39663.62515475029
303879,43878.016,32440.473491737615
303880,43878.016,41201.39706922165
303881,43878.016,68535.0067616745
303882,43878.016,31476.646115772844
303883,43878.016,11770.902048298914
303884,43878.016,29441.50900344761
303885,43878.016,51005.705635604485
303886,43878.016,54726.9637794091
303887,43878.016,37487.234840429395
303888,43878.016,15382.880577652817
303889,43878.016,10395.662198524336
303890,43878.016,9934.040027820214
303891,43878.016,32568.18420598313
303892,43878.016,46408.99985921406
303893,43878.016,6193.765406140247
303894,43878.016,31511.660046198005
303895,43878.016,46522.37482606427
303896,43878.016,60091.072207795405
303897,43878.016,47434.24313340017
303898,43878.016,11507.798770613852
303899,43878.016,36863.019629552764
303900,43878.016,40056.04068344007
303901,43878.016,18522.576093853015
303902,43878.016,35383.46986195923
303903,43878.016,33693.12503607621
303904,43878.016,71968.63439901371
303905,43878.016,47918.548878602865
303906,43878.016,17028.720188777093
303907,43878.016,45231.19165055173
303908,43878.016,13838.340134302718
303909,43878.016,21563.059483695983
303910,43878.016,51496.146050057076
303911,43878.016,16425.649945199988
303912,43878.016,15906.155992888802
303913,43878.016,30686.003718635824
303914,43878.016,16472.052128758045
303915,43878.016,35245.35848096987
303916,43878.016,22795.01145169125
303917,43878.016,54315.873415436705
303918,43878.016,10574.903562309893
303919,43878.016,26252.036619304145
303920,43878.016,18798.555431899633
303921,43878.016,26669.54748147589
303922,43878.016,16425.15070768601
303923,43878.016,15887.129858632545
303924,43878.016,23571.871125392503
303925,43878.016,46428.84178635345
303926,43878.016,29453.147356479087
303927,43878.016,51430.49911374533
303928,43878.016,38398.27561856252
303929,43878.016,43791.793672048574
303930,43878.016,58157.862595074745
303931,43878.016,22982.25023236944
303932,43878.016,53287.734556398704
303933,43878.016,25403.928142542525
303934,43878.016,16837.44320720951
303935,43878.016,15288.385245051957
303936,43878.016,37223.791882653495
303937,43878.016,13094.39578517965
303938,43878.016,11362.936332075433
303939,43878.016,24191.37561235824
303940,43878.016,31802.04842413518
303941,43878.016,40893.81381585566
303942,43878.016,37686.56656224254
303943,43878.016,27195.58860948731
303944,43878.016,12948.081978085122
303945,43878.016,60801.825577799435
303946,43878.016,13364.857333549717
303947,43878.016,55769.56701516872
303948,43878.016,19201.67850946476
303949,43878.016,40850.115075035035
303950,43878.016,35150.18535194213
303951,43878.016,46830.54335319036
303952,43878.016,54541.03131089657
303953,43878.016,118159.32296384334
303954,43878.016,58189.703920649656
303955,43878.016,10094.702394775008
303956,43878.016,40058.11572680693
303957,43878.016,27593.132079228606
303958,43878.016,28539.987066871883
303959,43878.016,47148.184016397856
303960,43878.016,40471.18130619453
303961,43878.016,27234.923450476887
303962,43878.016,27817.202869677272
303963,43878.016,8395.723701432773
303964,43878.016,29038.19016323473
303965,43878.016,11745.410863698817
303966,43878.016,19447.93264599975
303967,43878.016,54125.57716951589
303968,43878.016,38525.7236894866
303969,43878.016,30787.22696814463
303970,43878.016,33074.23900515903
303971,43878.016,46569.41467081667
303972,43878.016,15794.049051261361
303973,43878.016,41093.189654538226
303974,43878.016,36969.95241856364
303975,43878.016,32355.115516256516
303976,43878.016,24290.525306650896
303977,43878.016,61789.223506448325
303978,43878.016,42090.812564896085
303979,43878.016,49211.7099034903
303980,43878.016,9496.191895903077
303981,43878.016,8742.219226690337
303982,43878.016,31428.18169795117
303983,43878.016,9703.706707884978
303984,43878.016,45688.06677992447
303985,43878.016,32127.8271381259
303986,43878.016,24035.375055172317
303987,43878.016,19073.674392234043
303988,43878.016,60399.10625320368
303989,43878.016,14771.906299781247
303990,43878.016,77124.9882829972
303991,43878.016,43271.260785837716
303992,43878.016,33121.93450006191
303993,43878.016,40871.91255044516
303994,43878.016,57342.38775864218
303995,43878.016,63687.65458905943
303996,43878.016,28507.35387002448
303997,43878.016,49788.36031398633
303998,43878.016,36493.26775846813
303999,43878.016,13289.707935686642
304000,43878.016,41482.10974767345
304001,43878.016,10058.437731511
304002,43878.016,8256.249860069673
304003,43878.016,7741.634084165882
304004,43878.016,48148.24889108961
304005,43878.016,9856.25049639663
304006,43878.016,18992.42960272482
304007,43878.016,42839.08284365118
304008,43878.016,33753.518757286816
304009,43878.016,21986.223085697606
304010,43878.016,22266.005066472113
304011,43878.016,25047.566130660838
304012,43878.016,60618.60628470783
304013,43878.016,16990.197059874838
304014,43878.016,51225.26172867252
304015,43878.016,42184.341985030536
304016,43878.016,19149.25143665415
304017,43878.016,36008.598677825205
304018,43878.016,10260.46387261372
304019,43878.016,31694.701411669852
304020,43878.016,35990.07475964041
304021,43878.016,29985.9367648398
304022,43878.016,9828.503319996216
304023,43878.016,52377.03492333219
304024,43878.016,34860.86930085281
304025,43878.016,49884.86434286087
304026,43878.016,61952.506778758245
304027,43878.016,64470.24190831518
304028,43878.016,54219.181098588946
304029,43878.016,23617.60683020807
304030,43878.016,17139.041851406128
304031,43878.016,35747.76948799698
304032,43878.016,19210.797191575315
304033,43878.016,46340.57661195091
304034,43878.016,52160.02731923126
304035,43878.016,25574.74578677875
304036,43878.016,15262.32167119509
304037,43878.016,13509.880018109256
304038,43878.016,25745.344690819413
304039,43878.016,37465.20909913177
304040,43878.016,12918.943463258009
304041,43878.016,117432.55688364006
304042,43878.016,9802.539313483974
304043,43878.016,8467.80345791647
304044,43878.016,14025.425009241122
304045,43878.016,16298.57614690623
304046,43878.016,12451.059782804536
304047,43878.016,73734.74809431891
304048,43878.016,78281.91721137014
304049,43878.016,44636.92486525443
304050,43878.016,15931.664077745136
304051,43878.016,25217.4441278764
304052,43878.016,10772.467446852672
304053,43878.016,50962.522121249654
304054,43878.016,21726.144360373535
304055,43878.016,30437.767406351886
304056,43878.016,8790.58504870662
304057,43878.016,33723.737437716816
304058,43878.016,56513.224511046974
304059,43878.016,16759.20710448118
304060,43878.016,10933.358668552408
304061,43878.016,41417.46050812517
304062,43878.016,36364.71096858326
304063,43878.016,11292.669246973295
304064,43878.016,67040.07442123987
304065,43878.016,33678.38224620356
304066,43878.016,60404.783715747326
304067,43878.016,26214.559716054562
304068,43878.016,50439.53240496284
304069,43878.016,23224.80385640621
304070,43878.016,19154.92781976019
304071,43878.016,63173.85351234804
304072,43878.016,24733.52580835102
304073,43878.016,30944.07461368794
304074,43878.016,33864.28277158932
304075,43878.016,38973.883319530614
304076,43878.016,72665.79036339564
304077,43878.016,36356.56687866119
304078,43878.016,55929.90441766206
304079,43878.016,17452.33256208057
304080,43878.016,30968.328499787538
304081,43878.016,21877.57351287387
304082,43878.016,72769.61572839144
304083,43878.016,40195.527878933586
304084,43878.016,27537.209228182324
304085,43878.016,10313.62179975837
304086,43878.016,38213.449623489614
304087,43878.016,9524.611415707643
304088,43878.016,45434.50031111245
304089,43878.016,53612.25847445295
304090,43878.016,37331.17889593093
304091,43878.016,68595.62001905416
304092,43878.016,28958.325431142875
304093,43878.016,22417.881670632272
304094,43878.016,8854.99757686717
304095,43878.016,35199.64399066878
304096,43878.016,9184.502726998899
304097,43878.016,46210.702524093154
304098,43878.016,27163.403473235485
304099,43878.016,31212.05444422316
304100,43878.016,22994.459133159875
304101,43878.016,10848.45318172708
304102,43878.016,20162.820249916505
304103,43878.016,16203.514277105656
304104,43878.016,51970.410076683984
304105,43878.016,31008.09002042985
304106,43878.016,18059.960440287432
304107,43878.016,15650.651370265294
304108,43878.016,4939.554874602638
304109,43878.016,13873.42918475745
304110,43878.016,56977.62818050838
304111,43878.016,63486.973587170694
304112,43878.016,34368.81769317262
304113,43878.016,12359.444713943123
304114,43878.016,37941.33154257595
304115,43878.016,12688.617828182703
304116,43878.016,13298.903661968468
304117,43878.016,57411.4231172292
304118,43878.016,19339.54038516918
304119,43878.016,18601.407866105026
304120,43878.016,14388.853714879857
304121,43878.016,37864.44662588159
304122,43878.016,15975.486375929551
304123,43878.016,41378.918599407065
304124,43878.016,8796.339235000914
304125,43878.016,35227.26918388913
304126,43878.016,54455.4437419723
304127,43878.016,20176.00517558047
304128,43878.016,52297.128762295026
304129,43878.016,63374.063478971584
304130,43878.016,25280.725147791738
304131,43878.016,45529.952562242295
304132,43878.016,30625.82381845771
304133,43878.016,37794.43880226729
304134,43878.016,30891.836893333435
304135,43878.016,38024.41066861725
304136,43878.016,12985.639997716748
304137,43878.016,22576.589205999175
304138,43878.016,44092.60839861906
304139,43878.016,8084.159838166137
304140,43878.016,39173.18622749987
304141,43878.016,28536.170348569398
304142,43878.016,22142.642841289533
304143,43878.016,24850.269035015044
304144,43878.016,26868.941890198294
304145,43878.016,14518.856034556837
304146,43878.016,46546.22696403414
304147,43878.016,7638.034601338162
304148,43878.016,48429.783436823614
304149,43878.016,27786.90994219934
304150,43878.016,40189.37256507458
304151,43878.016,62961.22187463224
304152,43878.016,14861.723606355523
304153,43878.016,29515.143213916046
304154,43878.016,11699.254228133024
304155,43878.016,78721.60202965571
304156,43878.016,51026.047757220294
304157,43878.016,15370.677785233427
304158,43878.016,16033.130797436157
304159,43878.016,15097.751976432932
304160,43878.016,24982.534002692486
304161,43878.016,13244.969664659237
304162,43878.016,55065.42746084826
304163,43878.016,10995.052409723387
304164,43878.016,22817.86139250559
304165,43878.016,19250.39208006987
304166,43878.016,7879.364442632709
304167,43878.016,36141.82098718368
304168,43878.016,34177.86417675631
304169,43878.016,9463.127380266033
304170,43878.016,14490.295079125712
304171,43878.016,37075.27561639629
304172,43878.016,19765.347509816704
304173,43878.016,43570.169001729686
304174,43878.016,61673.63007457869
304175,43878.016,33333.72532303343
304176,43878.016,22297.172610726437
304177,43878.016,50527.91210224055
304178,43878.016,12953.236316943572
304179,43878.016,20766.71401504197
304180,43878.016,53345.893640675204
304181,43878.016,27834.90289270068
304182,43878.016,21465.722586498734
304183,43878.016,4292.874940894555
304184,43878.016,21896.99705027736
304185,43878.016,50933.2892145801
304186,43878.016,28157.049989909883
304187,43878.016,38708.163973622686
304188,43878.016,9332.867940808192
304189,43878.016,19633.59970800165
304190,43878.016,14211.193031384966
304191,43878.016,31253.86748676602
304192,43878.016,52105.40120681342
304193,43878.016,16864.633398660124
304194,43878.016,50604.080398255595
304195,43878.016,77168.33858479047
304196,43878.016,58281.05569383489
304197,43878.016,19113.386663032707
304198,43878.016,9981.927748530357
304199,43878.016,33757.20062402767
304200,43878.016,61765.167113471885
304201,43878.016,20205.118106085905
304202,43878.016,13483.866943989933
304203,43878.016,31721.060008237488
304204,43878.016,43769.48861124547
304205,43878.016,7518.219696492552
304206,43878.016,20691.819929654328
304207,43878.016,25849.19033502825
304208,43878.016,58754.603537184164
304209,43878.016,52456.517986409264
304210,43878.016,12682.248443943521
304211,43878.016,32407.55116993992
304212,43878.016,32039.175437333295
304213,43878.016,12271.618929128661
304214,43878.016,39952.750748637816
304215,43878.016,19019.126361849652
304216,43878.016,69872.78239686195
304217,43878.016,48784.29461125383
304218,43878.016,49311.88850699446
304219,43878.016,49933.45463550408
304220,43878.016,35532.41973392946
304221,43878.016,31661.494931218906
304222,43878.016,38739.934518995804
304223,43878.016,16447.49111365107
304224,43878.016,51246.29699092035
304225,43878.016,30218.127765495465
304226,43878.016,29258.716243362767
304227,43878.016,60540.34960006504
304228,43878.016,15832.063233499113
304229,43878.016,52571.425125522444
304230,43878.016,26870.5396880553
304231,43878.016,38375.93553511959
304232,43878.016,59052.45229655121
304233,43878.016,11042.782600552866
304234,43878.016,37957.55447233919
304235,43878.016,16961.81793735186
304236,43878.016,25682.166281555583
304237,43878.016,31702.31166729577
304238,43878.016,32946.44010921946
304239,43878.016,52159.387701836444
304240,43878.016,13274.888915523701
304241,43878.016,35795.58308751921
304242,43878.016,43068.13317350816
304243,43878.016,14042.82990593298
304244,43878.016,63588.45500792811
304245,43878.016,15151.238686133776
304246,43878.016,33615.33078111052
304247,43878.016,19731.09758502136
304248,43878.016,9627.236214243696
304249,43878.016,35794.55831635366
304250,43878.016,39366.4265521291
304251,43878.016,45580.90482269502
304252,43878.016,39051.249220252816
304253,43878.016,39748.78870287353
304254,43878.016,34784.102084267244
304255,43878.016,51519.408957316846
304256,43878.016,14268.50784440044
304257,43878.016,60845.48179288583
304258,43878.016,12029.322478326749
304259,43878.016,64006.4298849496
304260,43878.016,74082.84851287666
304261,43878.016,31554.471961868876
304262,43878.016,18827.189330776244
304263,43878.016,15596.632602273658
304264,43878.016,87124.61682378525
304265,43878.016,7775.0330639461345
304266,43878.016,21994.560015322364
304267,43878.016,64396.15199673246
304268,43878.016,34140.461464735854
304269,43878.016,27630.14302518174
304270,43878.016,19351.31398207655
304271,43878.016,45338.141280959986
304272,43878.016,35272.88214816582
304273,43878.016,10723.245978001529
304274,43878.016,8372.473770453973
304275,43878.016,61080.3770379333
304276,43878.016,69758.12905377352
304277,43878.016,48202.18623502751
304278,43878.016,17475.920187682277
304279,43878.016,44073.74449631285
304280,43878.016,26021.163051322375
304281,43878.016,25487.056055348778
304282,43878.016,53911.153084397665
304283,43878.016,42567.14853442132
304284,43878.016,48625.8048670978
304285,43878.016,59082.57074253805
304286,43878.016,49633.952519752704
304287,43878.016,30043.029026686832
304288,43878.016,45016.32565429747
304289,43878.016,14792.080858904787
304290,43878.016,19416.537947892288
304291,43878.016,30296.25862031603
304292,43878.016,14702.621092158159
304293,43878.016,26564.724666701968
304294,43878.016,27935.427495812604
304295,43878.016,41948.68695534308
304296,43878.016,27266.81749622576
304297,43878.016,35088.77796645722
304298,43878.016,93093.79869617411
304299,43878.016,51874.94875754883
304300,43878.016,14154.199225256727
304301,43878.016,28182.119080635886
304302,43878.016,11164.396188476296
304303,43878.016,64558.49613717009
304304,43878.016,68630.6779749871
304305,43878.016,22124.6744815721
304306,43878.016,10193.620811673856
304307,43878.016,14586.345224251258
304308,43878.016,19860.588208865604
304309,43878.016,28559.14344193785
304310,43878.016,54495.708758318695
304311,43878.016,43694.492835996534
304312,43878.016,28676.405696921647
304313,43878.016,28857.653481324865
304314,43878.016,27582.994285982804
304315,43878.016,26623.2816067491
304316,43878.016,12355.95660515647
304317,43878.016,13055.786899413815
304318,43878.016,23926.236076204696
304319,43878.016,27589.105922512055
304320,43878.016,29711.04375212945
304321,43878.016,24005.75885373452
304322,43878.016,53214.57236943668
304323,43878.016,31739.821941121616
304324,43878.016,34235.94301049654
304325,43878.016,17644.122772966468
304326,43878.016,12133.408742959631
304327,43878.016,35990.31206705467
304328,43878.016,28388.332193072496
304329,43878.016,51476.54836682009
304330,43878.016,44677.68059176
304331,43878.016,38384.482642364084
304332,43878.016,62086.89700807352
304333,43878.016,67647.8841041118
304334,43878.016,57584.942506518055
304335,43878.016,48818.85662346641
304336,43878.016,54359.12855388267
304337,43878.016,36642.37718052115
304338,43878.016,35866.25536292358
304339,43878.016,59563.01890172911
304340,43878.016,41467.0112410445
304341,43878.016,34939.31632528943
304342,43878.016,38940.490874203766
304343,43878.016,7932.476828076565
304344,43878.016,48495.97855843065
304345,43878.016,24708.652567644534
304346,43878.016,27685.049306022902
304347,43878.016,40989.27209246889
304348,43878.016,8496.624878330085
304349,43878.016,8526.46695942305
304350,43878.016,15941.5123589579
304351,43878.016,62769.61162000192
304352,43878.016,34886.22881772581
304353,43878.016,15802.27873644322
304354,43878.016,31993.07240453512
304355,43878.016,26166.438604539526
304356,43878.016,81805.60976426509
304357,43878.016,104685.48028783064
304358,43878.016,29150.29483528917
304359,43878.016,20567.50978731247
304360,43878.016,20245.35346258596
304361,43878.016,14534.41656593235
304362,43878.016,26319.87691635604
304363,43878.016,23370.30346375844
304364,43878.016,26843.96262263689
304365,43878.016,53618.72343367328
304366,43878.016,45322.96943173672
304367,43878.016,14111.777795744945
304368,43878.016,51958.201944105735
304369,43878.016,52655.68443905337
304370,43878.016,45411.70065466939
304371,43878.016,17777.078302678357
304372,43878.016,24005.41080782381
304373,43878.016,24000.785922420015
304374,43878.016,9766.66619190208
304375,43878.016,63712.60169692132
304376,43878.016,63145.70327113433
304377,43878.016,9665.360653391794
304378,43878.016,22025.725792051253
304379,43878.016,45162.66123746039
304380,43878.016,16962.94965186558
304381,43878.016,14014.970877357324
304382,43878.016,9529.165178461108
304383,43878.016,51872.73974091956
304384,43878.016,24537.54335457088
304385,43878.016,64352.63592873138
304386,43878.016,24427.113626410406
304387,43878.016,34968.71074974269
304388,43878.016,61865.83188392246
304389,43878.016,28007.314799787797
304390,43878.016,10871.162772730459
304391,43878.016,8325.751176161712
304392,43878.016,19639.14963061877
304393,43878.016,34702.887043661576
304394,43878.016,52910.44587310746
304395,43878.016,41118.93188898588
304396,43878.016,18679.377400459176
304397,43878.016,8553.96490449863
304398,43878.016,15277.882193303312
304399,43878.016,62611.03909414918
304400,43878.016,41616.31998591131
304401,43878.016,70627.96935771914
304402,43878.016,13461.627610718515
304403,43878.016,15402.072610362362
304404,43878.016,38454.43561144014
304405,43878.016,24895.783890323204
304406,43878.016,8142.088021545034
304407,43878.016,28473.66446813476
304408,43878.016,10396.055654825928
304409,43878.016,35434.51980360155
304410,43878.016,17977.473657229577
304411,43878.016,64506.079095320754
304412,43878.016,30550.21659099105
304413,43878.016,65584.3245256805
304414,43878.016,38974.6666082947
304415,43878.016,18086.943799426725
304416,43878.016,41677.33586833258
304417,43878.016,49012.15662934984
304418,43878.016,8686.076827080264
304419,43878.016,35182.099831969004
304420,43878.016,32400.105441115567
304421,43878.016,36503.81083304622
304422,43878.016,5713.398118188177
304423,43878.016,31454.54775830529
304424,43878.016,20188.76046771557
304425,43878.016,18859.749222974555
304426,43878.016,48432.38872703045
304427,43878.016,71574.56068765932
304428,43878.016,7083.140367598523
304429,43878.016,10653.329492649955
304430,43878.016,11199.60953682117
304431,43878.016,33572.54562424148
304432,43878.016,44602.16965925154
304433,43878.016,9425.15381989127
304434,43878.016,13297.455312886166
304435,43878.016,27412.868922286154
304436,43878.016,14342.955444299494
304437,43878.016,31094.718013999674
304438,43878.016,28763.04576430954
304439,43878.016,37760.69055186002
304440,43878.016,17788.086655985477
304441,43878.016,16687.17495660295
304442,43878.016,7439.305302107589
304443,43878.016,62873.72538369797
304444,43878.016,12566.496572751088
304445,43878.016,24910.621918472814
304446,43878.016,23482.09909504791
304447,43878.016,78874.56151052963
304448,43878.016,42160.24262886871
304449,43878.016,31687.5539611196
304450,43878.016,5889.215039080528
304451,43878.016,27965.77820938366
304452,43878.016,38597.51386654501
304453,43878.016,81447.69065157257
304454,43878.016,28410.404033982122
304455,43878.016,31918.878317942315
304456,43878.016,21629.48323925944
304457,43878.016,22264.61901286168
304458,43878.016,48179.15774772374
304459,43878.016,31888.410460306288
304460,43878.016,101033.38146678027
304461,43878.016,26079.03881556531
304462,43878.016,75710.51751234582
304463,43878.016,38256.00529684668
304464,43878.016,30553.374332236923
304465,43878.016,67500.47466182227
304466,43878.016,41354.05248093489
304467,43878.016,12316.557186097145
304468,43878.016,6331.497097980521
304469,43878.016,27128.012040891612
304470,43878.016,117300.84088450359
304471,43878.016,21721.046750941685
304472,43878.016,30149.536094764804
304473,43878.016,70559.34882069158
304474,43878.016,11645.999558219351
304475,43878.016,45790.32102806915
304476,43878.016,57520.77674926205
304477,43878.016,51534.968751292065
304478,43878.016,10731.724326160109
304479,43878.016,79779.38605489577
304480,43878.016,78144.89780954653
304481,43878.016,6195.111764763415
304482,43878.016,21293.732089766774
304483,43878.016,50312.15083382253
304484,43878.016,17810.01150545435
304485,43878.016,23216.284169074057
304486,43878.016,34949.23047588999
304487,43878.016,27377.888386547635
304488,43878.016,51595.420377091476
304489,43878.016,10530.446404477108
304490,43878.016,46339.329384908495
304491,43878.016,43922.28595965558
304492,43878.016,50205.24585726929
304493,43878.016,31373.982726274364
304494,43878.016,47522.83785372856
304495,43878.016,14354.623826977608
304496,43878.016,43508.08117558807
304497,43878.016,8574.28877870118
304498,43878.016,27391.114495326343
304499,43878.016,12688.424165165625
304500,43878.016,54334.02798862695
304501,43878.016,16296.075477142645
304502,43878.016,47490.227932885755
304503,43878.016,42643.09090415209
304504,43878.016,81535.2329328299
304505,43878.016,61142.41107717971
304506,43878.016,63549.780160697206
304507,43878.016,18515.912188168833
304508,43878.016,14185.939768679866
304509,43878.016,14341.949588100328
304510,43878.016,18336.90200319033
304511,43878.016,50736.87275120577
304512,43878.016,27060.72635963855
304513,43878.016,8121.9489916940165
304514,43878.016,39747.23433608318
304515,43878.016,11116.403412165604
304516,43878.016,14245.331109147884
304517,43878.016,18800.58467110274
304518,43878.016,13708.262672307259
304519,43878.016,38696.11973551586
304520,43878.016,35350.920934543305
304521,43878.016,15742.351878648571
304522,43878.016,28361.81673555371
304523,43878.016,33142.21712094938
304524,43878.016,51044.48246157236
304525,43878.016,18818.561214479545
304526,43878.016,11373.242194168628
304527,43878.016,33425.78674733169
304528,43878.016,51815.15594643449
304529,43878.016,7709.330085362855
304530,43878.016,5273.13573553427
304531,43878.016,41823.56766141512
304532,43878.016,66745.27705160531
304533,43878.016,8099.844791055704
304534,43878.016,67675.51965479823
304535,43878.016,15543.625609198083
304536,43878.016,19553.371877650774
304537,43878.016,30138.3542634593
304538,43878.016,7930.407950621082
304539,43878.016,18771.45138377502
304540,43878.016,33167.697362894316
304541,43878.016,26028.96629335085
304542,43878.016,11548.622460941157
304543,43878.016,40264.02127870337
304544,43878.016,35013.91936969013
304545,43878.016,113934.78462483903
304546,43878.016,52772.06535704031
304547,43878.016,48651.91354499968
304548,43878.016,19867.90601921072
304549,43878.016,36293.52515516341
304550,43878.016,10164.764695388361
304551,43878.016,58348.66348400745
304552,43878.016,21593.526345620925
304553,43878.016,38834.55185610722
304554,43878.016,32043.147115348384
304555,43878.016,45385.38943802156
304556,43878.016,16495.943679169526
304557,43878.016,18406.541052566037
304558,43878.016,58402.59179144013
304559,43878.016,8292.490742580238
304560,43878.016,12301.31287076843
304561,43878.016,23857.738161209752
304562,43878.016,25353.135857970945
304563,43878.016,35296.43325082834
304564,43878.016,21307.994537216677
304565,43878.016,30569.305693346538
304566,43878.016,34777.38103576507
304567,43878.016,27423.60746457049
304568,43878.016,26180.422393594738
304569,43878.016,48753.10025895617
304570,43878.016,18635.73534864101
304571,43878.016,47935.581171536054
304572,43878.016,6870.741365882385
304573,43878.016,29079.276585779815
304574,43878.016,30418.0908082319
304575,43878.016,61968.31819201929
304576,43878.016,37428.067493437986
304577,43878.016,44948.001565255196
304578,43878.016,33047.16988924007
304579,43878.016,48933.519363630796
304580,43878.016,40095.014481999126
304581,43878.016,64240.132935121685
304582,43878.016,42453.546959884836
304583,43878.016,44031.71201533448
304584,43878.016,21211.618205546307
304585,43878.016,58227.39438118929
304586,43878.016,50422.001827730375
304587,43878.016,70025.07960135814
304588,43878.016,31608.794614682596
304589,43878.016,38700.64624143578
304590,43878.016,6597.712762881094
304591,43878.016,10193.620530359292
304592,43878.016,26715.402816221234
304593,43878.016,29233.287498836136
304594,43878.016,73144.06049004495
304595,43878.016,23078.040710911624
304596,43878.016,7505.679644371802
304597,43878.016,50942.06281460899
304598,43878.016,27238.094389539805
304599,43878.016,11513.587574157982
304600,43878.016,52441.0215067209
304601,43878.016,45258.124181886524
304602,43878.016,56835.68540791681
304603,43878.016,81945.69329915241
304604,43878.016,58305.790378422695
304605,43878.016,27889.755346555616
304606,43878.016,52833.28440945912
304607,43878.016,53509.243823005374
304608,43878.016,56983.1992206276
304609,43878.016,41454.52164741947
304610,43878.016,15039.250627171978
304611,43878.016,36333.17762006846
304612,43878.016,19160.33324046383
304613,43878.016,16059.158140578222
304614,43878.016,14621.2060714515
304615,43878.016,61688.914625694306
304616,43878.016,34476.06469616363
304617,43878.016,36805.45637815607
304618,43878.016,10769.5595324703
304619,43878.016,43970.59182805233
304620,43878.016,42279.8840033383
304621,43878.016,49585.93378368826
304622,43878.016,66043.12304091304
304623,43878.016,47495.01228024832
304624,43878.016,30686.361877414252
304625,43878.016,32062.41217737198
304626,43878.016,35263.788479234456
304627,43878.016,73660.04808060308
304628,43878.016,39708.27116715763
304629,43878.016,13119.971882297026
304630,43878.016,8689.400903217065
304631,43878.016,36911.55673872674
304632,43878.016,57723.08950771965
304633,43878.016,60573.88997488759
304634,43878.016,40490.32638752515
304635,43878.016,18677.26179858472
304636,43878.016,73288.04453846102
304637,43878.016,11384.189100243453
304638,43878.016,11319.02247342638
304639,43878.016,45036.43944017035
304640,43878.016,39845.00778386089
304641,43878.016,16709.63914938527
304642,43878.016,10754.083604856878
304643,43878.016,33517.587938044286
304644,43878.016,12143.327756382681
304645,43878.016,31971.184560783702
304646,43878.016,39556.2840695546
304647,43878.016,22364.32244831275
304648,43878.016,13497.521613512736
304649,43878.016,28840.54773055904
304650,43878.016,48905.87065186118
304651,43878.016,35048.41569083572
304652,43878.016,18741.42991293285
304653,43878.016,27107.57561200801
304654,43878.016,29342.278296118166
304655,43878.016,85773.2589505095
304656,43878.016,65897.83711686186
304657,43878.016,22873.223294737647
304658,43878.016,8947.229884986446
304659,43878.016,17533.992450503283
304660,43878.016,15309.403397061098
304661,43878.016,5707.791851555336
304662,43878.016,100513.01169574038
304663,43878.016,17688.589599591876
304664,43878.016,23922.895326421538
304665,43878.016,54573.76444245067
304666,43878.016,40684.220615189566
304667,43878.016,26264.66524574883
304668,43878.016,7628.959222958865
304669,43878.016,68340.4994663803
304670,43878.016,19845.558796440604
304671,43878.016,10566.753425215878
304672,43878.016,9852.111865926538
304673,43878.016,41699.058395748296
304674,43878.016,63846.89619685592
304675,43878.016,51485.4439167066
304676,43878.016,13489.243453513258
304677,43878.016,32139.802916851422
304678,43878.016,50362.52011095253
304679,43878.016,50516.003731597666
304680,43878.016,33939.03688598401
304681,43878.016,37252.3575594678
304682,43878.016,18350.51700960794
304683,43878.016,62964.09827384964
304684,43878.016,64528.62230089526
304685,43878.016,49135.730627603596
304686,43878.016,48155.09976131306
304687,43878.016,38547.86391939474
304688,43878.016,35958.758770176835
304689,43878.016,18120.960466289467
304690,43878.016,13098.190363652773
304691,43878.016,28440.51981039
304692,43878.016,55811.79142404813
304693,43878.016,90019.60335264799
304694,43878.016,59963.69787190254
304695,43878.016,14627.563595513082
304696,43878.016,50006.33896041955
304697,43878.016,51083.7598396432
304698,43878.016,28997.635418962425
304699,43878.016,16292.410153593302
304700,43878.016,18138.606702912202
304701,43878.016,40367.05749590037
304702,43878.016,25349.74582038883
304703,43878.016,12414.209015775295
304704,43878.016,48314.268736807266
304705,43878.016,37668.71226243293
304706,43878.016,46992.526762860114
304707,43878.016,49160.18154026251
304708,43878.016,43460.175573419794
304709,43878.016,48589.68318819445
304710,43878.016,49028.075728507654
304711,43878.016,38602.00149596352
304712,43878.016,15015.328487013334
304713,43878.016,14147.196022610797
304714,43878.016,45907.08143645351
304715,43878.016,50202.45988102164
304716,43878.016,11159.223460509622
304717,43878.016,61269.09007484748
304718,43878.016,61535.38625615108
304719,43878.016,41563.57231425685
304720,43878.016,46417.75155144209
304721,43878.016,24631.585884602962
304722,43878.016,9759.412516114313
304723,43878.016,57485.53150942403
304724,43878.016,68800.25253004071
304725,43878.016,37710.23255032122
304726,43878.016,43884.61281319311
304727,43878.016,20621.21521657801
304728,43878.016,25487.051869663945
304729,43878.016,51047.351627162636
304730,43878.016,49537.74882892087
304731,43878.016,14160.310453133523
304732,43878.016,25364.050801805926
304733,43878.016,36196.918908213214
304734,43878.016,35740.03415551166
304735,43878.016,30891.5590874032
304736,43878.016,54847.30223317476
304737,43878.016,23242.822136254217
304738,43878.016,18094.489527180427
304739,43878.016,60800.62203489866
304740,43878.016,10868.355117087955
304741,43878.016,7278.360389322413
304742,43878.016,11432.374867614393
304743,43878.016,53089.658569745545
304744,43878.016,6758.762266893035
304745,43878.016,36984.97460106667
304746,43878.016,25727.702010995596
304747,43878.016,4256.65642588431
304748,43878.016,25432.59146582489
304749,43878.016,52422.164059007606
304750,43878.016,42070.04965084699
304751,43878.016,21254.507422340455
304752,43878.016,47496.52788952679
304753,43878.016,41265.385603009
304754,43878.016,71726.7759186867
304755,43878.016,41453.51868291066
304756,43878.016,35421.250634746175
304757,43878.016,38098.043386096484
304758,43878.016,50946.80282562954
304759,43878.016,17872.300583412478
304760,43878.016,30932.16725462796
304761,43878.016,40480.333154732994
304762,43878.016,40421.06913400525
304763,43878.016,45942.055075595
304764,43878.016,48011.30731800421
304765,43878.016,23353.081367918137
304766,43878.016,44964.70261491051
304767,43878.016,61336.58276620333
304768,43878.016,37889.19205781674
304769,43878.016,12343.269106215923
304770,43878.016,72420.17966898312
304771,43878.016,49957.46354712281
304772,43878.016,19497.814821699874
304773,43878.016,26706.18965833201
304774,43878.016,34261.50115052924
304775,43878.016,17129.259607169653
304776,43878.016,51990.85786934507
304777,43878.016,52638.505000054
304778,43878.016,27460.49094196058
304779,43878.016,37416.55162308319
304780,43878.016,17993.649831818144
304781,43878.016,48315.77450190468
304782,43878.016,38392.866246567995
304783,43878.016,5357.107740725631
304784,43878.016,30445.919363012643
304785,43878.016,28429.60838356253
304786,43878.016,17222.05516802823
304787,43878.016,27564.954685840024
304788,43878.016,11808.411839611232
304789,43878.016,44731.76708183844
304790,43878.016,19190.179780150436
304791,43878.016,22958.605717884613
304792,43878.016,24356.931863769194
304793,43878.016,48636.80906156355
304794,43878.016,28403.26796130955
304795,43878.016,68320.53657168904
304796,43878.016,13876.032801826947
304797,43878.016,69432.5263089022
304798,43878.016,38909.56026398697
304799,43878.016,20685.53822881084
304800,43878.016,60490.612404798725
304801,43878.016,33100.766800842786
304802,43878.016,44128.66788993335
304803,43878.016,58580.61950474199
304804,43878.016,41617.59016353457
304805,43878.016,40325.795517152896
304806,43878.016,20551.899063809753
304807,43878.016,8282.15067825072
304808,43878.016,71667.94352079395
304809,43878.016,14295.488588746584
304810,43878.016,22401.1544100926
304811,43878.016,34846.45161534212
304812,43878.016,26772.765994428446
304813,43878.016,41309.17881798245
304814,43878.016,10342.404101021548
304815,43878.016,23827.378054884226
304816,43878.016,39756.58854371142
304817,43878.016,28016.08320436584
304818,43878.016,16964.683473677214
304819,43878.016,28170.018262268313
304820,43878.016,23762.00889852651
304821,43878.016,43528.14419613094
304822,43878.016,62816.438136316436
304823,43878.016,28689.259123457727
304824,43878.016,58176.98908193153
304825,43878.016,45375.91549047502
304826,43878.016,12463.715702186606
304827,43878.016,13729.020025442036
304828,43878.016,22224.02618336274
304829,43878.016,42151.71283558204
304830,43878.016,64908.04567504179
304831,43878.016,39290.369930752095
304832,43878.016,9719.84420243927
304833,43878.016,61373.39576084527
304834,43878.016,47466.48141568662
304835,43878.016,66642.63174106547
304836,43878.016,25747.10650715119
304837,43878.016,18449.61809720104
304838,43878.016,46226.46198866379
304839,43878.016,59876.94556694981
304840,43878.016,40588.839418548014
304841,43878.016,41410.47528849818
304842,43878.016,4489.205317197777
304843,43878.016,47501.264538042655
304844,43878.016,53945.39777012892
304845,43878.016,40800.58143290578
304846,43878.016,33677.29850654057
304847,43878.016,29708.288346529156
304848,43878.016,46462.76422643364
304849,43878.016,58120.18870619704
304850,43878.016,37321.27074485452
304851,43878.016,21937.582878158173
304852,43878.016,24932.819175888413
304853,43878.016,49387.79229854452
304854,43878.016,16579.01032948424
304855,43878.016,51149.06551495018
304856,43878.016,17327.99432843802
304857,43878.016,19473.51139739133
304858,43878.016,19777.163068956826
304859,43878.016,20967.357534092156
304860,43878.016,19500.798165629356
304861,43878.016,54645.59301798509
304862,43878.016,11298.012075686023
304863,43878.016,41622.1611069338
304864,43878.016,24805.53072174962
304865,43878.016,50795.5720327357
304866,43878.016,42653.609113016646
304867,43878.016,40622.79116968968
304868,43878.016,41092.32864656583
304869,43878.016,34479.310009189736
304870,43878.016,60354.79188459369
304871,43878.016,53000.49686316308
304872,43878.016,26716.681928017326
304873,43878.016,22442.234302196528
304874,43878.016,48366.311382036416
304875,43878.016,5958.187699126711
304876,43878.016,13227.168945631602
304877,43878.016,57388.267638805104
304878,43878.016,37018.27845664126
304879,43878.016,9054.05644737585
304880,43878.016,46853.41980696524
304881,43878.016,35589.804086960714
304882,43878.016,10683.836710899577
304883,43878.016,50296.65036993366
304884,43878.016,21757.88924476451
304885,43878.016,38568.92326943788
304886,43878.016,6572.535246968811
304887,43878.016,10665.680124481114
304888,43878.016,49288.42083008061
304889,43878.016,33439.92749806314
304890,43878.016,33407.88428578079
304891,43878.016,26124.654705598856
304892,43878.016,7125.8321444293115
304893,43878.016,44978.374403522765
304894,43878.016,8462.71985868141
304895,43878.016,33304.11860941562
304896,43878.016,22403.011732019073
304897,43878.016,33091.08520512758
304898,43878.016,40396.01064008055
304899,43878.016,75030.450305973
304900,43878.016,18991.074089839647
304901,43878.016,56708.362821448536
304902,43878.016,52925.64792204656
304903,43878.016,53975.025712467424
304904,43878.016,53833.96094798937
304905,43878.016,7226.635156854762
304906,43878.016,50590.52274561583
304907,43878.016,28297.646696581487
304908,43878.016,17106.149579318666
304909,43878.016,13307.336897365878
304910,43878.016,53299.94902642908
304911,43878.016,53910.23962836055
304912,43878.016,54636.03426824507
304913,43878.016,10172.162111709935
304914,43878.016,49517.03866170446
304915,43878.016,27135.47189608609
304916,43878.016,19215.145699736513
304917,43878.016,35518.59447506481
304918,43878.016,21951.14643537686
304919,43878.016,49296.0229708752
304920,43878.016,41055.970019664775
304921,43878.016,52099.497387014046
304922,43878.016,53844.105710993805
304923,43878.016,35669.799396573326
304924,43878.016,68290.2451267705
304925,43878.016,14715.697963824134
304926,43878.016,37232.34939721204
304927,43878.016,51592.743391734475
304928,43878.016,18791.491467516702
304929,43878.016,45821.09319081688
304930,43878.016,27870.215480539173
304931,43878.016,18009.666798001803
304932,43878.016,51628.05707484806
304933,43878.016,16590.09692479909
304934,43878.016,59431.57675536323
304935,43878.016,36507.68366979838
304936,43878.016,13892.855720342535
304937,43878.016,24409.78615846896
304938,43878.016,44238.518885085745
304939,43878.016,14350.425838208706
304940,43878.016,45557.078414199364
304941,43878.016,79470.33813156192
304942,43878.016,39069.51890974225
304943,43878.016,34458.51794888392
304944,43878.016,8909.572807339053
304945,43878.016,30798.18599399244
304946,43878.016,77601.14744330425
304947,43878.016,27678.086181862614
304948,43878.016,32427.551299715084
304949,43878.016,31514.929763097323
304950,43878.016,36443.88218200773
304951,43878.016,36242.811992336756
304952,43878.016,41460.21590945306
304953,43878.016,39688.68142768966
304954,43878.016,11954.821495592578
304955,43878.016,56987.241329054006
304956,43878.016,56107.0106129246
304957,43878.016,21049.263678184154
304958,43878.016,68872.01723848455
304959,43878.016,62254.92377864166
304960,43878.016,73521.88450300187
304961,43878.016,47808.0757240818
304962,43878.016,31793.486269920548
304963,43878.016,44744.36084650417
304964,43878.016,32364.16022532016
304965,43878.016,10147.758824203
304966,43878.016,35448.12399480785
304967,43878.016,30578.64744625051
304968,43878.016,34538.04927339056
304969,43878.016,66579.24604458454
304970,43878.016,12904.32200426351
304971,43878.016,65771.64851372127
304972,43878.016,74693.63329092017
304973,43878.016,14290.19569338763
304974,43878.016,13833.659943288527
304975,43878.016,42765.27942279344
304976,43878.016,49163.61796875962
304977,43878.016,12736.475647722948
304978,43878.016,24769.89205498895
304979,43878.016,13585.188094535966
304980,43878.016,18428.45614980697
304981,43878.016,12048.994209837509
304982,43878.016,40134.62145791211
304983,43878.016,7340.772047180594
304984,43878.016,38299.919494944006
304985,43878.016,7896.948458353257
304986,43878.016,12402.779487360302
304987,43878.016,12391.87249890609
304988,43878.016,21328.824622903667
304989,43878.016,25871.0716510435
304990,43878.016,44736.34947210225
304991,43878.016,9694.850544759209
304992,43878.016,44668.528543013395
304993,43878.016,28076.085724450764
304994,43878.016,14650.478180548735
304995,43878.016,29028.013734693155
304996,43878.016,51691.27653483147
304997,43878.016,18024.91124451311
304998,43878.016,30507.801655856947
304999,43878.016,28554.96960457396
305000,43878.016,16247.584566548981
305001,43878.016,36477.25618263187
305002,43878.016,34044.4678307828
305003,43878.016,47268.469033098365
305004,43878.016,11201.061447523562
305005,43878.016,25244.734032152235
305006,43878.016,45894.886038479824
305007,43878.016,20365.689926553045
305008,43878.016,7029.469018416766
305009,43878.016,52952.96786070483
305010,43878.016,79764.27917542872
305011,43878.016,52100.927638934714
305012,43878.016,9707.667966721332
305013,43878.016,41485.240478287385
305014,43878.016,56478.72162173839
305015,43878.016,49420.52352301941
305016,43878.016,33924.74143521335
305017,43878.016,53135.4803175801
305018,43878.016,75243.14925446638
305019,43878.016,50495.850728990365
305020,43878.016,40707.80442657751
305021,43878.016,48634.25205684762
305022,43878.016,16945.780037104378
305023,43878.016,17921.098292888608
305024,43878.016,16793.718986469412
305025,43878.016,19084.17281595632
305026,43878.016,68638.86272690204
305027,43878.016,11121.514268832998
305028,43878.016,50577.60102565214
305029,43878.016,56374.02051569424
305030,43878.016,28665.35049724487
305031,43878.016,18613.528385236878
305032,43878.016,56059.90652266414
305033,43878.016,48900.94471030809
305034,43878.016,37174.08484031049
305035,43878.016,55844.279344460905
305036,43878.016,26049.986565773295
305037,43878.016,12182.963502966688
305038,43878.016,44320.033953795326
305039,43878.016,60268.56544886776
305040,43878.016,30085.68803477183
305041,43878.016,43427.487409031855
305042,43878.016,7899.843021122325
305043,43878.016,24791.49052500735
305044,43878.016,58601.55939970105
305045,43878.016,36101.237648213144
305046,43878.016,24483.91800404605
305047,43878.016,41951.339681631056
305048,43878.016,43124.40620796709
305049,43878.016,21807.977701831114
305050,43878.016,51553.2043046997
305051,43878.016,42735.239948042814
305052,43878.016,11312.566937816178
305053,43878.016,56386.74953767261
305054,43878.016,9780.389957767293
305055,43878.016,13592.189370382015
305056,43878.016,33561.88047757203
305057,43878.016,27377.68030775406
305058,43878.016,53930.68135353025
305059,43878.016,10700.910120915169
305060,43878.016,32176.88225568569
305061,43878.016,16996.734728047613
305062,43878.016,20803.784957480973
305063,43878.016,14411.880011944617
305064,43878.016,17437.64334888796
305065,43878.016,30690.993873024392
305066,43878.016,34262.04884026635
305067,43878.016,11501.860347918586
305068,43878.016,24165.736463710255
305069,43878.016,17147.682325185353
305070,43878.016,13143.820322818554
305071,43878.016,32877.6039759482
305072,43878.016,64672.90444685118
305073,43878.016,44450.34336118981
305074,43878.016,35397.72798062253
305075,43878.016,45043.595630499694
305076,43878.016,16139.060713430306
305077,43878.016,28692.86822539715
305078,43878.016,15096.05999529877
305079,43878.016,46362.68207255305
305080,43878.016,39181.5546113493
305081,43878.016,32908.94379480733
305082,43878.016,24120.6377306018
305083,43878.016,6149.441496803648
305084,43878.016,72500.92593114448
305085,43878.016,51011.63909578423
305086,43878.016,7310.325254043075
305087,43878.016,52282.52038825934
305088,43878.016,61789.53013273024
305089,43878.016,19592.898878494852
305090,43878.016,14826.95538840855
305091,43878.016,28658.123935010386
305092,43878.016,51818.011598728146
305093,43878.016,21049.99114995958
305094,43878.016,9151.1156432313
305095,43878.016,18165.895985547926
305096,43878.016,32125.1539175086
305097,43878.016,62150.29943127016
305098,43878.016,23519.06406989543
305099,43878.016,13018.374284965623
305100,43878.016,15688.106551915089
305101,43878.016,51412.01401403316
305102,43878.016,42136.58919853724
305103,43878.016,16703.52914418389
305104,43878.016,48907.81137027555
305105,43878.016,14310.092142914418
305106,43878.016,14686.58674838295
305107,43878.016,33131.153401346935
305108,43878.016,16573.488977899156
305109,43878.016,19665.965134426806
305110,43878.016,9593.478021183082
305111,43878.016,68510.31240010409
305112,43878.016,18909.985779274888
305113,43878.016,53283.597831786225
305114,43878.016,29967.007887321353
305115,43878.016,61032.624690996454
305116,43878.016,73080.59006161087
305117,43878.016,12883.307424926397
305118,43878.016,45622.8309631819
305119,43878.016,21567.677284529538
305120,43878.016,25233.575985713484
305121,43878.016,24203.389594466265
305122,43878.016,15136.827694877915
305123,43878.016,49309.63917093276
305124,43878.016,7952.3510762433925
305125,43878.016,7699.216638230489
305126,43878.016,51163.153527789254
305127,43878.016,19111.398613888272
305128,43878.016,29817.880726517884
305129,43878.016,30927.252556491243
305130,43878.016,54247.44757970005
305131,43878.016,41978.09995725253
305132,43878.016,45354.66976629119
305133,43878.016,24439.825583768827
305134,43878.016,53786.09753415105
305135,43878.016,16535.85962298965
305136,43878.016,19336.717008024796
305137,43878.016,45264.19312817875
305138,43878.016,40655.41605952784
305139,43878.016,35065.576308692675
305140,43878.016,45111.74825183926
305141,43878.016,33928.689177341264
305142,43878.016,33164.18343754534
305143,43878.016,27227.283920979717
305144,43878.016,68704.98793969872
305145,43878.016,43644.24180714116
305146,43878.016,47524.705990976894
305147,43878.016,23665.660776947483
305148,43878.016,46007.576467312196
305149,43878.016,42340.707515991286
305150,43878.016,41064.070438593706
305151,43878.016,33381.52454952184
305152,43878.016,20245.063043528873
305153,43878.016,41540.726881229035
305154,43878.016,7875.548807079079
305155,43878.016,25002.20658711773
305156,43878.016,22561.20699264918
305157,43878.016,70553.83030499793
305158,43878.016,50970.91313097302
305159,43878.016,54903.021898674706
305160,43878.016,13739.99268253973
305161,43878.016,33786.817022952935
305162,43878.016,32958.01730288327
305163,43878.016,50560.37045776001
305164,43878.016,37694.297532871344
305165,43878.016,62425.97748583616
305166,43878.016,15742.577492082733
305167,43878.016,55884.86734897563
305168,43878.016,57473.71247745136
305169,43878.016,15309.104039760481
305170,43878.016,44423.398658096914
305171,43878.016,27172.53046318366
305172,43878.016,49397.46390562814
305173,43878.016,46320.903041258374
305174,43878.016,16511.30224012891
305175,43878.016,11094.039487693593
305176,43878.016,30530.488955479657
305177,43878.016,14814.611083618747
305178,43878.016,31710.397944980486
305179,43878.016,50869.03979217812
305180,43878.016,40777.169499580705
305181,43878.016,21146.75651467341
305182,43878.016,61526.368407150694
305183,43878.016,52786.07203814477
305184,43878.016,47243.650681282954
305185,43878.016,59355.904157296805
305186,43878.016,23816.025537817357
305187,43878.016,13620.79215522868
305188,43878.016,66772.7572773126
305189,43878.016,29127.185411261846
305190,43878.016,40011.17725416231
305191,43878.016,67857.68458912907
305192,43878.016,16787.174159763734
305193,43878.016,15530.100365578079
305194,43878.016,55507.15841284888
305195,43878.016,12754.804912397958
305196,43878.016,11918.194887410908
305197,43878.016,56106.62215214061
305198,43878.016,52360.78558354162
305199,43878.016,18051.337222768667
305200,43878.016,29654.78882885571
305201,43878.016,23805.632076850576
305202,43878.016,46729.65811537114
305203,43878.016,53507.468368082074
305204,43878.016,53655.850288639915
305205,43878.016,36604.415142049496
305206,43878.016,63246.619781784546
305207,43878.016,57115.1288433848
305208,43878.016,15531.74538854269
305209,43878.016,61584.193345928
305210,43878.016,24345.241064735066
305211,43878.016,5875.309587577444
305212,43878.016,38077.62766112994
305213,43878.016,13087.561617370777
305214,43878.016,40694.98842304809
305215,43878.016,36712.501425045295
305216,43878.016,19142.33516154249
305217,43878.016,48805.142635333694
305218,43878.016,64152.58803467417
305219,43878.016,33882.43197108487
305220,43878.016,34880.03802964821
305221,43878.016,32616.277827624017
305222,43878.016,34009.598109669554
305223,43878.016,9804.36461907102
305224,43878.016,28976.597655654543
305225,43878.016,8862.941485753186
305226,43878.016,54820.365381632786
305227,43878.016,11032.738620604305
305228,43878.016,63128.10717410347
305229,43878.016,19878.642776629724
305230,43878.016,23522.410102889713
305231,43878.016,59137.260269193655
305232,43878.016,14157.832961671384
305233,43878.016,13545.070400637467
305234,43878.016,12982.148641568023
305235,43878.016,30114.34059458055
305236,43878.016,9180.110486459002
305237,43878.016,16740.60642134023
305238,43878.016,36500.6941045538
305239,43878.016,44134.972050201395
305240,43878.016,39923.07903117725
305241,43878.016,37846.06934542049
305242,43878.016,12051.51543842634
305243,43878.016,9261.20529686575
305244,43878.016,66731.02459650075
305245,43878.016,38777.91326835408
305246,43878.016,26762.418014014864
305247,43878.016,9786.651617492555
305248,43878.016,21353.53879843545
305249,43878.016,37691.493781496574
305250,43878.016,23584.66127258217
305251,43878.016,51617.98392283602
305252,43878.016,44469.411280141285
305253,43878.016,14946.508316119203
305254,43878.016,51877.3262551692
305255,43878.016,88679.31010220216
305256,43878.016,43867.8293296178
305257,43878.016,25822.87589488605
305258,43878.016,24824.698419390203
305259,43878.016,35982.981376344105
305260,43878.016,20058.349344981823
305261,43878.016,10537.230738302613
305262,43878.016,42806.0924317456
305263,43878.016,11486.151509619065
305264,43878.016,37152.14735615758
305265,43878.016,55796.49855827483
305266,43878.016,46379.10757716533
305267,43878.016,15497.68343920317
305268,43878.016,27187.568657090833
305269,43878.016,26924.023093478096
305270,43878.016,30884.16580222286
305271,43878.016,27382.899815684374
305272,43878.016,19885.29379401581
305273,43878.016,28309.535185105316
305274,43878.016,35756.202113095176
305275,43878.016,15984.9718222543
305276,43878.016,12204.065605965166
305277,43878.016,34683.82507858958
305278,43878.016,50906.28445409866
305279,43878.016,29370.41263624294
305280,43878.016,52640.92313444899
305281,43878.016,26113.66720007451
305282,43878.016,15812.423384712785
305283,43878.016,45060.3772381862
305284,43878.016,25642.966084946114
305285,43878.016,36005.324778298775
305286,43878.016,56983.5565054851
305287,43878.016,28734.178813996798
305288,43878.016,38965.93769431175
305289,43878.016,38169.062276545155
305290,43878.016,14819.409443026781
305291,43878.016,11585.322256328625
305292,43878.016,76309.1971706789
305293,43878.016,44293.68584098126
305294,43878.016,58030.05699028939
305295,43878.016,101962.62453647557
305296,43878.016,8915.823542685954
305297,43878.016,7844.381131897226
305298,43878.016,54606.02754304542
305299,43878.016,33476.15240738449
305300,43878.016,47988.76728090943
305301,43878.016,55970.96196094522
305302,43878.016,62337.4799367183
305303,43878.016,36646.27417559643
305304,43878.016,9142.177776861397
305305,43878.016,76170.19015170033
305306,43878.016,8875.208506002038
305307,43878.016,22339.638084182603
305308,43878.016,14541.446922245777
305309,43878.016,23891.704216573744
305310,43878.016,90490.16562357655
305311,43878.016,58022.13786875186
305312,43878.016,8249.309865454554
305313,43878.016,16888.834513232596
305314,43878.016,32098.053650247188
305315,43878.016,10405.215118648543
305316,43878.016,20385.247820227756
305317,43878.016,34267.526433145984
305318,43878.016,20828.810224202472
305319,43878.016,8715.625140401846
305320,43878.016,35099.4012517703
305321,43878.016,8746.046380469754
305322,43878.016,60132.04221328704
305323,43878.016,54637.574615311234
305324,43878.016,45817.24536330728
305325,43878.016,58161.992073589616
305326,43878.016,39522.121626140426
305327,43878.016,25735.554722390763
305328,43878.016,23427.49020980821
305329,43878.016,29689.626031182925
305330,43878.016,57875.016566786515
305331,43878.016,36019.59083340493
305332,43878.016,18802.281152350126
305333,43878.016,32717.913811712962
305334,43878.016,51172.31174913083
305335,43878.016,38134.36028294236
305336,43878.016,10529.002137768206
305337,43878.016,39973.15366945089
305338,43878.016,48772.06207613887
305339,43878.016,25939.95546371098
305340,43878.016,27954.100422941716
305341,43878.016,33908.46187142833
305342,43878.016,54587.78047596047
305343,43878.016,47695.33822262922
305344,43878.016,13439.23051387611
305345,43878.016,24973.08163953676
305346,43878.016,67360.60818622888
305347,43878.016,51775.55293494566
305348,43878.016,13267.522109476478
305349,43878.016,39599.167600771056
305350,43878.016,23310.019450532425
305351,43878.016,28552.865896622287
305352,43878.016,44380.771160109616
305353,43878.016,38239.52486357769
305354,43878.016,10252.78824856646
305355,43878.016,38086.42821673825
305356,43878.016,31921.044852116633
305357,43878.016,38705.482647420125
305358,43878.016,25591.868868683046
305359,43878.016,8238.80920434077
305360,43878.016,37666.33622561922
305361,43878.016,57179.256947184316
305362,43878.016,22769.65180858425
305363,43878.016,37401.98263710099
305364,43878.016,39838.17773626539
305365,43878.016,43308.78421408203
305366,43878.016,46018.782217762164
305367,43878.016,9179.767688322621
305368,43878.016,27515.96164582702
305369,43878.016,32475.78278426992
305370,43878.016,20457.384613672664
305371,43878.016,12885.124612933303
305372,43878.016,56037.404096416365
305373,43878.016,23213.71095734176
305374,43878.016,19248.821922021387
305375,43878.016,37242.820928857065
305376,43878.016,11051.870345616588
305377,43878.016,20475.669463912596
305378,43878.016,12531.798819230049
305379,43878.016,74358.8807469525
305380,43878.016,29524.22623530434
305381,43878.016,12862.50345606298
305382,43878.016,48149.16908771116
305383,43878.016,40933.580773907786
305384,43878.016,8128.767408159262
305385,43878.016,24599.85748557587
305386,43878.016,45816.09062155821
305387,43878.016,21288.64585782691
305388,43878.016,23759.692088665324
305389,43878.016,50859.984633140164
305390,43878.016,35511.516895633984
305391,43878.016,14924.41418454728
305392,43878.016,57470.9795628884
305393,43878.016,40214.20051965774
305394,43878.016,39970.76071322441
305395,43878.016,63323.25876388733
305396,43878.016,11265.990262188003
305397,43878.016,45506.01329222487
305398,43878.016,7337.235416472662
305399,43878.016,39561.538826946846
305400,43878.016,66586.74317757903
305401,43878.016,23064.228193342544
305402,43878.016,15065.298036240849
305403,43878.016,57471.68585972256
305404,43878.016,43086.579581459446
305405,43878.016,58644.27773267744
305406,43878.016,69269.1810757381
305407,43878.016,24725.266591474145
305408,43878.016,23202.22758199798
305409,43878.016,14899.03012565809
305410,43878.016,11441.65567945468
305411,43878.016,29630.940302385745
305412,43878.016,32194.65702719554
305413,43878.016,16746.465296622722
305414,43878.016,25434.521078328613
305415,43878.016,49617.66245542632
305416,43878.016,12374.854814555238
305417,43878.016,65469.13760684319
305418,43878.016,19909.50095883646
305419,43878.016,39968.17055561662
305420,43878.016,25713.542417713874
305421,43878.016,12936.741816073196
305422,43878.016,13937.71792784607
305423,43878.016,52229.04064845054
305424,43878.016,37674.89008736701
305425,43878.016,19261.638657279153
305426,43878.016,19606.77354415319
305427,43878.016,8297.856238432145
305428,43878.016,68547.60613814696
305429,43878.016,56769.717271494985
305430,43878.016,49175.596571540395
305431,43878.016,98999.13397332399
305432,43878.016,10483.130206334024
305433,43878.016,17367.75916574957
305434,43878.016,36691.7871373674
305435,43878.016,32253.7813125167
305436,43878.016,10402.935050933958
305437,43878.016,20034.447707403226
305438,43878.016,89936.26601888885
305439,43878.016,34633.95237054781
305440,43878.016,44863.69580413607
305441,43878.016,8114.624439799614
305442,43878.016,58725.52161548847
305443,43878.016,25797.99639844309
305444,43878.016,15169.959637994258
305445,43878.016,11544.869273405164
305446,43878.016,47607.3529570579
305447,43878.016,7471.67559949828
305448,43878.016,42490.39906505485
305449,43878.016,11047.549496737402
305450,43878.016,9528.422830691185
305451,43878.016,70383.20284785311
305452,43878.016,30583.96826153921
305453,43878.016,41073.45784628524
305454,43878.016,48812.807751708904
305455,43878.016,10085.822081074093
305456,43878.016,13414.892627588737
305457,43878.016,20436.022871192672
305458,43878.016,52415.0027078015
305459,43878.016,49468.22601083156
305460,43878.016,30981.39972712289
305461,43878.016,20312.352685334095
305462,43878.016,72299.77729652805
305463,43878.016,9755.103417657436
305464,43878.016,74363.84412812922
305465,43878.016,35270.559036713414
305466,43878.016,45432.25495024285
305467,43878.016,24380.92268815861
305468,43878.016,20770.617510184064
305469,43878.016,57968.62421671085
305470,43878.016,56363.90294726499
305471,43878.016,28314.201438829103
305472,43878.016,42654.51530062168
305473,43878.016,17402.87227668393
305474,43878.016,12321.626829134802
305475,43878.016,49346.07055712981
305476,43878.016,22259.110084340973
305477,43878.016,7926.992215055651
305478,43878.016,10416.812897777103
305479,43878.016,10128.550769525831
305480,43878.016,10567.283043657153
305481,43878.016,39385.5006392001
305482,43878.016,44163.14348999856
305483,43878.016,40362.553422216886
305484,43878.016,24698.655721094052
305485,43878.016,14768.460171752546
305486,43878.016,51525.47456448396
305487,43878.016,28301.380811529816
305488,43878.016,15517.459032262244
305489,43878.016,12166.027825522
305490,43878.016,19656.115265224264
305491,43878.016,11568.813060946455
305492,43878.016,26209.033416946015
305493,43878.016,53609.850729729755
305494,43878.016,44499.95768819228
305495,43878.016,14100.29727497609
305496,43878.016,72197.04036745083
305497,43878.016,19839.84439125246
305498,43878.016,27994.28296313518
305499,43878.016,19341.71153624149
305500,43878.016,32673.519449528118
305501,43878.016,14078.72218411656
305502,43878.016,15325.841796787987
305503,43878.016,28464.999640401187
305504,43878.016,52146.97782344634
305505,43878.016,41713.632355529495
305506,43878.016,14771.969025686052
305507,43878.016,46242.76028637284
305508,43878.016,25010.515688107982
305509,43878.016,14141.975277132924
305510,43878.016,25250.794506567512
305511,43878.016,19274.099829608487
305512,43878.016,34858.870132630094
305513,43878.016,30709.07167817548
305514,43878.016,48615.21456046116
305515,43878.016,21981.793456734657
305516,43878.016,60340.37474802413
305517,43878.016,53412.76886157217
305518,43878.016,44307.863343061435
305519,43878.016,14937.036161533453
305520,43878.016,76584.46090820173
305521,43878.016,66196.5611453318
305522,43878.016,7691.879924476272
305523,43878.016,44073.86140723732
305524,43878.016,36363.395266299565
305525,43878.016,63340.55646518017
305526,43878.016,48571.71441257486
305527,43878.016,21854.543125268465
305528,43878.016,11190.450864191418
305529,43878.016,23145.037296987666
305530,43878.016,41842.0791659752
305531,43878.016,7866.264186483156
305532,43878.016,10714.78341707323
305533,43878.016,54648.58070276568
305534,43878.016,44288.3702847624
305535,43878.016,50724.11866405109
305536,43878.016,34939.06789581213
305537,43878.016,23418.036574360303
305538,43878.016,20254.389466187775
305539,43878.016,48104.5748669573
305540,43878.016,13022.954040298278
305541,43878.016,36818.109491153606
305542,43878.016,22568.089660078705
305543,43878.016,20992.877647619167
305544,43878.016,42387.99781410971
305545,43878.016,42139.67440248895
305546,43878.016,24058.304317885086
305547,43878.016,33433.6810523765
305548,43878.016,29021.141636364286
305549,43878.016,33665.59500276898
305550,43878.016,13854.172919475119
305551,43878.016,23281.661387927194
305552,43878.016,37541.265279622414
305553,43878.016,57619.9515052839
305554,43878.016,61450.739354137906
305555,43878.016,12048.92811563992
305556,43878.016,16537.41701246212
305557,43878.016,59061.698122611604
305558,43878.016,11387.876011706107
305559,43878.016,54681.67381239622
305560,43878.016,71876.79524310227
305561,43878.016,26699.129658955917
305562,43878.016,66094.75101737549
305563,43878.016,39388.95470837002
305564,43878.016,7430.120352420781
305565,43878.016,22101.940257503746
305566,43878.016,28260.54360860129
305567,43878.016,4861.72930624753
305568,43878.016,34747.93239002407
305569,43878.016,66803.23339088091
305570,43878.016,60747.650926081566
305571,43878.016,45495.71731124892
305572,43878.016,31703.191950488337
305573,43878.016,8666.407341749307
305574,43878.016,23102.03288530078
305575,43878.016,66138.29377653803
305576,43878.016,56931.41150658648
305577,43878.016,10046.928218554021
305578,43878.016,23750.437430393893
305579,43878.016,28908.000088747158
305580,43878.016,59591.004166536004
305581,43878.016,27855.058768831477
305582,43878.016,41359.0159897495
305583,43878.016,21268.30617883697
305584,43878.016,63067.74415404551
305585,43878.016,61576.857768461225
305586,43878.016,48530.456369789616
305587,43878.016,46212.324183689794
305588,43878.016,28666.34465017801
305589,43878.016,12810.414304990398
305590,43878.016,11588.033613308902
305591,43878.016,33790.20651680675
305592,43878.016,26216.017117435968
305593,43878.016,25440.47900063804
305594,43878.016,62914.362172042915
305595,43878.016,36498.23123939483
305596,43878.016,18731.04241464065
305597,43878.016,55878.473133870015
305598,43878.016,21847.958216100487
305599,43878.016,20917.88534522761
305600,43878.016,15015.3598533913
305601,43878.016,34311.12301542877
305602,43878.016,23004.22716464932
305603,43878.016,41475.34303951929
305604,43878.016,53367.75917860968
305605,43878.016,12437.683929640967
305606,43878.016,52917.40651191902
305607,43878.016,47882.31611300217
305608,43878.016,68379.23858953544
305609,43878.016,29598.606677888907
305610,43878.016,47936.959708208924
305611,43878.016,8418.826253691623
305612,43878.016,21652.06550440171
305613,43878.016,47542.52148885537
305614,43878.016,35951.47507584146
305615,43878.016,38673.05128327928
305616,43878.016,30337.98254456429
305617,43878.016,20348.285281521185
305618,43878.016,13383.071097832795
305619,43878.016,13989.838323221906
305620,43878.016,40140.11071680653
305621,43878.016,33536.13758350955
305622,43878.016,73676.94059082342
305623,43878.016,15231.581482893635
305624,43878.016,36247.51001983647
305625,43878.016,116401.67382683551
305626,43878.016,46603.46741371102
305627,43878.016,24052.00221340527
305628,43878.016,18046.361792996373
305629,43878.016,15963.01471976164
305630,43878.016,65630.10950807623
305631,43878.016,20814.799832759367
305632,43878.016,51988.3185114165
305633,43878.016,37167.16554245226
305634,43878.016,23028.504475239344
305635,43878.016,38535.4398694811
305636,43878.016,53056.37789893076
305637,43878.016,18210.042936660557
305638,43878.016,41243.35429543494
305639,43878.016,46826.87577551985
305640,43878.016,23399.04651986276
305641,43878.016,17853.097255845478
305642,43878.016,13436.657816160512
305643,43878.016,22015.116343243033
305644,43878.016,20273.889164191416
305645,43878.016,16397.339697621228
305646,43878.016,8734.092556011306
305647,43878.016,23125.464994928312
305648,43878.016,25088.698476380137
305649,43878.016,81100.96729750604
305650,43878.016,29346.334443814278
305651,43878.016,12775.787077398712
305652,43878.016,44741.81431699493
305653,43878.016,29176.237756678827
305654,43878.016,23633.113369041588
305655,43878.016,62789.339403597165
305656,43878.016,15988.04452467484
305657,43878.016,13275.217839653335
305658,43878.016,19364.87059311031
305659,43878.016,36411.521529782476
305660,43878.016,53696.46230278458
305661,43878.016,68344.28713923566
305662,43878.016,23521.764630527185
305663,43878.016,41498.988594475086
305664,43878.016,60370.64752742246
305665,43878.016,34668.176365037914
305666,43878.016,89298.30647325118
305667,43878.016,27008.542635607497
305668,43878.016,14240.909187725827
305669,43878.016,48509.82524081691
305670,43878.016,56308.207908070544
305671,43878.016,40745.75009772159
305672,43878.016,52835.834877150446
305673,43878.016,46385.191254110294
305674,43878.016,8163.943023979471
305675,43878.016,27608.34956676046
305676,43878.016,18336.354268815878
305677,43878.016,42733.06368414631
305678,43878.016,29742.796064292346
305679,43878.016,11636.089795155933
305680,43878.016,39623.741076620994
305681,43878.016,62938.46101098971
305682,43878.016,29902.418284716754
305683,43878.016,20655.560444800023
305684,43878.016,26268.897146365503
305685,43878.016,51088.21227131513
305686,43878.016,19356.649662239768
305687,43878.016,40106.258570608414
305688,43878.016,37567.42679845901
305689,43878.016,10047.791688452486
305690,43878.016,47674.782006965645
305691,43878.016,26494.162345525023
305692,43878.016,38054.50256238308
305693,43878.016,8693.900750074123
305694,43878.016,69494.55253966617
305695,43878.016,58633.485242815645
305696,43878.016,48960.15404034072
305697,43878.016,40612.829018024604
305698,43878.016,21621.39107394557
305699,43878.016,20214.74597423157
305700,43878.016,78934.65418261553
305701,43878.016,44888.522598267395
305702,43878.016,52197.782467968915
305703,43878.016,31070.98993293522
305704,43878.016,13992.097404399983
305705,43878.016,43971.261432369145
305706,43878.016,21358.92205440707
305707,43878.016,45381.86927561329
305708,43878.016,66614.6464410174
305709,43878.016,46199.22107133588
305710,43878.016,51030.12472172858
305711,43878.016,30067.575056910748
305712,43878.016,83327.12516574597
305713,43878.016,59108.429163084125
305714,43878.016,46976.37012836131
305715,43878.016,66145.75993996444
305716,43878.016,24628.775337211766
305717,43878.016,49702.703299113185
305718,43878.016,73597.04811687878
305719,43878.016,23168.613891551307
305720,43878.016,31775.46621206953
305721,43878.016,19308.517637577104
305722,43878.016,46378.77609036012
305723,43878.016,7617.487962290587
305724,43878.016,18897.66114824628
305725,43878.016,39356.75443761422
305726,43878.016,28744.90469881767
305727,43878.016,63879.61161578837
305728,43878.016,39964.21335142733
305729,43878.016,13637.278762891985
305730,43878.016,76263.13599114493
305731,43878.016,55067.970113371826
305732,43878.016,17770.82188389397
305733,43878.016,63166.05090642791
305734,43878.016,41638.79547089698
305735,43878.016,46751.174791035635
305736,43878.016,67256.40220768354
305737,43878.016,36050.359046534446
305738,43878.016,22372.782393423397
305739,43878.016,13096.421141173723
305740,43878.016,9342.476859870303
305741,43878.016,31774.68851706067
305742,43878.016,38572.98723158805
305743,43878.016,30559.117336404623
305744,43878.016,61060.816825362235
305745,43878.016,5170.075978405473
305746,43878.016,50751.55275801393
305747,43878.016,31559.131141987647
305748,43878.016,34885.821961498375
305749,43878.016,38566.468095180404
305750,43878.016,52410.905201982154
305751,43878.016,57825.04730170238
305752,43878.016,27971.145001432928
305753,43878.016,24782.856386111354
305754,43878.016,12003.74677313489
305755,43878.016,42145.22116071841
305756,43878.016,24756.35357162529
305757,43878.016,75606.62149357081
305758,43878.016,14179.901110389583
305759,43878.016,32193.28766062906
305760,43878.016,30737.18249417494
305761,43878.016,37128.397098576075
305762,43878.016,24992.08625218934
305763,43878.016,54451.202146274176
305764,43878.016,48421.71923970204
305765,43878.016,43909.94334401676
305766,43878.016,73822.85749568435
305767,43878.016,14298.098022747525
305768,43878.016,11223.625605919768
305769,43878.016,20162.897150426637
305770,43878.016,17438.43932061232
305771,43878.016,11604.894779441955
305772,43878.016,20057.28147618154
305773,43878.016,10957.884278087322
305774,43878.016,16175.97062924511
305775,43878.016,38205.26291450756
305776,43878.016,47578.420772208934
305777,43878.016,21206.072705274237
305778,43878.016,30063.583114400375
305779,43878.016,47848.59762695035
305780,43878.016,36902.32293544831
305781,43878.016,65242.930684121144
305782,43878.016,32514.662824818468
305783,43878.016,44530.30433290349
305784,43878.016,22079.64142000181
305785,43878.016,55285.14109196546
305786,43878.016,69976.43592437831
305787,43878.016,11063.821638783143
305788,43878.016,35770.45511337209
305789,43878.016,59985.88105720512
305790,43878.016,21451.011851630243
305791,43878.016,40721.73964443005
305792,43878.016,18917.690262103173
305793,43878.016,25010.47425180684
305794,43878.016,34403.933709741206
305795,43878.016,57051.04671896856
305796,43878.016,58027.49149907904
305797,43878.016,48232.96332052711
305798,43878.016,37751.058662446514
305799,43878.016,21045.35700394077
305800,43878.016,34048.60226493319
305801,43878.016,26210.219477790964
305802,43878.016,60978.05994610115
305803,43878.016,33434.68552615135
305804,43878.016,6842.485165685033
305805,43878.016,45456.66286301937
305806,43878.016,18982.228519377208
305807,43878.016,26719.64949213603
305808,43878.016,30103.66930872863
305809,43878.016,26172.07698203381
305810,43878.016,8810.178703065852
305811,43878.016,23579.02956694134
305812,43878.016,25500.2052250856
305813,43878.016,7700.996554707455
305814,43878.016,36857.43175623566
305815,43878.016,14000.4902284675
305816,43878.016,27976.511601663708
305817,43878.016,26037.090006939146
305818,43878.016,62912.52783605007
305819,43878.016,13644.285840383242
305820,43878.016,28212.427641269707
305821,43878.016,11631.632229505243
305822,43878.016,20801.49341734777
305823,43878.016,33286.96744234495
305824,43878.016,53130.96910681432
305825,43878.016,41201.286464075165
305826,43878.016,62529.504172735025
305827,43878.016,37986.73684267991
305828,43878.016,29457.46174628009
305829,43878.016,17461.16522408664
305830,43878.016,67341.03118091077
305831,43878.016,9554.352497575472
305832,43878.016,47498.61910236741
305833,43878.016,24841.659269440886
305834,43878.016,6659.078465052167
305835,43878.016,94166.25622939669
305836,43878.016,24064.196875175556
305837,43878.016,52096.9920271382
305838,43878.016,11614.42003567992
305839,43878.016,23088.989332145884
305840,43878.016,12938.755896690487
305841,43878.016,28405.546931004803
305842,43878.016,60749.37451648697
305843,43878.016,49341.39006946413
305844,43878.016,26371.8400694445
305845,43878.016,11659.417554927173
305846,43878.016,9734.049196965694
305847,43878.016,55162.74443632361
305848,43878.016,79083.33101057477
305849,43878.016,38596.220020436114
305850,43878.016,27356.632789562304
305851,43878.016,68954.21300245641
305852,43878.016,9665.406257590344
305853,43878.016,31320.63965916463
305854,43878.016,51839.65535040055
305855,43878.016,25818.96133587921
305856,43878.016,11405.62504896887
305857,43878.016,19148.088549124594
305858,43878.016,70510.26383208296
305859,43878.016,25873.832932973855
305860,43878.016,52697.00149670888
305861,43878.016,62208.40763240928
305862,43878.016,107809.6364763079
305863,43878.016,19361.428846082854
305864,43878.016,34936.935796900696
305865,43878.016,37325.19629839682
305866,43878.016,26174.61163164551
305867,43878.016,6314.611737117804
305868,43878.016,24189.730723468332
305869,43878.016,22389.970741131438
305870,43878.016,36923.90044971764
305871,43878.016,20270.38876173528
305872,43878.016,35598.47133152213
305873,43878.016,20188.541133087878
305874,43878.016,9030.16148051099
305875,43878.016,14411.760200481396
305876,43878.016,30640.8404023264
305877,43878.016,11740.340809975602
305878,43878.016,24510.260939325803
305879,43878.016,55978.44733274871
305880,43878.016,14609.413675173268
305881,43878.016,22755.79392169709
305882,43878.016,56541.010495002185
305883,43878.016,24693.711840336317
305884,43878.016,31001.580150324502
305885,43878.016,9565.381761363933
305886,43878.016,36189.65010512964
305887,43878.016,51673.16978426943
305888,43878.016,22760.017748281673
305889,43878.016,59736.843132161244
305890,43878.016,33499.080079859246
305891,43878.016,18086.51606314652
305892,43878.016,11068.074536015929
305893,43878.016,23610.887659361335
305894,43878.016,20525.19748893409
305895,43878.016,18887.930563940554
305896,43878.016,35431.68284821681
305897,43878.016,31906.618612876468
305898,43878.016,34615.48252575928
305899,43878.016,16220.126459883786
305900,43878.016,31663.0093426533
305901,43878.016,61046.811792693385
305902,43878.016,59415.11368086495
305903,43878.016,20492.632566340493
305904,43878.016,13538.300363810766
305905,43878.016,53424.458471106016
305906,43878.016,25740.61245833965
305907,43878.016,7741.829343103907
305908,43878.016,29721.283515651787
305909,43878.016,34141.984472937605
305910,43878.016,13634.795957757933
305911,43878.016,24286.511047209613
305912,43878.016,28219.106862464352
305913,43878.016,64404.31468971606
305914,43878.016,32179.825130503636
305915,43878.016,14485.492584239924
305916,43878.016,29417.697750408213
305917,43878.016,9751.727965651093
305918,43878.016,61204.24315696873
305919,43878.016,9642.07284902148
305920,43878.016,61804.0742026722
305921,43878.016,81269.42520272848
305922,43878.016,29213.190484183888
305923,43878.016,44858.1223108984
305924,43878.016,52668.84450291036
305925,43878.016,92005.36395119688
305926,43878.016,10813.008008539004
305927,43878.016,37729.636644761595
305928,43878.016,37648.953456370116
305929,43878.016,13584.228701555316
305930,43878.016,23014.48372104076
305931,43878.016,45856.05556753934
305932,43878.016,14888.48908647631
305933,43878.016,67504.77458163604
305934,43878.016,18303.285217386903
305935,43878.016,55466.25612667081
305936,43878.016,24394.833002886422
305937,43878.016,41287.59403213884
305938,43878.016,56772.44772558362
305939,43878.016,44791.90284500438
305940,43878.016,41800.316878122125
305941,43878.016,43702.00809538164
305942,43878.016,35959.24943688499
305943,43878.016,4080.279752355109
305944,43878.016,14722.669635864699
305945,43878.016,26970.356155394722
305946,43878.016,66713.25659029152
305947,43878.016,31625.528378860436
305948,43878.016,49604.018367618024
305949,43878.016,27854.271175603008
305950,43878.016,24882.3761406491
305951,43878.016,29278.88324697968
305952,43878.016,10607.624392995718
305953,43878.016,36630.52413147322
305954,43878.016,10266.227650558536
305955,43878.016,20360.124028354443
305956,43878.016,23041.175945441413
305957,43878.016,45708.415256955595
305958,43878.016,19539.028011245366
305959,43878.016,27412.194768735517
305960,43878.016,9639.069885214782
305961,43878.016,6656.663644779391
305962,43878.016,56290.69011781054
305963,43878.016,37023.94102452669
305964,43878.016,41073.033667247706
305965,43878.016,11184.500676499589
305966,43878.016,61693.43154771301
305967,43878.016,42568.69675101876
305968,43878.016,21730.05995555263
305969,43878.016,45005.62382873485
305970,43878.016,55738.26212129839
305971,43878.016,49143.86823158954
305972,43878.016,124303.5452905288
305973,43878.016,14463.342026202197
305974,43878.016,45688.72113474346
305975,43878.016,49786.0795789967
305976,43878.016,57161.64780052918
305977,43878.016,29790.932088443355
305978,43878.016,47531.93549170445
305979,43878.016,17606.92680958001
305980,43878.016,76561.14113446846
305981,43878.016,33990.7466584924
305982,43878.016,91660.42985036236
305983,43878.016,22397.564001102975
305984,43878.016,35700.743363802525
305985,43878.016,13901.176827604791
305986,43878.016,13257.353916429785
305987,43878.016,57404.38181065237
305988,43878.016,57764.77948662325
305989,43878.016,39067.707226621475
305990,43878.016,46410.17156491779
305991,43878.016,35167.667183644546
305992,43878.016,18559.823380085778
305993,43878.016,39829.61596511392
305994,43878.016,37193.60581579165
305995,43878.016,26471.401573914838
305996,43878.016,34977.15792065218
305997,43878.016,23884.144420438715
305998,43878.016,31764.12195955397
305999,43878.016,48927.81676809724
306000,43878.016,39046.07147663266
306001,43878.016,21771.894644848675
306002,43878.016,44126.35101365918
306003,43878.016,67765.85899070413
306004,43878.016,39681.1840739203
306005,43878.016,61387.144676899
306006,43878.016,24923.912846910393
306007,43878.016,67377.86719284856
306008,43878.016,19636.796304878277
306009,43878.016,26948.47343767406
306010,43878.016,31331.158296692432
306011,43878.016,28598.847908041385
306012,43878.016,19191.691746996934
306013,43878.016,12904.560505291416
306014,43878.016,52969.84972362468
306015,43878.016,66464.95227310082
306016,43878.016,10320.629203744998
306017,43878.016,8501.03825120215
306018,43878.016,53277.3318266466
306019,43878.016,49756.44764170306
306020,43878.016,15924.542851067034
306021,43878.016,46662.41864805519
306022,43878.016,25203.36387720691
306023,43878.016,53195.54764380329
306024,43878.016,39765.131424645835
306025,43878.016,26469.15050382041
306026,43878.016,19479.73073205968
306027,43878.016,53224.43516446141
306028,43878.016,31316.015322179428
306029,43878.016,7960.493905385709
306030,43878.016,56934.7533334827
306031,43878.016,5112.713568132929
306032,43878.016,29643.799744281103
306033,43878.016,28229.935896062732
306034,43878.016,14857.321327912621
306035,43878.016,15788.769614934192
306036,43878.016,58310.01629897645
306037,43878.016,19210.27602681539
306038,43878.016,55765.52856495291
306039,43878.016,40481.944018064314
306040,43878.016,39990.28865108666
306041,43878.016,12704.725327332657
306042,43878.016,46277.963966107505
306043,43878.016,53361.65771210355
306044,43878.016,39759.897521521474
306045,43878.016,23977.171697212834
306046,43878.016,114894.182593367
306047,43878.016,27573.077383551212
306048,43878.016,23344.56848203544
306049,43878.016,31505.84327492842
306050,43878.016,50983.8038591789
306051,43878.016,68299.72404277817
306052,43878.016,52125.9950736625
306053,43878.016,47176.53440397118
306054,43878.016,24436.459194303665
306055,43878.016,26510.77294429793
306056,43878.016,12649.664690687667
306057,43878.016,21610.36051532108
306058,43878.016,39007.28406413773
306059,43878.016,32273.700666944882
306060,43878.016,15094.67777844076
306061,43878.016,55826.18273616432
306062,43878.016,57898.113871355905
306063,43878.016,38698.425420108426
306064,43878.016,13534.982650185095
306065,43878.016,52068.40131536971
306066,43878.016,15925.712041498577
306067,43878.016,13291.528859096552
306068,43878.016,26708.782143579916
306069,43878.016,56124.144889045805
306070,43878.016,41830.90845697856
306071,43878.016,39346.25311526708
306072,43878.016,23140.06778177698
306073,43878.016,38304.362683420135
306074,43878.016,34864.309848617944
306075,43878.016,55116.34685327381
306076,43878.016,49377.27321829854
306077,43878.016,60062.464422399724
306078,43878.016,20343.51347155614
306079,43878.016,42604.52833486446
306080,43878.016,24851.836661269277
306081,43878.016,51533.06773745253
306082,43878.016,19070.515364883562
306083,43878.016,12969.738821945666
306084,43878.016,71258.18158014126
306085,43878.016,57231.31072362375
306086,43878.016,79630.35533435413
306087,43878.016,31000.224285226508
306088,43878.016,68264.2673426919
306089,43878.016,29120.859732495963
306090,43878.016,20801.379272549413
306091,43878.016,40968.3392255792
306092,43878.016,32723.61103558107
306093,43878.016,23205.28098316778
306094,43878.016,63461.85275964932
306095,43878.016,16133.084624246307
306096,43878.016,30269.91389322725
306097,43878.016,19986.00809942429
306098,43878.016,8866.3392576491
306099,43878.016,42128.500975517214
306100,43878.016,19495.287760307867
306101,43878.016,58919.961163995016
306102,43878.016,53361.469650441766
306103,43878.016,26057.58143989243
306104,43878.016,43329.72250217943
306105,43878.016,31229.433629414558
306106,43878.016,13796.811802740394
306107,43878.016,25627.887205227176
306108,43878.016,9573.964646856117
306109,43878.016,19830.375378207125
306110,43878.016,28785.071312322198
306111,43878.016,8697.289851160733
306112,43878.016,39144.242094246205
306113,43878.016,13612.204937442695
306114,43878.016,16918.56836546115
306115,43878.016,10809.131025523895
306116,43878.016,5553.482860734948
306117,43878.016,22745.960477736575
306118,43878.016,11187.035157371205
306119,43878.016,12949.322462911676
306120,43878.016,45089.445398838034
306121,43878.016,24679.915913760302
306122,43878.016,40645.79700480221
306123,43878.016,42977.24566429659
306124,43878.016,12340.154582729312
306125,43878.016,43423.6786351822
306126,43878.016,38766.1248825166
306127,43878.016,11977.060797358801
306128,43878.016,27694.229930144298
306129,43878.016,53256.42760166904
306130,43878.016,19963.988934498357
306131,43878.016,40580.73128719071
306132,43878.016,18681.853099301563
306133,43878.016,58612.81848988599
306134,43878.016,69807.90927965996
306135,43878.016,25177.692749282884
306136,43878.016,47720.99060493753
306137,43878.016,31771.61815544527
306138,43878.016,14730.136287954136
306139,43878.016,16736.924550767148
306140,43878.016,63149.24591148319
306141,43878.016,49583.230246135296
306142,43878.016,18213.507999697744
306143,43878.016,51974.38984364411
306144,43878.016,20265.087941265916
306145,43878.016,43678.58770113405
306146,43878.016,39294.638131217805
306147,43878.016,42837.63796830689
306148,43878.016,6324.684043630185
306149,43878.016,25695.31642985145
306150,43878.016,50443.08523615704
306151,43878.016,33007.11275161439
306152,43878.016,20307.996887468755
306153,43878.016,68302.80175773511
306154,43878.016,36940.009412656545
306155,43878.016,12928.39705262704
306156,43878.016,15484.529308066567
306157,43878.016,49022.23997088447
306158,43878.016,52737.02286317356
306159,43878.016,18045.254726171635
306160,43878.016,40029.15812869134
306161,43878.016,24880.08963921122
306162,43878.016,44153.46632433326
306163,43878.016,37335.08061869909
306164,43878.016,11050.720289262303
306165,43878.016,14243.636792536325
306166,43878.016,70375.74801065879
306167,43878.016,24480.645423146467
306168,43878.016,29121.366772000252
306169,43878.016,43112.530597277466
306170,43878.016,19334.02656800125
306171,43878.016,25605.910425567017
306172,43878.016,10411.00287999447
306173,43878.016,35387.445927472814
306174,43878.016,66247.50436594657
306175,43878.016,71509.67229741624
306176,43878.016,59772.38235289425
306177,43878.016,52228.92895842311
306178,43878.016,26402.6824230368
306179,43878.016,19384.893679582467
306180,43878.016,8127.936155109557
306181,43878.016,43947.39486398155
306182,43878.016,40408.964871783886
306183,43878.016,56425.84271258427
306184,43878.016,27615.049618757883
306185,43878.016,32431.277740318306
306186,43878.016,34755.98729072057
306187,43878.016,26393.024584254297
306188,43878.016,32687.792746143954
306189,43878.016,31668.957162393985
306190,43878.016,61965.21640691356
306191,43878.016,100180.16584078976
306192,43878.016,25679.040010370656
306193,43878.016,16670.58095681021
306194,43878.016,64281.84271815652
306195,43878.016,33561.43999282863
306196,43878.016,39780.03970943737
306197,43878.016,36523.00577312362
306198,43878.016,48427.0626421611
306199,43878.016,13782.811784787194
306200,43878.016,62998.4485569811
306201,43878.016,46570.78085429224
306202,43878.016,12957.079316180902
306203,43878.016,23426.26231953101
306204,43878.016,55066.28895591146
306205,43878.016,15858.731614832315
306206,43878.016,54823.01934054151
306207,43878.016,17880.132258292757
306208,43878.016,34898.65504085401
306209,43878.016,25461.588451258456
306210,43878.016,19873.866220887117
306211,43878.016,17960.929195158435
306212,43878.016,28783.787360611972
306213,43878.016,26094.688922694986
306214,43878.016,15944.357100569567
306215,43878.016,21851.337234893523
306216,43878.016,48906.33480883142
306217,43878.016,78268.90477679139
306218,43878.016,12130.142436396243
306219,43878.016,19750.54716431979
306220,43878.016,21796.70314434994
306221,43878.016,48882.46433885716
306222,43878.016,69604.17683746055
306223,43878.016,5537.462467386439
306224,43878.016,31994.399678513153
306225,43878.016,46845.96548550501
306226,43878.016,41088.14641610724
306227,43878.016,51713.15575414614
306228,43878.016,47728.21470543787
306229,43878.016,14690.024689853157
306230,43878.016,34875.35608335255
306231,43878.016,33740.8177073128
306232,43878.016,68374.66614338993
306233,43878.016,28235.350025744014
306234,43878.016,62299.40791221445
306235,43878.016,11227.072177632666
306236,43878.016,24499.144547628537
306237,43878.016,44355.98375760007
306238,43878.016,62967.9860561803
306239,43878.016,18205.29872089009
306240,43878.016,20019.579008959394
306241,43878.016,44932.765780524634
306242,43878.016,62238.721342429795
306243,43878.016,10526.163363902993
306244,43878.016,18462.78156721736
306245,43878.016,10705.45567561357
306246,43878.016,21651.695251132343
306247,43878.016,63358.15344523701
306248,43878.016,16951.696159950716
306249,43878.016,13671.57635260299
306250,43878.016,49513.88060185002
306251,43878.016,28307.276135015913
306252,43878.016,51793.37859042168
306253,43878.016,43255.9564642053
306254,43878.016,47086.92487175481
306255,43878.016,52371.53231760942
306256,43878.016,19617.37899122662
306257,43878.016,51989.17559447809
306258,43878.016,46606.13648943464
306259,43878.016,49893.23290067374
306260,43878.016,55348.140576695805
306261,43878.016,20537.141032979267
306262,43878.016,30627.167438025204
306263,43878.016,44374.52510489471
306264,43878.016,12718.682297790414
306265,43878.016,12860.965013817302
306266,43878.016,64859.004730261244
306267,43878.016,73913.6466860399
306268,43878.016,12542.475763529628
306269,43878.016,23870.760473268412
306270,43878.016,14028.786030574494
306271,43878.016,49926.83682817582
306272,43878.016,26271.519563770322
306273,43878.016,51851.44582407206
306274,43878.016,25547.925934906874
306275,43878.016,29994.88860322553
306276,43878.016,47464.20208490784
306277,43878.016,37460.57453088556
306278,43878.016,16958.42738115233
306279,43878.016,58389.310229938696
306280,43878.016,25895.701676852805
306281,43878.016,49248.40697793095
306282,43878.016,43995.869070193956
306283,43878.016,39757.694696854014
306284,43878.016,9946.408137246752
306285,43878.016,51656.193451342035
306286,43878.016,13032.74019282178
306287,43878.016,18921.616975452715
306288,43878.016,66201.53132029904
306289,43878.016,56838.955453228846
306290,43878.016,55055.4113424664
306291,43878.016,21080.08204797285
306292,43878.016,10836.154798856676
306293,43878.016,18205.037780332543
306294,43878.016,52967.0400407545
306295,43878.016,20387.525149508823
306296,43878.016,14731.197873397254
306297,43878.016,43778.254374969714
306298,43878.016,5326.306512527366
306299,43878.016,81296.5495916845
306300,43878.016,21805.992130572384
306301,43878.016,28992.13580092056
306302,43878.016,19351.09983568247
306303,43878.016,17109.03991055342
306304,43878.016,36917.01195101087
306305,43878.016,29672.723032269758
306306,43878.016,80910.30838879017
306307,43878.016,21892.447492643078
306308,43878.016,10932.348249982155
306309,43878.016,54174.14987499621
306310,43878.016,58313.166232136544
306311,43878.016,11225.914052822052
306312,43878.016,44476.322832934144
306313,43878.016,28115.95040658672
306314,43878.016,35057.44180323676
306315,43878.016,61127.46707360697
306316,43878.016,31846.246655884006
306317,43878.016,36931.01427017012
306318,43878.016,10944.030141445815
306319,43878.016,49790.51084639149
306320,43878.016,45002.72046040898
306321,43878.016,13395.952242043531
306322,43878.016,29907.468181901506
306323,43878.016,46664.9508683535
306324,43878.016,28039.747048857625
306325,43878.016,18690.669626584662
306326,43878.016,77895.31044780125
306327,43878.016,22501.111281903657
306328,43878.016,19076.62604444549
306329,43878.016,39817.710140760704
306330,43878.016,16624.031852123167
306331,43878.016,41304.836526387546
306332,43878.016,23318.164753885303
306333,43878.016,70055.70572509237
306334,43878.016,38122.07922693656
306335,43878.016,3901.6381674519903
306336,43878.016,23591.055372676197
306337,43878.016,20003.449103299336
306338,43878.016,48207.723036399235
306339,43878.016,29492.217639316696
306340,43878.016,28961.680840055335
306341,43878.016,29563.288195746725
306342,43878.016,57886.944049094694
306343,43878.016,65754.47797214803
306344,43878.016,26153.42789759165
306345,43878.016,45627.41062502463
306346,43878.016,52691.421304762036
306347,43878.016,19295.321113955117
306348,43878.016,12937.43807292739
306349,43878.016,35263.24744303326
306350,43878.016,35508.18667273477
306351,43878.016,47018.912420085166
306352,43878.016,55110.71296157253
306353,43878.016,50465.15269751721
306354,43878.016,26424.930933346008
306355,43878.016,30677.599179196262
306356,43878.016,60672.8225293752
306357,43878.016,35202.43474921788
306358,43878.016,5873.808887081578
306359,43878.016,21667.851293974752
306360,43878.016,21451.729739365193
306361,43878.016,18552.843267552955
306362,43878.016,24639.80252264252
306363,43878.016,29052.35853517046
306364,43878.016,38956.8311727132
306365,43878.016,50252.000654624506
306366,43878.016,42846.05442644613
306367,43878.016,28649.199677337183
306368,43878.016,14234.94339470021
306369,43878.016,21600.667278856294
306370,43878.016,46029.042123501706
306371,43878.016,71823.48623944027
306372,43878.016,50202.38627708753
306373,43878.016,26656.67806132558
306374,43878.016,38142.22270037606
306375,43878.016,11898.23353663357
306376,43878.016,60790.314793102116
306377,43878.016,10758.322478710537
306378,43878.016,56952.368473558774
306379,43878.016,59303.71843930787
306380,43878.016,37448.189104834906
306381,43878.016,40509.35161578192
306382,43878.016,74766.3668898744
306383,43878.016,36959.77741879786
306384,43878.016,43170.63779411309
306385,43878.016,12025.998293190527
306386,43878.016,34079.67191516625
306387,43878.016,24985.75567577838
306388,43878.016,53408.86055603328
306389,43878.016,40452.114057652245
306390,43878.016,33093.41829740327
306391,43878.016,31271.65452251394
306392,43878.016,58657.958073325695
306393,43878.016,37726.30742694717
306394,43878.016,34013.01908765076
306395,43878.016,38650.39580049311
306396,43878.016,63546.85259189117
306397,43878.016,49799.02568684036
306398,43878.016,16757.16963251451
306399,43878.016,48431.43696318505
306400,43878.016,34517.73220325843
306401,43878.016,13629.159783447523
306402,43878.016,33977.695237604916
306403,43878.016,7211.146500460227
306404,43878.016,53376.63294267404
306405,43878.016,12185.739436002452
306406,43878.016,43312.30483954632
306407,43878.016,42382.275389483904
306408,43878.016,41485.23507801264
306409,43878.016,63395.72871546175
306410,43878.016,22275.418733231192
306411,43878.016,38967.69029462095
306412,43878.016,74430.34219040345
306413,43878.016,51959.900788192674
306414,43878.016,24545.28037684538
306415,43878.016,18300.66039126127
306416,43878.016,56925.2223538786
306417,43878.016,16906.878106624274
306418,43878.016,67460.0700363757
306419,43878.016,15118.00058310325
306420,43878.016,64042.31650151165
306421,43878.016,23532.94200735553
306422,43878.016,43700.21170546607
306423,43878.016,29140.062411775278
306424,43878.016,45024.91019849557
306425,43878.016,42079.43174358797
306426,43878.016,20796.915013444363
306427,43878.016,52236.260113026394
306428,43878.016,62027.72758114414
306429,43878.016,61854.60347406791
306430,43878.016,6784.89247521165
306431,43878.016,24399.150902384434
306432,43878.016,36893.36293736287
306433,43878.016,35490.412337527225
306434,43878.016,18794.21221777115
306435,43878.016,72664.34842086694
306436,43878.016,11359.012856323896
306437,43878.016,56450.17377139799
306438,43878.016,46798.8016249917
306439,43878.016,46406.72338855141
306440,43878.016,12627.97917481871
306441,43878.016,43892.44569200477
306442,43878.016,7196.893135683338
306443,43878.016,34222.145138048865
306444,43878.016,14508.141215257281
306445,43878.016,12644.444764802953
306446,43878.016,41932.18094500868
306447,43878.016,47962.8797576924
306448,43878.016,28236.02318222173
306449,43878.016,76359.51730314511
306450,43878.016,46271.202702394214
306451,43878.016,16200.735378253059
306452,43878.016,41822.08245524447
306453,43878.016,8358.18245064011
306454,43878.016,55917.91198048958
306455,43878.016,19242.058731938207
306456,43878.016,60088.16368656869
306457,43878.016,19941.574861297628
306458,43878.016,19831.930626249872
306459,43878.016,41412.62888500154
306460,43878.016,20688.3609475606
306461,43878.016,38793.18666024575
306462,43878.016,77293.50144872256
306463,43878.016,26646.305508921538
306464,43878.016,55262.21006833825
306465,43878.016,39389.471219013794
306466,43878.016,28914.05822360744
306467,43878.016,62146.39587150607
306468,43878.016,14994.413049430377
306469,43878.016,35524.600840527215
306470,43878.016,45604.67356344523
306471,43878.016,31031.69890576103
306472,43878.016,16544.765116446128
306473,43878.016,34113.56152658872
306474,43878.016,18975.000391245667
306475,43878.016,18615.82660057803
306476,43878.016,12737.601034792651
306477,43878.016,8494.444776286367
306478,43878.016,30613.363455989034
306479,43878.016,44451.9786132907
306480,43878.016,10151.705289245087
306481,43878.016,34822.850302763
306482,43878.016,63453.55344974515
306483,43878.016,32065.621703764882
306484,43878.016,34283.93591859706
306485,43878.016,69026.15438109462
306486,43878.016,54768.047869242815
306487,43878.016,21274.382044613147
306488,43878.016,26460.59654392494
306489,43878.016,67739.25540277596
306490,43878.016,22186.42629723348
306491,43878.016,59018.55677573791
306492,43878.016,32516.677029918832
306493,43878.016,58446.16613115686
306494,43878.016,61688.48903388488
306495,43878.016,67860.78568578871
306496,43878.016,47324.96421898511
306497,43878.016,19381.62951389369
306498,43878.016,49713.13810181816
306499,43878.016,31386.645913583245
306500,43878.016,7749.218451118035
306501,43878.016,44855.854394942275
306502,43878.016,12251.302939362742
306503,43878.016,65775.94055815275
306504,43878.016,28844.510745599542
306505,43878.016,10461.673619958176
306506,43878.016,32674.668696950845
306507,43878.016,48622.27408039631
306508,43878.016,16603.840204082422
306509,43878.016,18388.822859361557
306510,43878.016,48284.73513737339
306511,43878.016,47791.713209332025
306512,43878.016,14575.600748183831
306513,43878.016,17450.822932744795
306514,43878.016,10789.325489083545
306515,43878.016,56572.01057718807
306516,43878.016,33922.99014998475
306517,43878.016,26788.702931622815
306518,43878.016,32103.76373632096
306519,43878.016,9308.022189311252
306520,43878.016,15935.637126214515
306521,43878.016,24556.3789410181
306522,43878.016,27042.516959709435
306523,43878.016,24700.35030253542
306524,43878.016,20138.17203834009
306525,43878.016,22356.66321875439
306526,43878.016,77837.62901274794
306527,43878.016,25271.603689483974
306528,43878.016,31437.22679568939
306529,43878.016,21910.03740240343
306530,43878.016,38023.02353958715
306531,43878.016,20174.79262890632
306532,43878.016,48580.76850176516
306533,43878.016,46464.68920447591
306534,43878.016,52918.11420733114
306535,43878.016,90679.91508944097
306536,43878.016,16701.824658547608
306537,43878.016,13814.68417434821
306538,43878.016,71409.78223334505
306539,43878.016,78413.51492134281
306540,43878.016,55079.856395675735
306541,43878.016,23495.202465767765
306542,43878.016,57336.467655881825
306543,43878.016,13498.482300697618
306544,43878.016,10139.364939858444
306545,43878.016,119095.52728118273
306546,43878.016,56948.57834761377
306547,43878.016,64210.825671827835
306548,43878.016,11694.77009029057
306549,43878.016,53028.67978799774
306550,43878.016,41272.295626284955
306551,43878.016,64247.13265428746
306552,43878.016,45963.959612461775
306553,43878.016,30534.12610659266
306554,43878.016,13371.261250788495
306555,43878.016,22772.609039462583
306556,43878.016,20182.143244734576
306557,43878.016,21002.48075962128
306558,43878.016,25348.116920736702
306559,43878.016,16916.791962042334
306560,43878.016,65125.79105366282
306561,43878.016,54057.455207451305
306562,43878.016,9334.192292456877
306563,43878.016,67798.91048663048
306564,43878.016,43044.27600375342
306565,43878.016,44265.411060305865
306566,43878.016,39445.334254632624
306567,43878.016,27174.040602673118
306568,43878.016,16209.595858812325
306569,43878.016,16150.364172815322
306570,43878.016,14471.26461942535
306571,43878.016,36690.77145444668
306572,43878.016,79762.80506468646
306573,43878.016,11202.132909416452
306574,43878.016,25071.424002023243
306575,43878.016,19730.95025794224
306576,43878.016,52879.76903328066
306577,43878.016,44299.071145747126
306578,43878.016,29365.758247113095
306579,43878.016,30738.921951777545
306580,43878.016,23832.13640453703
306581,43878.016,19196.18193145309
306582,43878.016,60636.06611535548
306583,43878.016,42348.43253117745
306584,43878.016,62448.58012659639
306585,43878.016,21034.370451373918
306586,43878.016,32882.59437195848
306587,43878.016,24790.002613800807
306588,43878.016,79698.60718976667
306589,43878.016,32183.28899732091
306590,43878.016,33705.20340950239
306591,43878.016,46422.576046558584
306592,43878.016,50529.498331920484
306593,43878.016,36945.226542752804
306594,43878.016,20273.278496527586
306595,43878.016,17985.941279061277
306596,43878.016,18858.73459598295
306597,43878.016,32923.96680195733
306598,43878.016,84082.42565838063
306599,43878.016,10187.47105247653
306600,43878.016,44627.9505861529
306601,43878.016,54156.42378479407
306602,43878.016,50983.96350762531
306603,43878.016,47841.267922006045
306604,43878.016,10214.670842624599
306605,43878.016,33417.35453838974
306606,43878.016,31394.437883217655
306607,43878.016,80933.24051321407
306608,43878.016,15180.381784886737
306609,43878.016,16897.92169571668
306610,43878.016,68159.15025686845
306611,43878.016,49606.12307292943
306612,43878.016,28924.09615628994
306613,43878.016,27411.97213376173
306614,43878.016,19919.223689968814
306615,43878.016,8160.965055081215
306616,43878.016,74190.30510807055
306617,43878.016,38597.3382260228
306618,43878.016,75634.70458736292
306619,43878.016,8217.494097916953
306620,43878.016,9050.463712151975
306621,43878.016,22863.52322112064
306622,43878.016,47990.43319669671
306623,43878.016,17450.631230759544
306624,43878.016,15266.47510161157
306625,43878.016,67443.38470062488
306626,43878.016,17167.37254857999
306627,43878.016,25068.463600630246
306628,43878.016,20161.771863812413
306629,43878.016,48356.620619766996
306630,43878.016,62882.30125077847
306631,43878.016,32851.01792349675
306632,43878.016,15777.953783252935
306633,43878.016,18567.639336878634
306634,43878.016,47326.1495988254
306635,43878.016,46420.66464485512
306636,43878.016,23805.844280471825
306637,43878.016,27117.831672848308
306638,43878.016,12666.419480705279
306639,43878.016,32192.134976258447
306640,43878.016,40950.53406529957
306641,43878.016,27656.548009783575
306642,43878.016,44146.54964248572
306643,43878.016,10206.881857643662
306644,43878.016,47470.96146193629
306645,43878.016,37548.712073478324
306646,43878.016,53083.83254990386
306647,43878.016,46018.58178400002
306648,43878.016,69362.98614278297
306649,43878.016,43020.20840275205
306650,43878.016,32444.841674057297
306651,43878.016,55800.85533704243
306652,43878.016,36527.23344403705
306653,43878.016,7824.870285755235
306654,43878.016,42938.731796739245
306655,43878.016,14174.6569044152
306656,43878.016,15629.932204209212
306657,43878.016,33074.66026421427
306658,43878.016,23903.71000236556
306659,43878.016,20743.8876282021
306660,43878.016,65438.753967809156
306661,43878.016,13370.125862194538
306662,43878.016,13855.470642019402
306663,43878.016,20914.653079861353
306664,43878.016,47806.526818688835
306665,43878.016,45520.687844019936
306666,43878.016,37475.38264952855
306667,43878.016,12682.943663371074
306668,43878.016,32273.62581798849
306669,43878.016,35868.98771076359
306670,43878.016,32593.279105551337
306671,43878.016,13278.143478778411
306672,43878.016,51750.38439822845
306673,43878.016,17920.168491220946
306674,43878.016,64354.99093131522
306675,43878.016,17658.556346995167
306676,43878.016,28489.021147602907
306677,43878.016,36526.76452114416
306678,43878.016,10248.19125677647
306679,43878.016,18958.90547653668
306680,43878.016,11289.590360433102
306681,43878.016,54781.46846337052
306682,43878.016,71570.20547964705
306683,43878.016,47898.305231550934
306684,43878.016,38702.103354596424
306685,43878.016,67543.61226985966
306686,43878.016,23073.698243106315
306687,43878.016,57813.035935764434
306688,43878.016,12313.040252486204
306689,43878.016,32213.8088327507
306690,43878.016,46914.36712934982
306691,43878.016,37364.76557945534
306692,43878.016,55907.45431219199
306693,43878.016,18589.40694187011
306694,43878.016,6796.09755260337
306695,43878.016,31670.53064729249
306696,43878.016,60204.73745408679
306697,43878.016,68917.58187151447
306698,43878.016,46250.412714054924
306699,43878.016,21324.693617675635
306700,43878.016,17696.694703502813
306701,43878.016,59154.58616403208
306702,43878.016,14918.29269580646
306703,43878.016,6889.904889343752
306704,43878.016,73156.46432637495
306705,43878.016,28879.54719768671
306706,43878.016,34313.97525476682
306707,43878.016,16388.88739439708
306708,43878.016,9907.374727397628
306709,43878.016,17065.27084120933
306710,43878.016,31125.34088698217
306711,43878.016,28433.785850838074
306712,43878.016,62026.704821711144
306713,43878.016,44775.05014041961
306714,43878.016,62303.128939750655
306715,43878.016,36994.990278662386
306716,43878.016,43994.356825645234
306717,43878.016,15356.70220824725
306718,43878.016,38618.28164458319
306719,43878.016,13205.215297248695
306720,43878.016,18875.389442617277
306721,43878.016,11073.946222709732
306722,43878.016,40099.27200913748
306723,43878.016,8027.188494401051
306724,43878.016,23844.871487493518
306725,43878.016,37513.75494326962
306726,43878.016,32263.03299861714
306727,43878.016,28134.31930048179
306728,43878.016,8779.420413278993
306729,43878.016,13893.315924102662
306730,43878.016,29729.591627725364
306731,43878.016,59522.59590227909
306732,43878.016,19989.867892064434
306733,43878.016,29013.377962667717
306734,43878.016,61409.30024559335
306735,43878.016,63539.61680479885
306736,43878.016,19869.471892138332
306737,43878.016,20194.264506894382
306738,43878.016,53431.60948482214
306739,43878.016,18570.854191736034
306740,43878.016,14349.18707640737
306741,43878.016,24716.093855849485
306742,43878.016,41918.200902033605
306743,43878.016,16093.365053361194
306744,43878.016,13993.192162054645
306745,43878.016,27150.201723644732
306746,43878.016,30679.789641242154
306747,43878.016,23638.0108873587
306748,43878.016,65776.89439566863
306749,43878.016,31677.88007336254
306750,43878.016,63499.70759938511
306751,43878.016,49843.79404024148
306752,43878.016,15198.571191625299
306753,43878.016,53052.35441605056
306754,43878.016,81193.72188997663
306755,43878.016,54073.342172888646
306756,43878.016,47736.066126323945
306757,43878.016,8610.1663972443
306758,43878.016,39711.7103640346
306759,43878.016,40039.83111752811
306760,43878.016,19786.061817778842
306761,43878.016,24353.514862886514
306762,43878.016,7437.584247876785
306763,43878.016,58840.02113122694
306764,43878.016,8400.02463051786
306765,43878.016,21431.26254950109
306766,43878.016,20620.584876183544
306767,43878.016,8717.154716576519
306768,43878.016,36515.25096272135
306769,43878.016,16640.96131518739
306770,43878.016,53482.76647541809
306771,43878.016,7581.461559080809
306772,43878.016,23077.948647305566
306773,43878.016,10383.60707461798
306774,43878.016,14532.110025642325
306775,43878.016,15572.874566042556
306776,43878.016,25731.20580793046
306777,43878.016,18840.007599956753
306778,43878.016,26531.6135030084
306779,43878.016,65312.63117492491
306780,43878.016,44201.180151312496
306781,43878.016,36545.72575951829
306782,43878.016,18853.154493297523
306783,43878.016,10221.486770165979
306784,43878.016,29429.23578316235
306785,43878.016,34070.2352921189
306786,43878.016,18327.797227011724
306787,43878.016,14964.29310458546
306788,43878.016,16753.973188698634
306789,43878.016,26131.185592592214
306790,43878.016,32220.292340201086
306791,43878.016,25270.92403349271
306792,43878.016,67575.81167866885
306793,43878.016,55500.56067098218
306794,43878.016,32325.13811509481
306795,43878.016,12560.390141277343
306796,43878.016,8006.0150483558255
306797,43878.016,71989.1715311065
306798,43878.016,8448.172624396853
306799,43878.016,57822.34690345243
306800,43878.016,21768.18779870833
306801,43878.016,45592.06677333779
306802,43878.016,13115.111114800711
306803,43878.016,19352.962841457684
306804,43878.016,40022.47953376036
306805,43878.016,10401.00600439011
306806,43878.016,20382.940198116747
306807,43878.016,47876.39777518758
306808,43878.016,14736.942706288164
306809,43878.016,22140.122341815575
306810,43878.016,14470.391225250718
306811,43878.016,40470.13021224846
306812,43878.016,52704.53621689134
306813,43878.016,55990.09882819967
306814,43878.016,15092.752100245089
306815,43878.016,44434.57493881166
306816,43878.016,48686.559817372145
306817,43878.016,12201.864439532716
306818,43878.016,44850.38826190186
306819,43878.016,55523.84832089181
306820,43878.016,26305.05534481907
306821,43878.016,57355.08708532892
306822,43878.016,25732.481728807546
306823,43878.016,24813.050880515944
306824,43878.016,31985.71882436208
306825,43878.016,9326.887839415745
306826,43878.016,15006.451200772288
306827,43878.016,37270.50146762199
306828,43878.016,52365.75316017628
306829,43878.016,21403.43208494201
306830,43878.016,92791.70417939381
306831,43878.016,15300.629738519927
306832,43878.016,21673.43770508982
306833,43878.016,53084.67973533798
306834,43878.016,12891.968090503917
306835,43878.016,25434.24453998535
306836,43878.016,50948.94305064754
306837,43878.016,37515.58213479197
306838,43878.016,34328.195039372986
306839,43878.016,49778.2000058754
306840,43878.016,11072.088928332776
306841,43878.016,48423.05277639021
306842,43878.016,96545.07964425796
306843,43878.016,22726.018595099948
306844,43878.016,46772.5710326099
306845,43878.016,7660.615027567798
306846,43878.016,49462.69899608103
306847,43878.016,26645.613700101712
306848,43878.016,66013.40476684704
306849,43878.016,49177.770588220905
306850,43878.016,119231.83920117377
306851,43878.016,28426.75818307183
306852,43878.016,50192.843602566936
306853,43878.016,28714.641331414005
306854,43878.016,18936.50948173965
306855,43878.016,30628.0470970106
306856,43878.016,9827.958083507288
306857,43878.016,24302.51829657965
306858,43878.016,36423.26884026282
306859,43878.016,56096.55842081542
306860,43878.016,13028.290041002068
306861,43878.016,32649.88216195706
306862,43878.016,13649.308460599117
306863,43878.016,34442.39144382658
306864,43878.016,25799.689642938192
306865,43878.016,41232.685020342855
306866,43878.016,57856.57169215043
306867,43878.016,58626.571188502996
306868,43878.016,28717.365663940313
306869,43878.016,18620.845149718512
306870,43878.016,55451.1450203104
306871,43878.016,59342.77101187106
306872,43878.016,12458.21650199796
306873,43878.016,13129.706431017728
306874,43878.016,18594.695549257318
306875,43878.016,41001.06341440131
306876,43878.016,17429.843559444424
306877,43878.016,54544.0238230076
306878,43878.016,7835.700128615212
306879,43878.016,51280.278844103974
306880,43878.016,8413.28713094812
306881,43878.016,26725.886995529178
306882,43878.016,60051.653104305056
306883,43878.016,5788.246409362574
306884,43878.016,29383.369348473097
306885,43878.016,104352.3709857681
306886,43878.016,18985.930408452077
306887,43878.016,41039.3861527877
306888,43878.016,56571.833739630405
306889,43878.016,12677.549352933409
306890,43878.016,45245.936596589185
306891,43878.016,24468.554682686434
306892,43878.016,17587.96468589995
306893,43878.016,59290.71333927212
306894,43878.016,44966.930647780675
306895,43878.016,52492.31195594465
306896,43878.016,59416.21508864469
306897,43878.016,22797.678367359127
306898,43878.016,25283.99767604079
306899,43878.016,45555.03311184364
306900,43878.016,51046.860941414234
306901,43878.016,41160.07377599513
306902,43878.016,25102.534546769595
306903,43878.016,53545.059965072105
306904,43878.016,6873.995525947136
306905,43878.016,35074.250311350035
306906,43878.016,17457.91538837486
306907,43878.016,29559.283088183594
306908,43878.016,81698.85365861162
306909,43878.016,13877.664091930215
306910,43878.016,57225.05725842392
306911,43878.016,33871.72322968368
306912,43878.016,60919.22436423026
306913,43878.016,11739.87410940729
306914,43878.016,34405.18868755698
306915,43878.016,25532.77818499749
306916,43878.016,51693.39930593594
306917,43878.016,45027.099938698746
306918,43878.016,12632.01855624376
306919,43878.016,57681.21982560803
306920,43878.016,23046.32812597847
306921,43878.016,35363.31930862087
306922,43878.016,75462.35294586507
306923,43878.016,44952.35732057156
306924,43878.016,47861.36630533958
306925,43878.016,31810.65857316184
306926,43878.016,31194.14828353604
306927,43878.016,23464.7538136773
306928,43878.016,26634.432111022958
306929,43878.016,35679.31628396231
306930,43878.016,30239.737083340617
306931,43878.016,74120.13879612424
306932,43878.016,11199.06046934837
306933,43878.016,9076.215812221375
306934,43878.016,14338.444091915042
306935,43878.016,44746.98061745354
306936,43878.016,8048.9860179246925
306937,43878.016,36278.43604286043
306938,43878.016,63685.240041151264
306939,43878.016,42990.02064708703
306940,43878.016,11374.99718489162
306941,43878.016,59651.89667728439
306942,43878.016,19854.078178056672
306943,43878.016,16918.806630156538
306944,43878.016,62681.66256233567
306945,43878.016,51258.55667155498
306946,43878.016,52191.55123844014
306947,43878.016,29071.460495353516
306948,43878.016,18420.962184399916
306949,43878.016,46942.92716728589
306950,43878.016,8257.533862355369
306951,43878.016,14597.932349423716
306952,43878.016,3781.396316696229
306953,43878.016,54562.31238312784
306954,43878.016,18686.429950415135
306955,43878.016,51546.8808335743
306956,43878.016,60424.004020442735
306957,43878.016,42886.259843358675
306958,43878.016,23272.422765223662
306959,43878.016,35368.25355334304
306960,43878.016,19813.172004196174
306961,43878.016,18492.646494427205
306962,43878.016,31890.04461908715
306963,43878.016,67732.63577697215
306964,43878.016,65623.80144138675
306965,43878.016,14661.574256240578
306966,43878.016,52641.7586543509
306967,43878.016,32656.952958286707
306968,43878.016,37204.89582877375
306969,43878.016,10785.855760543416
306970,43878.016,39650.85633964852
306971,43878.016,33199.44617617746
306972,43878.016,54367.55768858267
306973,43878.016,46294.43701835978
306974,43878.016,50174.83276765004
306975,43878.016,48565.233963339386
306976,43878.016,26932.12379637323
306977,43878.016,6072.387618260188
306978,43878.016,28488.525228653114
306979,43878.016,21450.438503622845
306980,43878.016,76338.09878562322
306981,43878.016,36752.17788373705
306982,43878.016,22462.903501841847
306983,43878.016,26956.44162489308
306984,43878.016,37640.22094768552
306985,43878.016,77519.12670771651
306986,43878.016,26289.853690238364
306987,43878.016,14126.707100048548
306988,43878.016,53133.44610287318
306989,43878.016,63693.22697469517
306990,43878.016,31570.104793029004
306991,43878.016,9967.91855719447
306992,43878.016,47275.33334365419
306993,43878.016,48659.391718405815
306994,43878.016,11485.38038184447
306995,43878.016,25940.741389323928
306996,43878.016,59784.84892728838
306997,43878.016,39879.19515177921
306998,43878.016,34732.68257274553
306999,43878.016,20000.916582710386
307000,43878.016,18238.86887711781
307001,43878.016,18798.90748055734
307002,43878.016,55486.33879135798
307003,43878.016,13460.507663352873
307004,43878.016,31932.693708021387
307005,43878.016,18361.495528359672
307006,43878.016,17784.695082678954
307007,43878.016,52023.48937223546
307008,43878.016,17520.46284495056
307009,43878.016,6441.694765933574
307010,43878.016,49746.57241351481
307011,43878.016,7399.492900968351
307012,43878.016,21387.018729588635
307013,43878.016,39305.206457263215
307014,43878.016,5851.487856680783
307015,43878.016,28277.042759933072
307016,43878.016,34349.27939162218
307017,43878.016,49853.026894004644
307018,43878.016,55417.35503637011
307019,43878.016,58237.18362408345
307020,43878.016,54051.30378444377
307021,43878.016,57041.79927321898
307022,43878.016,15515.178430704687
307023,43878.016,12368.441944603415
307024,43878.016,67179.20922599862
307025,43878.016,45268.02737363514
307026,43878.016,22944.665378640784
307027,43878.016,21769.681995588962
307028,43878.016,19524.248723790988
307029,43878.016,56831.747432100514
307030,43878.016,42548.658978037514
307031,43878.016,47882.94612908711
307032,43878.016,27243.21787306213
307033,43878.016,28221.32414031389
307034,43878.016,15473.773652497759
307035,43878.016,61576.77387516824
307036,43878.016,47825.01383050326
307037,43878.016,56229.25680348082
307038,43878.016,22141.945812369227
307039,43878.016,55646.5654035128
307040,43878.016,11371.910818118607
307041,43878.016,10652.269533609668
307042,43878.016,24255.319748222504
307043,43878.016,12733.899849948655
307044,43878.016,42253.26144523408
307045,43878.016,56303.346457615786
307046,43878.016,42997.47333570505
307047,43878.016,31601.2074378635
307048,43878.016,17613.416137174063
307049,43878.016,54165.42804576807
307050,43878.016,30143.420972016185
307051,43878.016,32527.208301300812
307052,43878.016,42746.42171810697
307053,43878.016,113143.88751358072
307054,43878.016,8152.432735386445
307055,43878.016,37120.462758043854
307056,43878.016,11418.3981959088
307057,43878.016,42133.02097169317
307058,43878.016,15550.274637293285
307059,43878.016,31083.827403314925
307060,43878.016,25810.979042527884
307061,43878.016,42967.08799336374
307062,43878.016,42380.1529061316
307063,43878.016,7593.575745708283
307064,43878.016,52610.893877478506
307065,43878.016,55572.96246256347
307066,43878.016,11039.839735020623
307067,43878.016,28716.628617554034
307068,43878.016,31192.56363523561
307069,43878.016,25413.426759738006
307070,43878.016,20852.383486527957
307071,43878.016,80796.32944455033
307072,43878.016,35257.60374389862
307073,43878.016,28076.41403025496
307074,43878.016,49914.840776018325
307075,43878.016,12932.649153671777
307076,43878.016,19933.47231104781
307077,43878.016,51210.31404203278
307078,43878.016,32307.75321820661
307079,43878.016,13397.101271604302
307080,43878.016,8165.836710395934
307081,43878.016,19963.226701624895
307082,43878.016,32376.750390516547
307083,43878.016,8949.23704058911
307084,43878.016,71491.57526649865
307085,43878.016,43222.100739199515
307086,43878.016,25821.132284391566
307087,43878.016,86172.99241459847
307088,43878.016,57307.7352488445
307089,43878.016,97857.27385203622
307090,43878.016,30705.497272238914
307091,43878.016,44126.222009847705
307092,43878.016,21005.230948869103
307093,43878.016,32509.109488854785
307094,43878.016,40271.20001259585
307095,43878.016,58361.47484137308
307096,43878.016,68129.88742210515
307097,43878.016,47497.43674049911
307098,43878.016,13095.027474548222
307099,43878.016,23092.55315921519
307100,43878.016,37804.32460609225
307101,43878.016,20253.457891807146
307102,43878.016,70156.06959189646
307103,43878.016,42343.35364372874
307104,43878.016,30133.28859842232
307105,43878.016,11824.688051904057
307106,43878.016,42674.55036416078
307107,43878.016,31826.617789206764
307108,43878.016,5563.10315837432
307109,43878.016,71165.38102711839
307110,43878.016,15889.689320202942
307111,43878.016,24782.618686193506
307112,43878.016,85167.73250407045
307113,43878.016,52764.67711718989
307114,43878.016,12734.63818250695
307115,43878.016,17586.00227059158
307116,43878.016,16540.855814968916
307117,43878.016,9518.992566160048
307118,43878.016,21743.01553998825
307119,43878.016,24787.065134854573
307120,43878.016,20089.159056943183
307121,43878.016,50824.87884866574
307122,43878.016,47246.78887521902
307123,43878.016,32604.67147319848
307124,43878.016,31527.847289085923
307125,43878.016,24939.29779160064
307126,43878.016,14041.260363518191
307127,43878.016,26969.78531135959
307128,43878.016,54014.36805454122
307129,43878.016,12467.345727945318
307130,43878.016,15909.853475526323
307131,43878.016,40704.87163559815
307132,43878.016,16508.43145811628
307133,43878.016,33172.863124081654
307134,43878.016,11011.222364974657
307135,43878.016,50786.6526706078
307136,43878.016,15640.818627333341
307137,43878.016,29189.72900082326
307138,43878.016,16341.817469358693
307139,43878.016,29812.4364881791
307140,43878.016,19602.753878490577
307141,43878.016,37784.06390551604
307142,43878.016,59793.976136150166
307143,43878.016,63272.883503461606
307144,43878.016,53286.29334718532
307145,43878.016,50566.53077015714
307146,43878.016,59536.84276770624
307147,43878.016,86655.24092112819
307148,43878.016,44062.9384390898
307149,43878.016,36580.92638308125
307150,43878.016,32355.372395347917
307151,43878.016,46436.972590326775
307152,43878.016,64597.19261865468
307153,43878.016,10490.114259195356
307154,43878.016,6220.585658550999
307155,43878.016,45703.30500092341
307156,43878.016,39409.939427931
307157,43878.016,65758.0305309882
307158,43878.016,58227.83951441406
307159,43878.016,23967.441511740613
307160,43878.016,13513.326846375154
307161,43878.016,19043.225334224302
307162,43878.016,22582.37427091693
307163,43878.016,36637.18992723006
307164,43878.016,56805.414398692184
307165,43878.016,71400.06506821269
307166,43878.016,24263.14903150197
307167,43878.016,75027.30855438318
307168,43878.016,21189.048903630322
307169,43878.016,13611.540660078721
307170,43878.016,23944.524454892773
307171,43878.016,30466.55888167096
307172,43878.016,10736.440611418175
307173,43878.016,41251.26500985604
307174,43878.016,56613.09547571172
307175,43878.016,53292.018716718005
307176,43878.016,59242.978941349495
307177,43878.016,21507.423337348966
307178,43878.016,15762.424714746432
307179,43878.016,26347.12148624728
307180,43878.016,45093.19426549325
307181,43878.016,29482.096128393376
307182,43878.016,42404.11040670122
307183,43878.016,55264.8082832311
307184,43878.016,64809.08943436111
307185,43878.016,50860.73032469619
307186,43878.016,47172.102581336905
307187,43878.016,68791.50748832594
307188,43878.016,11419.75494849695
307189,43878.016,26810.986493525237
307190,43878.016,37864.366461605125
307191,43878.016,14653.687113285465
307192,43878.016,23005.850815822483
307193,43878.016,43045.09740634225
307194,43878.016,45589.169211825494
307195,43878.016,54623.683787218724
307196,43878.016,46611.77682602018
307197,43878.016,32299.071589633284
307198,43878.016,13679.98683314803
307199,43878.016,8305.374097571608
307200,43878.016,36448.26048555129
307201,43878.016,31579.38150325401
307202,43878.016,25108.903188566295
307203,43878.016,14724.006837144849
307204,43878.016,46387.000380647456
307205,43878.016,54492.06652845802
307206,43878.016,14783.922123339335
307207,43878.016,23917.172229879357
307208,43878.016,69711.14296487605
307209,43878.016,8739.337679752876
307210,43878.016,56353.9667932512
307211,43878.016,30579.719329478383
307212,43878.016,33853.878037598886
307213,43878.016,25976.288283077218
307214,43878.016,9181.440668005922
307215,43878.016,21832.296234171397
307216,43878.016,37747.35764312351
307217,43878.016,35659.89454402126
307218,43878.016,31782.666764243422
307219,43878.016,67223.50736110851
307220,43878.016,12761.23269387893
307221,43878.016,44229.98928829142
307222,43878.016,25794.298538998042
307223,43878.016,21706.74226491102
307224,43878.016,59945.77179503989
307225,43878.016,52852.91831568457
307226,43878.016,35586.91694608847
307227,43878.016,23261.018164043686
307228,43878.016,91517.11157456094
307229,43878.016,67523.60713464911
307230,43878.016,31333.450896248403
307231,43878.016,63524.49968487193
307232,43878.016,52747.07800700683
307233,43878.016,53749.03540283855
307234,43878.016,73045.75375307693
307235,43878.016,46124.92497945544
307236,43878.016,30935.33198953501
307237,43878.016,26243.426914484367
307238,43878.016,47836.56379110828
307239,43878.016,44229.7151216395
307240,43878.016,18856.195980081677
307241,43878.016,45141.457103592
307242,43878.016,29932.787425688657
307243,43878.016,13213.677523579376
307244,43878.016,60182.89304714022
307245,43878.016,49963.23501447099
307246,43878.016,46750.3687373047
307247,43878.016,23302.03212909327
307248,43878.016,15204.63540592082
307249,43878.016,50086.2742685376
307250,43878.016,61542.79492682593
307251,43878.016,17821.829753165683
307252,43878.016,10565.120017472793
307253,43878.016,26779.913777942016
307254,43878.016,21641.2565181236
307255,43878.016,57787.453963305925
307256,43878.016,49154.64050421815
307257,43878.016,51709.91067280437
307258,43878.016,7123.775883194711
307259,43878.016,39891.20613316145
307260,43878.016,50132.424610068236
307261,43878.016,24605.765847483606
307262,43878.016,54380.50378351077
307263,43878.016,64880.49964699541
307264,43878.016,51057.186291541686
307265,43878.016,76518.55265582583
307266,43878.016,34812.63725399068
307267,43878.016,11805.537858577407
307268,43878.016,37800.19201704185
307269,43878.016,10374.299752131305
307270,43878.016,49474.88034603455
307271,43878.016,10892.44232277162
307272,43878.016,49732.54392147048
307273,43878.016,27877.09986828926
307274,43878.016,46013.05436921639
307275,43878.016,31993.0354379795
307276,43878.016,15082.72947234396
307277,43878.016,40309.61593710835
307278,43878.016,10015.869403085717
307279,43878.016,14428.60705396549
307280,43878.016,31000.874808499117
307281,43878.016,8643.142969853
307282,43878.016,35934.116628272284
307283,43878.016,22231.604485119897
307284,43878.016,68344.48098382339
307285,43878.016,9069.473242913253
307286,43878.016,19543.76787741183
307287,43878.016,53936.95064207466
307288,43878.016,52896.39006095781
307289,43878.016,27734.716730448552
307290,43878.016,26436.269246442745
307291,43878.016,10858.011161078035
307292,43878.016,42237.22387044361
307293,43878.016,13975.245256865792
307294,43878.016,11756.689105330846
307295,43878.016,47533.90539923173
307296,43878.016,22367.96877004833
307297,43878.016,18647.27919834261
307298,43878.016,62728.725260180596
307299,43878.016,13349.841389733307
307300,43878.016,47863.037982800066
307301,43878.016,57001.868755828546
307302,43878.016,39933.249388016346
307303,43878.016,6536.548189599489
307304,43878.016,46193.21340293829
307305,43878.016,37195.23857357729
307306,43878.016,34397.18930948354
307307,43878.016,30051.96082920797
307308,43878.016,34862.824422841106
307309,43878.016,30882.345754074853
307310,43878.016,53210.97738283554
307311,43878.016,23502.620728523594
307312,43878.016,46941.89392969918
307313,43878.016,8482.77599831554
307314,43878.016,9693.304284867661
307315,43878.016,49633.579196801205
307316,43878.016,33326.94271622454
307317,43878.016,60664.71095334982
307318,43878.016,10494.35866232518
307319,43878.016,20963.201047767914
307320,43878.016,17597.09713365876
307321,43878.016,6989.606237695371
307322,43878.016,30828.097039475157
307323,43878.016,8945.93828793329
307324,43878.016,11236.980495833339
307325,43878.016,25259.80359613161
307326,43878.016,15776.447409617505
307327,43878.016,33574.89493887064
307328,43878.016,7799.682071698504
307329,43878.016,38321.151956265276
307330,43878.016,38598.73884203323
307331,43878.016,22903.946232163453
307332,43878.016,22408.98474379773
307333,43878.016,26600.699029895994
307334,43878.016,6829.604234851014
307335,43878.016,53617.46272254298
307336,43878.016,38137.556493812466
307337,43878.016,70232.82771560959
307338,43878.016,19684.909177617286
307339,43878.016,16301.87169809511
307340,43878.016,49383.64964179362
307341,43878.016,9564.55856011207
307342,43878.016,48432.69407671531
307343,43878.016,22837.367536866732
307344,43878.016,15361.967384730066
307345,43878.016,9753.844027327941
307346,43878.016,49425.26789371251
307347,43878.016,30173.944698429474
307348,43878.016,35693.90366325558
307349,43878.016,62306.33790518263
307350,43878.016,20317.818752054438
307351,43878.016,23198.975828495302
307352,43878.016,13806.50413869633
307353,43878.016,29206.058733044054
307354,43878.016,50782.95291389861
307355,43878.016,72074.55180717737
307356,43878.016,40758.37768535599
307357,43878.016,9553.589516234688
307358,43878.016,67551.35504197488
307359,43878.016,14266.244094618576
307360,43878.016,26092.82064061685
307361,43878.016,27373.617814420944
307362,43878.016,38541.66746314594
307363,43878.016,21668.833791136716
307364,43878.016,14295.519313588995
307365,43878.016,13297.573666217986
307366,43878.016,76860.09436437745
307367,43878.016,55541.221456968604
307368,43878.016,8506.197501507831
307369,43878.016,11223.052379708062
307370,43878.016,61426.933838590776
307371,43878.016,12961.96818218239
307372,43878.016,25744.847203983183
307373,43878.016,65657.59867159024
307374,43878.016,43557.43129938366
307375,43878.016,119198.17946592609
307376,43878.016,17851.411121477126
307377,43878.016,13076.166412254373
307378,43878.016,33616.16465756273
307379,43878.016,30426.467958797
307380,43878.016,20019.033309546925
307381,43878.016,9752.936679276834
307382,43878.016,33637.43512728719
307383,43878.016,22379.966490370247
307384,43878.016,8758.516391558542
307385,43878.016,12981.667552433944
307386,43878.016,24165.248791624985
307387,43878.016,12865.359796527742
307388,43878.016,40376.39175908944
307389,43878.016,59607.661790173195
307390,43878.016,8902.284249102724
307391,43878.016,14861.129468472027
307392,43878.016,22110.635334972896
307393,43878.016,22809.15264476278
307394,43878.016,18467.193044229894
307395,43878.016,13592.695234995059
307396,43878.016,13545.455272570714
307397,43878.016,63613.34794700481
307398,43878.016,8328.699573047195
307399,43878.016,48146.31403614766
307400,43878.016,51479.50573092919
307401,43878.016,32379.453313522674
307402,43878.016,14967.42075691898
307403,43878.016,37108.49842651618
307404,43878.016,30848.076041171487
307405,43878.016,38856.792536030924
307406,43878.016,48648.01277049227
307407,43878.016,24259.545082060427
307408,43878.016,10745.602095816475
307409,43878.016,31806.257740309014
307410,43878.016,25785.740768217624
307411,43878.016,56443.45363150381
307412,43878.016,24803.184983211107
307413,43878.016,25297.441802943944
307414,43878.016,24407.845408089244
307415,43878.016,44639.5438496137
307416,43878.016,49014.260070706645
307417,43878.016,46730.05195267104
307418,43878.016,12305.78098740587
307419,43878.016,45507.11247801474
307420,43878.016,65102.40645825512
307421,43878.016,20525.993603566214
307422,43878.016,45125.05332906564
307423,43878.016,60734.06932620303
307424,43878.016,14986.31226397607
307425,43878.016,65638.17354020217
307426,43878.016,11461.796952991084
307427,43878.016,32068.12831876335
307428,43878.016,50744.42506818402
307429,43878.016,42700.75738704124
307430,43878.016,52050.471386380064
307431,43878.016,33729.45427029275
307432,43878.016,42491.37318499331
307433,43878.016,32891.962398125725
307434,43878.016,52383.38952865397
307435,43878.016,48670.72040715321
307436,43878.016,55357.592627987186
307437,43878.016,29844.213186373436
307438,43878.016,12843.450802951951
307439,43878.016,54769.118846241174
307440,43878.016,64254.51829217847
307441,43878.016,36292.30966826026
307442,43878.016,71604.63335000692
307443,43878.016,32860.49827971064
307444,43878.016,4948.650252690236
307445,43878.016,14553.410322732008
307446,43878.016,35794.81413675586
307447,43878.016,41720.26636117083
307448,43878.016,32516.005836338103
307449,43878.016,76166.97556244252
307450,43878.016,44817.47558596162
307451,43878.016,41381.04601188955
307452,43878.016,7586.354586026708
307453,43878.016,57214.039415088766
307454,43878.016,56505.19098169231
307455,43878.016,53751.253175890204
307456,43878.016,21197.878104910407
307457,43878.016,16725.469173740243
307458,43878.016,16269.619227747673
307459,43878.016,29289.02363278514
307460,43878.016,50189.02154287378
307461,43878.016,13382.504094860216
307462,43878.016,26797.714098198627
307463,43878.016,23801.87354050437
307464,43878.016,35587.55625871967
307465,43878.016,48717.42664782574
307466,43878.016,5168.719159960884
307467,43878.016,52608.30252165231
307468,43878.016,12479.795558905511
307469,43878.016,21821.524215352416
307470,43878.016,42346.039276949814
307471,43878.016,59224.58255558581
307472,43878.016,31652.87710659044
307473,43878.016,94626.65627338678
307474,43878.016,53978.1836393625
307475,43878.016,26731.680916895548
307476,43878.016,37792.12375126593
307477,43878.016,9006.910857325376
307478,43878.016,28549.546735922806
307479,43878.016,53912.62099320568
307480,43878.016,17976.850223947546
307481,43878.016,30684.909930930917
307482,43878.016,23842.157618786066
307483,43878.016,48005.137292410356
307484,43878.016,38476.9066778117
307485,43878.016,32218.559491814296
307486,43878.016,36639.34165233102
307487,43878.016,27090.547174568135
307488,43878.016,37140.766718817424
307489,43878.016,60104.530106302904
307490,43878.016,38536.066234033155
307491,43878.016,8619.082911460178
307492,43878.016,62392.49858487619
307493,43878.016,13390.209894171072
307494,43878.016,52662.80346636059
307495,43878.016,15133.917545828028
307496,43878.016,34005.03564616244
307497,43878.016,29384.69046859009
307498,43878.016,12717.330967367254
307499,43878.016,45233.7911222588
307500,43878.016,31443.815155903067
307501,43878.016,35119.394147111205
307502,43878.016,61854.39957598861
307503,43878.016,23654.93265262537
307504,43878.016,47575.35065375016
307505,43878.016,48616.60188298961
307506,43878.016,41001.40961213644
307507,43878.016,37948.43134680035
307508,43878.016,52018.443658992
307509,43878.016,26765.738149491564
307510,43878.016,46992.32839107669
307511,43878.016,67745.56364332746
307512,43878.016,35626.71008131192
307513,43878.016,51095.95175437805
307514,43878.016,22214.438584892923
307515,43878.016,13689.009988496167
307516,43878.016,37885.07622340326
307517,43878.016,20211.38254709201
307518,43878.016,18243.779594416552
307519,43878.016,38817.696827615226
307520,43878.016,83081.5006344375
307521,43878.016,39641.52310141972
307522,43878.016,37887.19861047115
307523,43878.016,45975.024312167385
307524,43878.016,28565.28250392427
307525,43878.016,50929.03684647848
307526,43878.016,34914.09326520007
307527,43878.016,13367.592572744163
307528,43878.016,6523.21673530646
307529,43878.016,45071.481972566755
307530,43878.016,27639.67481799127
307531,43878.016,11719.45024391754
307532,43878.016,36354.41320867742
307533,43878.016,53084.33187962044
307534,43878.016,57449.456127928876
307535,43878.016,36552.256622391826
307536,43878.016,48545.702399937676
307537,43878.016,26324.662130106764
307538,43878.016,64787.97269829584
307539,43878.016,27339.913722653575
307540,43878.016,40342.46389069606
307541,43878.016,32036.721182367455
307542,43878.016,24231.779635203806
307543,43878.016,51525.4869826905
307544,43878.016,39003.803632697396
307545,43878.016,34259.027158960795
307546,43878.016,48177.50594193802
307547,43878.016,62305.70216391056
307548,43878.016,28137.59819145054
307549,43878.016,73116.79996392212
307550,43878.016,22429.219694193234
307551,43878.016,31447.653565125074
307552,43878.016,59785.160010723914
307553,43878.016,26545.077046226474
307554,43878.016,65492.22030794522
307555,43878.016,62949.454586371794
307556,43878.016,21175.75748693729
307557,43878.016,20167.403051949357
307558,43878.016,50348.13431693825
307559,43878.016,41831.93062960876
307560,43878.016,33689.79906032733
307561,43878.016,45543.75747744664
307562,43878.016,45742.182762056145
307563,43878.016,37923.69411010185
307564,43878.016,52348.27713987996
307565,43878.016,11231.137028383537
307566,43878.016,53929.3961380091
307567,43878.016,20756.317029078506
307568,43878.016,33250.892560599365
307569,43878.016,59300.61329610245
307570,43878.016,18232.202104536114
307571,43878.016,47586.48718854964
307572,43878.016,38961.56985208326
307573,43878.016,71824.23966720847
307574,43878.016,33935.05430059361
307575,43878.016,60087.460044245294
307576,43878.016,21315.03660262189
307577,43878.016,54835.08912220468
307578,43878.016,8817.558252793266
307579,43878.016,65487.4963751662
307580,43878.016,28958.808808194022
307581,43878.016,9995.326124555997
307582,43878.016,45608.606991320026
307583,43878.016,15573.250104463692
307584,43878.016,12353.76852436017
307585,43878.016,47398.360075272845
307586,43878.016,21028.60521785447
307587,43878.016,24664.895375385342
307588,43878.016,29885.492405245684
307589,43878.016,31396.21130464818
307590,43878.016,52867.504689562615
307591,43878.016,18241.638707472874
307592,43878.016,25593.437577721434
307593,43878.016,51261.511763115865
307594,43878.016,14457.146736115556
307595,43878.016,25092.75474530691
307596,43878.016,6057.068971678792
307597,43878.016,60394.89300069363
307598,43878.016,48268.31235972257
307599,43878.016,55251.500170770174
307600,43878.016,12295.3610607423
307601,43878.016,12844.469893759277
307602,43878.016,55457.51040846737
307603,43878.016,29466.952648644794
307604,43878.016,21495.91779575362
307605,43878.016,62510.79047115612
307606,43878.016,38427.529794380054
307607,43878.016,33038.74453014691
307608,43878.016,29085.366877171906
307609,43878.016,63612.73932638944
307610,43878.016,19408.275428931996
307611,43878.016,10829.001682248401
307612,43878.016,39051.117368342544
307613,43878.016,48423.85884188855
307614,43878.016,23114.619580047718
307615,43878.016,13422.87983260502
307616,43878.016,44990.891119947155
307617,43878.016,50068.59679098459
307618,43878.016,32249.31036428984
307619,43878.016,75051.25294494553
307620,43878.016,27757.16542731114
307621,43878.016,56683.92613671656
307622,43878.016,10074.847452395961
307623,43878.016,28742.277655552858
307624,43878.016,40012.937090140025
307625,43878.016,41542.025863517054
307626,43878.016,5268.459255663524
307627,43878.016,58727.87031533352
307628,43878.016,25896.214160557032
307629,43878.016,42147.53596715469
307630,43878.016,25866.44446640846
307631,43878.016,37922.21542580735
307632,43878.016,21809.150054633148
307633,43878.016,64367.45024900162
307634,43878.016,20248.38406381986
307635,43878.016,31329.498929059107
307636,43878.016,30485.80568774219
307637,43878.016,25676.192178353598
307638,43878.016,32899.00304620054
307639,43878.016,23828.406253036464
307640,43878.016,25511.477930401656
307641,43878.016,12968.049615519658
307642,43878.016,73825.03582431654
307643,43878.016,30395.539954706546
307644,43878.016,34356.784048094385
307645,43878.016,45690.912766775284
307646,43878.016,23782.650244470387
307647,43878.016,14525.7943115487
307648,43878.016,11918.072852267842
307649,43878.016,42712.46397866772
307650,43878.016,16501.84194565767
307651,43878.016,38300.665583279406
307652,43878.016,38281.06131011581
307653,43878.016,66105.39891079243
307654,43878.016,39434.149984064534
307655,43878.016,13688.475567028043
307656,43878.016,15574.195594924375
307657,43878.016,47743.16813726929
307658,43878.016,17591.916884200768
307659,43878.016,30809.016744410445
307660,43878.016,19809.658504716885
307661,43878.016,15892.805943976504
307662,43878.016,36110.55576428186
307663,43878.016,42135.78651305065
307664,43878.016,56224.3365259035
307665,43878.016,10628.887768224902
307666,43878.016,16623.697429761283
307667,43878.016,29329.772332962868
307668,43878.016,51806.706652240005
307669,43878.016,21431.342777489706
307670,43878.016,36686.856778284135
307671,43878.016,6629.233089127795
307672,43878.016,51273.15176741665
307673,43878.016,15269.125295904254
307674,43878.016,11865.046528436733
307675,43878.016,30763.530209054443
307676,43878.016,57519.34931529006
307677,43878.016,49519.447912854295
307678,43878.016,21237.480859688414
307679,43878.016,29948.378540277845
307680,43878.016,25466.853273288452
307681,43878.016,28370.35304621588
307682,43878.016,17130.979930475714
307683,43878.016,64932.849198548654
307684,43878.016,33055.44742926232
307685,43878.016,25898.32799671283
307686,43878.016,53751.40221897886
307687,43878.016,22881.46931656183
307688,43878.016,72480.8006951348
307689,43878.016,63656.22914201527
307690,43878.016,43428.855757780584
307691,43878.016,8993.762706569558
307692,43878.016,24469.16226097948
307693,43878.016,29715.299708007162
307694,43878.016,16274.634337980277
307695,43878.016,23832.202202694356
307696,43878.016,12240.081427249643
307697,43878.016,14886.17136117368
307698,43878.016,67229.29230994555
307699,43878.016,69835.29405126278
307700,43878.016,42293.53801934088
307701,43878.016,14270.287564624101
307702,43878.016,60026.03900527586
307703,43878.016,56927.838948008655
307704,43878.016,18273.368470414134
307705,43878.016,17407.66990711408
307706,43878.016,28563.90352188167
307707,43878.016,54285.336887481935
307708,43878.016,63659.275722934086
307709,43878.016,23421.42752065881
307710,43878.016,41472.849076793784
307711,43878.016,75656.83336638084
307712,43878.016,29133.427470188646
307713,43878.016,44580.252054470184
307714,43878.016,61162.67662145333
307715,43878.016,66514.69477036648
307716,43878.016,30166.489430495018
307717,43878.016,35796.931088116195
307718,43878.016,68056.12718053347
307719,43878.016,28346.90893232504
307720,43878.016,62725.07689836747
307721,43878.016,48573.81122619934
307722,43878.016,37303.11778612461
307723,43878.016,27709.784157861573
307724,43878.016,36088.381892455815
307725,43878.016,37399.03725538305
307726,43878.016,35419.79203718054
307727,43878.016,19990.777135259577
307728,43878.016,52863.95316338776
307729,43878.016,49673.980068386845
307730,43878.016,38662.45728902059
307731,43878.016,21356.677868761486
307732,43878.016,23593.41062940061
307733,43878.016,26475.533443802276
307734,43878.016,13348.1125044354
307735,43878.016,16446.166045306374
307736,43878.016,47865.725365086175
307737,43878.016,12081.919015706453
307738,43878.016,14926.014956755414
307739,43878.016,15537.597707788114
307740,43878.016,48049.914448357646
307741,43878.016,36838.24021458162
307742,43878.016,22447.582151473045
307743,43878.016,28488.000441884593
307744,43878.016,6621.124313095529
307745,43878.016,10652.065963044868
307746,43878.016,55803.44502869607
307747,43878.016,59901.0779282822
307748,43878.016,34042.32527178305
307749,43878.016,48986.8274247745
307750,43878.016,63630.76868035012
307751,43878.016,22537.996718737806
307752,43878.016,27651.560269082158
307753,43878.016,23121.197341011866
307754,43878.016,48769.06989632589
307755,43878.016,16150.129907606768
307756,43878.016,9296.693999224832
307757,43878.016,28126.143994992137
307758,43878.016,18605.71095804159
307759,43878.016,65372.062438401575
307760,43878.016,49529.788079758495
307761,43878.016,45953.27299459957
307762,43878.016,41095.55022179889
307763,43878.016,9854.379580683484
307764,43878.016,42774.89581536102
307765,43878.016,25785.298532578257
307766,43878.016,36554.068675040224
307767,43878.016,37502.15531540534
307768,43878.016,38077.63638859214
307769,43878.016,42889.256855958614
307770,43878.016,48736.3919460654
307771,43878.016,14730.09664749925
307772,43878.016,59479.98120625135
307773,43878.016,28846.39489993336
307774,43878.016,34557.353487775836
307775,43878.016,42086.62144603137
307776,43878.016,33722.48135289305
307777,43878.016,28931.905571088973
307778,43878.016,33528.83306777342
307779,43878.016,69815.92413912561
307780,43878.016,39908.288774965724
307781,43878.016,34449.98964737908
307782,43878.016,39981.67332315657
307783,43878.016,61774.34357018707
307784,43878.016,19626.461643752325
307785,43878.016,47263.66102987438
307786,43878.016,30486.015949633704
307787,43878.016,20578.476869555336
307788,43878.016,21491.116881050828
307789,43878.016,9123.6391591131
307790,43878.016,69453.14512871506
307791,43878.016,11857.820777288523
307792,43878.016,39719.26807008396
307793,43878.016,37288.89679288039
307794,43878.016,15112.079584775722
307795,43878.016,14245.82788148795
307796,43878.016,24416.054324395715
307797,43878.016,51553.235842048096
307798,43878.016,12731.326721598189
307799,43878.016,33688.94263857602
307800,43878.016,60955.10500324014
307801,43878.016,32884.8229386762
307802,43878.016,28444.330772070538
307803,43878.016,24177.39598963744
307804,43878.016,26776.120896230193
307805,43878.016,38024.111172976794
307806,43878.016,7001.187637748149
307807,43878.016,47479.54581300409
307808,43878.016,17553.72467602225
307809,43878.016,31952.217085267348
307810,43878.016,40974.17479565011
307811,43878.016,49248.31672956013
307812,43878.016,46124.53006587364
307813,43878.016,57044.478273367844
307814,43878.016,9642.948625735788
307815,43878.016,74236.8790874236
307816,43878.016,9834.25302534286
307817,43878.016,73398.13939992849
307818,43878.016,31832.949016895647
307819,43878.016,14291.913330758687
307820,43878.016,25483.205666423586
307821,43878.016,13407.025084148478
307822,43878.016,43084.6625421906
307823,43878.016,14932.28950419277
307824,43878.016,43278.61812971067
307825,43878.016,106746.41822360267
307826,43878.016,59035.6727141579
307827,43878.016,16052.739898149595
307828,43878.016,45242.810870770045
307829,43878.016,21892.34176707836
307830,43878.016,29768.34760853093
307831,43878.016,19601.62595343251
307832,43878.016,16627.818073834453
307833,43878.016,17393.531209701134
307834,43878.016,5520.788143385619
307835,43878.016,35097.18932924207
307836,43878.016,38372.57436512087
307837,43878.016,13666.87536191194
307838,43878.016,24323.646939205566
307839,43878.016,21436.895470836313
307840,43878.016,30764.6830688939
307841,43878.016,27201.610131251204
307842,43878.016,9712.802743565535
307843,43878.016,21888.876430906148
307844,43878.016,34920.32408277798
307845,43878.016,8905.10443348419
307846,43878.016,24534.2273227582
307847,43878.016,16922.192201354013
307848,43878.016,40715.53179810681
307849,43878.016,28961.362554865365
307850,43878.016,7379.845854435765
307851,43878.016,34723.12049455972
307852,43878.016,62701.45440912305
307853,43878.016,22265.440311334765
307854,43878.016,27067.495190168873
307855,43878.016,4857.892845945926
307856,43878.016,72141.90093811222
307857,43878.016,37738.055918417595
307858,43878.016,64391.85211395898
307859,43878.016,116043.33785499285
307860,43878.016,25192.185006937485
307861,43878.016,10791.186502203356
307862,43878.016,69940.88614902397
307863,43878.016,19621.529226072475
307864,43878.016,47312.55096698977
307865,43878.016,53397.809753052024
307866,43878.016,41341.48483201904
307867,43878.016,26385.873430965774
307868,43878.016,34209.632882835445
307869,43878.016,23864.050744162992
307870,43878.016,43734.389621253824
307871,43878.016,18941.36244747498
307872,43878.016,12861.840529445957
307873,43878.016,15608.288740210564
307874,43878.016,8869.185424738851
307875,43878.016,70408.66187214898
307876,43878.016,42533.81958168614
307877,43878.016,63557.59329427797
307878,43878.016,13342.825475141415
307879,43878.016,60182.91071871954
307880,43878.016,37314.88835801848
307881,43878.016,33994.83025433545
307882,43878.016,20383.124910515464
307883,43878.016,11430.071140968437
307884,43878.016,59308.52601175759
307885,43878.016,42653.92043582161
307886,43878.016,13189.900998094177
307887,43878.016,17732.971842246683
307888,43878.016,29938.009684149503
307889,43878.016,43814.2496583581
307890,43878.016,9028.365556592298
307891,43878.016,48680.68106398452
307892,43878.016,50149.69495043236
307893,43878.016,59907.48646267943
307894,43878.016,47858.34526867628
307895,43878.016,60329.3905796706
307896,43878.016,22089.914666064626
307897,43878.016,10865.170356028551
307898,43878.016,16790.87479084185
307899,43878.016,39595.97902412168
307900,43878.016,44299.70848932404
307901,43878.016,34673.495248439314
307902,43878.016,34931.44316180585
307903,43878.016,76368.62030103106
307904,43878.016,51568.642454099645
307905,43878.016,43850.17838922755
307906,43878.016,18550.64558886578
307907,43878.016,23339.284648672674
307908,43878.016,11726.171995409013
307909,43878.016,53107.56825166089
307910,43878.016,38024.93254634103
307911,43878.016,31325.692101146316
307912,43878.016,25886.9240121156
307913,43878.016,14130.674666105675
307914,43878.016,15759.644172385566
307915,43878.016,31184.245608202727
307916,43878.016,15029.868601169017
307917,43878.016,36085.521159140524
307918,43878.016,39101.54250871263
307919,43878.016,14531.949795154336
307920,43878.016,42266.815253844776
307921,43878.016,7967.10757112521
307922,43878.016,7962.296103644492
307923,43878.016,62344.572553302
307924,43878.016,87897.97255674822
307925,43878.016,12333.806597957413
307926,43878.016,37184.38136715879
307927,43878.016,70763.44683444295
307928,43878.016,79526.04710373763
307929,43878.016,23872.551328940823
307930,43878.016,40877.14671132751
307931,43878.016,66975.78605243341
307932,43878.016,34546.34974397765
307933,43878.016,61370.435857159646
307934,43878.016,10992.84118277318
307935,43878.016,40483.45142553645
307936,43878.016,33607.42222407788
307937,43878.016,37514.53814508604
307938,43878.016,7799.100264251203
307939,43878.016,56575.02870478978
307940,43878.016,33945.70217462329
307941,43878.016,42178.09895218046
307942,43878.016,7491.322443210194
307943,43878.016,18406.67277923238
307944,43878.016,40566.74732733626
307945,43878.016,27938.495516862713
307946,43878.016,32814.46478294334
307947,43878.016,24505.9913454027
307948,43878.016,33061.851028969
307949,43878.016,37952.207388241106
307950,43878.016,29797.649625635335
307951,43878.016,27276.388990310825
307952,43878.016,46630.285629838
307953,43878.016,50785.56004558697
307954,43878.016,61870.35239318646
307955,43878.016,13861.410698109841
307956,43878.016,28643.650487550487
307957,43878.016,44563.31104677503
307958,43878.016,52580.27246035014
307959,43878.016,56566.60570888585
307960,43878.016,9078.124376273026
307961,43878.016,20673.061857969824
307962,43878.016,76328.19120240238
307963,43878.016,70429.00169816893
307964,43878.016,14305.573704995952
307965,43878.016,57770.62567094775
307966,43878.016,22216.62263296656
307967,43878.016,30129.728295588302
307968,43878.016,48427.82500279224
307969,43878.016,18133.971675228535
307970,43878.016,21996.07100733793
307971,43878.016,9961.20987268423
307972,43878.016,17795.70131568899
307973,43878.016,26769.928154376426
307974,43878.016,57696.58615869882
307975,43878.016,17779.28751290562
307976,43878.016,54785.51964556332
307977,43878.016,46179.043172352
307978,43878.016,41247.82583653579
307979,43878.016,17648.31453698123
307980,43878.016,72985.18715891727
307981,43878.016,14596.602873873082
307982,43878.016,15413.908797255926
307983,43878.016,17197.958169292495
307984,43878.016,30691.924749113736
307985,43878.016,26917.304635440585
307986,43878.016,31467.566528624066
307987,43878.016,20052.14660114723
307988,43878.016,62386.64738908721
307989,43878.016,18537.709055611318
307990,43878.016,53675.00695994047
307991,43878.016,36577.02811365101
307992,43878.016,23522.112944122306
307993,43878.016,43369.89280210717
307994,43878.016,7140.627306334945
307995,43878.016,48059.85977468819
307996,43878.016,29502.67886505546
307997,43878.016,51089.34292731335
307998,43878.016,9437.00211585289
307999,43878.016,48050.300551687156
308000,43878.016,20711.203696992587
308001,43878.016,29133.280998790167
308002,43878.016,44935.73416639103
308003,43878.016,49367.85462674825
308004,43878.016,24352.811322293233
308005,43878.016,9781.249892412257
308006,43878.016,35615.82834343763
308007,43878.016,25086.346687197845
308008,43878.016,20701.05466130089
308009,43878.016,16657.475384609672
308010,43878.016,13561.875719230451
308011,43878.016,13992.687504748046
308012,43878.016,24082.390136754773
308013,43878.016,25733.15433798904
308014,43878.016,49074.9103011403
308015,43878.016,23552.388259072926
308016,43878.016,39050.92575145694
308017,43878.016,67502.60160442373
308018,43878.016,32290.011335677063
308019,43878.016,10005.116671804277
308020,43878.016,26115.551439805924
308021,43878.016,46786.74034771392
308022,43878.016,42923.563114369026
308023,43878.016,32445.354888522455
308024,43878.016,38566.00575630552
308025,43878.016,42269.229471008264
308026,43878.016,21993.084209112047
308027,43878.016,62544.024303316415
308028,43878.016,25640.24426481147
308029,43878.016,45951.84153927228
308030,43878.016,30624.988243712418
308031,43878.016,25811.70539506493
308032,43878.016,59542.6965678417
308033,43878.016,47867.86804269686
308034,43878.016,13584.294222546936
308035,43878.016,38868.20825829573
308036,43878.016,18382.77778389455
308037,43878.016,29552.272759282394
308038,43878.016,25304.03849601465
308039,43878.016,20363.750900471867
308040,43878.016,24771.75348274541
308041,43878.016,46714.60612942838
308042,43878.016,10884.210054284116
308043,43878.016,17500.473104467404
308044,43878.016,43779.87774482324
308045,43878.016,40079.93203168535
308046,43878.016,8555.02493819208
308047,43878.016,35208.7388609684
308048,43878.016,64078.43333863747
308049,43878.016,42769.569297074406
308050,43878.016,9128.320803355102
308051,43878.016,46033.06432221268
308052,43878.016,6498.3176397703055
308053,43878.016,27096.01298483738
308054,43878.016,13802.094994959894
308055,43878.016,15200.206393427665
308056,43878.016,21301.511028731064
308057,43878.016,45258.445922544
308058,43878.016,66564.85197676941
308059,43878.016,64738.02789927807
308060,43878.016,57576.480452662
308061,43878.016,49426.67909719453
308062,43878.016,30483.28694621873
308063,43878.016,14447.953556092052
308064,43878.016,50454.25414062699
308065,43878.016,38407.02139268732
308066,43878.016,45690.43929839207
308067,43878.016,19992.749348396144
308068,43878.016,10928.111867476704
308069,43878.016,32572.40595849711
308070,43878.016,52174.704114132015
308071,43878.016,23842.75002858165
308072,43878.016,29759.955228719176
308073,43878.016,30857.356288241896
308074,43878.016,19357.291378321836
308075,43878.016,55887.450816994344
308076,43878.016,55545.353278479044
308077,43878.016,60674.86274347967
308078,43878.016,9797.532547892726
308079,43878.016,40864.0142746822
308080,43878.016,49060.37025823359
308081,43878.016,22881.547627093656
308082,43878.016,48811.8703069704
308083,43878.016,45762.45857811451
308084,43878.016,45929.644856674335
308085,43878.016,32612.893315141486
308086,43878.016,10899.324414764957
308087,43878.016,55091.219675171655
308088,43878.016,15210.910836919635
308089,43878.016,39292.98991417315
308090,43878.016,20465.827970073944
308091,43878.016,70749.95418884646
308092,43878.016,29170.818836663104
308093,43878.016,49153.08457601616
308094,43878.016,25194.015584196168
308095,43878.016,23923.413004850878
308096,43878.016,15002.935641736345
308097,43878.016,7690.296842622226
308098,43878.016,15630.227981686501
308099,43878.016,44539.21613042365
308100,43878.016,22842.34377603018
308101,43878.016,13374.610532232442
308102,43878.016,70980.26236170095
308103,43878.016,51133.3605747494
308104,43878.016,59371.51777167298
308105,43878.016,26485.81954807725
308106,43878.016,20367.39684169067
308107,43878.016,28982.94896287246
308108,43878.016,16853.76689146117
308109,43878.016,13318.925416547918
308110,43878.016,46840.78956121339
308111,43878.016,47465.91516483791
308112,43878.016,59863.45974017525
308113,43878.016,31635.093425885694
308114,43878.016,74150.88467351877
308115,43878.016,18486.49056229897
308116,43878.016,36343.29324298542
308117,43878.016,20341.49241325723
308118,43878.016,53775.40402579974
308119,43878.016,9631.399940948277
308120,43878.016,17374.334967488598
308121,43878.016,6583.084029118221
308122,43878.016,35995.14620319971
308123,43878.016,17123.060477915617
308124,43878.016,10069.692834501422
308125,43878.016,45187.746740195296
308126,43878.016,16691.175233613834
308127,43878.016,24580.031383591588
308128,43878.016,27827.373972677116
308129,43878.016,26416.263467941022
308130,43878.016,53961.076420153615
308131,43878.016,48795.448986143245
308132,43878.016,28995.938101848737
308133,43878.016,21961.731018090286
308134,43878.016,60081.512063164904
308135,43878.016,58457.23994906189
308136,43878.016,39840.61532296232
308137,43878.016,64342.21627199849
308138,43878.016,44658.572798995025
308139,43878.016,58853.51794486961
308140,43878.016,13096.682863214055
308141,43878.016,47856.1754006032
308142,43878.016,12600.0515060068
308143,43878.016,20061.04686386448
308144,43878.016,57050.52675894034
308145,43878.016,69319.46465619613
308146,43878.016,51099.54502898901
308147,43878.016,12982.446210729426
308148,43878.016,33518.021464151854
308149,43878.016,14124.431967082026
308150,43878.016,24778.949481816493
308151,43878.016,24399.037140989458
308152,43878.016,13531.327718166629
308153,43878.016,57361.634754834435
308154,43878.016,14185.496961111441
308155,43878.016,22604.642334256325
308156,43878.016,37636.04994745783
308157,43878.016,17344.66881407467
308158,43878.016,51977.73602695321
308159,43878.016,18168.687329051016
308160,43878.016,32409.934459389096
308161,43878.016,25343.43144559522
308162,43878.016,55146.346022625716
308163,43878.016,58137.0912344324
308164,43878.016,12752.365043701686
308165,43878.016,9220.438673633918
308166,43878.016,29894.625373144823
308167,43878.016,18915.7160070077
308168,43878.016,31688.632498372957
308169,43878.016,16182.141124056894
308170,43878.016,48276.23399669448
308171,43878.016,40819.38152456378
308172,43878.016,22830.62392845748
308173,43878.016,58116.925199160076
308174,43878.016,51235.883580677306
308175,43878.016,10333.895300285225
308176,43878.016,24575.324218500402
308177,43878.016,18506.531055125288
308178,43878.016,21523.655738362333
308179,43878.016,52716.449127684355
308180,43878.016,38057.73791883564
308181,43878.016,57947.518871222936
308182,43878.016,43775.08591316359
308183,43878.016,54889.132376819245
308184,43878.016,52331.39662049906
308185,43878.016,35459.908820701894
308186,43878.016,24502.747377254032
308187,43878.016,53402.01898843306
308188,43878.016,44414.66698803068
308189,43878.016,29566.461705705693
308190,43878.016,25629.75980977637
308191,43878.016,9844.50070248191
308192,43878.016,39892.84602905875
308193,43878.016,20247.30209403793
308194,43878.016,20233.771814697044
308195,43878.016,8621.052509755951
308196,43878.016,29540.98482451142
308197,43878.016,33824.278043474966
308198,43878.016,27894.005318238454
308199,43878.016,20694.031088762666
308200,43878.016,10941.076711014834
308201,43878.016,26539.479352520655
308202,43878.016,22628.716261014655
308203,43878.016,6859.07121541099
308204,43878.016,10646.693210444251
308205,43878.016,46400.06852296095
308206,43878.016,10136.395688328825
308207,43878.016,68535.50907381313
308208,43878.016,36079.47995128904
308209,43878.016,42932.35101882505
308210,43878.016,5730.763802604323
308211,43878.016,9092.147101547353
308212,43878.016,45920.99123847611
308213,43878.016,17445.138225522594
308214,43878.016,15220.401583194853
308215,43878.016,24949.970683851767
308216,43878.016,29082.16129867221
308217,43878.016,31385.186092699194
308218,43878.016,21056.32814115676
308219,43878.016,46630.90510609578
308220,43878.016,32750.481096418873
308221,43878.016,26011.514087819258
308222,43878.016,18683.919856051805
308223,43878.016,37436.572496292596
308224,43878.016,45102.079118100715
308225,43878.016,31383.084855514102
308226,43878.016,33690.12013514015
308227,43878.016,122747.09748221272
308228,43878.016,18618.557896894872
308229,43878.016,45832.05644060678
308230,43878.016,18736.065477582
308231,43878.016,57552.244774268926
308232,43878.016,14085.847070412286
308233,43878.016,12930.84081464386
308234,43878.016,16842.075934804063
308235,43878.016,19392.473351796525
308236,43878.016,26767.809374906166
308237,43878.016,13685.266205470281
308238,43878.016,25448.01253950112
308239,43878.016,28171.53740061269
308240,43878.016,63308.73681586394
308241,43878.016,50682.19330306555
308242,43878.016,62380.95982675029
308243,43878.016,16851.021529706686
308244,43878.016,15708.56863771652
308245,43878.016,48305.560211282864
308246,43878.016,46648.40759639342
308247,43878.016,14748.907387293455
308248,43878.016,15381.994094586264
308249,43878.016,11124.361098802428
308250,43878.016,17353.06718402803
308251,43878.016,19991.43788913719
308252,43878.016,41462.76847562348
308253,43878.016,64105.50478381729
308254,43878.016,51055.84109202187
308255,43878.016,43232.5672044104
308256,43878.016,20070.462946300755
308257,43878.016,31193.24482654888
308258,43878.016,7427.840718726641
308259,43878.016,13847.482703674734
308260,43878.016,19049.01068160793
308261,43878.016,19060.22715319117
308262,43878.016,15907.121298568016
308263,43878.016,31441.689549232433
308264,43878.016,6510.332891751489
308265,43878.016,11670.548191956303
308266,43878.016,39118.16127210748
308267,43878.016,27347.711271982665
308268,43878.016,18096.67797885789
308269,43878.016,35796.63795667094
308270,43878.016,63993.27441998407
308271,43878.016,44433.724514356836
308272,43878.016,13212.237574395142
308273,43878.016,45029.019374014584
308274,43878.016,63184.06897290348
308275,43878.016,50241.280168801204
308276,43878.016,24520.251831208072
308277,43878.016,23493.645590700333
308278,43878.016,39272.753937514986
308279,43878.016,40887.76156109292
308280,43878.016,57569.514308265854
308281,43878.016,17170.060979653175
308282,43878.016,25750.385167406035
308283,43878.016,13868.345309163975
308284,43878.016,34719.23795293985
308285,43878.016,28958.66272292846
308286,43878.016,19327.694666575593
308287,43878.016,4420.0193081963625
308288,43878.016,33389.83232095529
308289,43878.016,48257.577654400615
308290,43878.016,54001.377904004636
308291,43878.016,60018.469209378956
308292,43878.016,33039.48027561086
308293,43878.016,18761.398517062586
308294,43878.016,29859.92012631191
308295,43878.016,52949.44465535926
308296,43878.016,11752.379662797217
308297,43878.016,27230.10881460215
308298,43878.016,40344.38873608616
308299,43878.016,22633.745632342045
308300,43878.016,13189.67248734137
308301,43878.016,10883.038991853968
308302,43878.016,53327.18335861863
308303,43878.016,43532.8003785164
308304,43878.016,25139.203731832822
308305,43878.016,21216.418201173798
308306,43878.016,47702.54825532271
308307,43878.016,18675.0118361495
308308,43878.016,33948.26801126182
308309,43878.016,41904.329682492535
308310,43878.016,52225.750985792874
308311,43878.016,50964.03450306965
308312,43878.016,10257.343961861545
308313,43878.016,10062.387844916339
308314,43878.016,9427.99739468203
308315,43878.016,19811.431323966128
308316,43878.016,71333.1510753569
308317,43878.016,33268.98470089585
308318,43878.016,54266.73124692337
308319,43878.016,17460.496273079792
308320,43878.016,9586.361809661597
308321,43878.016,6934.4384257501815
308322,43878.016,8684.124901848909
308323,43878.016,39930.05588929658
308324,43878.016,15491.939282356545
308325,43878.016,34387.4637655189
308326,43878.016,70617.64160967057
308327,43878.016,18923.560067218048
308328,43878.016,37668.84796708199
308329,43878.016,27368.52539126552
308330,43878.016,20718.00213054951
308331,43878.016,28374.677387803273
308332,43878.016,14063.726469923928
308333,43878.016,8605.449892050481
308334,43878.016,25586.20172173062
308335,43878.016,78107.87114955811
308336,43878.016,49718.874875253205
308337,43878.016,28536.648732646474
308338,43878.016,47048.4746715724
308339,43878.016,68228.44252115634
308340,43878.016,53478.87761174574
308341,43878.016,53900.901581750106
308342,43878.016,24669.618597367604
308343,43878.016,43261.079007418964
308344,43878.016,57031.188362815046
308345,43878.016,85924.8190980865
308346,43878.016,74521.41263275636
308347,43878.016,24570.877704646482
308348,43878.016,7993.293582665503
308349,43878.016,31388.8484371269
308350,43878.016,42116.22598646792
308351,43878.016,8954.729295887859
308352,43878.016,8509.663862570425
308353,43878.016,8170.6427236980035
308354,43878.016,47750.81625376467
308355,43878.016,6934.6712299785895
308356,43878.016,36405.44900377613
308357,43878.016,14819.832439098476
308358,43878.016,48814.91464998302
308359,43878.016,39415.02282096727
308360,43878.016,6704.778626029446
308361,43878.016,20526.983664349784
308362,43878.016,11533.624376731083
308363,43878.016,49701.10699624663
308364,43878.016,50538.29097625775
308365,43878.016,39135.61648396164
308366,43878.016,6524.234946456262
308367,43878.016,78530.4581072184
308368,43878.016,38780.076519698814
308369,43878.016,20993.157793314465
308370,43878.016,39917.94543007259
308371,43878.016,58273.07051829268
308372,43878.016,33117.499507664645
308373,43878.016,6277.977741584104
308374,43878.016,18599.255468549472
308375,43878.016,48980.99104651119
308376,43878.016,43556.01970540616
308377,43878.016,49289.525559813585
308378,43878.016,13670.105755213002
308379,43878.016,34590.53602166931
308380,43878.016,47314.187933730245
308381,43878.016,28801.76929971332
308382,43878.016,9871.370611897017
308383,43878.016,31024.82609699083
308384,43878.016,49259.76295716354
308385,43878.016,30275.123447904974
308386,43878.016,57705.83150152214
308387,43878.016,56946.74334623008
308388,43878.016,30096.392140843196
308389,43878.016,45300.34103068287
308390,43878.016,29278.3454022793
308391,43878.016,36336.68769888164
308392,43878.016,34719.52864807185
308393,43878.016,33323.34998474854
308394,43878.016,46753.73242464457
308395,43878.016,25904.133091962376
308396,43878.016,40456.61418441181
308397,43878.016,28985.086044048217
308398,43878.016,18298.08823113942
308399,43878.016,30460.072847174433
308400,43878.016,80794.94852455017
308401,43878.016,50873.90639041433
308402,43878.016,50348.195970229106
308403,43878.016,43791.053590337935
308404,43878.016,7216.702071210977
308405,43878.016,21442.228762225535
308406,43878.016,69984.76529881013
308407,43878.016,5769.000352772318
308408,43878.016,21697.22266830883
308409,43878.016,55792.003467284216
308410,43878.016,8093.870541428171
308411,43878.016,47849.41794648409
308412,43878.016,28271.812747014934
308413,43878.016,20740.35081450519
308414,43878.016,9800.274189486554
308415,43878.016,30269.169265074488
308416,43878.016,19161.718346036258
308417,43878.016,14624.93560700031
308418,43878.016,50100.13048280555
308419,43878.016,47497.897100386086
308420,43878.016,14964.988417376942
308421,43878.016,64539.32366337702
308422,43878.016,38424.088563374164
308423,43878.016,31397.058895397222
308424,43878.016,25843.62824367265
308425,43878.016,32024.484513988107
308426,43878.016,75060.0952042335
308427,43878.016,65633.6466925412
308428,43878.016,27477.337319114456
308429,43878.016,9323.079491236476
308430,43878.016,19548.06463498558
308431,43878.016,9718.509824845822
308432,43878.016,31307.003649509224
308433,43878.016,15325.904544769737
308434,43878.016,6826.399959072383
308435,43878.016,25673.960731232015
308436,43878.016,16467.20747468423
308437,43878.016,20762.318178406666
308438,43878.016,56782.2431093804
308439,43878.016,52890.84788847733
308440,43878.016,64503.9124836714
308441,43878.016,52704.04580040306
308442,43878.016,32201.1953517818
308443,43878.016,6109.462449221365
308444,43878.016,11017.345580900244
308445,43878.016,19406.612487131195
308446,43878.016,67518.10194965856
308447,43878.016,45393.26701669496
308448,43878.016,42680.939732194
308449,43878.016,14925.793425981345
308450,43878.016,56057.76195104962
308451,43878.016,16423.834002183074
308452,43878.016,27376.57776594304
308453,43878.016,31513.467682375074
308454,43878.016,75496.8693679395
308455,43878.016,55477.25031525273
308456,43878.016,21657.164801019964
308457,43878.016,20359.16093042204
308458,43878.016,50594.84449910755
308459,43878.016,16244.82158971277
308460,43878.016,57034.974586639444
308461,43878.016,5098.366785298686
308462,43878.016,33328.31618392617
308463,43878.016,40069.4206228699
308464,43878.016,9855.561555650625
308465,43878.016,55188.09871262792
308466,43878.016,19253.89667317968
308467,43878.016,39763.97965616801
308468,43878.016,14956.107340535254
308469,43878.016,11336.538204833072
308470,43878.016,36412.28366396684
308471,43878.016,47355.55687887632
308472,43878.016,43396.86011764272
308473,43878.016,24308.647790082745
308474,43878.016,24828.495327367058
308475,43878.016,71097.06633102227
308476,43878.016,70123.30743043937
308477,43878.016,20276.498718093862
308478,43878.016,4380.117326551094
308479,43878.016,39657.953101962834
308480,43878.016,57672.55693779614
308481,43878.016,31800.022330157823
308482,43878.016,67590.78852208945
308483,43878.016,20512.006445480703
308484,43878.016,44939.27738574654
308485,43878.016,61892.061138158024
308486,43878.016,34797.376442485525
308487,43878.016,15668.212452297428
308488,43878.016,30099.35953687435
308489,43878.016,29240.568457409496
308490,43878.016,60031.91564780337
308491,43878.016,16249.608983128921
308492,43878.016,86966.85778782834
308493,43878.016,30368.971293240767
308494,43878.016,34445.63512237156
308495,43878.016,87570.7100835512
308496,43878.016,70693.3510934784
308497,43878.016,16661.40077544613
308498,43878.016,17704.401745951163
308499,43878.016,29924.267424097892
308500,43878.016,5234.561858123265
308501,43878.016,17872.919604877992
308502,43878.016,55747.34386041507
308503,43878.016,55820.51596736116
308504,43878.016,55028.872808349406
308505,43878.016,40691.923400154774
308506,43878.016,64630.185533879594
308507,43878.016,14293.943590899824
308508,43878.016,9348.816771430296
308509,43878.016,15336.19483583522
308510,43878.016,38365.57149929105
308511,43878.016,77437.92659863603
308512,43878.016,29157.982071363214
308513,43878.016,56002.261823512104
308514,43878.016,70989.00351291001
308515,43878.016,13771.358347655194
308516,43878.016,44402.68564123082
308517,43878.016,20673.780295107277
308518,43878.016,34760.61592229734
308519,43878.016,24704.672218485674
308520,43878.016,27669.819158022463
308521,43878.016,43770.91887807792
308522,43878.016,28023.908408629282
308523,43878.016,12882.369523898093
308524,43878.016,51699.59685238354
308525,43878.016,45933.05398256235
308526,43878.016,70782.16543083935
308527,43878.016,55405.15024432332
308528,43878.016,23368.951007088046
308529,43878.016,46266.2486103954
308530,43878.016,16329.706909375709
308531,43878.016,24843.427353074356
308532,43878.016,41087.43484326099
308533,43878.016,7495.207450626032
308534,43878.016,5286.234944810567
308535,43878.016,47615.356758051195
308536,43878.016,38564.28099815825
308537,43878.016,64646.00590767012
308538,43878.016,30397.49553750921
308539,43878.016,34625.606044781474
308540,43878.016,13864.612086044604
308541,43878.016,65422.89929116176
308542,43878.016,29186.8933919644
308543,43878.016,28065.770347230748
308544,43878.016,19696.58279705322
308545,43878.016,18394.88062835013
308546,43878.016,45620.714884375695
308547,43878.016,27899.44804224877
308548,43878.016,48341.52143723924
308549,43878.016,45507.418837881865
308550,43878.016,14797.371582766515
308551,43878.016,42467.93098598948
308552,43878.016,53408.42225713632
308553,43878.016,61981.83650930566
308554,43878.016,47948.904741614206
308555,43878.016,54709.87621978592
308556,43878.016,14457.007230355022
308557,43878.016,8751.307282896081
308558,43878.016,58262.28449589262
308559,43878.016,70347.49028187651
308560,43878.016,57448.15234447855
308561,43878.016,56615.33925517449
308562,43878.016,28245.723172873622
308563,43878.016,64390.34354489865
308564,43878.016,44971.6014773457
308565,43878.016,3944.8473829522854
308566,43878.016,24172.39475196698
308567,43878.016,19161.620712943088
308568,43878.016,74384.42122018545
308569,43878.016,18656.492284661977
308570,43878.016,32685.476752457165
308571,43878.016,30699.01291861058
308572,43878.016,23512.761582655134
308573,43878.016,42981.50356458126
308574,43878.016,13366.021571415815
308575,43878.016,8982.669927855115
308576,43878.016,47646.02686795125
308577,43878.016,26518.966583230795
308578,43878.016,70277.17400519595
308579,43878.016,32161.22648741119
308580,43878.016,44876.46194925472
308581,43878.016,26398.64395680455
308582,43878.016,14662.709803399153
308583,43878.016,14921.753656484785
308584,43878.016,5406.798545146745
308585,43878.016,51677.28508930117
308586,43878.016,86954.2013053234
308587,43878.016,7404.5069655977595
308588,43878.016,54286.303234464285
308589,43878.016,45924.927418279236
308590,43878.016,53424.89502053354
308591,43878.016,47415.23198231213
308592,43878.016,11699.473341915484
308593,43878.016,52122.564924278806
308594,43878.016,33075.70161044044
308595,43878.016,24951.786447022667
308596,43878.016,13048.680830548923
308597,43878.016,73466.99575799012
308598,43878.016,30721.284388420638
308599,43878.016,40243.29713967373
308600,43878.016,80944.87745644734
308601,43878.016,14758.585433984506
308602,43878.016,21865.567361044814
308603,43878.016,20732.855684290647
308604,43878.016,40885.972551177205
308605,43878.016,39155.31866258258
308606,43878.016,60240.86633877238
308607,43878.016,24421.283359632995
308608,43878.016,49043.38110428788
308609,43878.016,8574.591478836226
308610,43878.016,5096.309060361705
308611,43878.016,19039.26385897962
308612,43878.016,17168.420996208344
308613,43878.016,40444.56925370854
308614,43878.016,20040.535337759702
308615,43878.016,30465.096499187664
308616,43878.016,74969.3303041782
308617,43878.016,38363.0514851778
308618,43878.016,15127.872840226912
308619,43878.016,78840.83543092362
308620,43878.016,35564.41842508303
308621,43878.016,25155.62457701713
308622,43878.016,39764.02463636468
308623,43878.016,52513.81066420847
308624,43878.016,23536.965763160744
308625,43878.016,19680.345095993496
308626,43878.016,32122.56193314724
308627,43878.016,27532.99511764622
308628,43878.016,31208.944344731623
308629,43878.016,16616.22905518283
308630,43878.016,6095.027541411268
308631,43878.016,24474.622177902842
308632,43878.016,52106.098901762125
308633,43878.016,30403.683097482914
308634,43878.016,29144.90941760668
308635,43878.016,51807.12145876812
308636,43878.016,19672.361819043355
308637,43878.016,43997.03520862388
308638,43878.016,59640.32132096756
308639,43878.016,28165.342948006546
308640,43878.016,10697.447680218327
308641,43878.016,37033.34926469658
308642,43878.016,22068.147186495364
308643,43878.016,13725.554968320657
308644,43878.016,9566.503572995083
308645,43878.016,41214.09441944571
308646,43878.016,18569.222045805105
308647,43878.016,27737.301860373373
308648,43878.016,40466.94120221291
308649,43878.016,48871.474669468575
308650,43878.016,15036.791660043205
308651,43878.016,30869.275321993664
308652,43878.016,37478.971939943476
308653,43878.016,57329.485345564215
308654,43878.016,21428.548471475722
308655,43878.016,44212.37761537579
308656,43878.016,63802.51029198962
308657,43878.016,18138.65486322595
308658,43878.016,8347.527432869136
308659,43878.016,24909.90737847239
308660,43878.016,35131.27909030593
308661,43878.016,37170.64584870543
308662,43878.016,64042.21106627788
308663,43878.016,46579.897563243205
308664,43878.016,36842.09836174248
308665,43878.016,79801.0146602083
308666,43878.016,40143.85714538329
308667,43878.016,60833.36712177671
308668,43878.016,68090.90076795737
308669,43878.016,44193.33527096968
308670,43878.016,25512.52638684698
308671,43878.016,51797.335524975904
308672,43878.016,17713.77425003593
308673,43878.016,13232.799303131793
308674,43878.016,34120.78812179865
308675,43878.016,67506.93185425353
308676,43878.016,20765.27780618832
308677,43878.016,21258.961605871587
308678,43878.016,48556.28895252459
308679,43878.016,3358.3812804979607
308680,43878.016,61433.59484441736
308681,43878.016,13021.919979892626
308682,43878.016,36960.87772798358
308683,43878.016,18734.321108316755
308684,43878.016,14737.95508199621
308685,43878.016,21903.69868871725
308686,43878.016,55199.17332188033
308687,43878.016,16728.293212319117
308688,43878.016,32878.38585236501
308689,43878.016,46607.58263074075
308690,43878.016,28857.152730579663
308691,43878.016,7927.446970086067
308692,43878.016,18779.237190925036
308693,43878.016,47550.72443174751
308694,43878.016,48418.8877985014
308695,43878.016,22886.34004698323
308696,43878.016,28137.05427615746
308697,43878.016,66377.72250768151
308698,43878.016,11150.312320136693
308699,43878.016,14083.122274045581
308700,43878.016,6293.249743699942
308701,43878.016,13154.669676359234
308702,43878.016,32499.75247460928
308703,43878.016,48842.64905168603
308704,43878.016,50368.90305320577
308705,43878.016,38883.28977092873
308706,43878.016,27478.818046450284
308707,43878.016,28546.001181078867
308708,43878.016,64790.06449387384
308709,43878.016,40026.192720622625
308710,43878.016,47587.340703426096
308711,43878.016,55428.370007558835
308712,43878.016,31711.403994326058
308713,43878.016,73245.90009233367
308714,43878.016,20496.743568490063
308715,43878.016,18443.83599988601
308716,43878.016,46994.84840193833
308717,43878.016,35765.99479040228
308718,43878.016,26820.990093551
308719,43878.016,60720.579644218036
308720,43878.016,41091.90287688759
308721,43878.016,21506.84808734035
308722,43878.016,60833.72241028237
308723,43878.016,70873.4135974546
308724,43878.016,19444.026842262894
308725,43878.016,76471.72272495147
308726,43878.016,10994.203679113414
308727,43878.016,57488.413934688506
308728,43878.016,13749.51927912342
308729,43878.016,19160.293855584274
308730,43878.016,32516.191236778315
308731,43878.016,40856.94317947123
308732,43878.016,8862.44324474844
308733,43878.016,7795.855288071985
308734,43878.016,45642.86370978557
308735,43878.016,45060.49302619412
308736,43878.016,19252.018111081426
308737,43878.016,18242.898096738252
308738,43878.016,65151.73774232414
308739,43878.016,8983.344039235995
308740,43878.016,45436.35633812341
308741,43878.016,47854.30297534385
308742,43878.016,18747.366665337
308743,43878.016,14866.244162123963
308744,43878.016,31129.660534283157
308745,43878.016,8427.430027192166
308746,43878.016,35088.500479626724
308747,43878.016,52357.00073225123
308748,43878.016,78365.42552926882
308749,43878.016,45988.01863342674
308750,43878.016,47544.94856900875
308751,43878.016,34635.29680833757
308752,43878.016,17348.464912344516
308753,43878.016,24294.135468465633
308754,43878.016,10907.72109629083
308755,43878.016,27402.58902006204
308756,43878.016,15704.61612773985
308757,43878.016,20540.25616539601
308758,43878.016,42698.37777774995
308759,43878.016,28689.971058285224
308760,43878.016,24294.811662295753
308761,43878.016,30128.47160807107
308762,43878.016,21156.65557670464
308763,43878.016,52572.178535658466
308764,43878.016,14734.769098536228
308765,43878.016,54804.67322367831
308766,43878.016,15888.995712011403
308767,43878.016,16696.893035769972
308768,43878.016,46772.18807830212
308769,43878.016,12116.926826001849
308770,43878.016,7914.649984562157
308771,43878.016,29184.942679615437
308772,43878.016,37194.51875016109
308773,43878.016,63641.25258504936
308774,43878.016,9899.107498204994
308775,43878.016,54806.31180229493
308776,43878.016,48850.29344209373
308777,43878.016,31516.397487008595
308778,43878.016,19813.720019433906
308779,43878.016,36239.652718444115
308780,43878.016,51753.887718834834
308781,43878.016,44919.48929725276
308782,43878.016,49705.65970141212
308783,43878.016,50144.24708930505
308784,43878.016,54307.43842491827
308785,43878.016,34810.884739186666
308786,43878.016,12016.210534230246
308787,43878.016,15961.494251177814
308788,43878.016,65069.61252801991
308789,43878.016,82622.0620685821
308790,43878.016,28918.52126814375
308791,43878.016,64260.28572429204
308792,43878.016,34894.02476786679
308793,43878.016,64373.767765930585
308794,43878.016,11770.05105420144
308795,43878.016,51521.87449933964
308796,43878.016,10897.823175713545
308797,43878.016,33886.294971436764
308798,43878.016,46011.12187028695
308799,43878.016,38584.65020740254
308800,43878.016,42364.73249081535
308801,43878.016,11992.717616911597
308802,43878.016,17543.291499517196
308803,43878.016,49884.49244709149
308804,43878.016,48792.84818034876
308805,43878.016,15405.379860883197
308806,43878.016,32581.735553361974
308807,43878.016,23192.24768749652
308808,43878.016,27634.055539646703
308809,43878.016,64185.559134951465
308810,43878.016,22953.359422828576
308811,43878.016,68712.38958949003
308812,43878.016,35759.8920326719
308813,43878.016,28703.24107812476
308814,43878.016,61490.29250506749
308815,43878.016,25882.160416408064
308816,43878.016,25724.595445801486
308817,43878.016,8210.443127832554
308818,43878.016,38507.54296714873
308819,43878.016,19244.528926384115
308820,43878.016,11702.074547444598
308821,43878.016,10009.468250945625
308822,43878.016,26996.879893700956
308823,43878.016,6039.878601900299
308824,43878.016,36951.067508761094
308825,43878.016,39136.79726541302
308826,43878.016,26965.644932433785
308827,43878.016,60953.61608612048
308828,43878.016,34530.69036100749
308829,43878.016,10852.160489685331
308830,43878.016,51377.09975604882
308831,43878.016,16377.327064087549
308832,43878.016,39091.44417058426
308833,43878.016,17241.101311428527
308834,43878.016,15240.02474512402
308835,43878.016,14826.453500682966
308836,43878.016,26116.163549411434
308837,43878.016,41214.94190634247
308838,43878.016,57945.73603850083
308839,43878.016,22962.125407592375
308840,43878.016,6374.970900940977
308841,43878.016,56231.03429240823
308842,43878.016,26082.3896994968
308843,43878.016,49737.77841860746
308844,43878.016,58820.81106745139
308845,43878.016,56119.383515718255
308846,43878.016,21881.977143908236
308847,43878.016,32960.24150370158
308848,43878.016,35587.22741778659
308849,43878.016,49883.161508818055
308850,43878.016,36443.253227825946
308851,43878.016,17076.68528798451
308852,43878.016,13896.404196642898
308853,43878.016,58664.2253499217
308854,43878.016,41095.492235243815
308855,43878.016,19820.885303319883
308856,43878.016,21435.18532709859
308857,43878.016,54113.365489155556
308858,43878.016,44955.91741545596
308859,43878.016,50280.27691652118
308860,43878.016,11163.331805478922
308861,43878.016,56254.32170069878
308862,43878.016,15451.12441762547
308863,43878.016,66249.39907191398
308864,43878.016,20794.092331845408
308865,43878.016,49185.213690206736
308866,43878.016,118607.49271212719
308867,43878.016,56618.10780905084
308868,43878.016,43529.95449427113
308869,43878.016,29667.45094193277
308870,43878.016,62945.57158155325
308871,43878.016,39687.38497904741
308872,43878.016,50278.625214428444
308873,43878.016,7476.2428334133665
308874,43878.016,16210.771066625543
308875,43878.016,39095.17709436955
308876,43878.016,13601.510109506347
308877,43878.016,12307.100554089488
308878,43878.016,42463.078828313315
308879,43878.016,21431.86762712402
308880,43878.016,33191.00149644634
308881,43878.016,7545.714549492175
308882,43878.016,36546.29802017398
308883,43878.016,53506.77148317982
308884,43878.016,41930.00771168201
308885,43878.016,24740.44393990266
308886,43878.016,49414.38327493923
308887,43878.016,18125.217637526122
308888,43878.016,10108.868749848954
308889,43878.016,43625.22373574014
308890,43878.016,63852.894097881006
308891,43878.016,15204.851324117868
308892,43878.016,32178.32832863808
308893,43878.016,59227.93663821671
308894,43878.016,32878.466459922696
308895,43878.016,52285.397934985456
308896,43878.016,67189.13495496428
308897,43878.016,31349.49967251659
308898,43878.016,15209.383163762912
308899,43878.016,9590.332044671426
308900,43878.016,10861.318643753295
308901,43878.016,46719.18434387506
308902,43878.016,48357.500313753444
308903,43878.016,90659.99655513046
308904,43878.016,43167.14009673955
308905,43878.016,7080.54097434754
308906,43878.016,22789.659588121693
308907,43878.016,48076.62519909212
308908,43878.016,13839.544256280826
308909,43878.016,20968.977823903002
308910,43878.016,35487.91413798207
308911,43878.016,20269.06988973562
308912,43878.016,61330.30369128968
308913,43878.016,47232.51726419519
308914,43878.016,9617.379065750223
308915,43878.016,37804.2194054037
308916,43878.016,8344.072511264436
308917,43878.016,8765.184345999069
308918,43878.016,19125.941766319444
308919,43878.016,18207.475841771266
308920,43878.016,32573.015240777313
308921,43878.016,16505.429342887837
308922,43878.016,47510.56937974553
308923,43878.016,76884.08955748656
308924,43878.016,65777.60311139573
308925,43878.016,55506.230656557316
308926,43878.016,22815.512608626017
308927,43878.016,40111.638009646595
308928,43878.016,18024.42947460694
308929,43878.016,55396.93949034159
308930,43878.016,74572.984839667
308931,43878.016,13862.552004514548
308932,43878.016,37643.03849650959
308933,43878.016,27208.12686619294
308934,43878.016,15103.534087499502
308935,43878.016,35971.64867812233
308936,43878.016,43986.29909620238
308937,43878.016,19347.657102983452
308938,43878.016,53849.892691971785
308939,43878.016,57053.22674813685
308940,43878.016,35385.45252340445
308941,43878.016,52464.7590097923
308942,43878.016,33553.46812663219
308943,43878.016,35239.880914536414
308944,43878.016,38579.82142823946
308945,43878.016,13547.50969969943
308946,43878.016,66886.98776551285
308947,43878.016,47431.698283629885
308948,43878.016,28132.09841649817
308949,43878.016,12439.003992406115
308950,43878.016,48444.074448485124
308951,43878.016,25467.71456065584
308952,43878.016,36902.44355939308
308953,43878.016,14750.51857511933
308954,43878.016,28377.17581543111
308955,43878.016,66366.00328666992
308956,43878.016,19239.3859585356
308957,43878.016,57324.09353972268
308958,43878.016,8742.209548748247
308959,43878.016,32217.644368485457
308960,43878.016,12709.832171981921
308961,43878.016,52391.42537227199
308962,43878.016,18151.06879732851
308963,43878.016,50511.24794122789
308964,43878.016,73930.19880763396
308965,43878.016,13724.401823535469
308966,43878.016,21819.782423546858
308967,43878.016,87294.6652877081
308968,43878.016,17567.042380917985
308969,43878.016,2741.571811817957
308970,43878.016,26579.766685630948
308971,43878.016,61716.77532849506
308972,43878.016,37133.30261429073
308973,43878.016,37509.00051722655
308974,43878.016,52645.351451516726
308975,43878.016,51856.237040808985
308976,43878.016,84081.14628456124
308977,43878.016,15702.00006361499
308978,43878.016,24608.797213581318
308979,43878.016,11553.411033359738
308980,43878.016,40953.12840663611
308981,43878.016,40644.027879900896
308982,43878.016,38693.50156934069
308983,43878.016,22207.793016515952
308984,43878.016,12890.311113975964
308985,43878.016,56172.0877935159
308986,43878.016,19900.966311723536
308987,43878.016,69671.5015686757
308988,43878.016,14100.684068081213
308989,43878.016,23781.946627660956
308990,43878.016,29418.395250895064
308991,43878.016,27762.88621225634
308992,43878.016,14913.38258600004
308993,43878.016,13704.777859605225
308994,43878.016,59633.35725179523
308995,43878.016,20938.900318225864
308996,43878.016,17042.890749070648
308997,43878.016,23774.463893624637
308998,43878.016,33019.21489653937
308999,43878.016,29496.721987234912
309000,43878.016,18978.577622299115
309001,43878.016,37155.15526053978
309002,43878.016,16305.571199871452
309003,43878.016,8951.990890017963
309004,43878.016,29830.55200330432
309005,43878.016,45729.153761006506
309006,43878.016,17287.411722459157
309007,43878.016,77983.81893900289
309008,43878.016,22770.06489937357
309009,43878.016,12062.70038021695
309010,43878.016,63738.62432369803
309011,43878.016,32569.941178444285
309012,43878.016,12659.287056220599
309013,43878.016,14430.831115776913
309014,43878.016,8029.909593754416
309015,43878.016,65253.807744260885
309016,43878.016,76965.4157966551
309017,43878.016,54163.95547705967
309018,43878.016,41543.754678638405
309019,43878.016,5298.54150411429
309020,43878.016,44019.57577505373
309021,43878.016,49681.006622719775
309022,43878.016,50496.300388552954
309023,43878.016,47971.94615072108
309024,43878.016,60328.310107072815
309025,43878.016,12469.584868021408
309026,43878.016,57800.26017895139
309027,43878.016,20588.410581200522
309028,43878.016,11596.784454622622
309029,43878.016,9067.055641076748
309030,43878.016,27382.009206569437
309031,43878.016,26168.063093615776
309032,43878.016,25498.40518593609
309033,43878.016,22436.78552342645
309034,43878.016,58943.08764195228
309035,43878.016,81352.67259689303
309036,43878.016,74550.06823086657
309037,43878.016,60912.73595308051
309038,43878.016,73889.84901621126
309039,43878.016,56022.49048760425
309040,43878.016,49223.694624069205
309041,43878.016,59136.83373085878
309042,43878.016,51562.88027932219
309043,43878.016,17401.384526058006
309044,43878.016,50316.72567090806
309045,43878.016,28787.28797300477
309046,43878.016,68572.08342357852
309047,43878.016,27971.385556051297
309048,43878.016,24855.016526773674
309049,43878.016,64667.58054791798
309050,43878.016,26064.710097764204
309051,43878.016,78775.00454456949
309052,43878.016,41475.61890181388
309053,43878.016,74833.41513446579
309054,43878.016,38830.28766315699
309055,43878.016,2962.250157906699
309056,43878.016,21460.012086475454
309057,43878.016,27883.666654964883
309058,43878.016,11641.927607723126
309059,43878.016,11845.633759597766
309060,43878.016,28685.61197414593
309061,43878.016,26066.267846711435
309062,43878.016,54352.83712548974
309063,43878.016,52199.51436046304
309064,43878.016,29244.814365793445
309065,43878.016,35105.185384005796
309066,43878.016,42153.31621142909
309067,43878.016,28113.525501856468
309068,43878.016,36380.12586202615
309069,43878.016,28002.039533605457
309070,43878.016,32568.28470024063
309071,43878.016,51991.36919509108
309072,43878.016,16393.36161409736
309073,43878.016,22719.25091696794
309074,43878.016,18132.086098146825
309075,43878.016,52554.24268617151
309076,43878.016,33120.44636288582
309077,43878.016,31721.0392325836
309078,43878.016,66194.88398590354
309079,43878.016,21538.910582400404
309080,43878.016,12509.365743015172
309081,43878.016,79438.3628972644
309082,43878.016,28210.14550099519
309083,43878.016,44049.419975519835
309084,43878.016,25175.092508579317
309085,43878.016,21165.943534304984
309086,43878.016,60787.22632955642
309087,43878.016,21290.244748115267
309088,43878.016,49282.69460520399
309089,43878.016,28593.64865375217
309090,43878.016,87620.76505556698
309091,43878.016,13013.318340684868
309092,43878.016,69276.71206385756
309093,43878.016,26536.594127726705
309094,43878.016,30271.83068101077
309095,43878.016,39642.105479789534
309096,43878.016,59760.54827379258
309097,43878.016,37348.48823733324
309098,43878.016,17503.400930879863
309099,43878.016,64620.69072149678
309100,43878.016,11220.844997163973
309101,43878.016,28207.829759761313
309102,43878.016,22887.7260140984
309103,43878.016,44471.63007247297
309104,43878.016,59936.78003067752
309105,43878.016,54701.80321707978
309106,43878.016,16096.516502689734
309107,43878.016,53125.54019263317
309108,43878.016,50922.14366534855
309109,43878.016,14068.760906924479
309110,43878.016,88133.40821392766
309111,43878.016,23369.152338183514
309112,43878.016,58152.232375064814
309113,43878.016,36017.41502603596
309114,43878.016,16520.979923019957
309115,43878.016,59572.14311966628
309116,43878.016,81086.12737473172
309117,43878.016,16479.802133812496
309118,43878.016,31681.50504070349
309119,43878.016,40351.199548140605
309120,43878.016,29524.71125461455
309121,43878.016,35389.82047948167
309122,43878.016,9252.711816473013
309123,43878.016,21808.340668529036
309124,43878.016,41124.21694993845
309125,43878.016,55150.315936857725
309126,43878.016,54939.01424471892
309127,43878.016,18011.55191187398
309128,43878.016,10430.3063312371
309129,43878.016,10737.785011536113
309130,43878.016,36183.60924401942
309131,43878.016,22009.720789918963
309132,43878.016,67786.90396883621
309133,43878.016,14960.58410551126
309134,43878.016,21258.20207105715
309135,43878.016,51320.05427406816
309136,43878.016,16463.275787113555
309137,43878.016,50390.748370574125
309138,43878.016,20966.993361335084
309139,43878.016,25766.193710066826
309140,43878.016,38633.9665388798
309141,43878.016,42713.527757766315
309142,43878.016,13038.811101542155
309143,43878.016,19201.224934631176
309144,43878.016,12448.84662274624
309145,43878.016,13622.984967245075
309146,43878.016,40794.33692347796
309147,43878.016,64813.84037490954
309148,43878.016,14608.846691633236
309149,43878.016,14987.000981576008
309150,43878.016,27725.61973612616
309151,43878.016,52808.49568893182
309152,43878.016,47657.996964837264
309153,43878.016,33096.49468753582
309154,43878.016,59430.001192428645
309155,43878.016,24895.35243004415
309156,43878.016,24364.983476752263
309157,43878.016,30320.958211850615
309158,43878.016,23478.1037784897
309159,43878.016,22747.600999170856
309160,43878.016,11813.354137173224
309161,43878.016,18293.60473542295
309162,43878.016,33612.14144072366
309163,43878.016,50189.35963674915
309164,43878.016,25397.624341348375
309165,43878.016,58666.16510800771
309166,43878.016,10475.546986726775
309167,43878.016,30477.534964971823
309168,43878.016,34707.331051753434
309169,43878.016,24731.300178082944
309170,43878.016,10678.86049784566
309171,43878.016,45436.00968118212
309172,43878.016,21058.6693447593
309173,43878.016,35263.96732974501
309174,43878.016,9523.702729762832
309175,43878.016,35379.339703306854
309176,43878.016,16094.442402944147
309177,43878.016,12656.377410810528
309178,43878.016,80153.08870135988
309179,43878.016,63168.69185920182
309180,43878.016,5931.117985405353
309181,43878.016,53999.36742271482
309182,43878.016,16444.822143600803
309183,43878.016,19997.15809568873
309184,43878.016,43423.43495346525
309185,43878.016,43396.879812393534
309186,43878.016,43729.93466179643
309187,43878.016,22317.89723793099
309188,43878.016,23497.325084663265
309189,43878.016,22580.048131252774
309190,43878.016,43035.27030208325
309191,43878.016,35860.89089459557
309192,43878.016,25270.215971536327
309193,43878.016,12014.239039959024
309194,43878.016,86329.07057256973
309195,43878.016,31782.571579099214
309196,43878.016,44838.92128232668
309197,43878.016,12852.714639929629
309198,43878.016,13535.789957118306
309199,43878.016,21899.09906590157
309200,43878.016,11422.872696353588
309201,43878.016,57773.62884363398
309202,43878.016,49808.03925969309
309203,43878.016,30071.655967034872
309204,43878.016,42674.98689230273
309205,43878.016,48693.4482072095
309206,43878.016,35572.654101965265
309207,43878.016,44513.910151663455
309208,43878.016,16298.944988437019
309209,43878.016,42198.28677095997
309210,43878.016,42600.763504380964
309211,43878.016,70361.42175970026
309212,43878.016,53553.86833910653
309213,43878.016,15638.65781826807
309214,43878.016,18514.69630767626
309215,43878.016,49046.73858497232
309216,43878.016,7372.920492787906
309217,43878.016,34131.46867231219
309218,43878.016,55824.10836157605
309219,43878.016,42914.09923162978
309220,43878.016,60934.07686478289
309221,43878.016,26812.15151892146
309222,43878.016,53429.65559807425
309223,43878.016,61303.89559039635
309224,43878.016,54651.59825390102
309225,43878.016,5751.487105013606
309226,43878.016,37872.49622480041
309227,43878.016,16686.255277172735
309228,43878.016,18151.915089546786
309229,43878.016,10793.568586107542
309230,43878.016,19486.484388240202
309231,43878.016,20194.18479420543
309232,43878.016,24315.321185693738
309233,43878.016,43657.09430069632
309234,43878.016,16344.980204439857
309235,43878.016,56967.08842455385
309236,43878.016,22190.18019622605
309237,43878.016,66184.94689053767
309238,43878.016,23326.398591741898
309239,43878.016,46005.10849254415
309240,43878.016,15256.167902848158
309241,43878.016,17102.820045657776
309242,43878.016,10497.212100872168
309243,43878.016,12300.921936364433
309244,43878.016,45558.63852765879
309245,43878.016,42084.87591189078
309246,43878.016,43953.77228721272
309247,43878.016,50370.13430774101
309248,43878.016,18145.323234052437
309249,43878.016,27557.793543140764
309250,43878.016,41895.39917763035
309251,43878.016,30377.910824740506
309252,43878.016,60229.61911144271
309253,43878.016,41857.611966908626
309254,43878.016,41735.23935185916
309255,43878.016,62624.09946861511
309256,43878.016,82942.01721025753
309257,43878.016,11448.615439094425
309258,43878.016,42969.85745695564
309259,43878.016,68573.36528925499
309260,43878.016,73463.15972539231
309261,43878.016,11050.93368127048
309262,43878.016,10897.250385001635
309263,43878.016,17367.43335029675
309264,43878.016,42351.62778814442
309265,43878.016,42246.632845872635
309266,43878.016,11076.19248079135
309267,43878.016,24600.49279456486
309268,43878.016,25470.486410475016
309269,43878.016,57262.363772091456
309270,43878.016,47175.64351809179
309271,43878.016,16210.91517627722
309272,43878.016,6513.851391731137
309273,43878.016,22339.06698538251
309274,43878.016,13993.415935582478
309275,43878.016,14899.049384393364
309276,43878.016,11521.952782944503
309277,43878.016,10676.390758359708
309278,43878.016,10728.565381946444
309279,43878.016,36540.66505233509
309280,43878.016,49288.45869501526
309281,43878.016,10704.91414954851
309282,43878.016,28511.96310359865
309283,43878.016,36927.94460611886
309284,43878.016,18699.926134374346
309285,43878.016,20873.897758918272
309286,43878.016,13440.833769899204
309287,43878.016,11541.569633159505
309288,43878.016,27712.671611945407
309289,43878.016,26003.29725527689
309290,43878.016,5288.670823329495
309291,43878.016,56480.28194792372
309292,43878.016,14160.368648851998
309293,43878.016,48633.143170324285
309294,43878.016,59516.653490998244
309295,43878.016,49664.99644928559
309296,43878.016,6888.708557610077
309297,43878.016,119861.93123773353
309298,43878.016,19876.913400185673
309299,43878.016,56327.06851010764
309300,43878.016,48355.69592400327
309301,43878.016,36242.19498731986
309302,43878.016,12131.312233758434
309303,43878.016,15653.958259413534
309304,43878.016,17248.894246786338
309305,43878.016,34583.72579252844
309306,43878.016,32802.19024709492
309307,43878.016,58317.968825704826
309308,43878.016,34049.296956617174
309309,43878.016,55953.43477843733
309310,43878.016,68618.3189556837
309311,43878.016,45472.85750560235
309312,43878.016,58057.91785984986
309313,43878.016,38292.43764861415
309314,43878.016,30991.64253543463
309315,43878.016,38358.99397808707
309316,43878.016,32596.594099865535
309317,43878.016,38378.36903041369
309318,43878.016,11898.630275492034
309319,43878.016,25550.97527566415
309320,43878.016,12801.499066986034
309321,43878.016,30657.972333487687
309322,43878.016,27559.176321902432
309323,43878.016,32708.306463425903
309324,43878.016,49533.09398654165
309325,43878.016,31687.783894600918
309326,43878.016,22067.795296146203
309327,43878.016,8725.929069903586
309328,43878.016,56851.14771089206
309329,43878.016,44308.68777478079
309330,43878.016,45940.62928886674
309331,43878.016,43730.61754978863
309332,43878.016,29370.15177220299
309333,43878.016,46969.01636144826
309334,43878.016,33491.99246624794
309335,43878.016,12096.629357151793
309336,43878.016,9712.445776119352
309337,43878.016,29655.13580714857
309338,43878.016,44962.673748568894
309339,43878.016,30533.281151215837
309340,43878.016,15159.769278473057
309341,43878.016,35807.33436723682
309342,43878.016,29458.379941492924
309343,43878.016,15954.879429130515
309344,43878.016,44033.51765532781
309345,43878.016,30891.751268112468
309346,43878.016,15563.986835296488
309347,43878.016,54932.143020558025
309348,43878.016,14516.705407980191
309349,43878.016,15124.201313673142
309350,43878.016,58297.343081808736
309351,43878.016,42673.06163688447
309352,43878.016,33304.97799260363
309353,43878.016,20317.92165197372
309354,43878.016,34496.79446419036
309355,43878.016,26484.792415819935
309356,43878.016,29986.410833503574
309357,43878.016,8680.927656700269
309358,43878.016,11591.522093979922
309359,43878.016,31547.18002218496
309360,43878.016,74706.8001303261
309361,43878.016,38522.61469166549
309362,43878.016,30400.027203352696
309363,43878.016,22161.0783446543
309364,43878.016,14262.120264981171
309365,43878.016,52633.13213001233
309366,43878.016,55250.28746150479
309367,43878.016,12008.648293025946
309368,43878.016,39486.35953917263
309369,43878.016,7597.677560087693
309370,43878.016,27175.597953860826
309371,43878.016,40277.97575667349
309372,43878.016,59310.28083499327
309373,43878.016,20540.362749590073
309374,43878.016,92639.36546789705
309375,43878.016,52873.80617590906
309376,43878.016,12930.262902688317
309377,43878.016,62733.77601469973
309378,43878.016,23829.53028932705
309379,43878.016,60753.73693930525
309380,43878.016,49298.28943558721
309381,43878.016,51891.854847931136
309382,43878.016,45326.794881528505
309383,43878.016,50241.588441952765
309384,43878.016,19698.934251769475
309385,43878.016,34661.88260198406
309386,43878.016,34606.48417841357
309387,43878.016,31224.72735606228
309388,43878.016,36506.512583711185
309389,43878.016,10116.353485057442
309390,43878.016,53143.79768043982
309391,43878.016,35667.50450599063
309392,43878.016,27044.761877731125
309393,43878.016,20431.629512402375
309394,43878.016,48949.070640996906
309395,43878.016,11410.692418716013
309396,43878.016,67853.13321245732
309397,43878.016,49554.94607531257
309398,43878.016,21607.91948991353
309399,43878.016,26511.925462213865
309400,43878.016,52275.53274589233
309401,43878.016,46765.44661800789
309402,43878.016,47779.10508049671
309403,43878.016,23709.555760491407
309404,43878.016,18493.983678013123
309405,43878.016,59376.732334181586
309406,43878.016,29915.20279192603
309407,43878.016,55658.759963188015
309408,43878.016,43248.027552785665
309409,43878.016,9590.653217938192
309410,43878.016,73611.60165707722
309411,43878.016,42143.187359555064
309412,43878.016,24656.141704243426
309413,43878.016,11765.86318043548
309414,43878.016,23695.532976051112
309415,43878.016,23576.60500435487
309416,43878.016,22471.541687215227
309417,43878.016,41259.380105952216
309418,43878.016,55454.012373061385
309419,43878.016,39186.151390101375
309420,43878.016,33225.55857958914
309421,43878.016,31641.926194492546
309422,43878.016,17977.45937436621
309423,43878.016,56747.38274898863
309424,43878.016,10456.10275408752
309425,43878.016,48161.02704591402
309426,43878.016,46612.751202502186
309427,43878.016,26543.126597410996
309428,43878.016,32681.706829451876
309429,43878.016,14610.855185734961
309430,43878.016,69605.68922088952
309431,43878.016,26394.205211747125
309432,43878.016,11737.612962424035
309433,43878.016,40786.81852798681
309434,43878.016,55532.5642635699
309435,43878.016,22011.698937773926
309436,43878.016,35397.54210177221
309437,43878.016,37779.017698368974
309438,43878.016,45182.30316184013
309439,43878.016,19455.989654000827
309440,43878.016,32065.287072351683
309441,43878.016,55203.567571874315
309442,43878.016,29472.645386042564
309443,43878.016,23211.510959316576
309444,43878.016,51025.917068034156
309445,43878.016,34131.5171025074
309446,43878.016,10414.027553212527
309447,43878.016,33036.187234592326
309448,43878.016,12295.821543897397
309449,43878.016,85460.70302563054
309450,43878.016,12845.579676816273
309451,43878.016,40361.64941472254
309452,43878.016,25154.289028350137
309453,43878.016,16274.671435171082
309454,43878.016,21313.44356427301
309455,43878.016,45040.51781198316
309456,43878.016,20442.170239480165
309457,43878.016,29665.35639163741
309458,43878.016,21259.38431845006
309459,43878.016,20604.93489239851
309460,43878.016,38729.81012871625
309461,43878.016,37758.86736163523
309462,43878.016,22576.160753219596
309463,43878.016,58135.5979294229
309464,43878.016,44534.12796415799
309465,43878.016,22046.0856044694
309466,43878.016,74669.50546849953
309467,43878.016,53943.31173925896
309468,43878.016,66583.96793595854
309469,43878.016,23704.49795105783
309470,43878.016,61156.4157516145
309471,43878.016,22571.250202141702
309472,43878.016,70074.3402350164
309473,43878.016,31483.010277560108
309474,43878.016,54411.72892220624
309475,43878.016,54826.6853006222
309476,43878.016,9094.809393027195
309477,43878.016,21980.384060612272
309478,43878.016,27839.202885359133
309479,43878.016,48461.941988769184
309480,43878.016,15309.896624667423
309481,43878.016,46649.440532827124
309482,43878.016,33153.412775332894
309483,43878.016,26846.65162235065
309484,43878.016,44839.82044380309
309485,43878.016,66717.05618212059
309486,43878.016,81415.68768973429
309487,43878.016,58594.54991067601
309488,43878.016,46501.05699482289
309489,43878.016,15136.987613433088
309490,43878.016,16075.10623065575
309491,43878.016,33802.994257703365
309492,43878.016,41381.61434460736
309493,43878.016,60846.33831174498
309494,43878.016,46875.68793256155
309495,43878.016,16416.374689770728
309496,43878.016,11109.30734140282
309497,43878.016,34110.09224041179
309498,43878.016,52994.45756046507
309499,43878.016,39279.00485844487
309500,43878.016,25886.69728301577
309501,43878.016,43357.05651427005
309502,43878.016,66307.89218688439
309503,43878.016,30405.060958270442
309504,43878.016,17608.888437858153
309505,43878.016,14119.173022544797
309506,43878.016,19557.133333290945
309507,43878.016,23987.9564080924
309508,43878.016,16169.213708735477
309509,43878.016,30119.306648954884
309510,43878.016,31931.690725184293
309511,43878.016,35370.50057182039
309512,43878.016,26500.705216722632
309513,43878.016,26680.052884810364
309514,43878.016,51932.27236533345
309515,43878.016,20836.798444997487
309516,43878.016,38544.237686862456
309517,43878.016,47106.30750561825
309518,43878.016,53095.355819969554
309519,43878.016,34734.33622426497
309520,43878.016,57441.404266784426
309521,43878.016,12649.166187620822
309522,43878.016,42378.9055447109
309523,43878.016,33470.10849867362
309524,43878.016,57471.25567906438
309525,43878.016,39238.517998584684
309526,43878.016,23796.794271594685
309527,43878.016,40281.07116533663
309528,43878.016,15940.62561938894
309529,43878.016,32944.656053956365
309530,43878.016,46311.0794651268
309531,43878.016,48650.19056014483
309532,43878.016,31624.36955816789
309533,43878.016,37610.40619885907
309534,43878.016,41124.210223327675
309535,43878.016,34619.63606216567
309536,43878.016,9550.728995295984
309537,43878.016,11677.214678912069
309538,43878.016,46541.619395304486
309539,43878.016,50712.67212674358
309540,43878.016,60439.81751009252
309541,43878.016,19611.586281362073
309542,43878.016,24155.83678291933
309543,43878.016,53353.9041404655
309544,43878.016,71192.01320189559
309545,43878.016,66038.66968325007
309546,43878.016,26760.2468684024
309547,43878.016,21209.662141703873
309548,43878.016,45959.14774370392
309549,43878.016,18020.261677652237
309550,43878.016,49143.93961063576
309551,43878.016,24488.092585910515
309552,43878.016,16171.182467894925
309553,43878.016,48115.19689865833
309554,43878.016,25816.565679674568
309555,43878.016,45485.12559214787
309556,43878.016,26926.749960392448
309557,43878.016,6766.720549305949
309558,43878.016,56620.39557196935
309559,43878.016,48193.281740185805
309560,43878.016,45114.59089488105
309561,43878.016,25911.09603941622
309562,43878.016,80683.14576015486
309563,43878.016,44590.34905016056
309564,43878.016,28740.822268574542
309565,43878.016,46943.64292267868
309566,43878.016,24909.35400821111
309567,43878.016,32533.725457692315
309568,43878.016,61934.74443970243
309569,43878.016,49958.26722939703
309570,43878.016,42260.88010551626
309571,43878.016,25115.299714753637
309572,43878.016,18848.242366038732
309573,43878.016,112424.2722994577
309574,43878.016,55404.70288751271
309575,43878.016,18528.480946130217
309576,43878.016,56255.29540343555
309577,43878.016,63405.58929897546
309578,43878.016,52527.87849155983
309579,43878.016,41789.331241945365
309580,43878.016,41049.94511475979
309581,43878.016,11729.082221256116
309582,43878.016,12752.895871667966
309583,43878.016,9645.368513965572
309584,43878.016,64965.12124244427
309585,43878.016,57417.11103636197
309586,43878.016,16384.374945401458
309587,43878.016,8162.008700380593
309588,43878.016,54238.61812673788
309589,43878.016,18577.644026844268
309590,43878.016,53891.51487998117
309591,43878.016,55109.40974503435
309592,43878.016,43623.32369925512
309593,43878.016,38579.94203270822
309594,43878.016,34162.463552546804
309595,43878.016,51437.34886887963
309596,43878.016,33260.596769166026
309597,43878.016,55804.12896080237
309598,43878.016,9418.416500743151
309599,43878.016,28479.127569484153
309600,43878.016,66331.79879921426
309601,43878.016,13299.688402028218
309602,43878.016,24091.279037331995
309603,43878.016,30017.18486716902
309604,43878.016,51866.89820269563
309605,43878.016,20477.79555589374
309606,43878.016,37581.82018496307
309607,43878.016,15450.789270380375
309608,43878.016,60024.999243104416
309609,43878.016,37145.426015081786
309610,43878.016,19940.368938079366
309611,43878.016,37399.357877371585
309612,43878.016,53610.84926534177
309613,43878.016,43085.65283689131
309614,43878.016,26700.226073170517
309615,43878.016,50683.50610498605
309616,43878.016,7659.578150353957
309617,43878.016,29908.901056454073
309618,43878.016,32748.40577098194
309619,43878.016,16488.624952607384
309620,43878.016,71539.98243057847
309621,43878.016,14175.060851997063
309622,43878.016,21792.647382744664
309623,43878.016,34040.43228823202
309624,43878.016,7378.31586060647
309625,43878.016,32620.951758521547
309626,43878.016,14844.650776841192
309627,43878.016,45528.37251915665
309628,43878.016,21542.02372259429
309629,43878.016,35750.56314240286
309630,43878.016,26684.79067974
309631,43878.016,29098.586594914912
309632,43878.016,47213.66551736773
309633,43878.016,60623.71092549134
309634,43878.016,27727.035402586793
309635,43878.016,37275.87425509715
309636,43878.016,34050.80287773817
309637,43878.016,34471.587603435575
309638,43878.016,30994.305424363876
309639,43878.016,39591.390479457485
309640,43878.016,34108.54434988797
309641,43878.016,13475.046498038617
309642,43878.016,16738.672434520104
309643,43878.016,55710.28507651308
309644,43878.016,30085.803433286903
309645,43878.016,11260.367717993518
309646,43878.016,9895.085241825118
309647,43878.016,54381.16431166066
309648,43878.016,25834.455218542218
309649,43878.016,18741.72062196687
309650,43878.016,21621.07948287042
309651,43878.016,43394.52144878362
309652,43878.016,23335.231508234585
309653,43878.016,18867.246326823137
309654,43878.016,9007.03535834974
309655,43878.016,54688.88882965153
309656,43878.016,9114.293405003238
309657,43878.016,10339.65406881752
309658,43878.016,23551.537752125947
309659,43878.016,51573.51632013491
309660,43878.016,15803.990466345447
309661,43878.016,31170.083215706134
309662,43878.016,69319.05740545254
309663,43878.016,71350.55515773677
309664,43878.016,27643.346726801516
309665,43878.016,48345.455186054016
309666,43878.016,19783.686018662454
309667,43878.016,46634.9197823335
309668,43878.016,36742.703237295274
309669,43878.016,50001.666715159154
309670,43878.016,8186.4013328868305
309671,43878.016,18314.919571505332
309672,43878.016,53315.98484779077
309673,43878.016,69210.12417588812
309674,43878.016,31148.683006699208
309675,43878.016,37054.27715722181
309676,43878.016,73213.057304545
309677,43878.016,23664.090414213653
309678,43878.016,66640.91583028066
309679,43878.016,22672.87185782748
309680,43878.016,57207.215752387
309681,43878.016,16529.809978217578
309682,43878.016,46367.47608792128
309683,43878.016,11648.78002110593
309684,43878.016,48470.42218561498
309685,43878.016,65481.01045600516
309686,43878.016,47733.31724157771
309687,43878.016,41704.142671242815
309688,43878.016,43035.806550559566
309689,43878.016,16540.187921994624
309690,43878.016,6336.352694643804
309691,43878.016,7376.940028086491
309692,43878.016,29769.237506999205
309693,43878.016,37587.30571286821
309694,43878.016,13928.858482610336
309695,43878.016,43146.47160854447
309696,43878.016,29774.887025634336
309697,43878.016,9707.870253096604
309698,43878.016,25083.233413613507
309699,43878.016,10716.829113874714
309700,43878.016,58858.29337181193
309701,43878.016,30724.98749558391
309702,43878.016,62776.61141890907
309703,43878.016,44907.421594282285
309704,43878.016,60018.29646249004
309705,43878.016,49709.29914544161
309706,43878.016,35223.47760140531
309707,43878.016,73400.02984542881
309708,43878.016,26604.49490105775
309709,43878.016,49540.929026576014
309710,43878.016,48843.2759477897
309711,43878.016,46196.10580718059
309712,43878.016,13746.449126338826
309713,43878.016,28360.86240014354
309714,43878.016,42493.325099710295
309715,43878.016,32192.909931536327
309716,43878.016,51523.68140187481
309717,43878.016,13752.730593407445
309718,43878.016,59125.30151043647
309719,43878.016,24996.063555650697
309720,43878.016,29391.68292429458
309721,43878.016,50222.61956338053
309722,43878.016,10416.721698913008
309723,43878.016,64221.21241233614
309724,43878.016,38116.08848103072
309725,43878.016,26407.159626643843
309726,43878.016,20083.018694303577
309727,43878.016,35987.41878409642
309728,43878.016,20259.036951841925
309729,43878.016,55191.42015443094
309730,43878.016,5931.4803396489
309731,43878.016,39027.16608385287
309732,43878.016,38268.51868845775
309733,43878.016,54947.40398359066
309734,43878.016,47536.570051065304
309735,43878.016,41467.626287877356
309736,43878.016,54161.3291444806
309737,43878.016,45797.463684274146
309738,43878.016,19586.719371901592
309739,43878.016,6836.61064473104
309740,43878.016,19055.580035494702
309741,43878.016,64164.94919346972
309742,43878.016,14431.78748210524
309743,43878.016,40967.94908346349
309744,43878.016,45208.29472619319
309745,43878.016,28731.291353014785
309746,43878.016,9064.902204771237
309747,43878.016,57863.316384995735
309748,43878.016,27882.672906278945
309749,43878.016,13354.763570853907
309750,43878.016,37500.053874641126
309751,43878.016,7652.493919716106
309752,43878.016,43799.37258062197
309753,43878.016,34582.056474825615
309754,43878.016,55173.819766887944
309755,43878.016,24532.191311337094
309756,43878.016,74582.62050313877
309757,43878.016,40626.44690018427
309758,43878.016,43199.881912320736
309759,43878.016,29934.250060797196
309760,43878.016,48025.04038463434
309761,43878.016,58641.834149796276
309762,43878.016,23209.487473009962
309763,43878.016,8206.074585820797
309764,43878.016,60670.61881652809
309765,43878.016,11828.095813661423
309766,43878.016,4517.89160978475
309767,43878.016,37742.736328606516
309768,43878.016,20498.843159427757
309769,43878.016,65024.28827656361
309770,43878.016,50223.952690550745
309771,43878.016,57511.5031274212
309772,43878.016,28592.588930459402
309773,43878.016,45158.5394455637
309774,43878.016,37603.92121371387
309775,43878.016,6159.731157895999
309776,43878.016,20869.992118722206
309777,43878.016,6874.458240063907
309778,43878.016,41726.691176783046
309779,43878.016,12746.409512462935
309780,43878.016,55069.50320279483
309781,43878.016,39798.26856858128
309782,43878.016,42633.35539633927
309783,43878.016,65129.47738641282
309784,43878.016,65471.891101277215
309785,43878.016,50125.73254309561
309786,43878.016,43420.74356453684
309787,43878.016,29140.65382531025
309788,43878.016,8228.0620826756
309789,43878.016,45771.46534839466
309790,43878.016,11118.502025707156
309791,43878.016,51850.86564968301
309792,43878.016,17116.04831435876
309793,43878.016,56438.01788658412
309794,43878.016,9664.821080273443
309795,43878.016,54411.9015123501
309796,43878.016,87647.90278142132
309797,43878.016,46996.00698882554
309798,43878.016,20757.02569041198
309799,43878.016,32886.651121140974
309800,43878.016,30045.752393031544
309801,43878.016,9054.487483758532
309802,43878.016,26570.5269778164
309803,43878.016,37958.34174609209
309804,43878.016,30861.284999043695
309805,43878.016,65589.08406223383
309806,43878.016,14431.406198380626
309807,43878.016,35180.65317425402
309808,43878.016,60357.65858743871
309809,43878.016,6765.5547810696635
309810,43878.016,62352.39143532913
309811,43878.016,27357.500304344296
309812,43878.016,12436.861994362012
309813,43878.016,41557.629502279386
309814,43878.016,39856.18182808958
309815,43878.016,55443.871902447194
309816,43878.016,24379.57079723758
309817,43878.016,45481.62830741204
309818,43878.016,40866.685892291236
309819,43878.016,51560.572260549445
309820,43878.016,44481.411921652485
309821,43878.016,31136.80872991729
309822,43878.016,34931.53824505857
309823,43878.016,19233.804053680138
309824,43878.016,58990.85225463969
309825,43878.016,59398.204502290064
309826,43878.016,11455.50967667219
309827,43878.016,59797.510571675346
309828,43878.016,32037.879185684902
309829,43878.016,38885.77596673563
309830,43878.016,32449.367040978595
309831,43878.016,54672.6606495182
309832,43878.016,59150.79981440166
309833,43878.016,56499.797191920545
309834,43878.016,46242.07660051643
309835,43878.016,18019.827761402514
309836,43878.016,78087.91405327492
309837,43878.016,65216.68455419986
309838,43878.016,26442.37445052904
309839,43878.016,33962.07883729709
309840,43878.016,67109.83640257154
309841,43878.016,31390.994957434883
309842,43878.016,16863.659905173008
309843,43878.016,34602.80290249086
309844,43878.016,43891.174479607005
309845,43878.016,59581.69969121505
309846,43878.016,55378.506282245784
309847,43878.016,15424.77975645583
309848,43878.016,57411.763120391355
309849,43878.016,31128.333662274028
309850,43878.016,16081.580127999196
309851,43878.016,16514.31219557462
309852,43878.016,35608.51584028483
309853,43878.016,53480.051818553606
309854,43878.016,15694.306364312159
309855,43878.016,30849.503961509654
309856,43878.016,9474.984796680754
309857,43878.016,29653.885094215628
309858,43878.016,17403.62757236149
309859,43878.016,31484.65901319126
309860,43878.016,36302.500680385594
309861,43878.016,66297.54151880287
309862,43878.016,27151.629289436987
309863,43878.016,45318.75151667017
309864,43878.016,42115.79389621138
309865,43878.016,49003.95442221232
309866,43878.016,54786.618741323095
309867,43878.016,34236.03125173918
309868,43878.016,24159.259429498925
309869,43878.016,20868.993544037592
309870,43878.016,26377.40638575747
309871,43878.016,47896.24853781461
309872,43878.016,22659.834065674004
309873,43878.016,41070.748042741405
309874,43878.016,21802.664851994414
309875,43878.016,36164.554727631905
309876,43878.016,10847.43665616901
309877,43878.016,15137.738523253478
309878,43878.016,56678.8419730026
309879,43878.016,20225.41132455738
309880,43878.016,50755.87016953976
309881,43878.016,37734.458376361275
309882,43878.016,21016.201165029823
309883,43878.016,60308.637625961666
309884,43878.016,12604.930233715431
309885,43878.016,57147.23464188555
309886,43878.016,28173.574808463673
309887,43878.016,21964.017125909715
309888,43878.016,27419.834598761547
309889,43878.016,28395.658037409346
309890,43878.016,29998.957288940976
309891,43878.016,69291.24266442267
309892,43878.016,35776.03326547774
309893,43878.016,50818.88345876136
309894,43878.016,21585.15577147679
309895,43878.016,30229.05578160527
309896,43878.016,11486.901323358437
309897,43878.016,14865.890237941825
309898,43878.016,40764.300043850184
309899,43878.016,18744.23414251334
309900,43878.016,44206.63256519401
309901,43878.016,63903.95639136726
309902,43878.016,56802.806212707066
309903,43878.016,26361.630236812558
309904,43878.016,20096.369560670446
309905,43878.016,43548.315601742004
309906,43878.016,36511.30896447538
309907,43878.016,18224.70518825273
309908,43878.016,43546.47565568666
309909,43878.016,25118.72139410943
309910,43878.016,5320.299345235149
309911,43878.016,11551.03357640227
309912,43878.016,48328.40655645524
309913,43878.016,31474.254153055757
309914,43878.016,38852.83687183461
309915,43878.016,53367.820427097846
309916,43878.016,54103.130107883124
309917,43878.016,22780.402254375193
309918,43878.016,33600.10482195791
309919,43878.016,34587.837950304456
309920,43878.016,51356.8101968024
309921,43878.016,28596.224958161638
309922,43878.016,62271.182105197986
309923,43878.016,35084.29166530602
309924,43878.016,33892.02476223337
309925,43878.016,29809.95397114397
309926,43878.016,47551.839411183915
309927,43878.016,34390.13384256655
309928,43878.016,25500.30639166273
309929,43878.016,56201.88669436888
309930,43878.016,51608.31371389746
309931,43878.016,25098.151307395143
309932,43878.016,22008.44554026818
309933,43878.016,39063.34489786243
309934,43878.016,33341.117643578546
309935,43878.016,52459.16167687815
309936,43878.016,26924.357319152452
309937,43878.016,11541.792733610948
309938,43878.016,40096.112682321036
309939,43878.016,48899.24617983585
309940,43878.016,4328.526037208052
309941,43878.016,55789.099541142445
309942,43878.016,45108.06977363745
309943,43878.016,12329.719049746787
309944,43878.016,11924.36919675059
309945,43878.016,44208.86317260224
309946,43878.016,20265.89044002093
309947,43878.016,34924.263253962665
309948,43878.016,12823.124760833396
309949,43878.016,21903.307102214727
309950,43878.016,21885.00959954215
309951,43878.016,13791.128078222508
309952,43878.016,8340.14307874141
309953,43878.016,17929.953937419858
309954,43878.016,69417.36928475263
309955,43878.016,36490.874632501116
309956,43878.016,18993.882636138314
309957,43878.016,23160.83516242199
309958,43878.016,26497.127395527157
309959,43878.016,16655.775358218183
309960,43878.016,53520.40632519559
309961,43878.016,62873.974881512055
309962,43878.016,67543.5617445152
309963,43878.016,46456.33250879912
309964,43878.016,43060.91368290028
309965,43878.016,11939.702048402603
309966,43878.016,69939.82558668972
309967,43878.016,15316.907752718713
309968,43878.016,10083.472366645947
309969,43878.016,25721.01320507798
309970,43878.016,58417.44438101517
309971,43878.016,19476.12761236419
309972,43878.016,24763.231865893133
309973,43878.016,56703.38184759181
309974,43878.016,11215.519243096423
309975,43878.016,20315.993237058326
309976,43878.016,23233.73020240323
309977,43878.016,8503.111803809763
309978,43878.016,20700.337305032146
309979,43878.016,45081.906772883645
309980,43878.016,45603.86550268851
309981,43878.016,18667.74388791815
309982,43878.016,29000.817711833664
309983,43878.016,71430.46880882312
309984,43878.016,35397.1898687553
309985,43878.016,38943.55743425685
309986,43878.016,54045.079927310784
309987,43878.016,22281.880012620495
309988,43878.016,57580.36804995949
309989,43878.016,25391.16028563127
309990,43878.016,15028.300283527613
309991,43878.016,19077.665200956497
309992,43878.016,12945.416273506968
309993,43878.016,27507.31685103736
309994,43878.016,38204.613826968205
309995,43878.016,32678.77764743051
309996,43878.016,16568.3005888129
309997,43878.016,26605.70976659902
309998,43878.016,34443.20627258762
309999,43878.016,26581.71992861305
310000,43878.016,4860.242979296864
310001,43878.016,17851.289373929798
310002,43878.016,13126.925985770102
310003,43878.016,70386.50533968775
310004,43878.016,40287.400804925914
310005,43878.016,39702.57316829189
310006,43878.016,21452.988826665867
310007,43878.016,8543.022813174188
310008,43878.016,19120.87828799821
310009,43878.016,9323.348532602613
310010,43878.016,73103.41612896162
310011,43878.016,15294.503279305207
310012,43878.016,45651.78664040474
310013,43878.016,45624.93730142978
310014,43878.016,29890.324390338275
310015,43878.016,37947.41075222303
310016,43878.016,35860.46300964118
310017,43878.016,10417.064147059946
310018,43878.016,43563.699740191936
310019,43878.016,55675.41450387518
310020,43878.016,31035.2090892492
310021,43878.016,52037.12268060223
310022,43878.016,33326.5162202821
310023,43878.016,25405.839824727937
310024,43878.016,15287.126773870139
310025,43878.016,105902.18666035013
310026,43878.016,22922.148800298564
310027,43878.016,58025.3462490405
310028,43878.016,8142.169671505996
310029,43878.016,11709.367390100364
310030,43878.016,50303.46188136838
310031,43878.016,16581.849094837868
310032,43878.016,5881.426475490225
310033,43878.016,25566.548708971324
310034,43878.016,70103.45748792941
310035,43878.016,20540.23198186962
310036,43878.016,58212.66347187319
310037,43878.016,27165.183793335018
310038,43878.016,24492.369477277785
310039,43878.016,42791.065236618844
310040,43878.016,84694.24995392941
310041,43878.016,70022.45923440372
310042,43878.016,29632.538075261953
310043,43878.016,23679.767786160905
310044,43878.016,53000.936670779935
310045,43878.016,21550.194574756373
310046,43878.016,50848.8399531294
310047,43878.016,22671.52251724561
310048,43878.016,46695.108953259274
310049,43878.016,22130.326920365755
310050,43878.016,20677.815098104573
310051,43878.016,16104.8062289203
310052,43878.016,51506.278203568865
310053,43878.016,39260.109144006
310054,43878.016,44148.6062511026
310055,43878.016,4082.2660741316636
310056,43878.016,6321.528825720954
310057,43878.016,38814.414075613706
310058,43878.016,65291.09692368177
310059,43878.016,62069.505008598
310060,43878.016,35702.15706474858
310061,43878.016,18331.597304170275
310062,43878.016,33218.584589797545
310063,43878.016,18069.17199085184
310064,43878.016,12062.083201068337
310065,43878.016,13542.26384357344
310066,43878.016,20937.21113534678
310067,43878.016,27501.32385991232
310068,43878.016,49831.83914445942
310069,43878.016,62935.1255059741
310070,43878.016,17157.882808459926
310071,43878.016,12797.132771143593
310072,43878.016,35369.6777340788
310073,43878.016,48720.10804563644
310074,43878.016,27507.72086111951
310075,43878.016,74299.20700042715
310076,43878.016,10577.045301128193
310077,43878.016,45530.20776270155
310078,43878.016,42303.97214850069
310079,43878.016,40193.814134020206
310080,43878.016,54525.33664160073
310081,43878.016,40648.808614657784
310082,43878.016,39856.32024458113
310083,43878.016,17766.490582667833
310084,43878.016,9233.436510692489
310085,43878.016,29934.514718885046
310086,43878.016,70336.10028745224
310087,43878.016,63738.19382085006
310088,43878.016,41145.53166019584
310089,43878.016,67094.86205254807
310090,43878.016,18492.67096813838
310091,43878.016,19754.01567669629
310092,43878.016,15735.101547511544
310093,43878.016,61649.40279883253
310094,43878.016,9021.94070199868
310095,43878.016,32794.48986845285
310096,43878.016,22249.977935346647
310097,43878.016,26216.776949249208
310098,43878.016,28555.28215194113
310099,43878.016,19618.29880096247
310100,43878.016,15266.24708196973
310101,43878.016,15182.310866469928
310102,43878.016,13713.709425555238
310103,43878.016,8689.017755925626
310104,43878.016,15129.788607761868
310105,43878.016,60090.48646054157
310106,43878.016,23632.044287732886
310107,43878.016,36668.67486361082
310108,43878.016,35294.61445648131
310109,43878.016,48379.93424171703
310110,43878.016,15165.843956131712
310111,43878.016,9141.08639645288
310112,43878.016,11579.184069051122
310113,43878.016,22180.885995639004
310114,43878.016,26545.08701974876
310115,43878.016,46084.16859732695
310116,43878.016,46102.18646099902
310117,43878.016,14474.631634164309
310118,43878.016,35246.79846952385
310119,43878.016,16872.75608352128
310120,43878.016,68158.62969946231
310121,43878.016,47873.96079237442
310122,43878.016,38512.114431139984
310123,43878.016,59442.09214148523
310124,43878.016,56320.121343055
310125,43878.016,12628.187729884989
310126,43878.016,12472.343108602689
310127,43878.016,27388.165919410665
310128,43878.016,54159.60058938264
310129,43878.016,12012.040560298941
310130,43878.016,26653.854937733275
310131,43878.016,38037.26031994307
310132,43878.016,14447.10637391608
310133,43878.016,17955.992445951397
310134,43878.016,25434.20087382367
310135,43878.016,30620.030997659655
310136,43878.016,28116.555702299247
310137,43878.016,31480.338473530308
310138,43878.016,62486.70507363987
310139,43878.016,22462.374077949626
310140,43878.016,12277.081775332428
310141,43878.016,7389.212452391651
310142,43878.016,25392.212556748826
310143,43878.016,91276.15102735524
310144,43878.016,39621.408776825134
310145,43878.016,9891.311591996675
310146,43878.016,48930.69167266811
310147,43878.016,6713.550526851983
310148,43878.016,43848.112477599025
310149,43878.016,6253.782050272636
310150,43878.016,52214.97850070173
310151,43878.016,56246.25601293785
310152,43878.016,4911.552993060792
310153,43878.016,30081.46010374271
310154,43878.016,16500.18596463959
310155,43878.016,57947.46276927221
310156,43878.016,31930.282916371936
310157,43878.016,28701.661278524
310158,43878.016,37967.82433818487
310159,43878.016,12001.254538620165
310160,43878.016,40225.51259649217
310161,43878.016,14162.618896691672
310162,43878.016,53801.1787450567
310163,43878.016,51542.54381956019
310164,43878.016,37656.16185293256
310165,43878.016,52071.9266125639
310166,43878.016,31378.637000311795
310167,43878.016,10683.05050268349
310168,43878.016,59586.29137865791
310169,43878.016,49457.55346682578
310170,43878.016,41089.08920309868
310171,43878.016,13733.950852700294
310172,43878.016,15118.987825029308
310173,43878.016,8752.089967634736
310174,43878.016,78307.10377576356
310175,43878.016,35905.62974288804
310176,43878.016,19591.505841566242
310177,43878.016,33227.336253848734
310178,43878.016,21119.835943198552
310179,43878.016,23106.596486155304
310180,43878.016,13492.785257025207
310181,43878.016,36639.816080041
310182,43878.016,56975.01114513192
310183,43878.016,35613.9063696763
310184,43878.016,118574.36679528187
310185,43878.016,8768.620947951827
310186,43878.016,30994.564154122887
310187,43878.016,43010.005819585276
310188,43878.016,38729.47065055745
310189,43878.016,44744.74698482611
310190,43878.016,38389.99834547969
310191,43878.016,30828.791839917372
310192,43878.016,57724.711316433575
310193,43878.016,39116.4177071381
310194,43878.016,19613.361737627572
310195,43878.016,31923.819252641904
310196,43878.016,32053.740970680123
310197,43878.016,41845.71705172306
310198,43878.016,38584.0695076961
310199,43878.016,33237.89726164608
310200,43878.016,57509.12680788554
310201,43878.016,48090.308005584535
310202,43878.016,22749.969457303156
310203,43878.016,42121.02447615073
310204,43878.016,26804.743381970206
310205,43878.016,46182.49624933607
310206,43878.016,15766.436694281148
310207,43878.016,55573.78259851755
310208,43878.016,78657.88225824597
310209,43878.016,78652.82651250456
310210,43878.016,58212.92571879884
310211,43878.016,63564.38527999373
310212,43878.016,17728.449731434146
310213,43878.016,52853.946615649664
310214,43878.016,29813.57695261395
310215,43878.016,9903.198193318969
310216,43878.016,9311.576489476794
310217,43878.016,25483.983839948603
310218,43878.016,11738.75785666179
310219,43878.016,46034.86624774272
310220,43878.016,43359.13164500862
310221,43878.016,49405.86966866294
310222,43878.016,32419.061993925083
310223,43878.016,11497.698247933127
310224,43878.016,34908.498931633396
310225,43878.016,32748.497275192836
310226,43878.016,17199.263863584438
310227,43878.016,36935.58608874517
310228,43878.016,22321.176620392802
310229,43878.016,43200.02695850985
310230,43878.016,35972.30437329591
310231,43878.016,63303.84912371836
310232,43878.016,15827.154153733485
310233,43878.016,20230.551023999342
310234,43878.016,13524.63818266659
310235,43878.016,26119.420998630416
310236,43878.016,27558.4715313966
310237,43878.016,17507.055489842733
310238,43878.016,47039.506603855996
310239,43878.016,41039.84680696489
310240,43878.016,19870.513936995845
310241,43878.016,21479.223478951506
310242,43878.016,37149.11399115128
310243,43878.016,49695.02829435774
310244,43878.016,21867.89378786902
310245,43878.016,37714.93030078676
310246,43878.016,21321.621505359697
310247,43878.016,45058.95288451494
310248,43878.016,9158.015657537106
310249,43878.016,37036.44560554494
310250,43878.016,52542.52216338181
310251,43878.016,59655.344883887774
310252,43878.016,46765.43953691079
310253,43878.016,12266.692965588187
310254,43878.016,26253.97594124326
310255,43878.016,24310.04431622806
310256,43878.016,21617.673328317884
310257,43878.016,69405.3629597294
310258,43878.016,16479.437820109004
310259,43878.016,36279.48875106836
310260,43878.016,23924.57316549564
310261,43878.016,52937.07992731134
310262,43878.016,29192.616586122476
310263,43878.016,56531.6571226949
310264,43878.016,13058.574822817629
310265,43878.016,27346.101544426474
310266,43878.016,40740.18571596682
310267,43878.016,21549.33380425593
310268,43878.016,35943.97476615359
310269,43878.016,52522.77093906335
310270,43878.016,36008.453992145056
310271,43878.016,12471.89466507211
310272,43878.016,67186.39935667985
310273,43878.016,57062.43693507612
310274,43878.016,66745.08438704396
310275,43878.016,73013.58637641839
310276,43878.016,51924.80478243702
310277,43878.016,38736.262294789485
310278,43878.016,18032.676715251826
310279,43878.016,30759.344394993044
310280,43878.016,56315.45156469749
310281,43878.016,12234.715178812196
310282,43878.016,12382.479389600654
310283,43878.016,38080.79891463793
310284,43878.016,42121.60209266686
310285,43878.016,49911.321960595335
310286,43878.016,10266.936619762591
310287,43878.016,37232.1728519483
310288,43878.016,29416.367195502826
310289,43878.016,64029.74927355838
310290,43878.016,51846.60377547858
310291,43878.016,51814.1614792629
310292,43878.016,21505.099312910614
310293,43878.016,7903.165743793085
310294,43878.016,15076.501284526152
310295,43878.016,51888.89376325664
310296,43878.016,64310.16052310146
310297,43878.016,33880.908066165124
310298,43878.016,36189.71376235383
310299,43878.016,8131.384683930387
310300,43878.016,51507.25181338239
310301,43878.016,46386.052859853626
310302,43878.016,22067.044316990832
310303,43878.016,50659.74420537796
310304,43878.016,61562.05597413054
310305,43878.016,42094.33504651986
310306,43878.016,59982.605201275284
310307,43878.016,39251.82019528413
310308,43878.016,45048.75367053594
310309,43878.016,77940.45474482691
310310,43878.016,15639.201022937352
310311,43878.016,7977.813802674591
310312,43878.016,42020.620710244366
310313,43878.016,26750.80723476245
310314,43878.016,11033.06624345246
310315,43878.016,12254.924362801983
310316,43878.016,29421.952547916782
310317,43878.016,61927.86300232103
310318,43878.016,34439.023740347075
310319,43878.016,19592.386870486964
310320,43878.016,77339.146793633
310321,43878.016,15356.489627269722
310322,43878.016,57955.87650151234
310323,43878.016,63501.85420565223
310324,43878.016,16908.99241014159
310325,43878.016,14016.684340813508
310326,43878.016,46674.74721054
310327,43878.016,39917.279342810914
310328,43878.016,18576.63650964915
310329,43878.016,37527.21881365931
310330,43878.016,58669.60152624769
310331,43878.016,26854.941001751657
310332,43878.016,55365.44869369257
310333,43878.016,63844.22142266883
310334,43878.016,9016.01217679262
310335,43878.016,20191.86588278932
310336,43878.016,18299.324842906408
310337,43878.016,9458.054650507866
310338,43878.016,16982.85143308499
310339,43878.016,27730.331504139867
310340,43878.016,58054.02394852538
310341,43878.016,54516.31635029467
310342,43878.016,6189.6426703975885
310343,43878.016,55037.8230611032
310344,43878.016,31229.294471634235
310345,43878.016,13219.168557820367
310346,43878.016,18489.90178188076
310347,43878.016,21120.87785584473
310348,43878.016,43675.79324874439
310349,43878.016,93118.8174500562
310350,43878.016,20239.976287738416
310351,43878.016,10311.867002578882
310352,43878.016,22022.260753682145
310353,43878.016,20709.098709153794
310354,43878.016,83366.71865848973
310355,43878.016,40607.36786634266
310356,43878.016,48418.41254581777
310357,43878.016,18233.59808724643
310358,43878.016,43285.04518167353
310359,43878.016,59336.342069816004
310360,43878.016,16243.3093940006
310361,43878.016,34203.98439374452
310362,43878.016,55082.000616413614
310363,43878.016,4951.355850173587
310364,43878.016,21452.35544701979
310365,43878.016,15428.63910878615
310366,43878.016,30309.411014276706
310367,43878.016,70540.94091553745
310368,43878.016,40185.37562486933
310369,43878.016,47432.72235492272
310370,43878.016,38789.648230677674
310371,43878.016,12028.354887548143
310372,43878.016,48154.47915275042
310373,43878.016,30994.910072346764
310374,43878.016,50624.68933024784
310375,43878.016,9973.165679836997
310376,43878.016,13245.745487276941
310377,43878.016,17451.105609102284
310378,43878.016,24689.12611014102
310379,43878.016,15173.004630624237
310380,43878.016,57000.61425386969
310381,43878.016,39865.837081600315
310382,43878.016,78028.15829240768
310383,43878.016,52353.47939751524
310384,43878.016,26168.884471007004
310385,43878.016,49759.755898806936
310386,43878.016,34151.75385158799
310387,43878.016,35187.76807601559
310388,43878.016,8778.480767906784
310389,43878.016,34374.507121132156
310390,43878.016,38780.84826243281
310391,43878.016,79978.07739117923
310392,43878.016,60426.17996483053
310393,43878.016,30809.24786365345
310394,43878.016,16337.682463654563
310395,43878.016,8361.386828007973
310396,43878.016,23236.463863530676
310397,43878.016,20219.830421930354
310398,43878.016,4294.273126479991
310399,43878.016,30114.288038002844
310400,43878.016,22851.864222365442
310401,43878.016,23549.872414070265
310402,43878.016,15937.80875249625
310403,43878.016,20642.974035719217
310404,43878.016,43947.55000352323
310405,43878.016,20451.2779547963
310406,43878.016,22854.8785726305
310407,43878.016,17904.33529464672
310408,43878.016,64047.9054103729
310409,43878.016,32224.340413247264
310410,43878.016,30936.00586718611
310411,43878.016,49759.37873088065
310412,43878.016,37489.11395233157
310413,43878.016,78453.802360275
310414,43878.016,56096.89273617079
310415,43878.016,5785.320916645036
310416,43878.016,9022.593357498352
310417,43878.016,32869.873376532174
310418,43878.016,28879.227300319028
310419,43878.016,8012.410487642449
310420,43878.016,38021.142502551644
310421,43878.016,4251.215661000416
310422,43878.016,27001.530247379917
310423,43878.016,61969.6588711091
310424,43878.016,21860.461415392
310425,43878.016,30174.153775701958
310426,43878.016,33178.58103323178
310427,43878.016,57895.45300035539
310428,43878.016,51633.92071267867
310429,43878.016,51353.66451064653
310430,43878.016,60910.54610919549
310431,43878.016,7912.099989371703
310432,43878.016,15692.317953884009
310433,43878.016,44701.91355214326
310434,43878.016,32038.10457998817
310435,43878.016,31456.234939279424
310436,43878.016,37398.40358698023
310437,43878.016,17640.293193483143
310438,43878.016,41925.661415927294
310439,43878.016,33282.26986073162
310440,43878.016,11208.492776107525
310441,43878.016,5245.556009940463
310442,43878.016,39371.25421239205
310443,43878.016,59389.325502561966
310444,43878.016,29080.310980855462
310445,43878.016,64456.17064170267
310446,43878.016,43658.7558584947
310447,43878.016,18798.89129914163
310448,43878.016,29244.124889243853
310449,43878.016,48992.46957709048
310450,43878.016,36471.62392081745
310451,43878.016,59811.88452032556
310452,43878.016,38516.581764679824
310453,43878.016,38150.47027695242
310454,43878.016,20138.189663713427
310455,43878.016,24136.20115316639
310456,43878.016,72071.55640858664
310457,43878.016,39412.10732359477
310458,43878.016,24422.876221045983
310459,43878.016,28081.91069652327
310460,43878.016,23434.793663730998
310461,43878.016,14889.27416292367
310462,43878.016,22172.329832593812
310463,43878.016,33339.69101614583
310464,43878.016,11173.034245529487
310465,43878.016,14612.767865919808
310466,43878.016,23686.46544391627
310467,43878.016,29325.58535411938
310468,43878.016,19651.716871130862
310469,43878.016,22574.544919044205
310470,43878.016,37221.60140893535
310471,43878.016,17321.519193442986
310472,43878.016,78678.74873219503
310473,43878.016,21615.794963671487
310474,43878.016,54683.870698870836
310475,43878.016,56854.09405979033
310476,43878.016,57118.09295268815
310477,43878.016,11210.075136380137
310478,43878.016,14526.959421481588
310479,43878.016,11148.499515804626
310480,43878.016,48213.75060534799
310481,43878.016,55260.74288252495
310482,43878.016,49475.3621963397
310483,43878.016,44791.30440111673
310484,43878.016,50803.35900223612
310485,43878.016,20611.140493897576
310486,43878.016,56598.16747890536
310487,43878.016,28825.69054127665
310488,43878.016,35345.93936461465
310489,43878.016,53585.84269826185
310490,43878.016,23648.50555876988
310491,43878.016,57266.64509975369
310492,43878.016,10316.096784276071
310493,43878.016,28438.337758692844
310494,43878.016,21536.2956357703
310495,43878.016,30514.81769440677
310496,43878.016,36056.31623654595
310497,43878.016,49162.152247367994
310498,43878.016,46102.57155915822
310499,43878.016,21859.511503458936
310500,43878.016,74914.28136210993
310501,43878.016,13543.394869208307
310502,43878.016,48177.54076532546
310503,43878.016,45766.51487973869
310504,43878.016,59735.86023747757
310505,43878.016,34557.38650600531
310506,43878.016,39983.268549832246
310507,43878.016,18475.487824248303
310508,43878.016,12714.975403622251
310509,43878.016,11118.4558984835
310510,43878.016,18579.317371094854
310511,43878.016,30128.57962648724
310512,43878.016,52773.16651187462
310513,43878.016,33588.81071080555
310514,43878.016,55844.4121336455
310515,43878.016,21081.76624339257
310516,43878.016,34003.22099545053
310517,43878.016,18587.045778898777
310518,43878.016,26410.833510465734
310519,43878.016,41592.91063477109
310520,43878.016,22056.929014051017
310521,43878.016,38995.42150442065
310522,43878.016,31396.5118523213
310523,43878.016,16052.46494917593
310524,43878.016,31431.107366292355
310525,43878.016,61023.334769347726
310526,43878.016,48830.634649419255
310527,43878.016,24083.90846902947
310528,43878.016,62827.74941799208
310529,43878.016,49352.829687273974
310530,43878.016,8480.522433696797
310531,43878.016,37456.34082416097
310532,43878.016,64470.12994169069
310533,43878.016,37031.61852046473
310534,43878.016,25588.813715465745
310535,43878.016,59347.30351147278
310536,43878.016,47973.103433327036
310537,43878.016,20629.097486857438
310538,43878.016,32814.916226599096
310539,43878.016,61884.256049283744
310540,43878.016,29940.466401590238
310541,43878.016,34983.17209195384
310542,43878.016,34420.908656921
310543,43878.016,83403.8745630687
310544,43878.016,62047.59071145887
310545,43878.016,51518.00333173442
310546,43878.016,29030.360245761683
310547,43878.016,20984.098147489945
310548,43878.016,26234.668678041053
310549,43878.016,41736.6124197535
310550,43878.016,17621.57686837607
310551,43878.016,52317.32584592236
310552,43878.016,47918.67758645054
310553,43878.016,102775.49162380413
310554,43878.016,12769.06694322039
310555,43878.016,27241.324842000045
310556,43878.016,54407.216373307354
310557,43878.016,13523.579126966724
310558,43878.016,54077.461759070546
310559,43878.016,59024.17890319773
310560,43878.016,49621.79806070707
310561,43878.016,19787.329460618228
310562,43878.016,28882.547838785
310563,43878.016,54985.01537473499
310564,43878.016,54344.42406303632
310565,43878.016,22577.194343368283
310566,43878.016,37716.23022624063
310567,43878.016,66061.41635339477
310568,43878.016,40497.005244546206
310569,43878.016,16089.722471961604
310570,43878.016,48182.46158456173
310571,43878.016,10042.631812486614
310572,43878.016,42842.78102680567
310573,43878.016,8743.90526671507
310574,43878.016,11987.070527684858
310575,43878.016,40291.095783317345
310576,43878.016,33622.10844150715
310577,43878.016,68691.56759306692
310578,43878.016,35186.32602679083
310579,43878.016,6006.628862527491
310580,43878.016,41133.38419237883
310581,43878.016,8141.484431976892
310582,43878.016,22769.227853729048
310583,43878.016,30359.737914246278
310584,43878.016,35676.02856719626
310585,43878.016,22982.42479316051
310586,43878.016,14638.870331521319
310587,43878.016,20982.344581728885
310588,43878.016,14681.430609487847
310589,43878.016,21689.087565672384
310590,43878.016,65960.19120955853
310591,43878.016,36410.55621945836
310592,43878.016,9178.420166706828
310593,43878.016,14087.42109807551
310594,43878.016,10176.019181691996
310595,43878.016,52662.94252627668
310596,43878.016,52036.5173060523
310597,43878.016,63792.678770320104
310598,43878.016,78744.52273708052
310599,43878.016,61648.45037695278
310600,43878.016,61666.60709692175
310601,43878.016,23767.70232189095
310602,43878.016,52008.80907342804
310603,43878.016,62322.35821390652
310604,43878.016,11229.590099752722
310605,43878.016,43800.466933473894
310606,43878.016,42286.610112631985
310607,43878.016,18713.250588369992
310608,43878.016,42645.099974563745
310609,43878.016,54386.09580599832
310610,43878.016,10672.7212629135
310611,43878.016,13018.055214571083
310612,43878.016,32862.14685165454
310613,43878.016,66965.7503550624
310614,43878.016,29022.282877378624
310615,43878.016,28430.301702449542
310616,43878.016,26798.713586193702
310617,43878.016,57562.62354141218
310618,43878.016,12010.939566321842
310619,43878.016,21195.279441000795
310620,43878.016,18598.73505370034
310621,43878.016,11752.919654206626
310622,43878.016,40357.81629495337
310623,43878.016,36683.378925400255
310624,43878.016,13049.673431740055
310625,43878.016,54783.13464806046
310626,43878.016,13485.377194291767
310627,43878.016,34588.82174663335
310628,43878.016,21107.14534725868
310629,43878.016,34391.24607309167
310630,43878.016,40765.30191500973
310631,43878.016,22268.252237099037
310632,43878.016,29033.411720938697
310633,43878.016,50246.39121911196
310634,43878.016,17322.172715408058
310635,43878.016,16349.812525075915
310636,43878.016,25570.97181666119
310637,43878.016,40122.493725896944
310638,43878.016,33633.81898012217
310639,43878.016,76299.19842476957
310640,43878.016,6578.825591672336
310641,43878.016,44880.59092397118
310642,43878.016,33903.045503913716
310643,43878.016,14184.765839102138
310644,43878.016,40090.685964911216
310645,43878.016,13260.263693741183
310646,43878.016,35971.44879418906
310647,43878.016,60988.49455458751
310648,43878.016,34784.88623737008
310649,43878.016,49197.5587869346
310650,43878.016,47999.56071875759
310651,43878.016,31507.230502327377
310652,43878.016,31801.65419973891
310653,43878.016,39464.449612299126
310654,43878.016,53023.1091347365
310655,43878.016,20813.649215935864
310656,43878.016,39273.920686459955
310657,43878.016,22141.45520110711
310658,43878.016,57615.24148066751
310659,43878.016,43744.804206727065
310660,43878.016,31039.406262211614
310661,43878.016,35441.485304656504
310662,43878.016,51455.85310980728
310663,43878.016,28158.85532209456
310664,43878.016,83547.53991947553
310665,43878.016,21469.549284011482
310666,43878.016,52163.086443639644
310667,43878.016,58054.049748772886
310668,43878.016,23811.52864753313
310669,43878.016,57030.17082230789
310670,43878.016,18239.47996179614
310671,43878.016,102061.60486677669
310672,43878.016,70331.89861226098
310673,43878.016,31247.077916036753
310674,43878.016,14130.818744619964
310675,43878.016,36041.28426712835
310676,43878.016,26609.334680419375
310677,43878.016,37519.83278354041
310678,43878.016,23876.219933926255
310679,43878.016,59151.89791395274
310680,43878.016,9384.30093384006
310681,43878.016,57540.66609264439
310682,43878.016,31440.74908702099
310683,43878.016,53606.404734528165
310684,43878.016,33767.35883443968
310685,43878.016,19051.20041503401
310686,43878.016,38715.8109383487
310687,43878.016,15585.384535204099
310688,43878.016,29615.293643486806
310689,43878.016,6906.531735668956
310690,43878.016,18074.26886474892
310691,43878.016,22667.18405355643
310692,43878.016,64748.384486080664
310693,43878.016,24608.2936936735
310694,43878.016,64389.13024443237
310695,43878.016,17535.664398442805
310696,43878.016,49734.46758628315
310697,43878.016,36429.32742595346
310698,43878.016,19340.00512229031
310699,43878.016,22118.066211505615
310700,43878.016,23005.28199363726
310701,43878.016,42460.7715694111
310702,43878.016,49220.511331367576
310703,43878.016,47421.97269299956
310704,43878.016,62843.47363399094
310705,43878.016,38405.34882006416
310706,43878.016,42031.15968679883
310707,43878.016,19082.644969668745
310708,43878.016,50151.3883361852
310709,43878.016,35942.89213282617
310710,43878.016,34251.48589765185
310711,43878.016,10329.145800420365
310712,43878.016,63583.2906312851
310713,43878.016,23555.740349044125
310714,43878.016,9229.826106962171
310715,43878.016,11555.545704632
310716,43878.016,55321.619754906234
310717,43878.016,36518.043373602566
310718,43878.016,28425.58685355517
310719,43878.016,16999.322766569938
310720,43878.016,54966.32262617448
310721,43878.016,50090.39265431974
310722,43878.016,12706.111560475187
310723,43878.016,11743.15125263984
310724,43878.016,119160.79179802377
310725,43878.016,26616.283839777294
310726,43878.016,38041.469509475086
310727,43878.016,8240.76424246283
310728,43878.016,48541.52265751262
310729,43878.016,78051.01662973457
310730,43878.016,14970.367337772605
310731,43878.016,9746.410351497338
310732,43878.016,21897.84751876974
310733,43878.016,13614.612795910853
310734,43878.016,70007.24388467649
310735,43878.016,24496.51922029999
310736,43878.016,39286.405425228244
310737,43878.016,20301.580132665636
310738,43878.016,39597.39098825034
310739,43878.016,45248.58195872687
310740,43878.016,9114.235823489953
310741,43878.016,31367.739480740467
310742,43878.016,47379.59120851652
310743,43878.016,10693.503119327119
310744,43878.016,19022.184358872124
310745,43878.016,44856.93377685036
310746,43878.016,12042.782682772726
310747,43878.016,32398.590825537784
310748,43878.016,11187.799241788687
310749,43878.016,14873.845443864895
310750,43878.016,61393.0355586346
310751,43878.016,18206.321100718495
310752,43878.016,39681.955603787625
310753,43878.016,62353.96181197518
310754,43878.016,64608.00743967381
310755,43878.016,22196.17303902176
310756,43878.016,11568.979236821106
310757,43878.016,23977.030599388807
310758,43878.016,32901.18351297226
310759,43878.016,39721.52557530677
310760,43878.016,45625.21098931821
310761,43878.016,26491.728094986975
310762,43878.016,52983.90837264487
310763,43878.016,88180.32122901692
310764,43878.016,33212.01851210395
310765,43878.016,20226.496766886
310766,43878.016,34310.02690425819
310767,43878.016,30823.82350641776
310768,43878.016,8424.007154618212
310769,43878.016,36418.516467175636
310770,43878.016,23876.680719680062
310771,43878.016,63769.07214482496
310772,43878.016,20045.755656299596
310773,43878.016,43463.52007404768
310774,43878.016,19149.37638836941
310775,43878.016,37040.42385489084
310776,43878.016,79911.22652718052
310777,43878.016,41022.13776992456
310778,43878.016,21106.49602210843
310779,43878.016,8980.030634529277
310780,43878.016,15842.450963334937
310781,43878.016,13400.755967440611
310782,43878.016,21234.483245533556
310783,43878.016,49771.9466417738
310784,43878.016,10928.468966078197
310785,43878.016,19839.98071720827
310786,43878.016,59517.474823975346
310787,43878.016,32313.022691465347
310788,43878.016,6451.529323899398
310789,43878.016,61501.208635921736
310790,43878.016,55269.2331917675
310791,43878.016,4850.534943455839
310792,43878.016,20900.619956574363
310793,43878.016,87674.21778249236
310794,43878.016,14837.60445477686
310795,43878.016,8539.17227192766
310796,43878.016,44128.3051035722
310797,43878.016,56775.47880312769
310798,43878.016,19998.184574119037
310799,43878.016,18874.135926355055
310800,43878.016,17843.206813643443
310801,43878.016,47851.28572117274
310802,43878.016,55577.063805229416
310803,43878.016,11650.143434746724
310804,43878.016,17319.05389985734
310805,43878.016,21629.580309592187
310806,43878.016,18969.47074475601
310807,43878.016,16464.773862524828
310808,43878.016,80377.9458918994
310809,43878.016,10918.943830653016
310810,43878.016,14671.48887835336
310811,43878.016,39645.41994598001
310812,43878.016,22890.676023672742
310813,43878.016,33036.916440677036
310814,43878.016,34333.7127077962
310815,43878.016,29803.856855250673
310816,43878.016,35462.851939431945
310817,43878.016,27443.85333515268
310818,43878.016,8600.790726140998
310819,43878.016,16345.004365616847
310820,43878.016,23635.98629637949
310821,43878.016,27067.080707893896
310822,43878.016,6942.650368532533
310823,43878.016,31824.55550574407
310824,43878.016,63013.28227197156
310825,43878.016,34077.75663438765
310826,43878.016,10132.65387595212
310827,43878.016,25308.01906816547
310828,43878.016,35604.45446237631
310829,43878.016,36075.15398399772
310830,43878.016,27944.547644338618
310831,43878.016,25704.898917146507
310832,43878.016,30688.148004162158
310833,43878.016,17496.082863835585
310834,43878.016,22420.32774598184
310835,43878.016,10573.184611584664
310836,43878.016,42712.92138663405
310837,43878.016,61540.535464733024
310838,43878.016,36625.23511261578
310839,43878.016,50524.65618071527
310840,43878.016,19194.194810289304
310841,43878.016,36720.295891997106
310842,43878.016,20943.484322353463
310843,43878.016,74032.65793466027
310844,43878.016,10933.581522726412
310845,43878.016,12971.253205788837
310846,43878.016,21463.802602271742
310847,43878.016,52949.9235147331
310848,43878.016,36909.49248402678
310849,43878.016,27950.24551868914
310850,43878.016,19348.107417451134
310851,43878.016,52154.53250995349
310852,43878.016,16023.040143636083
310853,43878.016,17888.423339000816
310854,43878.016,56147.39346106855
310855,43878.016,21356.4714690881
310856,43878.016,85080.99287206384
310857,43878.016,13841.418654022284
310858,43878.016,19704.74961755064
310859,43878.016,63274.88855570137
310860,43878.016,7215.356301111668
310861,43878.016,68211.63276190509
310862,43878.016,15546.895242454135
310863,43878.016,44449.48540492004
310864,43878.016,76689.69599238792
310865,43878.016,39190.74607164695
310866,43878.016,10323.39150723149
310867,43878.016,50849.61392668677
310868,43878.016,35249.481719695366
310869,43878.016,66877.04918622527
310870,43878.016,25067.443319752332
310871,43878.016,57917.493679229905
310872,43878.016,36542.965581546705
310873,43878.016,49583.55134440305
310874,43878.016,44432.137109899064
310875,43878.016,60154.807153253125
310876,43878.016,34354.79608468574
310877,43878.016,49686.394507491255
310878,43878.016,79849.6288355113
310879,43878.016,42551.21372045568
310880,43878.016,45478.34569882473
310881,43878.016,48931.22436468719
310882,43878.016,10489.383542692894
310883,43878.016,45206.279862967705
310884,43878.016,10461.198483038168
310885,43878.016,12417.984362277311
310886,43878.016,30551.75870164652
310887,43878.016,29583.428009650503
310888,43878.016,38198.40331303891
310889,43878.016,7256.385184579704
310890,43878.016,44460.65146344916
310891,43878.016,35001.09068872246
310892,43878.016,36705.461248953005
310893,43878.016,19733.889560237876
310894,43878.016,50712.89773939898
310895,43878.016,26090.79957700597
310896,43878.016,32229.75248540194
310897,43878.016,57186.09514925975
310898,43878.016,31209.0117387487
310899,43878.016,20639.95386180236
310900,43878.016,38862.801080082674
310901,43878.016,17768.21000685506
310902,43878.016,80757.92831376998
310903,43878.016,12992.072296778684
310904,43878.016,10468.322646750305
310905,43878.016,56537.45622196723
310906,43878.016,69018.64689934337
310907,43878.016,53448.98154534443
310908,43878.016,50641.721108105856
310909,43878.016,49686.58808913778
310910,43878.016,21904.96127785567
310911,43878.016,29108.885588039004
310912,43878.016,13345.317567030503
310913,43878.016,21378.784363088784
310914,43878.016,22381.624307954957
310915,43878.016,17345.77617616545
310916,43878.016,50119.100883047024
310917,43878.016,58900.35141700236
310918,43878.016,64393.47788384024
310919,43878.016,28893.36761250014
310920,43878.016,37836.839395708426
310921,43878.016,34761.64980912709
310922,43878.016,26407.71026330058
310923,43878.016,70572.55302321746
310924,43878.016,33504.11548649676
310925,43878.016,62609.705462198384
310926,43878.016,57403.88919286617
310927,43878.016,58474.99573660287
310928,43878.016,49794.42004578896
310929,43878.016,39449.90812584218
310930,43878.016,73064.57664985405
310931,43878.016,22029.977387674546
310932,43878.016,24281.748778666602
310933,43878.016,61365.8117455322
310934,43878.016,20019.920438872785
310935,43878.016,11588.510793711457
310936,43878.016,32401.210947418236
310937,43878.016,63222.2927982699
310938,43878.016,49788.88359366318
310939,43878.016,10433.59597644211
310940,43878.016,38893.31264944863
310941,43878.016,42066.59977830777
310942,43878.016,48125.59819683115
310943,43878.016,13175.19062097669
310944,43878.016,18599.09075561943
310945,43878.016,49506.06611757394
310946,43878.016,17110.3944992987
310947,43878.016,62229.8622997758
310948,43878.016,23166.71610682966
310949,43878.016,24862.807563040653
310950,43878.016,12003.057709051382
310951,43878.016,9764.839926867331
310952,43878.016,32710.28876573055
310953,43878.016,18242.247656875334
310954,43878.016,30851.37487419077
310955,43878.016,32329.386889499092
310956,43878.016,61733.12556256772
310957,43878.016,58124.0718270194
310958,43878.016,14152.738024829101
310959,43878.016,40928.89566787408
310960,43878.016,16159.543816806097
310961,43878.016,24309.881417634566
310962,43878.016,33831.16682788986
310963,43878.016,31618.79272145538
310964,43878.016,18002.796267916798
310965,43878.016,22518.025705392858
310966,43878.016,7348.931603128819
310967,43878.016,47238.37707200793
310968,43878.016,16503.809406987468
310969,43878.016,38402.84962067817
310970,43878.016,14283.397438160338
310971,43878.016,12055.403307119454
310972,43878.016,25670.605313882996
310973,43878.016,24086.95195731346
310974,43878.016,72290.28632028497
310975,43878.016,14560.141256512898
310976,43878.016,35546.83078316669
310977,43878.016,19438.854785505395
310978,43878.016,61936.227193584506
310979,43878.016,60935.542626529896
310980,43878.016,31621.759130939176
310981,43878.016,17497.76222539991
310982,43878.016,19722.614778166677
310983,43878.016,39989.15170548676
310984,43878.016,44244.836806493404
310985,43878.016,28223.906725472956
310986,43878.016,58645.74788247495
310987,43878.016,59767.943325191096
310988,43878.016,53316.67632250799
310989,43878.016,22392.550839310876
310990,43878.016,6787.35400597989
310991,43878.016,29793.953569863686
310992,43878.016,52832.85364388241
310993,43878.016,17416.71558982418
310994,43878.016,43763.87139467398
310995,43878.016,61007.13042292916
310996,43878.016,7386.294950703307
310997,43878.016,15223.092588586765
310998,43878.016,22474.248629046702
310999,43878.016,12686.326639106574
311000,43878.016,42097.15338049496
311001,43878.016,29387.16156436013
311002,43878.016,38347.66309456746
311003,43878.016,5257.860038281589
311004,43878.016,55873.56825664069
311005,43878.016,55929.01523054973
311006,43878.016,63814.45381609147
311007,43878.016,20489.362311968463
311008,43878.016,13152.496239272246
311009,43878.016,47394.458907462606
311010,43878.016,8946.638054954463
311011,43878.016,14906.259093984867
311012,43878.016,25268.041297380525
311013,43878.016,7510.744512416679
311014,43878.016,16211.761962195467
311015,43878.016,16468.779799593878
311016,43878.016,6959.117706692499
311017,43878.016,46739.15886570835
311018,43878.016,7671.717495883808
311019,43878.016,61511.290412864306
311020,43878.016,10097.720912353378
311021,43878.016,46955.87446846464
311022,43878.016,19418.929048772785
311023,43878.016,23887.11005339486
311024,43878.016,25964.92672972558
311025,43878.016,40205.26857933699
311026,43878.016,52183.85986711221
311027,43878.016,24044.503548429475
311028,43878.016,59848.13791193537
311029,43878.016,15102.186896120154
311030,43878.016,41301.232580049495
311031,43878.016,21470.202353869718
311032,43878.016,24446.507532749703
311033,43878.016,39338.46728234728
311034,43878.016,34746.882963530305
311035,43878.016,11381.028182404585
311036,43878.016,11237.772082183017
311037,43878.016,11954.824848579348
311038,43878.016,54746.89611010057
311039,43878.016,36765.75860483354
311040,43878.016,40782.58725817613
311041,43878.016,51254.64916234067
311042,43878.016,28869.149608880907
311043,43878.016,41668.0605232061
311044,43878.016,44097.461252929505
311045,43878.016,51932.36655623568
311046,43878.016,59276.756003428025
311047,43878.016,54965.30546036863
311048,43878.016,16764.682579417517
311049,43878.016,34288.1145042142
311050,43878.016,12585.384609401252
311051,43878.016,76606.19641104972
311052,43878.016,6644.472889446378
311053,43878.016,13058.517688555712
311054,43878.016,54326.750295290265
311055,43878.016,36946.44126248295
311056,43878.016,22852.341340096667
311057,43878.016,43430.35104290193
311058,43878.016,52557.746209872355
311059,43878.016,31487.55482418953
311060,43878.016,27727.578513662014
311061,43878.016,52377.960384489816
311062,43878.016,16023.333430403709
311063,43878.016,28613.261511321147
311064,43878.016,12458.448919220249
311065,43878.016,45917.51972392013
311066,43878.016,77448.02384096118
311067,43878.016,43667.64959324993
311068,43878.016,62660.88792175911
311069,43878.016,14977.976082137133
311070,43878.016,55440.0329991066
311071,43878.016,9739.98999146209
311072,43878.016,50773.40856787656
311073,43878.016,44666.10380633678
311074,43878.016,56392.67855363237
311075,43878.016,21614.87599479613
311076,43878.016,55145.24169565061
311077,43878.016,23273.487441601646
311078,43878.016,43135.476574040236
311079,43878.016,61672.16859181299
311080,43878.016,26725.247256327082
311081,43878.016,11388.837358538713
311082,43878.016,21385.772765238213
311083,43878.016,58989.69285759537
311084,43878.016,7200.782702118497
311085,43878.016,19346.04505935101
311086,43878.016,60991.68023362273
311087,43878.016,25517.970160342837
311088,43878.016,49223.92000968557
311089,43878.016,52753.22860575355
311090,43878.016,24444.48317916939
311091,43878.016,59131.09565091837
311092,43878.016,56498.44157047411
311093,43878.016,79935.0221424496
311094,43878.016,22341.14225697189
311095,43878.016,57920.50811021082
311096,43878.016,46347.311359903906
311097,43878.016,12407.822916568213
311098,43878.016,43467.16084467027
311099,43878.016,59675.936649833384
311100,43878.016,15998.844977783641
311101,43878.016,28784.98262677023
311102,43878.016,40470.33146589743
311103,43878.016,49834.90804115536
311104,43878.016,54377.30413115372
311105,43878.016,62899.14303491855
311106,43878.016,11214.774508168372
311107,43878.016,46523.902741749975
311108,43878.016,10307.53061985376
311109,43878.016,57327.3126557093
311110,43878.016,9513.063667072805
311111,43878.016,11503.951923144257
311112,43878.016,20991.81897781533
311113,43878.016,39422.73337808941
311114,43878.016,12637.407856387696
311115,43878.016,28522.156977115683
311116,43878.016,33246.74406010987
311117,43878.016,85620.2582933855
311118,43878.016,36645.186938312596
311119,43878.016,11353.526665149908
311120,43878.016,18085.51613293189
311121,43878.016,21845.36962574182
311122,43878.016,39203.51090398806
311123,43878.016,56364.18779523599
311124,43878.016,11564.993747370852
311125,43878.016,18992.686053532514
311126,43878.016,64402.53147791516
311127,43878.016,64103.53214333395
311128,43878.016,5373.610955889139
311129,43878.016,36520.70721574301
311130,43878.016,19112.583715421395
311131,43878.016,54076.95068706884
311132,43878.016,35248.02625088514
311133,43878.016,17096.428884884972
311134,43878.016,40902.89830762292
311135,43878.016,53021.28170033225
311136,43878.016,68123.6764557009
311137,43878.016,7162.450292399627
311138,43878.016,8095.123484597025
311139,43878.016,26781.474260543993
311140,43878.016,34818.816717934686
311141,43878.016,47377.87566226797
311142,43878.016,46491.80135724115
311143,43878.016,26102.044954916975
311144,43878.016,12931.065607946886
311145,43878.016,119156.97017083703
311146,43878.016,12647.494773138444
311147,43878.016,60795.84495633022
311148,43878.016,17376.834319817648
311149,43878.016,57590.82662982755
311150,43878.016,59478.733351960116
311151,43878.016,29939.268378469667
311152,43878.016,28796.849373206256
311153,43878.016,4561.267892536486
311154,43878.016,55469.52043517487
311155,43878.016,39967.35902638236
311156,43878.016,18462.517327078076
311157,43878.016,15953.49489119929
311158,43878.016,13382.834683463136
311159,43878.016,25223.558188739382
311160,43878.016,21163.309808281032
311161,43878.016,15334.543868776316
311162,43878.016,17604.092140954657
311163,43878.016,46389.05013302419
311164,43878.016,33961.36003299321
311165,43878.016,17709.907273444733
311166,43878.016,38139.38698475448
311167,43878.016,78488.63219379529
311168,43878.016,39707.02369238097
311169,43878.016,17425.716844301052
311170,43878.016,36290.780838640734
311171,43878.016,46645.81915906251
311172,43878.016,47307.35051592486
311173,43878.016,19122.686243394113
311174,43878.016,24104.476211237186
311175,43878.016,61530.3054045862
311176,43878.016,28726.435856496897
311177,43878.016,30623.063610195146
311178,43878.016,47023.455672662036
311179,43878.016,32049.06564761664
311180,43878.016,19692.01468228149
311181,43878.016,28250.679592862594
311182,43878.016,15130.505681043313
311183,43878.016,91558.23805076398
311184,43878.016,13065.087580605335
311185,43878.016,31864.256145342544
311186,43878.016,55417.21469296154
311187,43878.016,32821.53261324094
311188,43878.016,59990.569074368934
311189,43878.016,70300.92325506824
311190,43878.016,30672.79438731548
311191,43878.016,50050.5876005816
311192,43878.016,41030.7054206226
311193,43878.016,54798.94984815421
311194,43878.016,52430.23621078936
311195,43878.016,39788.14469740185
311196,43878.016,44301.48612425254
311197,43878.016,32210.45797909262
311198,43878.016,21928.809533365507
311199,43878.016,40668.49063786396
311200,43878.016,38194.60368944781
311201,43878.016,49634.76331800487
311202,43878.016,64630.82342393937
311203,43878.016,62407.28680014211
311204,43878.016,16434.418416128345
311205,43878.016,23325.98275532265
311206,43878.016,35878.42815170477
311207,43878.016,26538.611697453507
311208,43878.016,24674.618090846856
311209,43878.016,50485.60197977725
311210,43878.016,27483.087678990174
311211,43878.016,72974.40522158568
311212,43878.016,46527.36160749326
311213,43878.016,13936.672707499121
311214,43878.016,11207.560258371288
311215,43878.016,33003.35310314999
311216,43878.016,50442.007812856915
311217,43878.016,33032.07390427296
311218,43878.016,63307.703563349976
311219,43878.016,17201.405445229215
311220,43878.016,19366.791503063832
311221,43878.016,12420.368652417417
311222,43878.016,31226.90074928261
311223,43878.016,62193.968640797655
311224,43878.016,17760.955762121364
311225,43878.016,8624.028822756765
311226,43878.016,24134.585525814888
311227,43878.016,15718.37586615813
311228,43878.016,45900.92917652724
311229,43878.016,29979.98489233874
311230,43878.016,67992.98882770496
311231,43878.016,22584.23841129426
311232,43878.016,12346.77321742447
311233,43878.016,18066.673958505125
311234,43878.016,33586.89229960625
311235,43878.016,9764.385436257257
311236,43878.016,26328.28995614566
311237,43878.016,13222.456073181836
311238,43878.016,35889.50461393979
311239,43878.016,25362.01633628286
311240,43878.016,16114.024981935625
311241,43878.016,11493.174597209108
311242,43878.016,39918.35639516678
311243,43878.016,31403.290607640494
311244,43878.016,25127.06828518661
311245,43878.016,65146.96131186151
311246,43878.016,12754.188924403818
311247,43878.016,59070.02227672188
311248,43878.016,17187.301528718173
311249,43878.016,14363.455373427081
311250,43878.016,33512.4417971813
311251,43878.016,11681.052495944854
311252,43878.016,14117.385171950657
311253,43878.016,28834.426079339963
311254,43878.016,11020.951881711491
311255,43878.016,75991.46544903803
311256,43878.016,12603.073123492159
311257,43878.016,13914.777670154306
311258,43878.016,13510.450695823149
311259,43878.016,3351.404695438347
311260,43878.016,34297.089510499274
311261,43878.016,22601.981987099774
311262,43878.016,14380.68096430798
311263,43878.016,18864.596418626377
311264,43878.016,13907.873853889174
311265,43878.016,22037.44765753723
311266,43878.016,35539.21702905307
311267,43878.016,44897.796237895665
311268,43878.016,48708.61603150474
311269,43878.016,22855.555952799197
311270,43878.016,34037.22290973004
311271,43878.016,54500.471027383464
311272,43878.016,57960.62861843747
311273,43878.016,70559.57115518108
311274,43878.016,52754.90843678341
311275,43878.016,36759.40577706431
311276,43878.016,39892.8189598119
311277,43878.016,10756.691075980005
311278,43878.016,61667.40543999124
311279,43878.016,23784.586821894143
311280,43878.016,12431.764052224678
311281,43878.016,23730.043007567103
311282,43878.016,29855.520890068736
311283,43878.016,53458.92060420647
311284,43878.016,75250.45372452874
311285,43878.016,44416.285485753346
311286,43878.016,65906.99677444418
311287,43878.016,31243.067743500626
311288,43878.016,37840.3319456386
311289,43878.016,43663.85311116943
311290,43878.016,56858.34666786483
311291,43878.016,46508.453991427275
311292,43878.016,10196.759229338228
311293,43878.016,6298.472092078678
311294,43878.016,32545.7096034918
311295,43878.016,57942.92594221369
311296,43878.016,78518.23087404501
311297,43878.016,15598.598996220775
311298,43878.016,31028.21776841567
311299,43878.016,50704.336230400164
311300,43878.016,21487.98402261994
311301,43878.016,10186.459883034664
311302,43878.016,14968.552293426794
311303,43878.016,10211.59191979745
311304,43878.016,47350.327058849114
311305,43878.016,26916.70283452085
311306,43878.016,18937.17069181312
311307,43878.016,10260.902976748817
311308,43878.016,22989.643501770322
311309,43878.016,52224.69977272422
311310,43878.016,25832.86676636947
311311,43878.016,25131.039232828643
311312,43878.016,17634.5569856821
311313,43878.016,10408.446045042909
311314,43878.016,36770.51665844181
311315,43878.016,76251.0125202138
311316,43878.016,24678.903653315392
311317,43878.016,16601.251207781945
311318,43878.016,73441.54998614635
311319,43878.016,52307.69487591079
311320,43878.016,61798.74674212009
311321,43878.016,11382.980715385811
311322,43878.016,46844.493319954825
311323,43878.016,47958.004747453204
311324,43878.016,16589.046883138057
311325,43878.016,60618.601955259
311326,43878.016,16102.630801725596
311327,43878.016,79085.28840103332
311328,43878.016,13978.040398927445
311329,43878.016,14675.025646398695
311330,43878.016,16381.1159580767
311331,43878.016,10855.37069462371
311332,43878.016,20934.67047099026
311333,43878.016,49865.35538434313
311334,43878.016,32827.96653768483
311335,43878.016,15731.760868788233
311336,43878.016,51411.810916684284
311337,43878.016,12299.023264955631
311338,43878.016,41683.35320895385
311339,43878.016,38287.95147191462
311340,43878.016,52702.954991779974
311341,43878.016,37011.231383360995
311342,43878.016,42086.82987139346
311343,43878.016,78223.77397904819
311344,43878.016,11124.208568486452
311345,43878.016,89739.16001603565
311346,43878.016,60550.536331075615
311347,43878.016,43760.899862949074
311348,43878.016,22759.251723540485
311349,43878.016,21291.137368150874
311350,43878.016,11660.883885132533
311351,43878.016,18470.329357778854
311352,43878.016,29352.575520334798
311353,43878.016,20386.759838725677
311354,43878.016,59513.88682258155
311355,43878.016,19272.07081805059
311356,43878.016,21012.84920384556
311357,43878.016,6817.79853867364
311358,43878.016,19119.394158154817
311359,43878.016,14823.549200846257
311360,43878.016,26487.177697040675
311361,43878.016,7941.259706885337
311362,43878.016,30272.237558357774
311363,43878.016,38707.082448934
311364,43878.016,12127.702715680764
311365,43878.016,16929.994753382845
311366,43878.016,26913.223145237473
311367,43878.016,53029.509543078246
311368,43878.016,17982.13687140234
311369,43878.016,32657.230318835784
311370,43878.016,43071.56693461395
311371,43878.016,41423.91330988058
311372,43878.016,15574.053288204415
311373,43878.016,9321.155593939133
311374,43878.016,31541.93061973791
311375,43878.016,18120.465456936
311376,43878.016,52322.12771660479
311377,43878.016,16212.089402572556
311378,43878.016,7576.301482460763
311379,43878.016,17030.919153194376
311380,43878.016,12853.45140063863
311381,43878.016,52887.03927681206
311382,43878.016,11564.361155855426
311383,43878.016,39029.525330330245
311384,43878.016,24769.02970749987
311385,43878.016,38708.41110102088
311386,43878.016,23695.468629437597
311387,43878.016,41656.992251031916
311388,43878.016,56567.877803620744
311389,43878.016,25475.502648990354
311390,43878.016,16643.75031103671
311391,43878.016,35640.254719487515
311392,43878.016,55819.790363171174
311393,43878.016,5504.289082562944
311394,43878.016,17770.883007938803
311395,43878.016,15611.176937513144
311396,43878.016,45826.587773068386
311397,43878.016,19474.061627170504
311398,43878.016,70146.68650679137
311399,43878.016,30126.339097172073
311400,43878.016,15007.228056508859
311401,43878.016,51464.977443781536
311402,43878.016,47660.314457805776
311403,43878.016,11218.556134127584
311404,43878.016,52593.971612638685
311405,43878.016,43338.14072279633
311406,43878.016,33121.186270503385
311407,43878.016,42832.83738311005
311408,43878.016,37940.890965065686
311409,43878.016,6053.685745915046
311410,43878.016,18825.325035420057
311411,43878.016,59875.185984032905
311412,43878.016,22649.634212958194
311413,43878.016,53760.487169629785
311414,43878.016,15854.589866806416
311415,43878.016,13966.202254139876
311416,43878.016,23842.307245997796
311417,43878.016,39329.54004823006
311418,43878.016,26634.90027880147
311419,43878.016,25199.14565276199
311420,43878.016,21675.242552004005
311421,43878.016,11537.604201313123
311422,43878.016,39518.318903174135
311423,43878.016,49039.88867796133
311424,43878.016,28757.411032319967
311425,43878.016,35949.858335592246
311426,43878.016,17117.393063426898
311427,43878.016,33798.41146634246
311428,43878.016,20879.262200256242
311429,43878.016,59810.32424374019
311430,43878.016,18576.45050429355
311431,43878.016,47580.72406286367
311432,43878.016,25655.525586355387
311433,43878.016,7248.857015930029
311434,43878.016,75946.99014758755
311435,43878.016,65179.668285637315
311436,43878.016,32408.14324040868
311437,43878.016,81325.74887001449
311438,43878.016,33181.06512786809
311439,43878.016,10030.941781780844
311440,43878.016,47192.26153181199
311441,43878.016,47011.515988218795
311442,43878.016,31105.215016552655
311443,43878.016,22027.929893813263
311444,43878.016,13755.016439773959
311445,43878.016,30359.812387797956
311446,43878.016,35765.89566004374
311447,43878.016,36274.94147621071
311448,43878.016,56286.98216990017
311449,43878.016,19547.89981636622
311450,43878.016,54036.11727766569
311451,43878.016,66544.81069501111
311452,43878.016,65544.25422194756
311453,43878.016,5715.685137802731
311454,43878.016,62001.31126922436
311455,43878.016,6703.617840800882
311456,43878.016,32086.73174884972
311457,43878.016,76136.7885054265
311458,43878.016,66824.49111898788
311459,43878.016,41115.83775692581
311460,43878.016,18279.781483095518
311461,43878.016,15012.924744169857
311462,43878.016,31332.06562012534
311463,43878.016,14331.2317596908
311464,43878.016,51249.55518478097
311465,43878.016,34080.87362833942
311466,43878.016,23788.210983595767
311467,43878.016,39618.48672526016
311468,43878.016,34745.41180968772
311469,43878.016,16459.346560558097
311470,43878.016,22952.701900647968
311471,43878.016,49760.485450975524
311472,43878.016,7233.856518370643
311473,43878.016,6491.675024028848
311474,43878.016,35372.53126637702
311475,43878.016,20160.19588478068
311476,43878.016,22659.15123452888
311477,43878.016,19878.63101110259
311478,43878.016,22552.84995675868
311479,43878.016,21909.11060143717
311480,43878.016,33408.889299638344
311481,43878.016,39444.99340878822
311482,43878.016,75034.69533187986
311483,43878.016,39090.920563620784
311484,43878.016,54882.48734285238
311485,43878.016,63348.39365625461
311486,43878.016,30584.115050651286
311487,43878.016,49929.784045057386
311488,43878.016,52105.64494682575
311489,43878.016,43280.898989965426
311490,43878.016,48116.86946569694
311491,43878.016,38632.795579870864
311492,43878.016,70269.53032331263
311493,43878.016,64405.204883516504
311494,43878.016,37339.52603988934
311495,43878.016,14722.111115742848
311496,43878.016,35464.397025833874
311497,43878.016,34312.8169386145
311498,43878.016,11746.886503417325
311499,43878.016,22530.25771745217
311500,43878.016,26561.407852829383
311501,43878.016,15460.423045063051
311502,43878.016,47673.91998587085
311503,43878.016,55013.49550835183
311504,43878.016,17513.928508817025
311505,43878.016,16363.394886693832
311506,43878.016,9426.132077397688
311507,43878.016,59733.66442685062
311508,43878.016,48399.43655303231
311509,43878.016,35778.02908263677
311510,43878.016,15468.06925098771
311511,43878.016,37222.141308762715
311512,43878.016,26779.40920621619
311513,43878.016,11739.797207627498
311514,43878.016,20224.48673102215
311515,43878.016,30818.51258641301
311516,43878.016,70376.7811228858
311517,43878.016,19524.502446175018
311518,43878.016,27322.13802190738
311519,43878.016,42818.12154625891
311520,43878.016,10989.700235421897
311521,43878.016,24448.99264129385
311522,43878.016,21373.968888404073
311523,43878.016,63878.92250471127
311524,43878.016,9687.207720184006
311525,43878.016,52548.11669609891
311526,43878.016,70977.6740393804
311527,43878.016,36916.61014634284
311528,43878.016,19581.165505374727
311529,43878.016,14761.790314460726
311530,43878.016,37684.27121025193
311531,43878.016,29974.762183925286
311532,43878.016,22806.51544128732
311533,43878.016,30759.890741266867
311534,43878.016,49001.48681771577
311535,43878.016,55584.9294839493
311536,43878.016,8561.149551780607
311537,43878.016,79563.6625375806
311538,43878.016,13294.392976259096
311539,43878.016,46243.41972427354
311540,43878.016,5393.932804293333
311541,43878.016,28360.246851652755
311542,43878.016,43071.49754559749
311543,43878.016,27262.94379175767
311544,43878.016,29273.206048427124
311545,43878.016,23527.161901384115
311546,43878.016,21807.695633062103
311547,43878.016,32881.06230942506
311548,43878.016,36503.009375682705
311549,43878.016,15070.695082170736
311550,43878.016,66190.95011911179
311551,43878.016,20051.583857364425
311552,43878.016,21325.57220274804
311553,43878.016,34330.06491665337
311554,43878.016,69102.47661146981
311555,43878.016,49842.35598830096
311556,43878.016,7709.840231617769
311557,43878.016,16145.776905635672
311558,43878.016,33209.09380945626
311559,43878.016,27132.706022566636
311560,43878.016,59529.25992741034
311561,43878.016,28441.28447235404
311562,43878.016,17691.79151362199
311563,43878.016,33624.6375126103
311564,43878.016,25081.056257533146
311565,43878.016,47781.7061419747
311566,43878.016,35548.117433560874
311567,43878.016,80557.5564756157
311568,43878.016,41655.132135641004
311569,43878.016,8275.331886860373
311570,43878.016,42389.30593574461
311571,43878.016,14518.958428699008
311572,43878.016,37276.15614888487
311573,43878.016,15188.408312010059
311574,43878.016,52670.27366121497
311575,43878.016,9382.55136977675
311576,43878.016,29763.62290995591
311577,43878.016,46570.27512014026
311578,43878.016,42767.57177883468
311579,43878.016,24352.379719867404
311580,43878.016,46456.86624073313
311581,43878.016,56574.53323932854
311582,43878.016,34080.65137049951
311583,43878.016,29001.01089882164
311584,43878.016,8245.988703858324
311585,43878.016,60935.094721244
311586,43878.016,17293.44003140849
311587,43878.016,27827.78937817845
311588,43878.016,31103.173605454384
311589,43878.016,38271.74693161693
311590,43878.016,69137.02291350244
311591,43878.016,29548.27089310192
311592,43878.016,41620.32128478736
311593,43878.016,15979.462190141587
311594,43878.016,34654.628965673546
311595,43878.016,25776.083549344403
311596,43878.016,46646.598782441535
311597,43878.016,57140.33739516731
311598,43878.016,42416.17423656141
311599,43878.016,22830.428157736194
311600,43878.016,72889.5517667837
311601,43878.016,21578.683261518312
311602,43878.016,14354.159827219883
311603,43878.016,9680.591486612662
311604,43878.016,7206.488305900113
311605,43878.016,61442.102053359195
311606,43878.016,42896.02738415208
311607,43878.016,14203.169281252327
311608,43878.016,57909.55349834061
311609,43878.016,29867.851687022478
311610,43878.016,25208.583953550395
311611,43878.016,50118.363781359265
311612,43878.016,16319.530374826994
311613,43878.016,29780.04588441994
311614,43878.016,51759.85478939589
311615,43878.016,21720.352556849357
311616,43878.016,21438.32991690551
311617,43878.016,7855.341836531629
311618,43878.016,21381.617634226866
311619,43878.016,48319.12593370981
311620,43878.016,55715.04860203217
311621,43878.016,48217.17112531934
311622,43878.016,57785.01214778052
311623,43878.016,43268.51759465738
311624,43878.016,13260.875562079429
311625,43878.016,15053.925796246704
311626,43878.016,39997.78809865088
311627,43878.016,38312.40572333411
311628,43878.016,31171.021238135454
311629,43878.016,37380.31679931536
311630,43878.016,37133.949212668565
311631,43878.016,25686.298937593365
311632,43878.016,20291.6061821229
311633,43878.016,11990.586362628743
311634,43878.016,32335.954226704514
311635,43878.016,6145.324315894851
311636,43878.016,31307.48868251397
311637,43878.016,48750.410534945855
311638,43878.016,21327.934091582727
311639,43878.016,61201.26225391497
311640,43878.016,46138.74920944489
311641,43878.016,10774.406916702532
311642,43878.016,29675.906589238883
311643,43878.016,19326.53743623217
311644,43878.016,41135.60236675062
311645,43878.016,31840.35405091479
311646,43878.016,35654.773964982385
311647,43878.016,63497.408721519074
311648,43878.016,41948.05920326707
311649,43878.016,10910.55302141772
311650,43878.016,17330.361883416652
311651,43878.016,22521.616967513946
311652,43878.016,29020.640887896847
311653,43878.016,36389.60028644509
311654,43878.016,30520.641791048474
311655,43878.016,43503.09231556369
311656,43878.016,60699.542003648916
311657,43878.016,38270.79402248535
311658,43878.016,29758.932413774004
311659,43878.016,14388.750176261625
311660,43878.016,35627.11479467222
311661,43878.016,41573.00333218792
311662,43878.016,30108.49024371825
311663,43878.016,35351.21208915425
311664,43878.016,40437.86391949575
311665,43878.016,29140.664622962584
311666,43878.016,55755.672985063225
311667,43878.016,8521.39066201063
311668,43878.016,41208.52239253452
311669,43878.016,36402.128797811616
311670,43878.016,29365.4917936685
311671,43878.016,68905.78498913476
311672,43878.016,47883.123729678045
311673,43878.016,13398.78000604751
311674,43878.016,19586.949594720623
311675,43878.016,58817.23234284863
311676,43878.016,52976.55715446572
311677,43878.016,19666.13955062919
311678,43878.016,46879.49351537869
311679,43878.016,37424.08569848762
311680,43878.016,15812.3953366603
311681,43878.016,62961.61897002766
311682,43878.016,25679.741854753473
311683,43878.016,32781.84054385515
311684,43878.016,39721.458680342745
311685,43878.016,35750.18653095571
311686,43878.016,32879.85132281783
311687,43878.016,24931.37482557698
311688,43878.016,9669.597292273413
311689,43878.016,60833.73068110296
311690,43878.016,38560.86534956164
311691,43878.016,22312.465429537173
311692,43878.016,5936.027473487458
311693,43878.016,16026.760840929075
311694,43878.016,41138.82941380357
311695,43878.016,56879.90096715052
311696,43878.016,45121.81760666802
311697,43878.016,6911.071814588863
311698,43878.016,21723.293999114583
311699,43878.016,12050.34616265616
311700,43878.016,14789.8399944826
311701,43878.016,16867.840079258443
311702,43878.016,49606.32327239799
311703,43878.016,33586.96267148128
311704,43878.016,30697.191386204995
311705,43878.016,60821.03818003558
311706,43878.016,16603.119396405356
311707,43878.016,72609.90980003063
311708,43878.016,53463.30850595866
311709,43878.016,25299.127891258853
311710,43878.016,53213.712720105
311711,43878.016,16075.548077819369
311712,43878.016,34604.23549807569
311713,43878.016,38391.4157571573
311714,43878.016,48926.7282556932
311715,43878.016,13160.378433500027
311716,43878.016,11535.455467084661
311717,43878.016,21741.984337733014
311718,43878.016,28770.454511706368
311719,43878.016,67471.28283922089
311720,43878.016,14982.030389729716
311721,43878.016,22251.048082005673
311722,43878.016,44495.422960946795
311723,43878.016,56069.36832199236
311724,43878.016,9458.544938490453
311725,43878.016,15729.952482197634
311726,43878.016,61573.81809960865
311727,43878.016,58442.38329992236
311728,43878.016,33396.61992174621
311729,43878.016,20374.183318929958
311730,43878.016,7451.1712720946
311731,43878.016,14657.865156469465
311732,43878.016,49281.77909679294
311733,43878.016,28088.38957680211
311734,43878.016,31773.644422649577
311735,43878.016,22761.610194169214
311736,43878.016,47933.50800426303
311737,43878.016,43442.835946467516
311738,43878.016,16189.361861330994
311739,43878.016,61436.40362128734
311740,43878.016,28542.009607872744
311741,43878.016,16476.27450230879
311742,43878.016,29327.409239955698
311743,43878.016,8882.853981095328
311744,43878.016,49604.16765187778
311745,43878.016,55138.341592092365
311746,43878.016,17859.483118035492
311747,43878.016,32666.93796494449
311748,43878.016,25406.163358383335
311749,43878.016,6689.535165856595
311750,43878.016,59317.728949211574
311751,43878.016,12324.850538673858
311752,43878.016,72207.21597039409
311753,43878.016,9530.008536288926
311754,43878.016,40158.82175266463
311755,43878.016,60885.323010863685
311756,43878.016,62885.499163391396
311757,43878.016,52962.30000328781
311758,43878.016,15592.97973340375
311759,43878.016,74507.27637371323
311760,43878.016,35618.05924693384
311761,43878.016,83982.09549558263
311762,43878.016,61537.08588450139
311763,43878.016,43494.342714140155
311764,43878.016,34447.7532192947
311765,43878.016,27640.160737666356
311766,43878.016,39423.73393368652
311767,43878.016,26846.064069255197
311768,43878.016,21743.28575423562
311769,43878.016,30121.825807168992
311770,43878.016,57161.09313806123
311771,43878.016,17657.194046771707
311772,43878.016,45901.652176218886
311773,43878.016,72799.20606976519
311774,43878.016,53990.95996407833
311775,43878.016,38053.66207666825
311776,43878.016,48488.740744345385
311777,43878.016,41368.722279645095
311778,43878.016,7492.044201683804
311779,43878.016,25802.29474747834
311780,43878.016,23999.609421985642
311781,43878.016,57916.19939995544
311782,43878.016,31439.01371304052
311783,43878.016,42071.76734548574
311784,43878.016,31086.847295429085
311785,43878.016,25896.338949302528
311786,43878.016,59819.02960228646
311787,43878.016,12859.088072985664
311788,43878.016,48494.59872226255
311789,43878.016,46166.247015884495
311790,43878.016,26680.969856300824
311791,43878.016,40724.120963383095
311792,43878.016,19626.798336604417
311793,43878.016,37631.38642195616
311794,43878.016,53098.6199053805
311795,43878.016,34724.88059728086
311796,43878.016,30835.02342556149
311797,43878.016,41749.4088459946
311798,43878.016,65825.451361843
311799,43878.016,26302.71698720085
311800,43878.016,27062.213563882546
311801,43878.016,20971.41418742626
311802,43878.016,18690.101351745652
311803,43878.016,29546.048454897485
311804,43878.016,23000.928354492233
311805,43878.016,32102.848017818844
311806,43878.016,33681.84899780149
311807,43878.016,16349.621369386945
311808,43878.016,30038.538039220883
311809,43878.016,8776.110809716727
311810,43878.016,41643.04651171607
311811,43878.016,49302.02852592619
311812,43878.016,20238.202187584386
311813,43878.016,9387.474657950848
311814,43878.016,14787.241774139813
311815,43878.016,16627.985976920692
311816,43878.016,53613.077852860886
311817,43878.016,20445.213907398396
311818,43878.016,55617.554455258134
311819,43878.016,29579.21174948865
311820,43878.016,29992.670433116284
311821,43878.016,21486.188144513355
311822,43878.016,19409.146590590273
311823,43878.016,16928.419092426127
311824,43878.016,42606.50021144204
311825,43878.016,5924.186702411235
311826,43878.016,22896.553155082
311827,43878.016,11045.122086051399
311828,43878.016,70033.93168125337
311829,43878.016,10399.70191443461
311830,43878.016,16894.051031205654
311831,43878.016,57039.84201997868
311832,43878.016,38062.47835223473
311833,43878.016,41349.47190725594
311834,43878.016,38746.568227520285
311835,43878.016,54065.84700718004
311836,43878.016,28273.019813776213
311837,43878.016,8121.7047949675325
311838,43878.016,64881.204838929974
311839,43878.016,25527.976450567738
311840,43878.016,15496.394835970885
311841,43878.016,21751.586754748867
311842,43878.016,36002.3810617517
311843,43878.016,36142.85130640666
311844,43878.016,63816.79592222449
311845,43878.016,60510.68724327071
311846,43878.016,26519.580866810815
311847,43878.016,21474.48714582822
311848,43878.016,46551.98329318617
311849,43878.016,21053.204589406778
311850,43878.016,41257.05983043982
311851,43878.016,8234.407024256143
311852,43878.016,34615.67184152484
311853,43878.016,19714.033276954608
311854,43878.016,51224.0365221455
311855,43878.016,41673.18413456652
311856,43878.016,47918.817743001295
311857,43878.016,37888.80923491575
311858,43878.016,32759.92326064813
311859,43878.016,37307.82709905563
311860,43878.016,52715.38846286974
311861,43878.016,52747.15650115538
311862,43878.016,61831.746881847015
311863,43878.016,46362.14339575318
311864,43878.016,47697.11858670832
311865,43878.016,35810.4885052652
311866,43878.016,59953.95967754895
311867,43878.016,98155.1792242515
311868,43878.016,30035.613615468064
311869,43878.016,18054.695504063766
311870,43878.016,48415.655900660546
311871,43878.016,35353.85624889572
311872,43878.016,42399.386313297284
311873,43878.016,38170.27059956325
311874,43878.016,45681.53808983282
311875,43878.016,38814.65965297394
311876,43878.016,36247.40605464039
311877,43878.016,70468.41448777377
311878,43878.016,45402.342678716675
311879,43878.016,77091.43309183596
311880,43878.016,60655.24261008626
311881,43878.016,27400.577123046296
311882,43878.016,46544.35378866845
311883,43878.016,90300.8117111464
311884,43878.016,42998.30235202736
311885,43878.016,59443.96796574219
311886,43878.016,65826.9346205606
311887,43878.016,17528.062242637185
311888,43878.016,19882.009450737663
311889,43878.016,20024.294316824296
311890,43878.016,13678.51740202083
311891,43878.016,58496.50016233023
311892,43878.016,7749.182937796478
311893,43878.016,31174.57814626504
311894,43878.016,19798.58628845486
311895,43878.016,69948.57160340453
311896,43878.016,58932.23653983211
311897,43878.016,55902.8140291458
311898,43878.016,35033.48302292084
311899,43878.016,36388.033121747896
311900,43878.016,45261.9610336993
311901,43878.016,41637.77682101131
311902,43878.016,50805.569030099905
311903,43878.016,42963.71466575826
311904,43878.016,11681.794362319928
311905,43878.016,71120.2870986702
311906,43878.016,9610.690872577137
311907,43878.016,35968.32782033531
311908,43878.016,26903.15485690406
311909,43878.016,32257.5771984877
311910,43878.016,21254.874870543317
311911,43878.016,61208.09321547312
311912,43878.016,15839.391913007494
311913,43878.016,21905.755498381302
311914,43878.016,37504.24506283354
311915,43878.016,12414.314646703015
311916,43878.016,37112.9156055748
311917,43878.016,47510.88330065255
311918,43878.016,10036.92599465772
311919,43878.016,16807.908313916087
311920,43878.016,30161.712416083832
311921,43878.016,32193.57803601492
311922,43878.016,18479.910697990726
311923,43878.016,29072.836583484885
311924,43878.016,22054.45866403595
311925,43878.016,15853.752859669274
311926,43878.016,46715.07918172212
311927,43878.016,7927.03289647535
311928,43878.016,14229.961007919717
311929,43878.016,49098.8756299324
311930,43878.016,34374.77956276618
311931,43878.016,46750.74583078001
311932,43878.016,6364.82490115707
311933,43878.016,11890.629490418134
311934,43878.016,21348.50992906769
311935,43878.016,22978.098739528872
311936,43878.016,69092.42743678704
311937,43878.016,12541.508951222075
311938,43878.016,16669.08777275052
311939,43878.016,62632.614194423106
311940,43878.016,12771.072239050753
311941,43878.016,17902.27958208537
311942,43878.016,23203.92894335842
311943,43878.016,48344.30513802602
311944,43878.016,58287.82602517938
311945,43878.016,36215.87324741381
311946,43878.016,7621.099906453841
311947,43878.016,14047.17570970299
311948,43878.016,41807.8457644814
311949,43878.016,18385.66766261993
311950,43878.016,38106.10750977931
311951,43878.016,6361.099592584911
311952,43878.016,15407.417774789465
311953,43878.016,102253.58865793933
311954,43878.016,39831.97038703765
311955,43878.016,59140.19227126734
311956,43878.016,31778.082515486603
311957,43878.016,62453.87377885495
311958,43878.016,32441.6027509271
311959,43878.016,28975.95620848504
311960,43878.016,31483.705367485687
311961,43878.016,64492.34424730239
311962,43878.016,54252.77049986233
311963,43878.016,18183.14178063643
311964,43878.016,46852.48014872388
311965,43878.016,39036.748624740394
311966,43878.016,35594.05019967622
311967,43878.016,41984.748503487914
311968,43878.016,11538.244930903478
311969,43878.016,11896.33416268799
311970,43878.016,30747.74891944131
311971,43878.016,50116.03676375964
311972,43878.016,44254.94143020034
311973,43878.016,40009.34037795789
311974,43878.016,25398.12603381754
311975,43878.016,31874.26886246816
311976,43878.016,24031.904344625287
311977,43878.016,34873.203025047704
311978,43878.016,63388.15120161228
311979,43878.016,7707.878709865243
311980,43878.016,6068.122360328922
311981,43878.016,48721.00843612193
311982,43878.016,25845.904017490462
311983,43878.016,40568.30826798089
311984,43878.016,36463.53471365932
311985,43878.016,34530.36025220693
311986,43878.016,65502.05845453459
311987,43878.016,55032.46116426516
311988,43878.016,19596.96035226036
311989,43878.016,38874.80000310893
311990,43878.016,35857.65224936408
311991,43878.016,44234.531372893725
311992,43878.016,23815.129431247737
311993,43878.016,29439.768052266496
311994,43878.016,36534.7108794926
311995,43878.016,36227.799370701505
311996,43878.016,23867.601733478026
311997,43878.016,60558.111960599126
311998,43878.016,34352.38681782483
311999,43878.016,40885.10434505627
312000,43878.016,33972.27013631286
312001,43878.016,28943.53106693586
312002,43878.016,40730.314962529395
312003,43878.016,28999.256694433843
312004,43878.016,18784.023013121925
312005,43878.016,54634.05225582911
312006,43878.016,73121.83707641673
312007,43878.016,25395.10939572172
312008,43878.016,9815.235962861472
312009,43878.016,9337.770683198454
312010,43878.016,12846.927056680071
312011,43878.016,72864.02624255272
312012,43878.016,51889.97028090789
312013,43878.016,17164.8433592522
312014,43878.016,50679.22073178226
312015,43878.016,30028.2188430994
312016,43878.016,23913.29958578052
312017,43878.016,17221.161036494177
312018,43878.016,37432.17174638193
312019,43878.016,51225.16034495104
312020,43878.016,5955.755451840366
312021,43878.016,34161.98315382666
312022,43878.016,29841.876708840136
312023,43878.016,16364.012270042935
312024,43878.016,14543.711361144753
312025,43878.016,11128.999610527886
312026,43878.016,6252.501018597721
312027,43878.016,41034.830134148346
312028,43878.016,12936.382454567556
312029,43878.016,11919.937500725648
312030,43878.016,17259.045881274626
312031,43878.016,55555.128267082146
312032,43878.016,60183.40858628269
312033,43878.016,17452.886462669758
312034,43878.016,20415.58083661268
312035,43878.016,43497.25202043985
312036,43878.016,50512.39131739274
312037,43878.016,5037.106341385382
312038,43878.016,46498.60976453068
312039,43878.016,58157.234025957456
312040,43878.016,34818.46143120601
312041,43878.016,32487.037332785345
312042,43878.016,34630.78063283055
312043,43878.016,29167.42033967581
312044,43878.016,12688.282121930353
312045,43878.016,24439.5513879967
312046,43878.016,31530.783412003402
312047,43878.016,64317.82800582546
312048,43878.016,40598.628164684786
312049,43878.016,33993.10589267654
312050,43878.016,11179.488419807498
312051,43878.016,15102.230269773292
312052,43878.016,34886.902874885855
312053,43878.016,34475.793064266945
312054,43878.016,30326.928735765192
312055,43878.016,52938.577006151325
312056,43878.016,64623.85009330055
312057,43878.016,22496.29142132019
312058,43878.016,16377.799919000654
312059,43878.016,28945.871137603903
312060,43878.016,52029.57816188275
312061,43878.016,14942.519193188298
312062,43878.016,23699.20765403212
312063,43878.016,14699.239715485935
312064,43878.016,16945.611312753892
312065,43878.016,14516.918780290622
312066,43878.016,81098.07900326747
312067,43878.016,12510.425747183366
312068,43878.016,35804.71354595159
312069,43878.016,18796.004922646058
312070,43878.016,10148.6607395372
312071,43878.016,12920.048051931719
312072,43878.016,45999.15939682128
312073,43878.016,18500.378937410802
312074,43878.016,55257.345423533225
312075,43878.016,78701.00078860392
312076,43878.016,31529.437904584298
312077,43878.016,39783.414928141974
312078,43878.016,50080.071625016426
312079,43878.016,72395.48612529661
312080,43878.016,61153.69924152695
312081,43878.016,20828.30781686749
312082,43878.016,46057.180189587976
312083,43878.016,18680.52605482923
312084,43878.016,9391.95501687133
312085,43878.016,45268.209542988356
312086,43878.016,24363.117222824247
312087,43878.016,17474.113529340262
312088,43878.016,45948.128703013805
312089,43878.016,16277.920009149715
312090,43878.016,47411.580220278636
312091,43878.016,59070.64736746985
312092,43878.016,10614.692949570954
312093,43878.016,46347.007307640735
312094,43878.016,11242.61423235818
312095,43878.016,50438.500950964626
312096,43878.016,25334.91796648527
312097,43878.016,45417.05771688223
312098,43878.016,9991.071208527714
312099,43878.016,11195.079808730412
312100,43878.016,14383.0863378892
312101,43878.016,43276.32098497027
312102,43878.016,66840.18996557506
312103,43878.016,17343.701246511104
312104,43878.016,31594.43021073255
312105,43878.016,60773.32714692535
312106,43878.016,21242.12972051731
312107,43878.016,49056.37233105672
312108,43878.016,36263.80868403217
312109,43878.016,16780.02724052835
312110,43878.016,43007.576101583516
312111,43878.016,46667.37465727505
312112,43878.016,31243.015838485106
312113,43878.016,31282.106670969133
312114,43878.016,47603.10971689269
312115,43878.016,53093.81980559904
312116,43878.016,60479.25419176048
312117,43878.016,22420.24687411252
312118,43878.016,16329.351280384602
312119,43878.016,36659.50569940759
312120,43878.016,11135.026548852007
312121,43878.016,16619.9734524828
312122,43878.016,18877.408735496727
312123,43878.016,29651.822448138177
312124,43878.016,40992.90818212733
312125,43878.016,35741.44277003843
312126,43878.016,41451.468251004815
312127,43878.016,13973.137063190155
312128,43878.016,51906.346273500916
312129,43878.016,57974.15744489859
312130,43878.016,7726.750462788184
312131,43878.016,51961.86350134198
312132,43878.016,13475.452422181492
312133,43878.016,19233.115345171165
312134,43878.016,28338.294143549992
312135,43878.016,26808.427038989692
312136,43878.016,36560.499139679065
312137,43878.016,113606.42676477364
312138,43878.016,34766.76462890544
312139,43878.016,41859.64793868393
312140,43878.016,33034.849787478255
312141,43878.016,19833.40952451269
312142,43878.016,50356.28113351895
312143,43878.016,55036.15145351624
312144,43878.016,23649.010339217733
312145,43878.016,45329.721865984495
312146,43878.016,16718.019302543606
312147,43878.016,21173.683276466116
312148,43878.016,53304.972580633315
312149,43878.016,21463.210229953096
312150,43878.016,49432.63038910169
312151,43878.016,9331.440232864667
312152,43878.016,64803.86923862797
312153,43878.016,61586.36470666851
312154,43878.016,14992.036974283308
312155,43878.016,71951.79580810832
312156,43878.016,42686.03187633284
312157,43878.016,45364.88456894997
312158,43878.016,29418.34342217194
312159,43878.016,12716.938920021379
312160,43878.016,35189.38413510868
312161,43878.016,71227.8475737179
312162,43878.016,62936.36719790822
312163,43878.016,43625.81611434917
312164,43878.016,25877.795302954553
312165,43878.016,69380.58574372237
312166,43878.016,14215.586833601483
312167,43878.016,40984.04993518924
312168,43878.016,22452.99043450419
312169,43878.016,31498.52938752034
312170,43878.016,45716.43100134545
312171,43878.016,66022.95767938984
312172,43878.016,8122.213558466506
312173,43878.016,19488.816852037628
312174,43878.016,61082.60187755783
312175,43878.016,29396.51804296162
312176,43878.016,19212.019611573705
312177,43878.016,51852.87620990687
312178,43878.016,35215.20291969873
312179,43878.016,43008.498640293794
312180,43878.016,4823.727978068528
312181,43878.016,45219.66727894388
312182,43878.016,38014.51119263543
312183,43878.016,71302.48036612781
312184,43878.016,22001.116491319914
312185,43878.016,54748.79082155481
312186,43878.016,59939.612086923735
312187,43878.016,50639.36663573162
312188,43878.016,16698.04963593376
312189,43878.016,5033.770334837905
312190,43878.016,42533.60522154782
312191,43878.016,11909.70871881928
312192,43878.016,58398.95282697548
312193,43878.016,11824.754330806345
312194,43878.016,38138.266666208736
312195,43878.016,23299.177966660234
312196,43878.016,28532.532692311514
312197,43878.016,20400.828357050035
312198,43878.016,7796.3039492211155
312199,43878.016,56529.89159718403
312200,43878.016,38415.02747953303
312201,43878.016,26532.53946201532
312202,43878.016,43831.922195345935
312203,43878.016,14928.345006207124
312204,43878.016,24143.799861199983
312205,43878.016,50252.575616838934
312206,43878.016,19183.6119260495
312207,43878.016,40607.97718283092
312208,43878.016,29253.94097592915
312209,43878.016,14717.953773480413
312210,43878.016,8971.42495773425
312211,43878.016,19866.835284896013
312212,43878.016,16302.426255507287
312213,43878.016,38590.80800769018
312214,43878.016,19856.034967262607
312215,43878.016,43960.38779767421
312216,43878.016,26876.83669095332
312217,43878.016,68840.110671452
312218,43878.016,10961.446578789497
312219,43878.016,57967.54632104777
312220,43878.016,36384.95053871149
312221,43878.016,45866.3023965472
312222,43878.016,23147.226558705486
312223,43878.016,10662.031555012503
312224,43878.016,81319.02082237585
312225,43878.016,55363.62329180241
312226,43878.016,31635.32915904923
312227,43878.016,11199.533054872485
312228,43878.016,54167.462567235016
312229,43878.016,69945.30568770807
312230,43878.016,55597.56267007709
312231,43878.016,48779.19453804742
312232,43878.016,14816.748495948917
312233,43878.016,26246.249225882766
312234,43878.016,13672.516890985695
312235,43878.016,20054.728658137727
312236,43878.016,36541.31639170739
312237,43878.016,53428.73206205699
312238,43878.016,10610.758258762982
312239,43878.016,60256.43852464757
312240,43878.016,41433.43294718648
312241,43878.016,54864.59615132895
312242,43878.016,53144.05014871666
312243,43878.016,53033.56234310365
312244,43878.016,52621.30410546965
312245,43878.016,52941.776650555206
312246,43878.016,18647.852771198606
312247,43878.016,21582.185555889177
312248,43878.016,23693.860925361147
312249,43878.016,36782.77991984582
312250,43878.016,15565.791343376357
312251,43878.016,71964.34562650361
312252,43878.016,14608.20456485255
312253,43878.016,49700.352105914346
312254,43878.016,54221.404897879416
312255,43878.016,47251.70139988195
312256,43878.016,53746.731951558395
312257,43878.016,37374.05442454175
312258,43878.016,19538.684873291837
312259,43878.016,48004.63339326898
312260,43878.016,24139.989234152763
312261,43878.016,75161.45567645623
312262,43878.016,44048.04083911687
312263,43878.016,20478.530487475808
312264,43878.016,31291.64420456289
312265,43878.016,35978.82895860592
312266,43878.016,12133.725943406249
312267,43878.016,35639.68478334575
312268,43878.016,66374.05558286102
312269,43878.016,62213.71051892667
312270,43878.016,10725.466847597221
312271,43878.016,35050.39890726729
312272,43878.016,19066.624462557156
312273,43878.016,24607.35908072911
312274,43878.016,12046.03229494305
312275,43878.016,20155.85505781962
312276,43878.016,82422.61385523452
312277,43878.016,22534.7883867122
312278,43878.016,38707.40412799961
312279,43878.016,55196.58239589531
312280,43878.016,35257.27015221128
312281,43878.016,26857.6764022912
312282,43878.016,26357.84690977074
312283,43878.016,12631.693165196442
312284,43878.016,37858.043199154185
312285,43878.016,64776.93633133313
312286,43878.016,51168.33349888849
312287,43878.016,32889.85105430801
312288,43878.016,51694.487865545336
312289,43878.016,27321.74456802579
312290,43878.016,32482.84379159357
312291,43878.016,64869.6737317268
312292,43878.016,11992.432895978221
312293,43878.016,22489.349937134055
312294,43878.016,17485.648437160766
312295,43878.016,19177.190249165833
312296,43878.016,49198.53059686281
312297,43878.016,23813.34554009845
312298,43878.016,48100.33634989122
312299,43878.016,37710.76515051716
312300,43878.016,40421.81431459271
312301,43878.016,43261.56849375513
312302,43878.016,28067.220447455937
312303,43878.016,47547.0383013812
312304,43878.016,74340.08217079558
312305,43878.016,65703.0615135965
312306,43878.016,59790.65151015197
312307,43878.016,16699.628978088047
312308,43878.016,43883.68478383629
312309,43878.016,16154.427326996825
312310,43878.016,42145.57184920353
312311,43878.016,47192.88431727814
312312,43878.016,70382.17318876465
312313,43878.016,18492.5289054352
312314,43878.016,34844.72316091126
312315,43878.016,30905.950145839408
312316,43878.016,42556.38622130319
312317,43878.016,22607.44398399829
312318,43878.016,21156.86584894772
312319,43878.016,51483.33490208593
312320,43878.016,14478.234824277926
312321,43878.016,25613.00963781157
312322,43878.016,53936.27922957583
312323,43878.016,40071.41234879676
312324,43878.016,36666.05658522136
312325,43878.016,5282.585820779019
312326,43878.016,44318.48896727018
312327,43878.016,13776.249182211124
312328,43878.016,30024.050054231917
312329,43878.016,46011.57911345754
312330,43878.016,36522.28012149713
312331,43878.016,38605.027289706246
312332,43878.016,27487.0128261416
312333,43878.016,18882.13695726141
312334,43878.016,49265.99026419237
312335,43878.016,27642.438131598206
312336,43878.016,34672.37558425619
312337,43878.016,10681.642305722653
312338,43878.016,43319.35836095395
312339,43878.016,44860.3644913606
312340,43878.016,11341.900773424342
312341,43878.016,36535.765566364506
312342,43878.016,23360.38717567243
312343,43878.016,41916.79249200257
312344,43878.016,47188.46045646309
312345,43878.016,33302.49478946946
312346,43878.016,20369.933555588363
312347,43878.016,13737.553512804785
312348,43878.016,22222.244415076962
312349,43878.016,5239.868651148896
312350,43878.016,47490.66182622405
312351,43878.016,41759.52362485322
312352,43878.016,47474.150525147765
312353,43878.016,61718.91718152353
312354,43878.016,39569.81337264246
312355,43878.016,55877.4510494411
312356,43878.016,65088.58821894118
312357,43878.016,7981.339778129357
312358,43878.016,49372.26797102707
312359,43878.016,24349.98929936056
312360,43878.016,43954.70481534385
312361,43878.016,22465.118551324
312362,43878.016,11725.467164591864
312363,43878.016,43748.684416138734
312364,43878.016,9985.019671321628
312365,43878.016,29572.767976138854
312366,43878.016,110716.0398846502
312367,43878.016,31312.28057879288
312368,43878.016,9638.880697800163
312369,43878.016,51259.68569514766
312370,43878.016,24286.467575507657
312371,43878.016,54735.07365152385
312372,43878.016,27358.627133830705
312373,43878.016,44475.68754833656
312374,43878.016,36424.51517480088
312375,43878.016,19094.439079749023
312376,43878.016,24256.460363668135
312377,43878.016,75806.19991885316
312378,43878.016,30517.911283516616
312379,43878.016,47444.65074704597
312380,43878.016,29130.626619063252
312381,43878.016,36580.99636733371
312382,43878.016,52729.8880147988
312383,43878.016,36325.07737736609
312384,43878.016,23573.779755051506
312385,43878.016,53037.43866235096
312386,43878.016,19348.85242402813
312387,43878.016,39094.90910951814
312388,43878.016,20446.70196004705
312389,43878.016,9261.387825005088
312390,43878.016,87853.26174689257
312391,43878.016,38523.61244386021
312392,43878.016,57685.98445918568
312393,43878.016,46682.17871818952
312394,43878.016,21907.007575948774
312395,43878.016,25782.07882829705
312396,43878.016,44678.27145665762
312397,43878.016,37456.22586060562
312398,43878.016,19464.98715995432
312399,43878.016,30766.315635150295
312400,43878.016,12994.628036007645
312401,43878.016,17135.55125152778
312402,43878.016,34659.97532967002
312403,43878.016,9992.509473670078
312404,43878.016,42354.43856163139
312405,43878.016,44432.63046554408
312406,43878.016,46081.610072333184
312407,43878.016,26435.050900766088
312408,43878.016,16059.369538378105
312409,43878.016,20401.43299650815
312410,43878.016,43108.85241498073
312411,43878.016,7949.838441126492
312412,43878.016,46083.16280686294
312413,43878.016,17018.72328777078
312414,43878.016,10946.841205263716
312415,43878.016,55280.715507870504
312416,43878.016,37091.357387737495
312417,43878.016,58080.18112543109
312418,43878.016,16946.39176024712
312419,43878.016,45430.33880922959
312420,43878.016,64649.24400470093
312421,43878.016,24836.136497148334
312422,43878.016,48406.56950436181
312423,43878.016,25850.240029015244
312424,43878.016,16263.698499862277
312425,43878.016,34459.649134991785
312426,43878.016,5890.2322900370145
312427,43878.016,9537.844709591645
312428,43878.016,34431.7123670786
312429,43878.016,45576.76308811959
312430,43878.016,34205.462792672275
312431,43878.016,54939.750366956425
312432,43878.016,37571.51466007167
312433,43878.016,16367.494111672035
312434,43878.016,36068.9110797102
312435,43878.016,43462.67014819785
312436,43878.016,20950.290672140905
312437,43878.016,50898.79699147625
312438,43878.016,24618.43786420439
312439,43878.016,56252.43763220397
312440,43878.016,20339.567040502032
312441,43878.016,65344.87755113346
312442,43878.016,44372.89102101355
312443,43878.016,34097.23411235674
312444,43878.016,21087.252179288884
312445,43878.016,30677.4508222645
312446,43878.016,24123.062279401704
312447,43878.016,46037.51819651829
312448,43878.016,28249.077374012468
312449,43878.016,19026.47609464969
312450,43878.016,69770.85442063214
312451,43878.016,15562.327790792737
312452,43878.016,35518.77359409442
312453,43878.016,26355.033278904568
312454,43878.016,14591.883588085942
312455,43878.016,33672.14722211094
312456,43878.016,33987.6172916507
312457,43878.016,21215.607920231527
312458,43878.016,68823.36324351006
312459,43878.016,28136.074929371658
312460,43878.016,70757.54567103766
312461,43878.016,26242.1398404748
312462,43878.016,16965.613937441532
312463,43878.016,36583.69343054113
312464,43878.016,10702.084312643756
312465,43878.016,13092.696223237588
312466,43878.016,32725.4808894392
312467,43878.016,14647.939097842778
312468,43878.016,35116.473918440905
312469,43878.016,56079.00918935268
312470,43878.016,50874.73306910867
312471,43878.016,28199.218439104046
312472,43878.016,17073.37805562312
312473,43878.016,21577.732850635468
312474,43878.016,27371.574585892155
312475,43878.016,13024.467714604434
312476,43878.016,19067.966507899637
312477,43878.016,21053.818907090896
312478,43878.016,22319.60857074407
312479,43878.016,22179.10786826358
312480,43878.016,33899.733869568554
312481,43878.016,66234.98089243239
312482,43878.016,45436.16731285513
312483,43878.016,20928.22077250892
312484,43878.016,19661.359971605732
312485,43878.016,19108.144585108545
312486,43878.016,45278.086453297845
312487,43878.016,18668.79179664737
312488,43878.016,51530.25258890741
312489,43878.016,63672.73352199794
312490,43878.016,26025.324347820693
312491,43878.016,11799.568836458258
312492,43878.016,46318.26031146926
312493,43878.016,35275.3329124243
312494,43878.016,24043.96917292671
312495,43878.016,14660.751685506719
312496,43878.016,56438.93469198382
312497,43878.016,32585.869081070592
312498,43878.016,46359.165963726315
312499,43878.016,39660.33709793887
312500,43878.016,42630.00970106848
312501,43878.016,55289.968345683475
312502,43878.016,67761.964075889
312503,43878.016,31472.63226159744
312504,43878.016,65019.67306845087
312505,43878.016,21701.722848743575
312506,43878.016,35254.63969049105
312507,43878.016,66494.2363357201
312508,43878.016,76164.2690212747
312509,43878.016,45617.94802059372
312510,43878.016,16705.82423223432
312511,43878.016,50292.71391812555
312512,43878.016,7556.655130850117
312513,43878.016,26046.069818778597
312514,43878.016,34375.28358317714
312515,43878.016,55629.03427922254
312516,43878.016,57578.496593054515
312517,43878.016,51214.87167014832
312518,43878.016,68361.15420717378
312519,43878.016,51603.10107347001
312520,43878.016,24231.99049473812
312521,43878.016,19723.830557672798
312522,43878.016,34026.44785346103
312523,43878.016,10957.189410155423
312524,43878.016,37889.420538891216
312525,43878.016,23624.51122989439
312526,43878.016,63850.085697662944
312527,43878.016,48349.06411962746
312528,43878.016,25609.663730392986
312529,43878.016,7642.402995565158
312530,43878.016,35416.420945617
312531,43878.016,42511.01461612383
312532,43878.016,9830.46718936813
312533,43878.016,11229.014954505437
312534,43878.016,27421.938568447444
312535,43878.016,19093.45458310379
312536,43878.016,14158.041415819192
312537,43878.016,23953.25645639654
312538,43878.016,19963.45735687861
312539,43878.016,55924.912211847906
312540,43878.016,28917.26157289827
312541,43878.016,51964.94374296058
312542,43878.016,9526.206634822584
312543,43878.016,12735.040395984206
312544,43878.016,20172.15226338648
312545,43878.016,51786.227011021016
312546,43878.016,60646.88692809841
312547,43878.016,28144.456658236726
312548,43878.016,26417.880596067964
312549,43878.016,52678.47951188595
312550,43878.016,33104.506651106414
312551,43878.016,61369.92879339974
312552,43878.016,56719.74182919693
312553,43878.016,24645.260022433456
312554,43878.016,66014.42711788129
312555,43878.016,32620.07331801306
312556,43878.016,40855.966491931824
312557,43878.016,23500.32877899292
312558,43878.016,29632.50477838916
312559,43878.016,42938.729489919395
312560,43878.016,29448.348232285545
312561,43878.016,40487.67353197069
312562,43878.016,14510.911532062588
312563,43878.016,46021.562914259244
312564,43878.016,50884.43125728803
312565,43878.016,65676.20831997246
312566,43878.016,26466.68343767826
312567,43878.016,49484.644393435214
312568,43878.016,67327.81714693383
312569,43878.016,71179.64794016289
312570,43878.016,13999.146693087447
312571,43878.016,29500.17049414533
312572,43878.016,27902.55638023278
312573,43878.016,9922.843226905852
312574,43878.016,15528.733649804366
312575,43878.016,13590.63946749949
312576,43878.016,69583.39999927499
312577,43878.016,9557.85079983176
312578,43878.016,56731.119139180344
312579,43878.016,23647.828987258825
312580,43878.016,28906.846932875935
312581,43878.016,49446.16693439609
312582,43878.016,49763.809870017896
312583,43878.016,23798.753582947826
312584,43878.016,44408.51928271999
312585,43878.016,8751.321536908268
312586,43878.016,38572.0235760347
312587,43878.016,53920.58394955119
312588,43878.016,17900.993184495634
312589,43878.016,42342.28098511247
312590,43878.016,40818.91254011633
312591,43878.016,16159.468493284265
312592,43878.016,45325.46252563494
312593,43878.016,31846.082920073644
312594,43878.016,16355.124660701571
312595,43878.016,56683.32167336309
312596,43878.016,76543.14751721543
312597,43878.016,60384.17007723834
312598,43878.016,36155.02689961782
312599,43878.016,21803.16974614655
312600,43878.016,14469.86020057322
312601,43878.016,56455.46524706195
312602,43878.016,13067.633651956607
312603,43878.016,38273.90386954558
312604,43878.016,77316.59033300185
312605,43878.016,45711.704602431564
312606,43878.016,51040.42721522946
312607,43878.016,51195.60525233848
312608,43878.016,33882.26842786148
312609,43878.016,38719.01045326953
312610,43878.016,38540.62820091471
312611,43878.016,39740.487743178375
312612,43878.016,31708.27459126688
312613,43878.016,63449.92872857597
312614,43878.016,77428.1920830321
312615,43878.016,19431.997662362195
312616,43878.016,54139.08527978379
312617,43878.016,41922.61161928696
312618,43878.016,28740.948486109133
312619,43878.016,25857.33949203406
312620,43878.016,40079.018859360345
312621,43878.016,15248.289734418451
312622,43878.016,12256.7171999462
312623,43878.016,11733.353070588864
312624,43878.016,38778.78744719233
312625,43878.016,43457.03562740409
312626,43878.016,53597.33698082918
312627,43878.016,13639.426645172989
312628,43878.016,29564.415337317965
312629,43878.016,49540.92414671292
312630,43878.016,50276.5027958485
312631,43878.016,43270.75978630827
312632,43878.016,61771.87943444137
312633,43878.016,25047.27879500868
312634,43878.016,59953.37847314273
312635,43878.016,77021.46686950959
312636,43878.016,44154.78644886215
312637,43878.016,28094.475560135645
312638,43878.016,53477.08488650569
312639,43878.016,15788.818920921967
312640,43878.016,53698.60213149582
312641,43878.016,66262.1583606447
312642,43878.016,29701.0869855348
312643,43878.016,6198.6342546958285
312644,43878.016,17921.69146159793
312645,43878.016,72820.99847709721
312646,43878.016,53866.96211369181
312647,43878.016,56686.36820198051
312648,43878.016,25433.58436957942
312649,43878.016,38305.47515238159
312650,43878.016,29551.9370350876
312651,43878.016,24595.803145892914
312652,43878.016,29166.11832691152
312653,43878.016,37480.08049564826
312654,43878.016,29866.14932129051
312655,43878.016,55115.87350149433
312656,43878.016,16275.938342099094
312657,43878.016,34998.34181970054
312658,43878.016,39327.587286956186
312659,43878.016,61119.01067395007
312660,43878.016,54469.20719488542
312661,43878.016,9390.842234432632
312662,43878.016,35926.86565132406
312663,43878.016,67675.30216873632
312664,43878.016,48624.41141582625
312665,43878.016,19312.736972989063
312666,43878.016,50724.93099560529
312667,43878.016,41660.49716455275
312668,43878.016,29307.59127502836
312669,43878.016,47199.23657640249
312670,43878.016,42069.13067746955
312671,43878.016,24603.43360357152
312672,43878.016,51087.94343994655
312673,43878.016,56397.246441428164
312674,43878.016,88849.72176985117
312675,43878.016,12309.079884989962
312676,43878.016,30588.84976831004
312677,43878.016,29057.608804789117
312678,43878.016,8377.39037673641
312679,43878.016,47929.19035768436
312680,43878.016,38214.816716765425
312681,43878.016,37073.87862279107
312682,43878.016,15374.999083452836
312683,43878.016,31804.208702142038
312684,43878.016,42597.34492374736
312685,43878.016,31165.58668466237
312686,43878.016,103829.27982463237
312687,43878.016,31425.712757092842
312688,43878.016,27247.367344173694
312689,43878.016,16176.79730021431
312690,43878.016,40531.81039088699
312691,43878.016,22563.983876429673
312692,43878.016,45512.59903042294
312693,43878.016,59265.61231375145
312694,43878.016,11256.789912781072
312695,43878.016,22116.47806531256
312696,43878.016,33313.01346617493
312697,43878.016,28867.478296879188
312698,43878.016,44010.274884578605
312699,43878.016,26301.133942869863
312700,43878.016,43446.7196719832
312701,43878.016,35310.710056276665
312702,43878.016,12896.78457444429
312703,43878.016,31346.888138077516
312704,43878.016,59920.656181271544
312705,43878.016,22128.88346426433
312706,43878.016,22975.15069503735
312707,43878.016,55512.03645917161
312708,43878.016,38033.607677241904
312709,43878.016,37338.08709899071
312710,43878.016,43579.86615149888
312711,43878.016,20070.31784799018
312712,43878.016,18866.42326916225
312713,43878.016,28467.56749470743
312714,43878.016,32934.25797330664
312715,43878.016,27062.301712074823
312716,43878.016,29570.411432156812
312717,43878.016,7774.1823160536005
312718,43878.016,14479.305288119001
312719,43878.016,48009.7619675572
312720,43878.016,35664.28205191355
312721,43878.016,50849.221641853874
312722,43878.016,43857.79003894047
312723,43878.016,19058.810601317116
312724,43878.016,15435.304389314822
312725,43878.016,59317.56896743327
312726,43878.016,45230.20025842148
312727,43878.016,19102.088469503342
312728,43878.016,18706.987158716656
312729,43878.016,49570.602922914535
312730,43878.016,39939.161982998245
312731,43878.016,40540.01342987722
312732,43878.016,31935.123242758196
312733,43878.016,15554.276659422665
312734,43878.016,40923.61702075176
312735,43878.016,58925.95986543023
312736,43878.016,39340.10724058645
312737,43878.016,33943.9688662711
312738,43878.016,60631.48758459205
312739,43878.016,47260.30667797645
312740,43878.016,21511.856081230922
312741,43878.016,26911.29581790037
312742,43878.016,12970.06653736391
312743,43878.016,45181.94308114428
312744,43878.016,56349.71544666364
312745,43878.016,24451.249510572856
312746,43878.016,10607.579456427578
312747,43878.016,31019.60816575442
312748,43878.016,21687.6153211836
312749,43878.016,19799.39849123993
312750,43878.016,18224.735962034392
312751,43878.016,7209.745635707867
312752,43878.016,55929.59122314332
312753,43878.016,47509.34892209781
312754,43878.016,10564.097121813178
312755,43878.016,34955.25478024404
312756,43878.016,9147.078445526287
312757,43878.016,53125.123479344555
312758,43878.016,24237.672109023282
312759,43878.016,8062.056524553356
312760,43878.016,33554.458666074024
312761,43878.016,37538.398744671125
312762,43878.016,10871.980725328138
312763,43878.016,17398.016176888836
312764,43878.016,15061.406009839862
312765,43878.016,48432.200243570784
312766,43878.016,27059.151562522067
312767,43878.016,49787.92523280395
312768,43878.016,32661.488858428376
312769,43878.016,24275.733541864614
312770,43878.016,42028.23636552245
312771,43878.016,25401.04255833695
312772,43878.016,10671.011236011049
312773,43878.016,13129.379399640338
312774,43878.016,24781.305798692967
312775,43878.016,17163.979979189073
312776,43878.016,26670.201098955953
312777,43878.016,8260.327785932868
312778,43878.016,15132.301568672063
312779,43878.016,49115.65302517644
312780,43878.016,28658.735801457016
312781,43878.016,19458.62284727429
312782,43878.016,51697.12798871301
312783,43878.016,10033.288057382584
312784,43878.016,18020.64967897679
312785,43878.016,21005.821850657892
312786,43878.016,44483.071812188784
312787,43878.016,64361.63336533093
312788,43878.016,18273.193217547767
312789,43878.016,50626.52483711305
312790,43878.016,49359.80628691655
312791,43878.016,55391.261931995694
312792,43878.016,29168.794603602593
312793,43878.016,42907.79026463696
312794,43878.016,58380.01381423419
312795,43878.016,55750.42718419158
312796,43878.016,49672.53751399601
312797,43878.016,50899.26239390368
312798,43878.016,26563.384580550395
312799,43878.016,14729.777141096682
312800,43878.016,16664.0342638274
312801,43878.016,31252.068414864625
312802,43878.016,55417.88375012942
312803,43878.016,37219.81809703467
312804,43878.016,20235.36715024496
312805,43878.016,59025.05823179113
312806,43878.016,43237.6811621035
312807,43878.016,93864.83593508009
312808,43878.016,69276.24629215905
312809,43878.016,36319.21881428598
312810,43878.016,35686.63624816559
312811,43878.016,18634.73796623558
312812,43878.016,70396.43778934117
312813,43878.016,25076.5637473881
312814,43878.016,46247.54858740747
312815,43878.016,21723.18368115497
312816,43878.016,29366.555993880866
312817,43878.016,41067.54255220914
312818,43878.016,16771.264999101124
312819,43878.016,10381.991612788168
312820,43878.016,9735.323042670934
312821,43878.016,30568.895731736513
312822,43878.016,31773.566922466456
312823,43878.016,56854.8944469824
312824,43878.016,30001.94469621159
312825,43878.016,22768.37062525484
312826,43878.016,10643.251538879456
312827,43878.016,38088.498212746395
312828,43878.016,55183.65276357984
312829,43878.016,21531.36114417599
312830,43878.016,19933.184067025377
312831,43878.016,44251.71727707009
312832,43878.016,29375.24200426891
312833,43878.016,13418.881059056825
312834,43878.016,40700.66112869535
312835,43878.016,46679.00469737156
312836,43878.016,40771.08744956293
312837,43878.016,16084.812308809469
312838,43878.016,24194.051590282812
312839,43878.016,18515.424732792966
312840,43878.016,41602.8142339479
312841,43878.016,36030.99351131015
312842,43878.016,29595.481628516132
312843,43878.016,18761.7497936851
312844,43878.016,30527.801641625796
312845,43878.016,22843.233119326003
312846,43878.016,42062.69937328444
312847,43878.016,39322.29067993827
312848,43878.016,51899.1089369893
312849,43878.016,15859.142910696946
312850,43878.016,59691.93174803765
312851,43878.016,67653.62395814562
312852,43878.016,42607.11890040859
312853,43878.016,25910.132613507347
312854,43878.016,41274.48809790106
312855,43878.016,13368.298337073864
312856,43878.016,57935.74966646026
312857,43878.016,13583.229214819045
312858,43878.016,34475.479992954766
312859,43878.016,18062.50140378273
312860,43878.016,31942.206679786006
312861,43878.016,30961.314553682005
312862,43878.016,50850.0617521954
312863,43878.016,12632.673091752808
312864,43878.016,12269.558043066821
312865,43878.016,51253.29201762051
312866,43878.016,34442.8002846629
312867,43878.016,14307.449044410236
312868,43878.016,54238.56543592936
312869,43878.016,23747.27125247479
312870,43878.016,18514.966257637454
312871,43878.016,18433.025078827064
312872,43878.016,27255.413920598046
312873,43878.016,44043.779104505935
312874,43878.016,13315.505369851733
312875,43878.016,38449.14038004521
312876,43878.016,9380.026982417028
312877,43878.016,9033.546599642661
312878,43878.016,83223.3411457763
312879,43878.016,34143.19513934552
312880,43878.016,11524.785336776402
312881,43878.016,17786.023643183547
312882,43878.016,16796.95878595206
312883,43878.016,64115.16726798078
312884,43878.016,38627.29826771829
312885,43878.016,27838.696034691
312886,43878.016,13119.529484349454
312887,43878.016,15818.821510548018
312888,43878.016,22434.555486124602
312889,43878.016,57834.34267154254
312890,43878.016,17467.941986181453
312891,43878.016,11222.770275525005
312892,43878.016,61178.191233756515
312893,43878.016,36839.621854141355
312894,43878.016,9382.1313003308
312895,43878.016,14569.987531853634
312896,43878.016,13475.506540486987
312897,43878.016,8203.075849456929
312898,43878.016,17640.0421372364
312899,43878.016,39860.65177428291
312900,43878.016,37188.90070735336
312901,43878.016,41593.73078469163
312902,43878.016,21133.587364707968
312903,43878.016,44288.09588179848
312904,43878.016,31447.168463743714
312905,43878.016,44364.35266245154
312906,43878.016,21704.611096371154
312907,43878.016,62798.346653081244
312908,43878.016,15133.41955871898
312909,43878.016,12034.947459183464
312910,43878.016,21256.581949853582
312911,43878.016,17606.968129431545
312912,43878.016,22354.942602931715
312913,43878.016,49276.9432541302
312914,43878.016,39512.39623137025
312915,43878.016,14752.948835598083
312916,43878.016,69967.88327399225
312917,43878.016,37432.71634520801
312918,43878.016,18548.953276634395
312919,43878.016,32991.46757743738
312920,43878.016,57887.01196128265
312921,43878.016,67946.91296504998
312922,43878.016,23550.88329135674
312923,43878.016,50763.80869976004
312924,43878.016,38607.668577206554
312925,43878.016,17028.914712078647
312926,43878.016,78578.27371390056
312927,43878.016,18907.74892157573
312928,43878.016,74808.40507343727
312929,43878.016,18376.303693007987
312930,43878.016,23627.233341509407
312931,43878.016,18672.781642145874
312932,43878.016,47783.997862086915
312933,43878.016,37949.415825267024
312934,43878.016,49221.36473328302
312935,43878.016,58694.96096466098
312936,43878.016,46108.12819547678
312937,43878.016,8625.239200638258
312938,43878.016,60157.15532719635
312939,43878.016,50405.85071171545
312940,43878.016,9370.634886231623
312941,43878.016,52263.745632825296
312942,43878.016,16495.69249207445
312943,43878.016,10482.362150965666
312944,43878.016,60969.95771817808
312945,43878.016,25291.339949312445
312946,43878.016,35907.7572264628
312947,43878.016,15375.425827366675
312948,43878.016,17615.474689011982
312949,43878.016,47119.89922952012
312950,43878.016,9713.43062924234
312951,43878.016,8447.898572748869
312952,43878.016,34557.11434062227
312953,43878.016,33686.97390136342
312954,43878.016,34593.25165178685
312955,43878.016,34395.01556462848
312956,43878.016,20272.74065049947
312957,43878.016,18422.575718181437
312958,43878.016,48954.00299077604
312959,43878.016,31678.135822521446
312960,43878.016,42579.265008862814
312961,43878.016,31613.32109375274
312962,43878.016,4341.871921383711
312963,43878.016,14089.492889241232
312964,43878.016,30120.240359595926
312965,43878.016,22111.7417405408
312966,43878.016,14441.025424660205
312967,43878.016,57960.592140329194
312968,43878.016,15959.598714821435
312969,43878.016,36359.38088778193
312970,43878.016,29098.411379436973
312971,43878.016,13987.618566653193
312972,43878.016,14384.553360556256
312973,43878.016,27186.874529026405
312974,43878.016,3922.21770610121
312975,43878.016,35165.51835275486
312976,43878.016,12316.442425302017
312977,43878.016,43008.13203558959
312978,43878.016,22657.161197932048
312979,43878.016,39599.75974159789
312980,43878.016,32910.41491896695
312981,43878.016,15652.358634385351
312982,43878.016,59063.835341357044
312983,43878.016,12834.284726369771
312984,43878.016,24600.558895285343
312985,43878.016,76901.21588789586
312986,43878.016,18652.952422513135
312987,43878.016,68479.81838893743
312988,43878.016,61997.366171743044
312989,43878.016,41930.239776653776
312990,43878.016,74831.42171913882
312991,43878.016,18598.16396454544
312992,43878.016,20508.90444436848
312993,43878.016,109457.65801985488
312994,43878.016,17819.921803438294
312995,43878.016,73312.5368864659
312996,43878.016,33534.70436809927
312997,43878.016,56896.53323995579
312998,43878.016,47329.464045222834
312999,43878.016,42882.88920411173
313000,43878.016,36022.84016249081
313001,43878.016,42827.585753391315
313002,43878.016,53219.03042750306
313003,43878.016,20679.3577180753
313004,43878.016,63685.11405207472
313005,43878.016,10884.751607772689
313006,43878.016,33876.6149035229
313007,43878.016,15739.189500431605
313008,43878.016,26011.931708289594
313009,43878.016,52098.28143458024
313010,43878.016,17952.010651766348
313011,43878.016,9471.59871093103
313012,43878.016,80096.1537796123
313013,43878.016,19672.11165678756
313014,43878.016,41558.13869833873
313015,43878.016,60802.8973341086
313016,43878.016,55625.02499110387
313017,43878.016,50039.17723193616
313018,43878.016,11401.26557544852
313019,43878.016,54125.410584554586
313020,43878.016,26271.45499903844
313021,43878.016,10218.07556389315
313022,43878.016,54381.35792728371
313023,43878.016,26761.48223329354
313024,43878.016,43472.20666369186
313025,43878.016,58939.72785349151
313026,43878.016,38952.78877474967
313027,43878.016,38615.07459969112
313028,43878.016,33473.31685532616
313029,43878.016,23079.317452710915
313030,43878.016,39285.03913419861
313031,43878.016,15507.451518780146
313032,43878.016,80424.96025652013
313033,43878.016,10169.102503165415
313034,43878.016,10039.683354689545
313035,43878.016,36654.898116815915
313036,43878.016,77215.954229026
313037,43878.016,33644.731398400225
313038,43878.016,66278.83437699708
313039,43878.016,12926.03615463038
313040,43878.016,80364.17242226825
313041,43878.016,26645.422960468484
313042,43878.016,42347.219572523674
313043,43878.016,20599.65102172456
313044,43878.016,49963.561047773685
313045,43878.016,29692.795565141074
313046,43878.016,39629.89129810321
313047,43878.016,27793.379629469837
313048,43878.016,21293.61278715018
313049,43878.016,20148.668828912403
313050,43878.016,20217.297669603697
313051,43878.016,47638.85813999814
313052,43878.016,32536.869264647477
313053,43878.016,26920.499803032148
313054,43878.016,51638.876029026396
313055,43878.016,37441.629216808586
313056,43878.016,44455.65486709096
313057,43878.016,41508.47209136427
313058,43878.016,65454.5093919869
313059,43878.016,65333.942521003344
313060,43878.016,72306.75089002076
313061,43878.016,29641.920700129962
313062,43878.016,27986.18801528174
313063,43878.016,68720.19741084008
313064,43878.016,44744.00457657596
313065,43878.016,63955.35855359019
313066,43878.016,5422.966681778702
313067,43878.016,17614.093192203312
313068,43878.016,34482.124434160025
313069,43878.016,60646.23037129938
313070,43878.016,79616.53476860042
313071,43878.016,11534.359395584788
313072,43878.016,77943.18717529751
313073,43878.016,33863.719166078045
313074,43878.016,21080.442612689494
313075,43878.016,9203.265036211793
313076,43878.016,25189.50975657437
313077,43878.016,21494.091716172905
313078,43878.016,34815.57372495316
313079,43878.016,39923.204124899865
313080,43878.016,7174.938664144186
313081,43878.016,38122.64959389497
313082,43878.016,48846.967259269906
313083,43878.016,27389.438523693716
313084,43878.016,34107.90795507906
313085,43878.016,19536.053679698663
313086,43878.016,49015.505671926556
313087,43878.016,71043.3408924657
313088,43878.016,36326.34510737915
313089,43878.016,10895.786966085603
313090,43878.016,27452.593295841172
313091,43878.016,46299.113812186355
313092,43878.016,7988.086633518607
313093,43878.016,50564.27204830176
313094,43878.016,55130.17649714674
313095,43878.016,34821.40037536694
313096,43878.016,67526.51774592626
313097,43878.016,46796.63067679928
313098,43878.016,27634.33763478286
313099,43878.016,32794.67175429065
313100,43878.016,72341.70592961274
313101,43878.016,42079.60032129051
313102,43878.016,46297.527125903274
313103,43878.016,14196.956181829915
313104,43878.016,57392.81445781513
313105,43878.016,24826.263704526224
313106,43878.016,11338.394362016132
313107,43878.016,11352.989130474396
313108,43878.016,49172.821080623646
313109,43878.016,37973.45240725686
313110,43878.016,10507.125287032755
313111,43878.016,46824.46440937341
313112,43878.016,63143.89131393022
313113,43878.016,35270.528461790695
313114,43878.016,18943.666307540032
313115,43878.016,18945.830219365733
313116,43878.016,59120.25959183202
313117,43878.016,30637.036360897742
313118,43878.016,14397.707141000696
313119,43878.016,24712.874301497053
313120,43878.016,51248.22450865031
313121,43878.016,15497.890935681133
313122,43878.016,18712.341905234487
313123,43878.016,41135.146232027946
313124,43878.016,55785.128993089456
313125,43878.016,38569.62894744639
313126,43878.016,53574.05843049139
313127,43878.016,55666.62663371676
313128,43878.016,58039.846978866386
313129,43878.016,6061.499051761206
313130,43878.016,27494.815737879802
313131,43878.016,50438.103625775395
313132,43878.016,17840.51016367717
313133,43878.016,14894.763965635259
313134,43878.016,18683.566314091215
313135,43878.016,17940.946271939152
313136,43878.016,11893.843702363483
313137,43878.016,7802.45586779078
313138,43878.016,22853.890176583798
313139,43878.016,25312.770821265884
313140,43878.016,31551.414464274145
313141,43878.016,39717.52508489781
313142,43878.016,10168.708844270863
313143,43878.016,57075.65214008312
313144,43878.016,16002.377678078503
313145,43878.016,54443.941467541226
313146,43878.016,62868.60901010987
313147,43878.016,17426.959968441748
313148,43878.016,20522.647281611877
313149,43878.016,56504.17014656385
313150,43878.016,31258.196180904077
313151,43878.016,15194.55608792025
313152,43878.016,29248.422055840896
313153,43878.016,9448.00225952868
313154,43878.016,50276.260427894755
313155,43878.016,16987.918114739514
313156,43878.016,48116.126418896056
313157,43878.016,45344.43971676879
313158,43878.016,58018.92688931662
313159,43878.016,19259.23306149544
313160,43878.016,29671.58325535214
313161,43878.016,34973.507490797405
313162,43878.016,59057.541723722476
313163,43878.016,40400.11107841788
313164,43878.016,46108.088386695155
313165,43878.016,11332.791019782406
313166,43878.016,7982.090422885325
313167,43878.016,41324.796049052566
313168,43878.016,28856.849980080395
313169,43878.016,34341.74091253691
313170,43878.016,29396.417787514314
313171,43878.016,51583.863717324995
313172,43878.016,28805.183554286137
313173,43878.016,53388.803331478324
313174,43878.016,25059.444937044827
313175,43878.016,51765.72034451691
313176,43878.016,50665.158958329965
313177,43878.016,44994.88189766438
313178,43878.016,13615.252862333266
313179,43878.016,23918.454025980693
313180,43878.016,20234.538918382983
313181,43878.016,36420.538413242946
313182,43878.016,67347.8757322518
313183,43878.016,37464.24253954746
313184,43878.016,8180.560190393754
313185,43878.016,47323.39251384802
313186,43878.016,27339.500586200844
313187,43878.016,33304.27204501609
313188,43878.016,45708.43304404039
313189,43878.016,49531.679353908126
313190,43878.016,19562.98110985828
313191,43878.016,50686.97171289125
313192,43878.016,34989.125082811544
313193,43878.016,20610.498005485686
313194,43878.016,46630.725994983986
313195,43878.016,57044.18312121107
313196,43878.016,64233.738290655885
313197,43878.016,50161.933746915194
313198,43878.016,83012.4626128316
313199,43878.016,40193.91913628874
313200,43878.016,31624.26746002737
313201,43878.016,38568.15831365245
313202,43878.016,6538.651009157357
313203,43878.016,12755.424262890354
313204,43878.016,33524.04459728356
313205,43878.016,45011.403629449975
313206,43878.016,47553.698416140185
313207,43878.016,44036.94537075454
313208,43878.016,19043.505340337717
313209,43878.016,21412.36893362011
313210,43878.016,71538.30059078713
313211,43878.016,23427.608539325964
313212,43878.016,10527.939854517628
313213,43878.016,47988.99382693667
313214,43878.016,36522.021077836835
313215,43878.016,20407.81920448743
313216,43878.016,56831.10766240211
313217,43878.016,50432.295584712294
313218,43878.016,45343.58182894575
313219,43878.016,26882.904119573526
313220,43878.016,47417.56576539188
313221,43878.016,42501.38742446837
313222,43878.016,55290.553472668136
313223,43878.016,46040.257754121536
313224,43878.016,48525.380377581605
313225,43878.016,22961.206519031177
313226,43878.016,60014.06550077958
313227,43878.016,54808.341537239336
313228,43878.016,17181.86824005323
313229,43878.016,9134.618151938006
313230,43878.016,14685.854113206535
313231,43878.016,12017.500822176622
313232,43878.016,14241.199330358177
313233,43878.016,16570.507340808854
313234,43878.016,27718.41178425734
313235,43878.016,42526.13468732896
313236,43878.016,67200.5899551028
313237,43878.016,14129.19985398378
313238,43878.016,45543.886129263374
313239,43878.016,59585.95233557984
313240,43878.016,47143.18712624494
313241,43878.016,55657.04011009997
313242,43878.016,28884.35730004987
313243,43878.016,3381.378814827711
313244,43878.016,27982.724470976224
313245,43878.016,15618.241319584682
313246,43878.016,33330.618061865185
313247,43878.016,67924.79270403816
313248,43878.016,59939.8998939797
313249,43878.016,4223.920176677981
313250,43878.016,36037.54124424121
313251,43878.016,18964.65617730225
313252,43878.016,31781.486069351115
313253,43878.016,12291.668939544488
313254,43878.016,36680.69091697567
313255,43878.016,55795.31005050805
313256,43878.016,30362.756405075987
313257,43878.016,37752.03757818019
313258,43878.016,43863.127939845144
313259,43878.016,22916.94064360987
313260,43878.016,64415.38631800068
313261,43878.016,26733.770786826826
313262,43878.016,6904.20350554734
313263,43878.016,69724.04647303662
313264,43878.016,14947.12650356608
313265,43878.016,23413.091563840488
313266,43878.016,13025.50484003449
313267,43878.016,32838.30119776325
313268,43878.016,50695.46228054129
313269,43878.016,19957.471946168767
313270,43878.016,9265.667084780858
313271,43878.016,38721.477955493305
313272,43878.016,13688.944542465704
313273,43878.016,74703.62373171787
313274,43878.016,42549.221496902384
313275,43878.016,53327.261626068546
313276,43878.016,12890.743358469446
313277,43878.016,37016.172538571394
313278,43878.016,8404.855967468613
313279,43878.016,18550.024685382206
313280,43878.016,26883.29881184716
313281,43878.016,10697.085625672558
313282,43878.016,33418.98420297476
313283,43878.016,16813.398900816734
313284,43878.016,13324.088908950725
313285,43878.016,24211.404090062388
313286,43878.016,56666.17735704013
313287,43878.016,34167.96975984762
313288,43878.016,8357.106464370447
313289,43878.016,27999.18423957575
313290,43878.016,47408.80051148769
313291,43878.016,47097.189762074886
313292,43878.016,9533.730253681368
313293,43878.016,10428.690042733482
313294,43878.016,15561.641007614913
313295,43878.016,33333.01395735451
313296,43878.016,19426.772328281735
313297,43878.016,34835.17004719444
313298,43878.016,33915.814213340724
313299,43878.016,8452.620871713296
313300,43878.016,35615.62142426381
313301,43878.016,28399.87812768023
313302,43878.016,44496.4269124606
313303,43878.016,57078.340484113716
313304,43878.016,8280.889706263899
313305,43878.016,31711.75774197993
313306,43878.016,66006.64692458998
313307,43878.016,51427.299177156776
313308,43878.016,12892.937366784508
313309,43878.016,21859.03581943042
313310,43878.016,61628.02181709908
313311,43878.016,16403.398664025808
313312,43878.016,69954.99465566275
313313,43878.016,30899.692190175814
313314,43878.016,31671.526623853813
313315,43878.016,39372.28154270902
313316,43878.016,11313.800237623314
313317,43878.016,71603.89215891258
313318,43878.016,26277.16582727843
313319,43878.016,40741.51427469252
313320,43878.016,26908.554486578832
313321,43878.016,93210.01026464003
313322,43878.016,13689.49729986764
313323,43878.016,10161.592339022973
313324,43878.016,72666.94332769475
313325,43878.016,50304.68508027336
313326,43878.016,72848.66761203618
313327,43878.016,18967.556803084422
313328,43878.016,41304.53162124212
313329,43878.016,50219.379965416825
313330,43878.016,16695.57955466882
313331,43878.016,24669.522641785745
313332,43878.016,65442.3014017848
313333,43878.016,19565.141249540593
313334,43878.016,8231.739056585116
313335,43878.016,25059.46629466255
313336,43878.016,16377.758051195902
313337,43878.016,70305.26143933505
313338,43878.016,31864.190312581362
313339,43878.016,27406.547157409615
313340,43878.016,47568.06915752793
313341,43878.016,45932.957080983404
313342,43878.016,20004.009756430023
313343,43878.016,9042.232624611433
313344,43878.016,124246.21781387062
313345,43878.016,48558.109378577275
313346,43878.016,42206.21405782883
313347,43878.016,11323.269582269553
313348,43878.016,55909.16045224744
313349,43878.016,20473.85767660448
313350,43878.016,46537.83717099375
313351,43878.016,29727.010556889523
313352,43878.016,35715.028753182065
313353,43878.016,10500.02362669185
313354,43878.016,46985.99060832705
313355,43878.016,50779.68933065818
313356,43878.016,83309.22207949491
313357,43878.016,58999.165587973745
313358,43878.016,25248.64725524909
313359,43878.016,63618.09268183893
313360,43878.016,19915.70336380172
313361,43878.016,6763.7818971787465
313362,43878.016,8835.509293265133
313363,43878.016,17274.267783325267
313364,43878.016,40807.352032643656
313365,43878.016,51954.84936016796
313366,43878.016,36389.342474246456
313367,43878.016,14774.394562014204
313368,43878.016,39204.70363337952
313369,43878.016,55781.306094630796
313370,43878.016,36630.829860570324
313371,43878.016,31603.106936239616
313372,43878.016,30483.31745541683
313373,43878.016,46740.01062564245
313374,43878.016,16009.444469844875
313375,43878.016,35249.881772147986
313376,43878.016,32280.439315235293
313377,43878.016,56445.62577323655
313378,43878.016,78257.1839940949
313379,43878.016,46893.16698717018
313380,43878.016,62172.738256580975
313381,43878.016,7780.833723114269
313382,43878.016,14696.496631389853
313383,43878.016,11754.235294943493
313384,43878.016,20265.05870345002
313385,43878.016,18392.34264940141
313386,43878.016,54649.479337896286
313387,43878.016,65133.60973540418
313388,43878.016,36559.343683780375
313389,43878.016,47082.26329113044
313390,43878.016,61990.141220800244
313391,43878.016,68285.71081102004
313392,43878.016,25345.452033372632
313393,43878.016,64928.321001391494
313394,43878.016,12494.210964784772
313395,43878.016,21864.604068773882
313396,43878.016,21042.57414185225
313397,43878.016,17049.572952822677
313398,43878.016,59513.34486981614
313399,43878.016,33595.163324403286
313400,43878.016,9531.929187660608
313401,43878.016,53296.57605476251
313402,43878.016,7644.589032323801
313403,43878.016,20560.831826601054
313404,43878.016,14377.943625176642
313405,43878.016,11421.19600490213
313406,43878.016,51333.99123905228
313407,43878.016,18297.30817386487
313408,43878.016,36017.75671810457
313409,43878.016,50027.40945349125
313410,43878.016,49200.38595743795
313411,43878.016,12180.681472512255
313412,43878.016,14137.328116573264
313413,43878.016,39814.007663353485
313414,43878.016,9567.460139346567
313415,43878.016,32873.317504901104
313416,43878.016,10716.00707853847
313417,43878.016,50098.71204993443
313418,43878.016,9936.401291830825
313419,43878.016,50110.02447903111
313420,43878.016,35284.39240525885
313421,43878.016,27379.425736048055
313422,43878.016,38481.079303341736
313423,43878.016,27517.464374979198
313424,43878.016,21927.48084694389
313425,43878.016,52350.75543788254
313426,43878.016,53818.80038014333
313427,43878.016,39790.89070101176
313428,43878.016,25791.083055512176
313429,43878.016,11205.21057833563
313430,43878.016,29712.13792417226
313431,43878.016,13780.460944781322
313432,43878.016,20838.499417855874
313433,43878.016,52486.16277924598
313434,43878.016,31485.778790273587
313435,43878.016,24265.00853530603
313436,43878.016,67342.17125046007
313437,43878.016,44823.476778658674
313438,43878.016,11340.540931101183
313439,43878.016,31275.646478086852
313440,43878.016,14759.139554300937
313441,43878.016,22457.836939081997
313442,43878.016,17513.778818480256
313443,43878.016,46908.24857014311
313444,43878.016,57124.605829805696
313445,43878.016,76607.09796245699
313446,43878.016,21455.09713019075
313447,43878.016,32488.7032612217
313448,43878.016,16813.19365147217
313449,43878.016,31783.22406048636
313450,43878.016,57284.002293795544
313451,43878.016,30897.622063353672
313452,43878.016,66867.98596855081
313453,43878.016,16058.261008927806
313454,43878.016,9958.067709273213
313455,43878.016,40275.84283510325
313456,43878.016,6879.597149564144
313457,43878.016,18105.777195060866
313458,43878.016,47496.318097732685
313459,43878.016,69354.39316372233
313460,43878.016,36714.3019081127
313461,43878.016,68290.23577840444
313462,43878.016,18669.284654253668
313463,43878.016,32633.65700727793
313464,43878.016,47368.743060710396
313465,43878.016,18847.732511398433
313466,43878.016,36801.24534962433
313467,43878.016,31947.122722881642
313468,43878.016,66274.32426803952
313469,43878.016,22974.893717286497
313470,43878.016,41631.58209167219
313471,43878.016,22369.243833679604
313472,43878.016,21213.087792677714
313473,43878.016,40137.62479293875
313474,43878.016,25581.578775801045
313475,43878.016,12478.79325495039
313476,43878.016,40232.97986570427
313477,43878.016,8373.7440650448
313478,43878.016,8834.89305465482
313479,43878.016,9289.647814448885
313480,43878.016,36501.81857250987
313481,43878.016,42382.26886228343
313482,43878.016,59232.02031040193
313483,43878.016,34636.31771470117
313484,43878.016,47720.937320139135
313485,43878.016,24759.108700631907
313486,43878.016,23839.977755376778
313487,43878.016,21831.09024666726
313488,43878.016,18333.710041910803
313489,43878.016,11069.380482015406
313490,43878.016,3558.000122983939
313491,43878.016,35160.781792557005
313492,43878.016,6761.906518718592
313493,43878.016,53640.17883228121
313494,43878.016,54218.839603614666
313495,43878.016,75593.35745430687
313496,43878.016,13794.033612263122
313497,43878.016,71127.79221913427
313498,43878.016,79132.41815704951
313499,43878.016,39192.96585616558
313500,43878.016,22096.15112821936
313501,43878.016,10663.19119278871
313502,43878.016,56602.315860520284
313503,43878.016,34689.9954658339
313504,43878.016,104404.93962891465
313505,43878.016,13319.339436033066
313506,43878.016,52623.519878041734
313507,43878.016,31189.19484742794
313508,43878.016,27211.66376484602
313509,43878.016,70903.00415201111
313510,43878.016,24709.612654303368
313511,43878.016,45860.24823235293
313512,43878.016,20974.47848673247
313513,43878.016,38746.297754290244
313514,43878.016,19927.763012585256
313515,43878.016,16770.245214307506
313516,43878.016,27379.153557312875
313517,43878.016,50438.98079022204
313518,43878.016,48904.49478027181
313519,43878.016,35420.74966536676
313520,43878.016,14237.997654470491
313521,43878.016,32459.0821715061
313522,43878.016,67799.82611144333
313523,43878.016,6784.598097959433
313524,43878.016,20776.204459071647
313525,43878.016,15931.870255125456
313526,43878.016,72470.80674088039
313527,43878.016,43495.15825357978
313528,43878.016,47443.161286731935
313529,43878.016,23164.916349510793
313530,43878.016,7258.924492260479
313531,43878.016,14158.069764602675
313532,43878.016,22512.919314513307
313533,43878.016,52640.83046441836
313534,43878.016,54627.499841754885
313535,43878.016,20598.726718083137
313536,43878.016,24041.198901304608
313537,43878.016,17066.87755249222
313538,43878.016,69152.1339519578
313539,43878.016,26373.49375948801
313540,43878.016,39379.50370639928
313541,43878.016,22998.330824296976
313542,43878.016,53037.882774096244
313543,43878.016,50631.66054518692
313544,43878.016,28094.35542039993
313545,43878.016,51550.46415899463
313546,43878.016,15393.15512503984
313547,43878.016,13985.049787907723
313548,43878.016,28181.47946134515
313549,43878.016,37293.78977242704
313550,43878.016,9070.695441232707
313551,43878.016,27818.969468126394
313552,43878.016,61748.82559240254
313553,43878.016,46716.57856318263
313554,43878.016,21449.911006815208
313555,43878.016,36893.976332510705
313556,43878.016,14336.603134461388
313557,43878.016,57672.818489133046
313558,43878.016,73224.56307030946
313559,43878.016,39353.822890165495
313560,43878.016,17453.22755768247
313561,43878.016,11631.445942519478
313562,43878.016,47640.288932078845
313563,43878.016,50638.595912047895
313564,43878.016,7154.6130515821815
313565,43878.016,66515.67120069926
313566,43878.016,19348.49415149602
313567,43878.016,38908.65703825706
313568,43878.016,28316.70573759433
313569,43878.016,10941.695829509135
313570,43878.016,27321.447389431654
313571,43878.016,51093.561393074575
313572,43878.016,30060.864774038397
313573,43878.016,44254.536876713566
313574,43878.016,34133.11141232265
313575,43878.016,20315.11071517598
313576,43878.016,13610.833152278434
313577,43878.016,23260.756667173766
313578,43878.016,21512.833976009413
313579,43878.016,16743.004323918147
313580,43878.016,20668.940935734943
313581,43878.016,14577.007938233348
313582,43878.016,48820.42306570749
313583,43878.016,19033.877355936278
313584,43878.016,33646.49498218995
313585,43878.016,75629.38746945254
313586,43878.016,13221.825209684965
313587,43878.016,64007.353415039965
313588,43878.016,51784.43144657629
313589,43878.016,45532.36277550712
313590,43878.016,61880.096328499836
313591,43878.016,36855.903864463166
313592,43878.016,26123.46281759222
313593,43878.016,28215.972768643765
313594,43878.016,14998.583125572815
313595,43878.016,79740.23329899416
313596,43878.016,7716.622475263333
313597,43878.016,17230.97279878419
313598,43878.016,63707.562616687865
313599,43878.016,13477.840136681043
313600,43878.016,18367.862002791302
313601,43878.016,36480.155791733036
313602,43878.016,11215.102802751817
313603,43878.016,52280.74355733935
313604,43878.016,15504.327762120274
313605,43878.016,22909.1750044381
313606,43878.016,23676.76997369966
313607,43878.016,68419.9575637437
313608,43878.016,24438.64296256923
313609,43878.016,23890.388208083714
313610,43878.016,19065.336901936153
313611,43878.016,25739.48670870827
313612,43878.016,28353.245484555802
313613,43878.016,35278.49024796933
313614,43878.016,52831.818373419475
313615,43878.016,13199.759074290823
313616,43878.016,71291.22368783937
313617,43878.016,16842.84926438177
313618,43878.016,65553.96506478704
313619,43878.016,26558.427605349178
313620,43878.016,62139.48333135794
313621,43878.016,21463.881234854634
313622,43878.016,24376.2889863816
313623,43878.016,39215.090416520514
313624,43878.016,18751.34426446856
313625,43878.016,47420.72528181614
313626,43878.016,19930.445605129014
313627,43878.016,19557.124931774462
313628,43878.016,32864.9416973049
313629,43878.016,30463.544175600004
313630,43878.016,19644.516520872276
313631,43878.016,42098.551070841124
313632,43878.016,45656.75763604453
313633,43878.016,22054.002198635942
313634,43878.016,6123.041316165909
313635,43878.016,50730.110562005226
313636,43878.016,43997.460408479776
313637,43878.016,38962.838516579985
313638,43878.016,58972.65795420807
313639,43878.016,35273.104721934986
313640,43878.016,27493.07861384784
313641,43878.016,17885.956530828706
313642,43878.016,28762.139006610407
313643,43878.016,35509.124349841404
313644,43878.016,16888.735245508367
313645,43878.016,57745.48299092311
313646,43878.016,26658.21386641223
313647,43878.016,55099.599201336736
313648,43878.016,11447.589933873362
313649,43878.016,41999.09160143763
313650,43878.016,24964.887172589606
313651,43878.016,57799.36923383113
313652,43878.016,13871.14061230372
313653,43878.016,10210.459561882943
313654,43878.016,47132.25659094137
313655,43878.016,19527.703729630586
313656,43878.016,50702.86267507269
313657,43878.016,59730.19856251317
313658,43878.016,76395.61722097638
313659,43878.016,27634.00489281272
313660,43878.016,35491.95763079222
313661,43878.016,46512.59124551868
313662,43878.016,62006.19603777299
313663,43878.016,8774.917464740254
313664,43878.016,60503.82246479726
313665,43878.016,17548.094497641643
313666,43878.016,24797.836391877092
313667,43878.016,14860.036889754227
313668,43878.016,23147.842539793528
313669,43878.016,14887.218450216309
313670,43878.016,18752.523638855742
313671,43878.016,23597.508505450685
313672,43878.016,39672.71998506661
313673,43878.016,34360.77662876687
313674,43878.016,43010.48306360197
313675,43878.016,23428.36361891045
313676,43878.016,45921.3732820123
313677,43878.016,40886.824132121896
313678,43878.016,39015.15384203248
313679,43878.016,6062.469496909162
313680,43878.016,71764.71915395082
313681,43878.016,58862.6236604843
313682,43878.016,49576.52504415559
313683,43878.016,12184.760077301618
313684,43878.016,10813.925795127969
313685,43878.016,35979.88368037585
313686,43878.016,81354.27595384706
313687,43878.016,40784.61370012587
313688,43878.016,60494.63460037814
313689,43878.016,23154.164846558968
313690,43878.016,36640.04149164765
313691,43878.016,20850.189232697325
313692,43878.016,32819.88207886304
313693,43878.016,21217.07946936309
313694,43878.016,36591.80143500503
313695,43878.016,18085.144651278788
313696,43878.016,33870.65575144092
313697,43878.016,35830.126830207155
313698,43878.016,55369.367400071824
313699,43878.016,21656.83991067833
313700,43878.016,101234.7466479694
313701,43878.016,17710.00034843997
313702,43878.016,64147.31694671499
313703,43878.016,47609.04779530776
313704,43878.016,37777.34756358404
313705,43878.016,43412.61806280272
313706,43878.016,58283.402169281144
313707,43878.016,67792.77322559914
313708,43878.016,16853.542261050847
313709,43878.016,55788.61105063778
313710,43878.016,50099.3375819965
313711,43878.016,50774.35864905068
313712,43878.016,55093.85715490697
313713,43878.016,29865.941765595446
313714,43878.016,10161.34559422362
313715,43878.016,37852.06341490596
313716,43878.016,17757.288967231256
313717,43878.016,19292.228055318756
313718,43878.016,23405.254759921903
313719,43878.016,25249.10118274819
313720,43878.016,29371.19669295976
313721,43878.016,23102.58722979437
313722,43878.016,14012.448679323714
313723,43878.016,15921.404653877322
313724,43878.016,22251.12542332872
313725,43878.016,13306.32031244335
313726,43878.016,57882.45907346176
313727,43878.016,34340.96949422272
313728,43878.016,16001.146106377062
313729,43878.016,49233.61120612159
313730,43878.016,30212.555321282216
313731,43878.016,42912.14846205458
313732,43878.016,77527.49443439262
313733,43878.016,19424.660742142463
313734,43878.016,68544.47541695628
313735,43878.016,21853.498245774827
313736,43878.016,71998.20569128494
313737,43878.016,26162.454230721596
313738,43878.016,56480.892112646856
313739,43878.016,79153.24811428272
313740,43878.016,60770.280705431775
313741,43878.016,12058.813746763675
313742,43878.016,13881.25518919256
313743,43878.016,12677.14711964976
313744,43878.016,19632.076273876024
313745,43878.016,18870.778118767073
313746,43878.016,41269.052220332494
313747,43878.016,71425.24630620668
313748,43878.016,36945.73106914995
313749,43878.016,22703.988276934422
313750,43878.016,11253.838158276238
313751,43878.016,8883.646372702566
313752,43878.016,13292.205407912035
313753,43878.016,10213.531216503125
313754,43878.016,50850.47534244958
313755,43878.016,12128.590628935202
313756,43878.016,30943.17283017396
313757,43878.016,18878.575811890674
313758,43878.016,28870.64909293982
313759,43878.016,16534.52219551129
313760,43878.016,40852.60634848102
313761,43878.016,33115.19794548418
313762,43878.016,28443.00949241122
313763,43878.016,37021.175134847974
313764,43878.016,64990.738285200474
313765,43878.016,64932.21257167052
313766,43878.016,55744.509596021715
313767,43878.016,56445.97037506924
313768,43878.016,15177.677902712852
313769,43878.016,28389.15855700929
313770,43878.016,12322.535903371532
313771,43878.016,16054.634909205575
313772,43878.016,65999.30429423625
313773,43878.016,58000.57568970484
313774,43878.016,48890.897495725825
313775,43878.016,43314.8155904137
313776,43878.016,46496.28135064702
313777,43878.016,11138.429751644171
313778,43878.016,13405.511483555743
313779,43878.016,48917.12368028241
313780,43878.016,10251.721797878008
313781,43878.016,31903.768213855903
313782,43878.016,64512.905883897874
313783,43878.016,10771.79517600931
313784,43878.016,11890.40726882138
313785,43878.016,34814.15859256226
313786,43878.016,34433.414724342765
313787,43878.016,42508.520642916796
313788,43878.016,11332.291029160726
313789,43878.016,78623.27404925507
313790,43878.016,30207.54939523808
313791,43878.016,46628.97098198214
313792,43878.016,39396.76170376246
313793,43878.016,30647.803656930526
313794,43878.016,32900.47681734777
313795,43878.016,18969.894815430678
313796,43878.016,22005.292203192417
313797,43878.016,16484.906010679315
313798,43878.016,29850.248771719907
313799,43878.016,28791.724809270923
313800,43878.016,48638.282823911686
313801,43878.016,39102.39271670838
313802,43878.016,9841.18736403215
313803,43878.016,38015.06621172494
313804,43878.016,61309.37979967079
313805,43878.016,64007.83643854682
313806,43878.016,28711.545634828326
313807,43878.016,66449.1705315019
313808,43878.016,12229.3708092308
313809,43878.016,50663.79385254128
313810,43878.016,13935.11769757497
313811,43878.016,35378.82470605883
313812,43878.016,7911.5037016231045
313813,43878.016,33363.95165191404
313814,43878.016,89106.4232445672
313815,43878.016,7572.870063712708
313816,43878.016,80176.81258925567
313817,43878.016,28049.82865133983
313818,43878.016,27306.35674995486
313819,43878.016,13763.880862830298
313820,43878.016,6031.791120985083
313821,43878.016,35689.036803267554
313822,43878.016,20668.43829669741
313823,43878.016,36194.04346134398
313824,43878.016,7322.253622587097
313825,43878.016,32613.578294861338
313826,43878.016,15574.361548014343
313827,43878.016,6417.772636515377
313828,43878.016,43565.95580508648
313829,43878.016,42491.55179296918
313830,43878.016,48182.72089439967
313831,43878.016,20502.965026804806
313832,43878.016,10811.970162928583
313833,43878.016,64665.69932549366
313834,43878.016,10468.457808352727
313835,43878.016,35891.160303593744
313836,43878.016,10437.747823143933
313837,43878.016,36648.70923660853
313838,43878.016,34793.40772531906
313839,43878.016,7752.967173543356
313840,43878.016,8923.10423461326
313841,43878.016,22905.666675384153
313842,43878.016,77742.8207573337
313843,43878.016,54273.02141173936
313844,43878.016,33138.55577406894
313845,43878.016,12215.03672555917
313846,43878.016,27140.917425678712
313847,43878.016,36811.28836976389
313848,43878.016,31216.631300245375
313849,43878.016,61811.3634106789
313850,43878.016,23918.779265681304
313851,43878.016,57086.03639316137
313852,43878.016,19695.953940445037
313853,43878.016,11955.832723242138
313854,43878.016,8542.007825006254
313855,43878.016,56730.041844085084
313856,43878.016,50891.3664064943
313857,43878.016,24588.271870260145
313858,43878.016,42309.70321244826
313859,43878.016,115582.24488565676
313860,43878.016,28066.415488745388
313861,43878.016,55869.389722496984
313862,43878.016,43398.04330113867
313863,43878.016,17989.201305104463
313864,43878.016,27574.883542569398
313865,43878.016,21923.878297010757
313866,43878.016,9559.062370965517
313867,43878.016,27826.946473585365
313868,43878.016,27291.886097790717
313869,43878.016,24745.720926522747
313870,43878.016,32194.29375326651
313871,43878.016,34432.880023507634
313872,43878.016,25509.75078871816
313873,43878.016,16304.159865086103
313874,43878.016,10028.093406599643
313875,43878.016,49096.43195222913
313876,43878.016,18338.054560800363
313877,43878.016,35651.59187582267
313878,43878.016,32848.57253521572
313879,43878.016,35866.89996488575
313880,43878.016,30300.56298224145
313881,43878.016,13512.935570836367
313882,43878.016,64274.28049209303
313883,43878.016,41592.311294601335
313884,43878.016,51147.43972170769
313885,43878.016,27273.186579016103
313886,43878.016,55867.66795082281
313887,43878.016,35783.472020967216
313888,43878.016,20916.906913132712
313889,43878.016,57326.715737385704
313890,43878.016,53366.4930333395
313891,43878.016,62635.0662762324
313892,43878.016,77752.90547800082
313893,43878.016,51386.08791951722
313894,43878.016,17665.460693055964
313895,43878.016,21354.055028204086
313896,43878.016,22289.886012169794
313897,43878.016,49267.290245989556
313898,43878.016,38831.05082174236
313899,43878.016,34416.398338089224
313900,43878.016,45946.93478456809
313901,43878.016,32918.968573640006
313902,43878.016,8075.718265526797
313903,43878.016,18541.4559022544
313904,43878.016,10369.23730739527
313905,43878.016,13603.34181319419
313906,43878.016,8662.60590691126
313907,43878.016,47966.07743335442
313908,43878.016,56990.36360270533
313909,43878.016,35725.694682112946
313910,43878.016,20256.092523255586
313911,43878.016,34931.14383490053
313912,43878.016,48042.16017655038
313913,43878.016,15386.873162043968
313914,43878.016,11641.026154080753
313915,43878.016,27136.32750997951
313916,43878.016,49535.09542757464
313917,43878.016,44826.79722235561
313918,43878.016,18383.21197855946
313919,43878.016,23707.99219498525
313920,43878.016,44338.76127352732
313921,43878.016,64666.930679778525
313922,43878.016,40837.963729949835
313923,43878.016,7947.721072434163
313924,43878.016,69636.781750232
313925,43878.016,37184.40439947189
313926,43878.016,9194.53809926567
313927,43878.016,8079.862861904765
313928,43878.016,48990.27404255712
313929,43878.016,26817.54361165118
313930,43878.016,71707.09532563921
313931,43878.016,47501.67878560222
313932,43878.016,27494.909915259195
313933,43878.016,16414.477826160288
313934,43878.016,16713.895116575586
313935,43878.016,48092.485909061805
313936,43878.016,4730.376768058431
313937,43878.016,36524.6208959297
313938,43878.016,47207.09353300989
313939,43878.016,26985.29868533192
313940,43878.016,18755.681152359513
313941,43878.016,24947.822705759652
313942,43878.016,47504.05059441413
313943,43878.016,30172.351534920308
313944,43878.016,64433.61852069408
313945,43878.016,48255.611386305005
313946,43878.016,41098.65441089399
313947,43878.016,10170.373793464229
313948,43878.016,41489.43736756632
313949,43878.016,44366.07345726684
313950,43878.016,54001.44608035155
313951,43878.016,7598.595348729429
313952,43878.016,16860.554752401324
313953,43878.016,34602.08990773432
313954,43878.016,26398.394026094822
313955,43878.016,113149.23787081779
313956,43878.016,69729.70301794494
313957,43878.016,34369.50849055591
313958,43878.016,47107.4125321051
313959,43878.016,43738.40567425929
313960,43878.016,10093.761142897869
313961,43878.016,25475.234216114855
313962,43878.016,51950.31658549337
313963,43878.016,25688.137269508086
313964,43878.016,61390.48029413915
313965,43878.016,28672.577178735588
313966,43878.016,34293.84101314746
313967,43878.016,62201.689910218425
313968,43878.016,69075.52257326056
313969,43878.016,25744.132140582213
313970,43878.016,40326.05672363732
313971,43878.016,14497.008859324747
313972,43878.016,18257.208891471426
313973,43878.016,62915.34333610695
313974,43878.016,58637.290366924666
313975,43878.016,50331.7899139008
313976,43878.016,38793.02708019128
313977,43878.016,20162.478342711693
313978,43878.016,12691.786037669297
313979,43878.016,75374.90188893584
313980,43878.016,22996.64878878739
313981,43878.016,55087.33310865788
313982,43878.016,19490.49940874492
313983,43878.016,12807.592315459664
313984,43878.016,16744.75258674879
313985,43878.016,7283.938751250219
313986,43878.016,52232.431806860004
313987,43878.016,68292.96203049197
313988,43878.016,55216.02848063512
313989,43878.016,38675.82373692259
313990,43878.016,26313.15046652528
313991,43878.016,61388.98843820668
313992,43878.016,33495.563287734
313993,43878.016,12290.697496823625
313994,43878.016,22251.506938357266
313995,43878.016,7262.26028665325
313996,43878.016,51228.0184073132
313997,43878.016,44298.009707242956
313998,43878.016,25014.375386220014
313999,43878.016,29446.58853032754
314000,43878.016,16570.21273794213
314001,43878.016,23539.90168339308
314002,43878.016,13068.619112848064
314003,43878.016,28613.27043210387
314004,43878.016,35724.257895024
314005,43878.016,21398.3733663581
314006,43878.016,36367.63209924107
314007,43878.016,28252.907421193664
314008,43878.016,52957.727178040404
314009,43878.016,60507.48981292987
314010,43878.016,20978.100004647622
314011,43878.016,28388.417226978123
314012,43878.016,20550.375837254483
314013,43878.016,13869.227074926202
314014,43878.016,43093.05645981079
314015,43878.016,19413.79827833177
314016,43878.016,60276.636043802835
314017,43878.016,49629.47050859163
314018,43878.016,62671.68350793583
314019,43878.016,79462.08032165744
314020,43878.016,18803.724013815332
314021,43878.016,54137.49209950185
314022,43878.016,50067.20598787073
314023,43878.016,15477.084772436121
314024,43878.016,25796.007793176188
314025,43878.016,17164.696945479867
314026,43878.016,47957.5719387203
314027,43878.016,22979.805402428457
314028,43878.016,57502.681154813
314029,43878.016,22362.76739944272
314030,43878.016,30776.578115500524
314031,43878.016,42578.74532970909
314032,43878.016,56919.05747003659
314033,43878.016,26243.252369998096
314034,43878.016,31667.16618085928
314035,43878.016,35252.74783576302
314036,43878.016,70792.44862506901
314037,43878.016,12927.492027074513
314038,43878.016,11292.617593131945
314039,43878.016,34441.66533193804
314040,43878.016,21877.800954266324
314041,43878.016,16060.124146029202
314042,43878.016,48801.20460600513
314043,43878.016,9831.739307207954
314044,43878.016,25891.906449869326
314045,43878.016,14980.875680803572
314046,43878.016,21921.963114213173
314047,43878.016,16852.24383179377
314048,43878.016,32812.93308614218
314049,43878.016,15751.799590508179
314050,43878.016,19152.46083242097
314051,43878.016,22618.41689615105
314052,43878.016,9142.939247800277
314053,43878.016,35157.85295972892
314054,43878.016,6808.011474093155
314055,43878.016,21572.101098362462
314056,43878.016,24467.659773654177
314057,43878.016,30629.18866102446
314058,43878.016,57538.88851835345
314059,43878.016,38231.82660788073
314060,43878.016,23171.189968044655
314061,43878.016,46901.85071206215
314062,43878.016,12747.162837335587
314063,43878.016,34466.51037363298
314064,43878.016,52168.52468860851
314065,43878.016,20721.3435948013
314066,43878.016,32891.72262696209
314067,43878.016,14164.505209480247
314068,43878.016,33394.44443692461
314069,43878.016,54366.61882479788
314070,43878.016,23094.816903905317
314071,43878.016,38447.021547924676
314072,43878.016,42993.07818789873
314073,43878.016,16902.589599394174
314074,43878.016,50180.86257242814
314075,43878.016,45513.09455177781
314076,43878.016,10756.373921152725
314077,43878.016,41633.60582598031
314078,43878.016,24611.575848900997
314079,43878.016,9110.189579762207
314080,43878.016,9566.05966953265
314081,43878.016,78992.50213361377
314082,43878.016,13506.294685302113
314083,43878.016,46004.37003678915
314084,43878.016,58192.24608035927
314085,43878.016,63763.79782321437
314086,43878.016,24672.360406711192
314087,43878.016,14732.725043037384
314088,43878.016,32598.37625659498
314089,43878.016,28080.625402839174
314090,43878.016,15340.894336512334
314091,43878.016,37794.99653831525
314092,43878.016,54102.61163766931
314093,43878.016,25079.17753295247
314094,43878.016,31218.913376513807
314095,43878.016,40500.63252861436
314096,43878.016,53027.64124272735
314097,43878.016,63068.169908259624
314098,43878.016,44748.82177057005
314099,43878.016,41305.74976484267
314100,43878.016,18746.787545006024
314101,43878.016,18960.41191397947
314102,43878.016,8318.357384434661
314103,43878.016,33708.22663888004
314104,43878.016,41952.2548779246
314105,43878.016,37911.18924514451
314106,43878.016,16765.7932825498
314107,43878.016,23681.468149953696
314108,43878.016,9250.491757236772
314109,43878.016,43149.777842589625
314110,43878.016,57909.85356209765
314111,43878.016,62283.6786587361
314112,43878.016,38685.20047108383
314113,43878.016,29603.428623643886
314114,43878.016,38026.36531056086
314115,43878.016,19371.289994725263
314116,43878.016,25992.204726903463
314117,43878.016,10771.2532591421
314118,43878.016,6915.592209622538
314119,43878.016,62187.21971854974
314120,43878.016,15703.907607549934
314121,43878.016,16771.78009220348
314122,43878.016,16466.96166592226
314123,43878.016,47456.891582125696
314124,43878.016,56267.786779015914
314125,43878.016,34147.24752090668
314126,43878.016,49449.898716889395
314127,43878.016,10447.87074712115
314128,43878.016,48708.89518406997
314129,43878.016,47753.51402949616
314130,43878.016,21857.501146249037
314131,43878.016,14587.090453838711
314132,43878.016,15880.550433938104
314133,43878.016,22504.034390023622
314134,43878.016,17911.48630682611
314135,43878.016,70012.2160062283
314136,43878.016,43812.805123951766
314137,43878.016,10868.806180373675
314138,43878.016,49576.98087600281
314139,43878.016,14733.680212670342
314140,43878.016,10514.467070155662
314141,43878.016,27776.363450619298
314142,43878.016,55043.71543075842
314143,43878.016,25721.319825933966
314144,43878.016,16206.649741031611
314145,43878.016,65512.19237764405
314146,43878.016,41668.45233404056
314147,43878.016,48005.28236229616
314148,43878.016,36390.41739291003
314149,43878.016,44821.50296168114
314150,43878.016,49349.07487748354
314151,43878.016,13927.925692536
314152,43878.016,24559.86941654864
314153,43878.016,49606.78898329958
314154,43878.016,28337.430278627802
314155,43878.016,46079.3494752651
314156,43878.016,36552.77659751258
314157,43878.016,42074.44393835845
314158,43878.016,26785.172615368607
314159,43878.016,33758.62172485902
314160,43878.016,11213.13763492802
314161,43878.016,30585.472026273612
314162,43878.016,58341.84241892809
314163,43878.016,35628.99162246207
314164,43878.016,53450.44481421655
314165,43878.016,17920.15050425013
314166,43878.016,58696.05021161626
314167,43878.016,14592.405846592823
314168,43878.016,15012.641211781747
314169,43878.016,35374.413512597974
314170,43878.016,15893.03948712518
314171,43878.016,40007.196484652115
314172,43878.016,28478.88304572204
314173,43878.016,47199.73275463177
314174,43878.016,9298.840592237248
314175,43878.016,17976.973423321106
314176,43878.016,28114.383914312748
314177,43878.016,49608.79933094099
314178,43878.016,58910.24780338374
314179,43878.016,43637.61083434097
314180,43878.016,40666.88762063956
314181,43878.016,54718.968602705136
314182,43878.016,21054.615113532334
314183,43878.016,41917.49587468806
314184,43878.016,29298.013171018276
314185,43878.016,29846.877317705275
314186,43878.016,10282.490028864962
314187,43878.016,47295.92529247253
314188,43878.016,26002.361903173805
314189,43878.016,24358.4044563705
314190,43878.016,8336.79294224019
314191,43878.016,22568.255763752848
314192,43878.016,7721.659173497133
314193,43878.016,12065.810110476657
314194,43878.016,54020.1924556202
314195,43878.016,30500.550640723
314196,43878.016,11527.344730063045
314197,43878.016,21196.694709216124
314198,43878.016,26829.25835940461
314199,43878.016,29353.811092399723
314200,43878.016,9249.80308339702
314201,43878.016,43059.98856299298
314202,43878.016,73913.88591867554
314203,43878.016,39358.15001174305
314204,43878.016,31249.63591957197
314205,43878.016,36811.782278871324
314206,43878.016,89143.66721373682
314207,43878.016,40245.438618013664
314208,43878.016,18745.601746584565
314209,43878.016,38861.703448317625
314210,43878.016,33728.81806520522
314211,43878.016,22600.13763210034
314212,43878.016,50898.37989542527
314213,43878.016,19565.762781139612
314214,43878.016,55795.91680710873
314215,43878.016,10508.993951385553
314216,43878.016,10228.904378634847
314217,43878.016,24570.949992442816
314218,43878.016,24392.408140063544
314219,43878.016,43148.37093612084
314220,43878.016,22053.512620448273
314221,43878.016,17671.584262200613
314222,43878.016,34691.021565612784
